3.7014902480849634
3.7014902480849634
3.7014902480849634
3.7014902480849634
3.7014902480849634
3.7014902480849634
3.7014902480849634
3.7014902480849634
3.7014902480849634
3.7014902480849634
3.7014902480849634
3.7014902480849634
3.7014902480849634
3.7014902480849634
3.7014902480849634
3.7014902480849634
3.7014902480849634
3.7014902480849634
3.7014902480849634
3.7014902480849634
3.7014902480849634
3.7014902480849634
3.7014902480849634
3.7014902480849634
3.7014902480849634
3.7014902480849634
3.7014902480849634
3.7014902480849634
3.7014902480849634
3.7014902480849634
3.7014902480849634
3.7014902480849634
3.7014902480849634
3.7014902480849634
3.7014902480849634
3.7014902480849634
3.7014902480849634
3.7014902480849634
3.7014902480849634
3.7014902480849634
3.7014902480849634
3.7014902480849634
3.7014902480849634
3.7014902480849634
3.7014902480849634
3.7014902480849634
3.7014902480849634
3.7014902480849634
3.7014902480849634
3.7014902480849634
3.7014902480849634
3.7014902480849634
3.7014902480849634
3.7014902480849634
3.7014902480849634
3.7014902480849634
3.7014902480849634
3.7014902480849634
3.7014902480849634
3.7014902480849634
3.7014902480849634
3.7014902480849634
3.7014902480849634
3.7014902480849634
3.7014902480849634
3.7014902480849634
3.7014902480849634
3.7014902480849634
3.7014902480849634
3.7014902480849634
3.7014902480849634
3.7014902480849634
3.7014902480849634
3.7014902480849634
3.7014902480849634
3.7014902480849634
3.7014902480849634
3.7014902480849634
3.7014902480849634
3.7014902480849634
3.7014902480849634
3.7014902480849634
3.7014902480849634
3.7014902480849634
3.7014902480849634
3.7014902480849634
3.7014902480849634
3.7014902480849634
3.7014902480849634
3.7014902480849634
3.7014902480849634
3.7014902480849634
3.7014902480849634
3.7014902480849634
3.7014902480849634
3.7014902480849634
3.7014902480849634
3.7014902480849634
3.7014902480849634
3.7014902480849634
3.676380807057998
3.676380807057998
3.666952606770272
3.666952606770272
3.6477973727323514
3.6477973727323514
3.6365926657938856
3.6365926657938856
3.6391612888292126
3.6392008252806494
3.6392008252806494
3.6293647877403603
3.6422228153643923
3.638200774280334
3.6392878480315236
3.596752267416178
3.595291112497816
3.605490330774604
3.605490330774604
3.5881091868541968
3.5881091868541968
3.5881091868541968
3.559453721612536
3.5585913462773777
3.5510094248364408
3.5492409905468802
3.5492409905468802
3.55644125893712
3.55644125893712
3.5502804405252415
3.5502804405252415
3.568863904568096
3.54847329824694
3.5439277189795235
3.5499105534016144
3.5499105534016144
3.5499105534016144
3.5689851888666166
3.5572068357866056
3.5572068357866056
3.5572068357866056
3.5572068357866056
3.5691049119753204
3.5568684517508915
3.5568684517508915
3.5544909546307872
3.542823071034053
3.542823071034053
3.542823071034053
3.542823071034053
3.5328130942409075
3.5328130942409075
3.5328130942409075
3.5328130942409075
3.5328130942409075
3.5328130942409075
3.5328130942409075
3.5321999345929544
3.5484440343508368
3.537023712810321
3.530802479476984
3.530802479476984
3.530802479476984
3.530802479476984
3.530802479476984
3.518843039995697
3.5172603127792077
3.5172603127792077
3.5007398163296295
3.4767220214312724
3.4767220214312724
3.468774329048068
3.468774329048068
3.452383372415804
3.458781312173231
3.458781312173231
3.458781312173231
3.453532177361274
3.466797008778507
3.466797008778507
3.466797008778507
3.466797008778507
3.466797008778507
3.456761775999711
3.4572269130433444
3.457887707696383
3.457887707696383
3.4244724458496574
3.4244724458496574
3.424917816537878
3.4209778527158745
3.4209778527158745
3.42561541273584
3.42561541273584
3.4226944662216585
3.406043250618532
3.406043250618532
3.4109436190592994
3.436187364004063
3.436277179011255
3.436277179011255
3.436277179011255
3.436277179011255
3.436717412553754
3.4399613681751484
3.430161606714409
3.430161606714409
3.430161606714409
3.4198723799456996
3.4198723799456996
3.412963677620876
3.4268599550669943
3.4268599550669943
3.4268599550669943
3.4268599550669943
3.431453454786909
3.4295173367574803
3.4295173367574803
3.4254639482179523
3.4254639482179523
3.41626774148796
3.41626774148796
3.41626774148796
3.403655632447517
3.388329654279876
3.388329654279876
3.387514755097502
3.350894841839576
3.350894841839576
3.3510404720568694
3.3510404720568694
3.3350743923036856
3.332623979330406
3.3244581040622494
3.323996201205402
3.323996201205402
3.323996201205402
3.308758510393377
3.308758510393377
3.3013248548468006
3.3013248548468006
3.3066478965060164
3.2796260641690305
3.2796260641690305
3.2796260641690305
3.2786800303096832
3.2786800303096832
3.295657015383603
3.2738432333903393
3.2738432333903393
3.2738432333903393
3.261699634623491
3.261699634623491
3.2662194521302
3.2662194521302
3.2618487672842074
3.2423789409646635
3.2548788091132925
3.2548788091132925
3.2630305935514503
3.2630305935514503
3.2586840150185328
3.2586840150185328
3.265692355975461
3.265692355975461
3.2579569390352106
3.2579569390352106
3.2579569390352106
3.263275200412691
3.263275200412691
3.263275200412691
3.2720774335426968
3.2625903525342435
3.2497130466578676
3.245648760099337
3.2704009978451434
3.2641823686059612
3.2641823686059612
3.2641823686059612
3.263561643318055
3.258646426780955
3.250371179104609
3.250322356445603
3.250322356445603
3.238802071578201
3.2251763058861953
3.2251763058861953
3.2307376692994785
3.2307376692994785
3.2307376692994785
3.214441115261338
3.214441115261338
3.214441115261338
3.214441115261338
3.203195799276036
3.2075136539911733
3.2075136539911733
3.2075136539911733
3.195384285018817
3.2052138643944974
3.2204348012872943
3.2265874113207453
3.219136267029707
3.219136267029707
3.226807387456418
3.2332731815498588
3.2117275579802014
3.21579597340621
3.21579597340621
3.21579597340621
3.21579597340621
3.2066311456035783
3.205377534593234
3.201986508676092
3.201986508676092
3.210994048535619
3.210994048535619
3.1943243509233907
3.2050415339860034
3.2050415339860034
3.2202565640460974
3.2144917267636384
3.2144917267636384
3.2234262800622444
3.2234262800622444
3.2112626936774613
3.2112626936774613
3.2116369321891347
3.201808343214511
3.1973653868163243
3.1864340089522885
3.203825834290747
3.203825834290747
3.1935182509901114
3.1935182509901114
3.1935182509901114
3.21773219221043
3.21773219221043
3.21773219221043
3.21773219221043
3.1916535159592514
3.2089696031261536
3.2176661274603906
3.2116201914648688
3.2116201914648688
3.2116201914648688
3.186153155630132
3.179932658356733
3.2049952171138476
3.2049952171138476
3.206003493725944
3.204993059917833
3.2049408672730553
3.2049408672730553
3.2098703741413535
3.2098703741413535
3.2098703741413535
3.2377527590397017
3.2377527590397017
3.2155918727368302
3.2155918727368302
3.204784948327965
3.1916761146512727
3.194375537720149
3.194375537720149
3.200167824261761
3.2109687781586294
3.2109687781586294
3.197520265271672
3.206308023693041
3.2055300345167526
3.2055300345167526
3.2055300345167526
3.2055300345167526
3.2055300345167526
3.2055300345167526
3.206743405148869
3.206743405148869
3.213455035942907
3.208576065517519
3.1930207426215627
3.1930207426215627
3.216191448955376
3.216191448955376
3.216191448955376
3.217761761781349
3.217761761781349
3.217761761781349
3.2265766652616827
3.223409788317408
3.223409788317408
3.223409788317408
3.223409788317408
3.223409788317408
3.223409788317408
3.2143750584207518
3.2162430964726205
3.2200207277261432
3.2171323466784707
3.197089101134676
3.197089101134676
3.184321419472085
3.1760943415981178
3.1839028120681983
3.1839028120681983
3.191214238991273
3.18450243875605
3.175657498579606
3.2171132786646934
3.204041003135308
3.2072053287951716
3.1975786094408507
3.2104106824672267
3.2127925496870726
3.2127925496870726
3.2127925496870726
3.2151686244835482
3.2151686244835482
3.2329233092763285
3.2424160146343834
3.2192047006802076
3.2192047006802076
3.2155120886956197
3.2160883005833805
3.2160883005833805
3.2160883005833805
3.2160883005833805
3.2076116048430814
3.2076116048430814
3.2076116048430814
3.2174039815961226
3.2231172030493727
3.2231172030493727
3.2231172030493727
3.2231172030493727
3.210350911971275
3.2237297661764535
3.2179560583833693
3.2179560583833693
3.2185906922537155
3.1979978948935113
3.2085477062240066
3.217452437881218
3.207773326722171
3.207773326722171
3.207773326722171
3.2306058636512467
3.2153092933398804
3.1949971663756855
3.1949971663756855
3.1949971663756855
3.1949971663756855
3.1850289471995796
3.1961661865462814
3.1833678884115546
3.1833678884115546
3.1833678884115546
3.1768885098439603
3.1768885098439603
3.1768885098439603
3.180312997205273
3.1955586153296944
3.2083577903809606
3.2083577903809606
3.2083577903809606
3.2083577903809606
3.2083577903809606
3.2083577903809606
3.2083577903809606
3.211722576875441
3.211722576875441
3.211722576875441
3.211722576875441
3.1902694050672573
3.1902694050672573
3.163756337407911
3.1714421640859958
3.1714421640859958
3.1714421640859958
3.181402956444912
3.1787286428691193
3.1861058884244047
3.1925261133089267
3.219097993769951
3.220136670459423
3.216437915224423
3.1822890601073826
3.1822890601073826
3.1822890601073826
3.190586704177578
3.197352195962597
3.197352195962597
3.182672159722948
3.205070760596566
3.1933342128812066
3.200971882571886
3.2079419312559616
3.2090099221471555
3.2090099221471555
3.220830209151145
3.220830209151145
3.219327462055446
3.208163389136199
3.208163389136199
3.208163389136199
3.208163389136199
3.2007262342289127
3.2007729925223467
3.2007729925223467
3.2007729925223467
3.2007729925223467
3.2007729925223467
3.2007729925223467
3.210491893416405
3.2223242428535963
3.2223242428535963
3.2214964647495994
3.2214964647495994
3.199883843104394
3.199883843104394
3.1881205662021777
3.191017732364317
3.1948205205549107
3.1789730302217176
3.1958804219046564
3.206718723262071
3.195134576221247
3.195134576221247
3.195134576221247
3.190527755550924
3.190527755550924
3.190527755550924
3.189762785054879
3.189762785054879
3.193134854956951
3.193134854956951
3.193134854956951
3.193134854956951
3.195808843377706
3.1774616620952427
3.1774616620952427
3.1771199350222377
3.172723892955421
3.1911012359020683
3.1911012359020683
3.1911012359020683
3.1911012359020683
3.1756567564394986
3.1756567564394986
3.1802644187690876
3.1887177615176068
3.2096530053934007
3.2096530053934007
3.2096530053934007
3.2023609472340144
3.197794339272587
3.1885359269668228
3.181394466145772
3.183436691127542
3.1816824349657735
3.1816824349657735
3.1597388608495884
3.1714383872789997
3.1778593174797756
3.1778593174797756
3.159658647029381
3.1692216294813735
3.1692216294813735
3.1692216294813735
3.196353882842693
3.196353882842693
3.2035898020471802
3.2035898020471802
3.2007881323814784
3.2007881323814784
3.2045554632213618
3.2045554632213618
3.2045554632213618
3.209193547382021
3.209193547382021
3.209193547382021
3.2144426619556095
3.2144426619556095
3.224449001896638
3.204030438774574
3.209662164529088
3.209662164529088
3.1879877082580124
3.190941870658347
3.1998852491664547
3.1998852491664547
3.20830507328167
3.2168182055955907
3.2168182055955907
3.2073511490757927
3.1881947665241284
3.1881947665241284
3.1881947665241284
3.1881947665241284
3.1768541061605418
3.1716746173310666
3.1573155150204717
3.161884156892178
3.187679091661206
3.187679091661206
3.171074524477501
3.167786901333715
3.187230544841975
3.187230544841975
3.187230544841975
3.1830339890122605
3.1830339890122605
3.1830339890122605
3.1830576391711705
3.1830576391711705
3.1878726114945777
3.1800945741631885
3.1800945741631885
3.1817090053071024
3.1937059272952895
3.1915075351547144
3.1915075351547144
3.1747879536737766
3.1747879536737766
3.1747879536737766
3.204891949941817
3.2074672808048392
3.19015804578759
3.19015804578759
3.1965883201206253
3.182556017588806
3.183893759025209
3.183893759025209
3.1771984597747784
3.1630038907789317
3.1630038907789317
3.1630038907789317
3.1630038907789317
3.1635156676249365
3.1635156676249365
3.1635156676249365
3.1635156676249365
3.187963258009127
3.163801234814035
3.163322812839531
3.150316529906083
3.147842105428723
3.147842105428723
3.147842105428723
3.147842105428723
3.163994023836316
3.1653053540563354
3.1653053540563354
3.157127283425579
3.160736447084987
3.1601969769734337
3.154401389443254
3.1685294586971184
3.1566406878491935
3.1566406878491935
3.1566406878491935
3.175707969592299
3.1804290808490436
3.1804290808490436
3.1804290808490436
3.152022395099687
3.152022395099687
3.152022395099687
3.152022395099687
3.152022395099687
3.152022395099687
3.152022395099687
3.1904899404291855
3.1865002073581326
3.175275370119462
3.206856548339392
3.1995879052786234
3.1961268482123004
3.181770669791899
3.181770669791899
3.181770669791899
3.189650273569528
3.1880688897000664
3.1807857496051537
3.1807857496051537
3.168895839063245
3.1958129769752004
3.1958129769752004
3.1898366099571143
3.1931097988866357
3.1931097988866357
3.1931097988866357
3.1931097988866357
3.195139353982348
3.2011088698782384
3.227578977069778
3.227578977069778
3.2273010441657397
3.1998438962858273
3.1998438962858273
3.2159466352516843
3.2159466352516843
3.2022923376891863
3.199544841625353
3.192014243128517
3.190561178413604
3.190561178413604
3.190561178413604
3.190561178413604
3.1924997394779493
3.1805143798402122
3.1805143798402122
3.182971019215568
3.2263545504808335
3.224367503162226
3.232898774863408
3.221719829737033
3.2091900310122767
3.2091900310122767
3.2134479206054
3.199259198707244
3.19082134064591
3.2050865706689162
3.2050865706689162
3.2050865706689162
3.190438353220202
3.2101945441082154
3.2101945441082154
3.181511939212769
3.19137350559784
3.19137350559784
3.182210549587212
3.1769865201343244
3.1769865201343244
3.2063168483443754
3.2063168483443754
3.2063168483443754
3.2084802167844617
3.211226082829811
3.211226082829811
3.211226082829811
3.1909256738696223
3.1909256738696223
3.1909256738696223
3.2040569221723385
3.2040569221723385
3.215541001476657
3.215541001476657
3.215541001476657
3.2022927134990096
3.2219812895517967
3.2219812895517967
3.1941040232209446
3.208233534658026
3.208233534658026
3.206691338406109
3.1980382735408996
3.18219153931076
3.202031813917982
3.202031813917982
3.189389181262511
3.197550065597087
3.2179121752635456
3.2179121752635456
3.2179121752635456
3.2179121752635456
3.2179121752635456
3.2179121752635456
3.2179121752635456
3.2179121752635456
3.2179121752635456
3.2283625097772584
3.2283625097772584
3.2283625097772584
3.2283625097772584
3.227719558845882
3.1916050827534215
3.194404544659069
3.194404544659069
3.194404544659069
3.2108170751529963
3.2108170751529963
3.1905479749163015
3.2101278635057144
3.2101278635057144
3.1955832091956267
3.1959479979866003
3.1959479979866003
3.1865611791586783
3.1847348041292434
3.1847348041292434
3.197381475613927
3.199609837266661
3.1962343583074673
3.1962343583074673
3.180082288582343
3.182139841320442
3.174055143532262
3.205363809570976
3.21965005074082
3.21965005074082
3.2178604598670835
3.2061706524883236
3.2061706524883236
3.2061706524883236
3.1771817340857145
3.1939605221057876
3.1939605221057876
3.2060623818401446
3.206495920188367
3.2184062794251735
3.2096467933610207
3.2239935540722477
3.2239935540722477
3.2350894931240117
3.2350894931240117
3.219187545150109
3.219187545150109
3.2137470663839482
3.2095975975733286
3.2095975975733286
3.206339227841746
3.206339227841746
3.206339227841746
3.194444437285063
3.194444437285063
3.2250111776667034
3.2061535360647353
3.2061535360647353
3.2061535360647353
3.2061535360647353
3.2061535360647353
3.2061535360647353
3.2102547495681337
3.2102547495681337
3.2102547495681337
3.2102547495681337
3.2130405844264724
3.1965506923022833
3.2062411674582227
3.193116889664922
3.2140431111205405
3.2140431111205405
3.2140431111205405
3.2140431111205405
3.2197086001721917
3.197251236383081
3.197251236383081
3.223611174257429
3.2391306661608237
3.2454418394720586
3.244066570048497
3.244066570048497
3.2378090007701936
3.2516160642318
3.2221672810874713
3.2221672810874713
3.2239602238135934
3.2239602238135934
3.2239602238135934
3.2239602238135934
3.2239602238135934
3.2239602238135934
3.2121960121380515
3.1965090082854153
3.1917305111482577
3.1917305111482577
3.200934868651987
3.200934868651987
3.200934868651987
3.185842112329718
3.1807478048165905
3.1960548594119285
3.2042090986416625
3.2042090986416625
3.211371606447084
3.211371606447084
3.1915303663847707
3.189207557495818
3.189207557495818
3.189207557495818
3.189207557495818
3.2106409143460657
3.2106409143460657
3.177596248641852
3.177596248641852
3.177596248641852
3.177596248641852
3.172558779269451
3.1738240475967143
3.1738240475967143
3.17881123172687
3.17881123172687
3.17881123172687
3.17881123172687
3.17881123172687
3.1679889719302805
3.1679889719302805
3.1679889719302805
3.1772322785760836
3.192797265450458
3.192797265450458
3.1728541947869555
3.1728541947869555
3.1639795876091186
3.1590329293625006
3.1590329293625006
3.1590329293625006
3.1728601797341742
3.1625552175601737
3.1597269101091903
3.1702628130162434
3.1702628130162434
3.174934302141231
3.174934302141231
3.174934302141231
3.180462298878927
3.180462298878927
3.180047660264396
3.180202284851048
3.180202284851048
3.180202284851048
3.1718319854882733
3.1718319854882733
3.1718319854882733
3.1718319854882733
3.1718319854882733
3.169263969801188
3.169263969801188
3.20592200231828
3.1716790606021963
3.1716790606021963
3.1716790606021963
3.1716790606021963
3.1746496377683524
3.1908891867470475
3.1908891867470475
3.1975862950345415
3.194036959882538
3.1774070412939732
3.188586129357323
3.1680256078232265
3.172366636207311
3.1708085016046725
3.174320852488139
3.174320852488139
3.188284769786585
3.188284769786585
3.188284769786585
3.180606146125684
3.180606146125684
3.196714714641448
3.178857868523075
3.1819832446631575
3.1939966216415114
3.1939966216415114
3.1939966216415114
3.1939966216415114
3.1976097596261632
3.2187600789900244
3.2187600789900244
3.2187600789900244
3.191687765534846
3.21889383251765
3.2191787986972926
3.219608370539924
3.219608370539924
3.2209568694048936
3.2178572245147636
3.211652070325137
3.211652070325137
3.1997494564616114
3.187996319469717
3.1859871419255423
3.2058152151031414
3.191175409210893
3.196449770380477
3.1952075777456734
3.1723274609105503
3.1849467512173093
3.1849467512173093
3.167633226861649
3.167633226861649
3.188206607470834
3.188206607470834
3.188206607470834
3.188206607470834
3.1766165642244237
3.1766165642244237
3.172790867381528
3.1624435075393325
3.1672201830885713
3.1893951306273127
3.1893719493045274
3.1877496347404315
3.1877496347404315
3.173136816455326
3.184566176498407
3.1798893657759377
3.158511759273894
3.158511759273894
3.158511759273894
3.157858274533611
3.157858274533611
3.148761017146717
3.148761017146717
3.14848464394457
3.14848464394457
3.133688184176748
3.144568802875015
3.144568802875015
3.144568802875015
3.1406055642912016
3.146929583357419
3.1449900276658593
3.1449900276658593
3.1479736583142888
3.165117896465912
3.165117896465912
3.165117896465912
3.1750094958571036
3.2009274440567497
3.190067127031516
3.177358490192201
3.177358490192201
3.177358490192201
3.194913126670954
3.19245471268278
3.1877772391977475
3.163518201038397
3.1707692974942714
3.1744043012977365
3.1744043012977365
3.1686664103177544
3.1786069680061173
3.192776630092503
3.192776630092503
3.192776630092503
3.188193502937915
3.1900168960497903
3.1777891116457777
3.168746766804595
3.1567248759090956
3.1567248759090956
3.1702383926515134
3.1755774115623616
3.1755774115623616
3.1755774115623616
3.188251056748545
3.196739074081812
3.1905512358765384
3.1675837863995002
3.1762229700577804
3.174609232922229
3.174609232922229
3.1774216659383754
3.1774216659383754
3.1978091746886137
3.19279423751811
3.187701085830092
3.1781221330956715
3.182975977488172
3.185729024424716
3.2105871433420803
3.2105871433420803
3.2099843758343214
3.2098865479849246
3.2098865479849246
3.2098865479849246
3.2098865479849246
3.2111324413432407
3.215252564397153
3.215252564397153
3.215252564397153
3.169086840100107
3.1713460372595255
3.2103626266851872
3.2103626266851872
3.2080591953995747
3.2080591953995747
3.2080591953995747
3.182707185037604
3.182707185037604
3.18724597930756
3.18724597930756
3.191321335378868
3.1920904598584903
3.1920904598584903
3.1884181164635446
3.1910468723562033
3.1969371549395587
3.201065470353526
3.201065470353526
3.1898241951352575
3.1898241951352575
3.1929348395030344
3.1929348395030344
3.1929348395030344
3.1929348395030344
3.218067901247313
3.2155145028063825
3.1854690517464435
3.184959876923163
3.184959876923163
3.189667330187174
3.187011478525689
3.197211279937976
3.197211279937976
3.197211279937976
3.184354724089621
3.189113905876853
3.189113905876853
3.189113905876853
3.189113905876853
3.1739163442269627
3.1739163442269627
3.1789502467446433
3.179563113025713
3.179563113025713
3.179563113025713
3.179563113025713
3.179563113025713
3.1974758605558926
3.178844996829054
3.178844996829054
3.1795686220788726
3.1795686220788726
3.1653339253438553
3.167982762830699
3.1656856419235124
3.201684026659658
3.201684026659658
3.201684026659658
3.1931225672561148
3.1931225672561148
3.1931225672561148
3.1931225672561148
3.1805432456751284
3.171974279363319
3.1659258009309887
3.1659258009309887
3.1674693287815625
3.1691095709313597
3.1691095709313597
3.144762593113259
3.138167567122389
3.139845365683948
3.139008232617938
3.1868951961488263
3.1868951961488263
3.1868951961488263
3.186363995980185
3.179156605229414
3.166178549581792
3.170838405940803
3.1840226520494235
3.1840226520494235
3.187749457432564
3.187749457432564
3.187749457432564
3.187749457432564
3.1904258187819323
3.2162570444866345
3.2162570444866345
3.2162570444866345
3.204707698534259
3.204707698534259
3.183411597035215
3.183411597035215
3.183411597035215
3.183411597035215
3.188941715165844
3.188941715165844
3.1845664892153662
3.1862432883255285
3.1862432883255285
3.1809084473059954
3.1809084473059954
3.1865021518519825
3.1865021518519825
3.19442927619267
3.202927434479844
3.20624550887902
3.20624550887902
3.175519393076359
3.184126634983955
3.184126634983955
3.184126634983955
3.184126634983955
3.184126634983955
3.195530770146256
3.213025779207979
3.2104474055558114
3.208745672595387
3.210766563275442
3.2112468026862704
3.189131342619121
3.192781731165539
3.1927850334766013
3.1927850334766013
3.1927850334766013
3.2212588569031113
3.2212588569031113
3.2228477760902154
3.2228477760902154
3.222949563060516
3.199319865939108
3.199319865939108
3.1976307623468494
3.1976307623468494
3.1976307623468494
3.187098502498503
3.187098502498503
3.187098502498503
3.187098502498503
3.184306468711219
3.1658599309284248
3.163888551470336
3.1744913634028737
3.174236405604482
3.174236405604482
3.166794882589937
3.163186247773217
3.163186247773217
3.1428473437040374
3.1428473437040374
3.1373374112011096
3.1373374112011096
3.1606665765901707
3.1606665765901707
3.1781891438757484
3.165432737651322
3.1700541144435763
3.165978001795687
3.165978001795687
3.165978001795687
3.19617852972515
3.1837080737561405
3.1837080737561405
3.1809955255470603
3.1714445675025913
3.14885259650616
3.1439944797737867
3.1559462840953696
3.157883660407619
3.1454587435352734
3.149952337209148
3.153070788313806
3.153070788313806
3.1678396580096737
3.1678396580096737
3.1678396580096737
3.1678396580096737
3.1678396580096737
3.171007749246525
3.171007749246525
3.171007749246525
3.171007749246525
3.168395540992003
3.168395540992003
3.145580995562856
3.145580995562856
3.157718236984437
3.1552576962174106
3.1552576962174106
3.1552576962174106
3.159242766156501
3.1614820955549963
3.1614820955549963
3.1614820955549963
3.1614820955549963
3.1960502642223725
3.204945515508669
3.2087595898010712
3.1940967756575076
3.1940967756575076
3.1979678038181563
3.1979678038181563
3.1979678038181563
3.1979678038181563
3.2198169577422395
3.2346514245579243
3.2543786622132433
3.2543786622132433
3.2428543828394263
3.233785362285371
3.2031087734666
3.213095860324358
3.2160298233700293
3.1892467020165083
3.1892467020165083
3.1892467020165083
3.1892467020165083
3.2171601396114893
3.22431285827702
3.20618730164731
3.200800927899542
3.200800927899542
3.200800927899542
3.200800927899542
3.201960105323855
3.1857590959306887
3.186347355624399
3.185646931591593
3.193028631537105
3.193028631537105
3.193028631537105
3.202678886276073
3.1986317458193647
3.1986317458193647
3.1989885800259237
3.1989885800259237
3.1844025635078905
3.1743315688217
3.1658238276578117
3.1658238276578117
3.1714358385574104
3.1714358385574104
3.1714358385574104
3.1714358385574104
3.1714358385574104
3.1755759447170036
3.1755759447170036
3.1755759447170036
3.179496648255323
3.1779643501306545
3.1779643501306545
3.1779643501306545
3.173398676286851
3.1863988451551246
3.1863988451551246
3.1863988451551246
3.1811855453906954
3.1876562751908293
3.1876562751908293
3.1921217506669715
3.1921217506669715
3.1830306157729864
3.1830306157729864
3.1830306157729864
3.2095008962455047
3.2095008962455047
3.1883632581090784
3.1883632581090784
3.1949930181880735
3.180974244575124
3.180974244575124
3.1919020907784734
3.1919020907784734
3.208623403560809
3.2033970881443126
3.2033970881443126
3.1952981859424567
3.204203816361878
3.1824952841103396
3.1823255821833474
3.1823255821833474
3.178235060044556
3.1826711736214817
3.1826711736214817
3.182428076099352
3.1636027456862674
3.1636027456862674
3.166585214766653
3.1541750554225003
3.1656673844441023
3.1656673844441023
3.1656673844441023
3.1656673844441023
3.1656673844441023
3.1656673844441023
3.1939122049219684
3.186480974353541
3.2015924389480857
3.2015924389480857
3.1900456296112405
3.1900456296112405
3.1900456296112405
3.1900456296112405
3.1965145941732467
3.193629969899408
3.1781455470042417
3.1781455470042417
3.200220995851997
3.200220995851997
3.200220995851997
3.200220995851997
3.200220995851997
3.208419481645118
3.1972340745547028
3.206758317379687
3.206758317379687
3.206758317379687
3.206758317379687
3.2163156923587652
3.2163156923587652
3.221400446026305
3.221400446026305
3.221400446026305
3.2279878543978042
3.2279878543978042
3.2279878543978042
3.2149491901360925
3.2149491901360925
3.2152381281549367
3.2152381281549367
3.2152381281549367
3.1922597793643632
3.1922597793643632
3.1922597793643632
3.1996372156241244
3.1996372156241244
3.2039602836730063
3.1976453177283743
3.2042685852778514
3.189041213323798
3.2002421584471157
3.2002421584471157
3.2002421584471157
3.2009778924459487
3.2090288443750685
3.2090288443750685
3.2089303073621753
3.2133518159693346
3.2268680754434214
3.206908031299367
3.209950330331039
3.209950330331039
3.209950330331039
3.208897101349122
3.208897101349122
3.1976557842961224
3.1976557842961224
3.1976557842961224
3.1884542739090036
3.2062578422424166
3.2107842054765654
3.222223862412229
3.1933778138538793
3.2100602449535445
3.2100602449535445
3.2100602449535445
3.2146328375352393
3.2146328375352393
3.2146328375352393
3.212376810786969
3.212376810786969
3.197716439236128
3.19006015097831
3.181838225319264
3.1921377553142816
3.167147432555567
3.167147432555567
3.169611932460247
3.155794063939905
3.1715041816916694
3.1715041816916694
3.182323469485861
3.182323469485861
3.1451351704565935
3.165503294818115
3.1917583682905732
3.1831954098298523
3.1707430168786948
3.1986892542451884
3.1631629044119527
3.1860606470139197
3.1860606470139197
3.2008492659527708
3.191704451243528
3.191704451243528
3.1846737786158505
3.1846737786158505
3.1846737786158505
3.1846737786158505
3.1841856733104623
3.1871989973741752
3.1871989973741752
3.1586939481445455
3.1586939481445455
3.1586939481445455
3.1574208291847836
3.181176676956907
3.1534589384645058
3.1534589384645058
3.1832988650353395
3.158154977416285
3.1609870845238306
3.166620516026896
3.1583131641159707
3.1705949956761135
3.156263668817884
3.156263668817884
3.1589617243306725
3.1856494503441812
3.18252543543487
3.1781285566376143
3.1725726380312294
3.181975201462647
3.181975201462647
3.181975201462647
3.2023410548410225
3.2023410548410225
3.1814111717986804
3.1814111717986804
3.1837116063097555
3.174987693364362
3.17093580389123
3.1660568955801813
3.1803931641660124
3.1803931641660124
3.1803931641660124
3.1803931641660124
3.1803931641660124
3.157576471991074
3.1517893445116463
3.1517893445116463
3.1517893445116463
3.1576580471087747
3.150468067745576
3.164010833254438
3.164010833254438
3.164010833254438
3.164010833254438
3.164010833254438
3.1726463249383676
3.1882897576151352
3.1882897576151352
3.1882897576151352
3.1839819968362986
3.1839819968362986
3.189681785635
3.161981551818469
3.1601044126510005
3.1601044126510005
3.1429256376180508
3.1429256376180508
3.1470205651124465
3.1470205651124465
3.1470205651124465
3.1470205651124465
3.149128109177375
3.1511374497145503
3.1575270007369935
3.1653420425792183
3.1653420425792183
3.18424102149958
3.18424102149958
3.18424102149958
3.18424102149958
3.154052530781361
3.168033069839415
3.1674576485300614
3.1674576485300614
3.1581718037741755
3.174411810699027
3.174411810699027
3.1658928429881183
3.1658928429881183
3.1907168614707295
3.1907168614707295
3.1907168614707295
3.1909860403168877
3.167382420191814
3.1627684429604526
3.1791642586120026
3.161431522970749
3.161431522970749
3.161431522970749
3.161431522970749
3.1646867072951324
3.152679758595408
3.1473257056039046
3.1610514468389983
3.1610514468389983
3.1625101644466467
3.1625101644466467
3.15648980501785
3.1704185961233735
3.1704185961233735
3.1704185961233735
3.1636463799510888
3.168930061891965
3.1608796214936667
3.1608796214936667
3.1623515633028756
3.160967729760094
3.160967729760094
3.160967729760094
3.160967729760094
3.1836077133210385
3.184126322377848
3.184126322377848
3.1429265937042015
3.1534335540512517
3.147996404787069
3.147996404787069
3.1518579760678143
3.184079802675273
3.184079802675273
3.1761063717733236
3.1523033714713224
3.1523033714713224
3.1699945083910706
3.1889498507435046
3.203582351561736
3.203582351561736
3.2136524667756734
3.212360865074855
3.206796860061087
3.230043059828659
3.230043059828659
3.214095828105201
3.2003928808379247
3.2003928808379247
3.1978717482113774
3.1959568078681944
3.221188721261344
3.2159392914755855
3.2159392914755855
3.2182451281706563
3.224019692159435
3.224019692159435
3.21874204125865
3.212559661765527
3.211718384650957
3.211718384650957
3.2042486528890737
3.2042486528890737
3.2042486528890737
3.1960464534640702
3.1960464534640702
3.1960464534640702
3.1837615614108277
3.1869317902926992
3.1869317902926992
3.1896253837712454
3.184721355267274
3.184721355267274
3.184721355267274
3.184721355267274
3.184721355267274
3.184721355267274
3.184721355267274
3.168110062561967
3.1635942604863114
3.1635942604863114
3.1818885861730926
3.1818885861730926
3.1818885861730926
3.2023404697046036
3.234700989461606
3.221907818226271
3.221907818226271
3.221664042997969
3.2243474604405358
3.2243474604405358
3.18749090353399
3.18749090353399
3.1653524612354182
3.1823242773867917
3.1823242773867917
3.1823242773867917
3.1693614383797453
3.1728732138915396
3.176160352228663
3.176160352228663
3.176160352228663
3.1832474370319597
3.1806437363593085
3.1806437363593085
3.185215545572912
3.179461110320664
3.179461110320664
3.1714500904099348
3.170459999096616
3.1800009073003284
3.1800009073003284
3.1800009073003284
3.180895086270147
3.159082771491598
3.159082771491598
3.1568981817253423
3.1568981817253423
3.15195698579121
3.178542963383977
3.178542963383977
3.1904666052507915
3.169633347662166
3.1672333345121078
3.1672333345121078
3.178709524136325
3.191671810746477
3.191671810746477
3.209709732989949
3.209709732989949
3.209709732989949
3.2273891757280353
3.2273891757280353
3.220447463657429
3.2199541358898736
3.2152120170756406
3.193761076847581
3.193761076847581
3.1814500791513662
3.1814500791513662
3.1814500791513662
3.180470377141803
3.180470377141803
3.180470377141803
3.180470377141803
3.1666636342289247
3.1666636342289247
3.167515738619538
3.1871772815935353
3.1842187396617114
3.1935172951984474
3.179070970283093
3.176009118984213
3.177633222515177
3.183412031338458
3.183412031338458
3.1680692624880344
3.169806022361923
3.175378092428001
3.166240400541889
3.17108208535661
3.17108208535661
3.178086332524565
3.189367639332252
3.1596651808638145
3.176836383378056
3.176836383378056
3.174474842712571
3.174474842712571
3.174474842712571
3.174498396749649
3.175480620166693
3.185934255959304
3.185934255959304
3.171318711733024
3.171318711733024
3.1755513385235368
3.1861323141844458
3.1861323141844458
3.182800625960074
3.188726764850182
3.188726764850182
3.188726764850182
3.1853628209978107
3.184060479589332
3.184060479589332
3.1755730444808035
3.1755730444808035
3.1755730444808035
3.180320389148323
3.180320389148323
3.1692900730337175
3.1701152410735642
3.172684563229723
3.1627084218714936
3.1732869669241737
3.1732869669241737
3.163876391573838
3.1320691757993906
3.1320691757993906
3.1568560226342965
3.1558133067536307
3.1558133067536307
3.177065062003993
3.1584931481935574
3.151177468053082
3.1744055591061473
3.16759502219582
3.16759502219582
3.16759502219582
3.16759502219582
3.172199507707855
3.172199507707855
3.172199507707855
3.192752212926103
3.196918095307183
3.196918095307183
3.196918095307183
3.210224638017302
3.188472795649931
3.2006597820106166
3.2006597820106166
3.1917838976655877
3.175865648281066
3.1823928039854232
3.1969783921442807
3.176304716586862
3.1839802800459007
3.194308406308729
3.194511012131132
3.194511012131132
3.193877533155486
3.1919310872586815
3.2189535927165496
3.2189535927165496
3.1997386668404393
3.193853283796855
3.2104023679393845
3.2104023679393845
3.2104023679393845
3.203205698770284
3.203205698770284
3.2210366910963626
3.2210366910963626
3.2125909221365987
3.1959552863762317
3.1959552863762317
3.1909988149128474
3.1909988149128474
3.1909988149128474
3.1909988149128474
3.1909988149128474
3.1909988149128474
3.177251329984391
3.177251329984391
3.177251329984391
3.177251329984391
3.19781370686078
3.1951564559760723
3.1951564559760723
3.178009296279671
3.1749332297940582
3.160523461883796
3.1940576863456096
3.1940576863456096
3.1940576863456096
3.203560482792443
3.203560482792443
3.1994833734493824
3.215168516174091
3.217993791101781
3.2190917159032097
3.208104059576089
3.208104059576089
3.208104059576089
3.2078919838212228
3.2078919838212228
3.2078919838212228
3.2078919838212228
3.2078919838212228
3.2078919838212228
3.206929096884949
3.220095931702231
3.203106888935994
3.1999523760986825
3.1996358840860273
3.1783834180222374
3.1903537470289396
3.1903537470289396
3.202045386666645
3.188363590204022
3.182672359271606
3.1796220309762053
3.1796220309762053
3.1796220309762053
3.1796220309762053
3.1796220309762053
3.1796220309762053
3.1796220309762053
3.196323111445543
3.196323111445543
3.1941346752637254
3.1993135653086835
3.1970345588465485
3.194981059401833
3.19866560910242
3.2055601795748663
3.2055601795748663
3.169788255567602
3.1608443519886547
3.150029527529924
3.150029527529924
3.179269279494417
3.1852747027932162
3.1852747027932162
3.1852747027932162
3.181518392758102
3.181518392758102
3.181518392758102
3.2040694829736895
3.2235542883297263
3.230493175248791
3.2315693654086157
3.2309277405991534
3.2309277405991534
3.2309277405991534
3.219111282148723
3.2168091355671575
3.2168091355671575
3.238297619907706
3.217370297573183
3.2302633638499336
3.202430301090669
3.202430301090669
3.195600097528424
3.195600097528424
3.2155900194794023
3.2155900194794023
3.205806882967303
3.205806882967303
3.204256872309108
3.2355656727344444
3.2197499775674983
3.23041666928563
3.2234251045310733
3.2298193685279384
3.2298193685279384
3.2298193685279384
3.2333745298196717
3.2129132946047494
3.2129132946047494
3.2510228454185124
3.2510228454185124
3.2510228454185124
3.2510228454185124
3.2510228454185124
3.2510228454185124
3.2477103684089617
3.2289763124724975
3.2232659308811304
3.2232659308811304
3.2350158245394702
3.21669562067951
3.21669562067951
3.21669562067951
3.21669562067951
3.21669562067951
3.2036836692267237
3.201443976841974
3.1893802401145175
3.1933631910723057
3.1933631910723057
3.1933631910723057
3.1987207498681487
3.2133897423064335
3.2133897423064335
3.2133897423064335
3.2186003609847997
3.2186003609847997
3.1932409967390982
3.184200549545838
3.1882984377993306
3.1916286924558017
3.169821447344653
3.182540622532641
3.177711024463219
3.2025683873816675
3.2025683873816675
3.1857237819164523
3.1775072557859083
3.1775072557859083
3.1775072557859083
3.1988233169402367
3.1974286041216216
3.1974286041216216
3.1974286041216216
3.2104809376318997
3.2104809376318997
3.2195799314644535
3.2195799314644535
3.218967742865698
3.218967742865698
3.2232138388497
3.2232138388497
3.2232138388497
3.2232138388497
3.235458452158977
3.2102131505479634
3.2014676542788716
3.2014676542788716
3.2014676542788716
3.2058627100729065
3.2058627100729065
3.204983957810151
3.2080754163196334
3.2080754163196334
3.206095758550331
3.206095758550331
3.2172294269800155
3.2172294269800155
3.2172294269800155
3.2172294269800155
3.2172294269800155
3.2172294269800155
3.2172294269800155
3.228426588364817
3.2507490112737685
3.2507490112737685
3.2483387416050546
3.2529157593007305
3.257112383517034
3.257112383517034
3.257112383517034
3.254594671196976
3.254594671196976
3.2484160652880885
3.2252040270481825
3.2252040270481825
3.214284946688975
3.214284946688975
3.214284946688975
3.214284946688975
3.2086343006301234
3.2060877855907473
3.21750582065865
3.2262669349761133
3.2262669349761133
3.2222161707571217
3.2160356181837355
3.210672645319723
3.2071955467653956
3.2071955467653956
3.2071955467653956
3.2071955467653956
3.1961247631305927
3.199021015388998
3.1841739128206563
3.1763394107682172
3.189565438829817
3.1878812214029693
3.1878812214029693
3.1965266828691115
3.1965266828691115
3.1989517569206107
3.2074018376082285
3.2218995480015393
3.2282738174216545
3.2282738174216545
3.2282738174216545
3.226176347456087
3.226176347456087
3.226176347456087
3.192706805545911
3.229352423877984
3.218431263370794
3.2165208688380362
3.198305512910908
3.198305512910908
3.198305512910908
3.2192628844956404
3.229032095403698
3.227329415793679
3.217221347647343
3.217221347647343
3.2166533588842454
3.1839811794919086
3.18929551687389
3.18929551687389
3.18929551687389
3.18929551687389
3.1851214519764475
3.182235896524247
3.182235896524247
3.182235896524247
3.2031300151448403
3.2004505634112648
3.2004505634112648
3.205637271361038
3.205637271361038
3.197747837513239
3.1931013574560443
3.2015830724913954
3.1826538981584913
3.2103000451820414
3.1984585931931626
3.20370749133994
3.20370749133994
3.20370749133994
3.1991793488999214
3.205163212817877
3.1999267570142864
3.2082625937858964
3.205923413360425
3.2071406081994502
3.2071406081994502
3.2110957839028402
3.2110957839028402
3.2026579075536934
3.193222466694301
3.193222466694301
3.193222466694301
3.193222466694301
3.1978358994711655
3.1978358994711655
3.2009050816312357
3.190907240946947
3.1990346805490875
3.1990346805490875
3.210412931465217
3.210412931465217
3.210412931465217
3.198680633230555
3.198680633230555
3.180526488455805
3.180526488455805
3.2151954916934486
3.2151954916934486
3.2131222636467927
3.2037266363486636
3.2037266363486636
3.195794014327535
3.218091342145046
3.2174728044911647
3.204514380276172
3.216807455975514
3.216807455975514
3.216807455975514
3.177609717779097
3.1950181935024884
3.182161857225121
3.219180656424255
3.219180656424255
3.214391439087701
3.2144240118293204
3.2144240118293204
3.2087908962670886
3.2087908962670886
3.2087908962670886
3.217986117834187
3.2058280797638394
3.2058280797638394
3.199519371089845
3.199519371089845
3.199519371089845
3.2037494045263024
3.2109839294936386
3.2174580874343075
3.2174580874343075
3.2174580874343075
3.2174580874343075
3.195315087395719
3.198425343398631
3.198425343398631
3.154612510745284
3.154612510745284
3.154612510745284
3.154612510745284
3.1699465723158973
3.1699465723158973
3.1753593630140635
3.2014425560934243
3.2014425560934243
3.2014425560934243
3.1949905151955096
3.168425079719202
3.190086574365438
3.1888546448793424
3.1888546448793424
3.2108103582065834
3.1713398137487143
3.1713398137487143
3.197081288663752
3.2016216979206242
3.2016216979206242
3.213001025511909
3.2233312538782193
3.215911437445022
3.215911437445022
3.215911437445022
3.215911437445022
3.202650492833192
3.202650492833192
3.188888452775005
3.1790785962945187
3.1923997381908022
3.1884702616975935
3.1860010549729307
3.1860010549729307
3.1860010549729307
3.18032942619969
3.18032942619969
3.1951488880725267
3.1951488880725267
3.1951488880725267
3.210391981614329
3.210391981614329
3.1978082201163254
3.200281632180835
3.200281632180835
3.200281632180835
3.187533720942535
3.187533720942535
3.188786424447412
3.188786424447412
3.2140226955808644
3.2140226955808644
3.21171335884891
3.1954053898561265
3.198256588044044
3.1941236088130727
3.198397898553792
3.2160623286021046
3.2160623286021046
3.2160623286021046
3.2160623286021046
3.2160623286021046
3.2161172678967933
3.207868476197452
3.197657411771121
3.197657411771121
3.1805406849679945
3.1737688037715754
3.1836888208663363
3.182742004077951
3.1658810201436194
3.1985527046138382
3.1985527046138382
3.187817361924982
3.187817361924982
3.1891889877146875
3.1891889877146875
3.1891889877146875
3.1891889877146875
3.2007300674378643
3.2076771070263725
3.2014145021903317
3.19497216391773
3.2010194885790284
3.210210691613535
3.1718583011211123
3.1718583011211123
3.161539130643252
3.1549114573067696
3.1791096779413017
3.155157776066626
3.163306990049143
3.163306990049143
3.17827429400742
3.169566940148147
3.1724341752521483
3.1724341752521483
3.1724341752521483
3.1724341752521483
3.1724341752521483
3.1726353749597522
3.1726353749597522
3.169743496781921
3.169743496781921
3.169474145290954
3.169474145290954
3.1786488350204896
3.1857780415155297
3.182475816362263
3.197205432379392
3.197205432379392
3.197205432379392
3.1860866540996327
3.1860866540996327
3.1872405401946815
3.1872405401946815
3.184045009420782
3.184045009420782
3.184045009420782
3.184045009420782
3.184045009420782
3.184045009420782
3.184045009420782
3.184045009420782
3.2012088640908183
3.199201458185862
3.199201458185862
3.2057408649217702
3.194128986683104
3.1982478792030706
3.1982478792030706
3.1870127482962762
3.1870127482962762
3.1745896688819486
3.170141351085218
3.170141351085218
3.1679665758767843
3.1679665758767843
3.1743045386019997
3.167780856624822
3.187825513660019
3.189691361140422
3.167474722875601
3.167474722875601
3.166352890831606
3.166352890831606
3.187005539438544
3.196158856876569
3.198775193996233
3.197376819546572
3.181754437956474
3.181754437956474
3.181754437956474
3.181754437956474
3.1845342041052467
3.1845342041052467
3.1845342041052467
3.1845342041052467
3.176358711468673
3.176358711468673
3.1871248234738
3.1871248234738
3.1894609064040558
3.1810927288011506
3.185534956738777
3.185534956738777
3.185534956738777
3.214316612732902
3.201661025320794
3.189460653899628
3.189460653899628
3.189043174333071
3.170721864162242
3.183529130223262
3.17826039484854
3.1548811420738647
3.161231039202891
3.208599206454632
3.204808758934683
3.204808758934683
3.206033963121064
3.1963249959870614
3.1963249959870614
3.1947075982082356
3.1947075982082356
3.202062078926703
3.2046487244709785
3.20584705160287
3.1887614517525362
3.171097174012022
3.167373205836152
3.162684440953663
3.1730273572219203
3.1702196665693183
3.1702196665693183
3.1702196665693183
3.184312308160697
3.1897349305676235
3.186245581737892
3.186245581737892
3.186245581737892
3.186245581737892
3.203635410175178
3.198400145297469
3.198400145297469
3.1971981877949687
3.1971981877949687
3.220870979982527
3.2216870162702977
3.2143351197096406
3.2152347611047163
3.2152347611047163
3.2152347611047163
3.2152347611047163
3.2021698893920463
3.2021698893920463
3.212955394976028
3.212955394976028
3.212955394976028
3.212955394976028
3.212955394976028
3.2213996653077874
3.214159743485095
3.2173100703547783
3.2170858203554746
3.2172024295382853
3.2172024295382853
3.202767274555687
3.202767274555687
3.202767274555687
3.1903036333881083
3.1903036333881083
3.1972301449673792
3.1972301449673792
3.2254875239189005
3.2254875239189005
3.2109124218715133
3.2109124218715133
3.2087474779075174
3.2087474779075174
3.2282674786928305
3.2282674786928305
3.2282674786928305
3.238539530750905
3.2109931037860333
3.2157989764601456
3.2132606652654183
3.2133136045234796
3.2133136045234796
3.206616882623777
3.2158398147643052
3.2119248765027426
3.2119248765027426
3.2119248765027426
3.2119248765027426
3.2119248765027426
3.2119248765027426
3.2147774417580774
3.2147774417580774
3.2054724605664937
3.2054724605664937
3.2054724605664937
3.2054724605664937
3.2054724605664937
3.20590868828974
3.20590868828974
3.20590868828974
3.2049693724534682
3.2049693724534682
3.2049693724534682
3.2049693724534682
3.199155724879167
3.2068336270270863
3.1821693161175384
3.1773320988637828
3.173807112298061
3.164577013209172
3.164577013209172
3.164577013209172
3.1604849401466915
3.142694715899425
3.182344638958741
3.204679224631352
3.2059232620049287
3.2059232620049287
3.179253296191846
3.1749420099877317
3.1749420099877317
3.1749420099877317
3.1907935077932796
3.1639008227959806
3.1725739868266847
3.1690159804547178
3.1690159804547178
3.1771483857598977
3.163013338206584
3.163013338206584
3.159814149959974
3.168398766745772
3.182311845118565
3.185880798148316
3.189879479804469
3.189879479804469
3.189879479804469
3.186784706472916
3.193764742507833
3.193764742507833
3.193764742507833
3.193764742507833
3.210108922185843
3.2008068971855796
3.2048718951227966
3.197963483010709
3.2002145050452766
3.2251898179998904
3.201814341034521
3.2044178953632367
3.1914914358777073
3.192013639429809
3.203870214419329
3.2007192353872345
3.2007192353872345
3.199771354130597
3.192143621230269
3.198278135531461
3.202662731798741
3.212157069707712
3.212157069707712
3.1780931692030894
3.1780931692030894
3.1855887356210095
3.185426495617061
3.185426495617061
3.185426495617061
3.176509715874675
3.176509715874675
3.176509715874675
3.176509715874675
3.1688613506631307
3.1614358099194786
3.1614358099194786
3.1614358099194786
3.1606456941459955
3.1580675909351656
3.160756903870073
3.160756903870073
3.1670765360677806
3.1670765360677806
3.189038395942668
3.175129706610913
3.175129706610913
3.1806939272093273
3.1765821575604356
3.1765821575604356
3.1765821575604356
3.1765821575604356
3.1765821575604356
3.1765821575604356
3.185557977541736
3.1703592926344957
3.172721104049878
3.172721104049878
3.1835053710659587
3.205416364892678
3.205416364892678
3.205416364892678
3.2119899094279925
3.2119899094279925
3.2119899094279925
3.2119899094279925
3.2119899094279925
3.207969133458523
3.1900433467144156
3.198191564077952
3.198191564077952
3.186628867873572
3.1789575744949774
3.1789575744949774
3.180359934127135
3.193476427346389
3.184837901431525
3.184837901431525
3.1958835105139816
3.183214630538775
3.1826686867651444
3.1784664940800305
3.1784664940800305
3.1784664940800305
3.1784664940800305
3.1784664940800305
3.173086285134442
3.173086285134442
3.16850331176759
3.16850331176759
3.16850331176759
3.182228736078568
3.182228736078568
3.185999033282408
3.185999033282408
3.185999033282408
3.188786399498551
3.188786399498551
3.1894115345338556
3.1621987913035676
3.1621987913035676
3.187595168766172
3.191301928560957
3.1540197562574295
3.1540197562574295
3.1756120501618317
3.176612683621237
3.1820004601735254
3.1820004601735254
3.20001642185443
3.1901999776626573
3.1901999776626573
3.1901999776626573
3.1901999776626573
3.18222222795648
3.18553729176897
3.1967836817568513
3.20072278604137
3.20072278604137
3.198429853686584
3.191072668535
3.1882879649391254
3.172280636215477
3.172280636215477
3.17193724415418
3.180632433403211
3.180632433403211
3.1860787931109287
3.1862177805248124
3.1862177805248124
3.1862177805248124
3.1862177805248124
3.166904339432241
3.190275938806557
3.1980874567258097
3.196349954386822
3.1834577274008065
3.202793917774119
3.211762417320966
3.1886812755315015
3.1890088744949048
3.1890088744949048
3.1890088744949048
3.1899065534240365
3.204825239685046
3.2281115316058
3.2325075912175376
3.22361121043422
3.20725910336446
3.1947343125896763
3.1947343125896763
3.210935947405576
3.210935947405576
3.2243847262459697
3.2125240456347552
3.1845327719374406
3.1845327719374406
3.165659625891867
3.202452930842213
3.202452930842213
3.202452930842213
3.169450649035531
3.1807100449435435
3.1807100449435435
3.1807100449435435
3.1723805438544486
3.184949633002651
3.2010624818877123
3.215789386995849
3.215789386995849
3.2217009161590697
3.199644619482712
3.228018166817243
3.2156554845382845
3.2156554845382845
3.2156554845382845
3.2148131684952337
3.2528974879189136
3.2528974879189136
3.2528974879189136
3.2528974879189136
3.2506220310594296
3.2382193291586967
3.2382193291586967
3.2532987768035153
3.2211334490150776
3.2211334490150776
3.2211334490150776
3.2335153149540052
3.2335153149540052
3.233651948663746
3.233651948663746
3.233651948663746
3.223272073376607
3.223272073376607
3.223272073376607
3.2066407505532832
3.2033726991956724
3.226880391338698
3.2197603610548162
3.220357176593008
3.2168773942583937
3.2300204697580512
3.235285975725344
3.234268704080145
3.243645554748489
3.2400928793131967
3.2389134875088232
3.2389134875088232
3.2389134875088232
3.234040276714348
3.2430603917055096
3.2384701891917964
3.2384701891917964
3.222545285934229
3.222545285934229
3.237149191345113
3.230638951297738
3.230638951297738
3.230638951297738
3.230638951297738
3.230638951297738
3.226989412043755
3.2079693901331523
3.2162010670115637
3.2061769932808013
3.2061769932808013
3.197837925724702
3.197837925724702
3.2032885966898204
3.1992891144630655
3.1992891144630655
3.2062964072947375
3.2194090718927435
3.2194090718927435
3.2194090718927435
3.2194090718927435
3.2106862886745655
3.212923797208575
3.2033189707803587
3.204746436123468
3.1958977859298954
3.2283735094771644
3.217593271624259
3.217593271624259
3.217593271624259
3.217593271624259
3.219437159473025
3.2260590385169077
3.2260590385169077
3.2051157756803996
3.2051157756803996
3.239414029349932
3.2084914693484134
3.20184283348191
3.205498229302578
3.2091514962916916
3.213462869445882
3.213462869445882
3.2230134747652177
3.2230134747652177
3.225569475798441
3.225569475798441
3.242344887399081
3.2366242482574705
3.228268983048055
3.228268983048055
3.214759440574215
3.230233586026962
3.230233586026962
3.230233586026962
3.237277482571483
3.2473661476311726
3.2385217909378
3.252417623939516
3.252417623939516
3.2396932550384743
3.2396932550384743
3.250146723874115
3.250146723874115
3.242724949391683
3.232111192287743
3.2335233981776383
3.2287360067213857
3.2287360067213857
3.2287360067213857
3.2287360067213857
3.216184780740697
3.205244817251936
3.205244817251936
3.2081205497153693
3.228845274694031
3.228845274694031
3.221210870811734
3.221210870811734
3.221210870811734
3.226307475041421
3.24264355811298
3.24264355811298
3.2380315801779926
3.2445558198003366
3.2056828707017395
3.2262260457506673
3.219793271035422
3.1920635729238738
3.1920635729238738
3.1920635729238738
3.1857872649349828
3.1857872649349828
3.19741139204485
3.19741139204485
3.19741139204485
3.19741139204485
3.19741139204485
3.1871892515144014
3.1871892515144014
3.1907405936316278
3.196778036758667
3.192010577351959
3.192010577351959
3.1787052723550167
3.175126035878004
3.192392986606431
3.192392986606431
3.191827800429987
3.191827800429987
3.1872900485306435
3.1872900485306435
3.1872900485306435
3.1568820392800885
3.1514272672079717
3.158590282797729
3.1570004435278407
3.1725730787263053
3.181062166936204
3.162770559740609
3.162770559740609
3.1825632555922034
3.1797007902006107
3.17851760461422
3.17851760461422
3.1763485574705337
3.174826588104808
3.174826588104808
3.1590772700277547
3.1575810446179573
3.1575810446179573
3.1636613610189994
3.1636613610189994
3.1588363770028125
3.1588363770028125
3.1543707117110342
3.1543707117110342
3.145635114674878
3.153959641104569
3.1524001284663874
3.1412654482389097
3.1412654482389097
3.1426119647260484
3.175972988350566
3.1724814963258967
3.1724814963258967
3.1780309515331577
3.1846483184528025
3.1567886086086805
3.1567886086086805
3.1567886086086805
3.1567886086086805
3.1567886086086805
3.1646548592992656
3.1505712210122088
3.156272708456938
3.156272708456938
3.1355174268650345
3.1355174268650345
3.139640364312102
3.139640364312102
3.1376755149125866
3.1806328166636146
3.1806328166636146
3.157072573862147
3.1656143755579342
3.1656143755579342
3.1761665046042955
3.1761665046042955
3.1746026053397634
3.148477207442344
3.1624468584884626
3.1624468584884626
3.1624468584884626
3.164793760753658
3.168506009743949
3.2027828340975404
3.2027828340975404
3.2027828340975404
3.1755615445833953
3.1755615445833953
3.1755615445833953
3.1755615445833953
3.190122428679565
3.190122428679565
3.190122428679565
3.190122428679565
3.190122428679565
3.190122428679565
3.19067762455408
3.1891668151290045
3.2101665391002783
3.2101665391002783
3.195977479281849
3.195977479281849
3.195977479281849
3.1977365327350764
3.1977365327350764
3.1977365327350764
3.2000138817702926
3.2000138817702926
3.2000138817702926
3.184746854221777
3.184746854221777
3.1902672863290205
3.1855042642595364
3.1899451679240247
3.173493951498503
3.173493951498503
3.173493951498503
3.173493951498503
3.168152347304971
3.168152347304971
3.168152347304971
3.1677803268504134
3.170146018658804
3.191645227960388
3.1970799349555223
3.205467797959023
3.205467797959023
3.216860135645428
3.2064929227424863
3.193323840055678
3.193301575494297
3.193301575494297
3.1953716309867968
3.1953716309867968
3.1953716309867968
3.1887259776113313
3.174511228592254
3.1714864339997635
3.1714864339997635
3.184514995868536
3.184514995868536
3.1897472855716047
3.1897472855716047
3.1943041665576337
3.1943041665576337
3.195968027192509
3.195968027192509
3.195968027192509
3.201279813943767
3.201279813943767
3.201279813943767
3.1932027037649284
3.1932027037649284
3.1932027037649284
3.1932027037649284
3.196213287259905
3.196213287259905
3.196213287259905
3.196213287259905
3.190266112410994
3.190266112410994
3.2047166947098757
3.2075781063020954
3.206052143597848
3.217750798643941
3.2345137120056098
3.2367619840241364
3.2367619840241364
3.2367619840241364
3.21282966863736
3.21282966863736
3.21282966863736
3.214449461197952
3.2134197150193984
3.210525855714211
3.207802493348764
3.207802493348764
3.2307184668301603
3.226591177860592
3.2235186444667194
3.2235186444667194
3.2163832433904416
3.199233826824181
3.2079866320138666
3.2079866320138666
3.2079866320138666
3.2079866320138666
3.2079866320138666
3.2003350654092015
3.201125016403629
3.201125016403629
3.2058772867199297
3.2058772867199297
3.2285258418089473
3.2343039272470655
3.2343039272470655
3.21376840894591
3.21376840894591
3.21376840894591
3.21376840894591
3.21376840894591
3.21376840894591
3.19800330184004
3.1901671895396895
3.1901671895396895
3.1901671895396895
3.1901671895396895
3.188539479698973
3.188539479698973
3.187725083730901
3.187725083730901
3.205466801544102
3.1979258400530064
3.2053211496887326
3.2053211496887326
3.2104028712125507
3.2104028712125507
3.2121691699345334
3.2136961737304808
3.2136961737304808
3.2136961737304808
3.2136961737304808
3.1961596442534934
3.1961596442534934
3.1961596442534934
3.1961596442534934
3.2294880660465908
3.2391226784327527
3.2154508542590974
3.2092661574482695
3.2092661574482695
3.230133352145764
3.199683548808261
3.1891631748538316
3.215010245431963
3.2050493552035064
3.2050493552035064
3.2050493552035064
3.1806211143170673
3.198745980375712
3.1950274431923376
3.1950274431923376
3.1683033092552852
3.200745383200032
3.208976636343714
3.208976636343714
3.208976636343714
3.200885004441159
3.2052872312086347
3.2052872312086347
3.2019404295330722
3.2368879580511085
3.195062264821552
3.195062264821552
3.195062264821552
3.1988653767426727
3.1988653767426727
3.2176098046028305
3.2138250097249452
3.193520668709847
3.1947360017075583
3.1947360017075583
3.190736671934135
3.1956326574712457
3.196429700374959
3.168610857874302
3.168610857874302
3.168610857874302
3.2044401120559187
3.1837724037273154
3.1985479684488958
3.1703435856969966
3.1703435856969966
3.1703435856969966
3.1762945140235868
3.1762945140235868
3.1776669499936046
3.1673728675103674
3.1673728675103674
3.1775137822562014
3.1775137822562014
3.1775137822562014
3.1775137822562014
3.1775137822562014
3.182137842895727
3.182137842895727
3.182137842895727
3.169941907744804
3.169941907744804
3.169941907744804
3.1985246490757455
3.1985246490757455
3.1985246490757455
3.1637382095104427
3.182256569784715
3.182256569784715
3.182256569784715
3.182256569784715
3.182256569784715
3.1971583783129995
3.1971583783129995
3.2016641293730026
3.2016641293730026
3.187969965238805
3.187969965238805
3.1954577871390932
3.1954577871390932
3.1917315627383687
3.1917315627383687
3.2196240857277956
3.216371389673809
3.213240331149878
3.2229450258742216
3.2229450258742216
3.2229450258742216
3.2181965939009043
3.2390310556338444
3.2239903670974193
3.2239903670974193
3.2239903670974193
3.2239903670974193
3.2239903670974193
3.20113894235936
3.2143893332448448
3.2143893332448448
3.2143893332448448
3.2091937135399276
3.2078632790071118
3.1810212618976053
3.1931047381026714
3.2112714471898878
3.1765970195945377
3.1893068599324237
3.1893068599324237
3.1897755018108818
3.1897755018108818
3.20950186775255
3.213709548656601
3.195299121840755
3.1890170528619795
3.1865233029413735
3.186933187358874
3.1898920083835303
3.199449601444
3.2050256327013096
3.1898850283899143
3.1898850283899143
3.1898850283899143
3.1768601124347815
3.1768601124347815
3.2065562744637104
3.194960669459963
3.194960669459963
3.1900601959100303
3.19246475964437
3.202330741659024
3.202330741659024
3.202330741659024
3.202330741659024
3.202330741659024
3.199062446211013
3.2080601861729354
3.207163521512722
3.20317813441594
3.1796456612169126
3.198033748745918
3.198033748745918
3.213240846719074
3.1970161524337475
3.19943928659583
3.19943928659583
3.19943928659583
3.19943928659583
3.190769797156309
3.187141095484259
3.1883393847688075
3.1868763767925143
3.1868763767925143
3.194672506652477
3.194146842853284
3.1955410142684078
3.201715325457849
3.2139279233976223
3.204302671151492
3.204302671151492
3.204302671151492
3.1990368733036747
3.1990368733036747
3.206251758265336
3.206251758265336
3.2015782376610895
3.1802993748838713
3.1802993748838713
3.1802993748838713
3.1802993748838713
3.2042133303479634
3.1725478001019334
3.1725478001019334
3.164162009292243
3.164162009292243
3.164162009292243
3.164162009292243
3.164162009292243
3.179622248495125
3.179622248495125
3.1831474814001623
3.1831474814001623
3.1792164404768046
3.1589273657389527
3.161410969873118
3.161410969873118
3.1920028516309635
3.194583814173583
3.194583814173583
3.168966039654121
3.168966039654121
3.178317057808093
3.178317057808093
3.155110550002217
3.16591401521346
3.16591401521346
3.16591401521346
3.165705500126673
3.17134646769755
3.1834832189707982
3.1834832189707982
3.1803468121733234
3.1803468121733234
3.173260214427601
3.171010534047616
3.171010534047616
3.1789823648206053
3.1789823648206053
3.1803316352084288
3.1959654699303566
3.1959654699303566
3.178410200688531
3.178410200688531
3.2003814531915404
3.2003814531915404
3.2082090739340026
3.205027504830256
3.1812168426583534
3.1865821700603414
3.1865821700603414
3.1865821700603414
3.1865821700603414
3.208470027739752
3.208470027739752
3.203365998252936
3.195889100411361
3.210732490655391
3.210732490655391
3.2020414939285686
3.2020414939285686
3.2020414939285686
3.2246769427870428
3.204428352711083
3.204428352711083
3.2064596394532163
3.2064596394532163
3.2155995215786963
3.22144324640712
3.197929981025931
3.1973238815007243
3.1973238815007243
3.195899598633041
3.195899598633041
3.195899598633041
3.195899598633041
3.1902491983007106
3.1902491983007106
3.174604060448355
3.1795779172099836
3.1795779172099836
3.17269265770338
3.1783296653691817
3.205751050026918
3.2188238264143516
3.2188238264143516
3.2188238264143516
3.1993644051970893
3.1993644051970893
3.203421326923431
3.1911015729262893
3.1911015729262893
3.1655967662637248
3.1655967662637248
3.1655967662637248
3.1643199917054248
3.1611809895719283
3.165086420205943
3.1659073876936983
3.1826097748898983
3.195743340956164
3.195743340956164
3.185414424419064
3.185414424419064
3.185414424419064
3.1909550643037146
3.1909550643037146
3.1524538705712
3.1536135696197145
3.179980435238455
3.175470849258853
3.1865656648237697
3.187907454053964
3.187907454053964
3.1877509977050016
3.19465269876838
3.1843562606817644
3.1920099018638872
3.184827403480932
3.170319837869146
3.170319837869146
3.170319837869146
3.179041938074521
3.1776325558868526
3.2006160034454987
3.2006160034454987
3.2006160034454987
3.205064058730532
3.2019472162896556
3.212582965375559
3.2103976778563896
3.2103976778563896
3.2103976778563896
3.2103976778563896
3.2103976778563896
3.2132364605331194
3.2132364605331194
3.218283197151176
3.2042920190972577
3.2080993393589816
3.1996631608847332
3.196606557371191
3.20013133233802
3.1909023455343384
3.1909023455343384
3.1909023455343384
3.1959252027603506
3.202425590881637
3.202425590881637
3.202425590881637
3.202425590881637
3.202425590881637
3.206782233238356
3.206782233238356
3.206782233238356
3.206782233238356
3.1996227167921765
3.215687997128499
3.215687997128499
3.215687997128499
3.215687997128499
3.215687997128499
3.215687997128499
3.2342529521373145
3.2143841504100474
3.221365238454495
3.218044306168752
3.1982351768422106
3.1982351768422106
3.202573076765358
3.1984276172928956
3.1984276172928956
3.1984276172928956
3.209471498326448
3.1828895678816567
3.173808692656516
3.173808692656516
3.173808692656516
3.1750866932785837
3.1783647192456868
3.1836831179449723
3.185945825626439
3.185945825626439
3.165237265183178
3.1899917303260374
3.1899917303260374
3.2013486853719955
3.2013486853719955
3.1964773386282666
3.1964773386282666
3.1788958337210746
3.1788958337210746
3.1739580529953706
3.1739580529953706
3.178781461156421
3.1630804707854394
3.1630804707854394
3.156346119658559
3.151817589323992
3.164169711379755
3.186433930266672
3.1737228862624036
3.1798597969720155
3.1965896510188547
3.1965896510188547
3.188734921949358
3.1739240765814496
3.174997083263544
3.1746075559385023
3.1737578631592207
3.1911228947188066
3.1911228947188066
3.2246563465513116
3.2246563465513116
3.2246563465513116
3.226002281202723
3.226002281202723
3.2214758326373194
3.2214758326373194
3.2214758326373194
3.2214758326373194
3.2148757057538817
3.2384365168390343
3.2384365168390343
3.2384365168390343
3.241019035669815
3.241019035669815
3.228472129867265
3.223421263053684
3.2012035805211685
3.217251863529658
3.217251863529658
3.219170381226253
3.219170381226253
3.219170381226253
3.2227822281394696
3.240024827829236
3.238124806886358
3.217722252763991
3.206316452695225
3.206316452695225
3.2110920348971494
3.2110920348971494
3.2110920348971494
3.2110920348971494
3.2110920348971494
3.2199679716627374
3.218635408131682
3.200481105157942
3.204887714113297
3.1914751771770113
3.1914751771770113
3.1914751771770113
3.2115101064237455
3.2115101064237455
3.192412568758576
3.189987134932403
3.189987134932403
3.189987134932403
3.189987134932403
3.1856249243839194
3.2119526296404577
3.1926926939648657
3.1926926939648657
3.1926926939648657
3.1926926939648657
3.1931846357158387
3.1931846357158387
3.178944036744653
3.178944036744653
3.178944036744653
3.1825513291143555
3.1896038844608903
3.1896038844608903
3.1942427052258595
3.196321640184008
3.203663446359611
3.1688044141662126
3.157451973267223
3.174746827025805
3.1678571204993817
3.1678571204993817
3.184638467041283
3.173240683639902
3.173240683639902
3.1908938457871536
3.1772716988895837
3.1772716988895837
3.183445208843778
3.1818511240802008
3.190701159974033
3.190701159974033
3.190701159974033
3.187967511295838
3.1757413807887196
3.1757413807887196
3.1757413807887196
3.174529730382487
3.174529730382487
3.1975516870356135
3.1975516870356135
3.1907046629134
3.1735276964921546
3.1735276964921546
3.188298613434631
3.164522179351182
3.185414790528801
3.185414790528801
3.177296869718272
3.177296869718272
3.1775314336864224
3.171619203059949
3.1696345988867685
3.1696345988867685
3.158767841094697
3.161857942681773
3.1687433961094755
3.1687433961094755
3.1839098715017426
3.1671903008121305
3.1671903008121305
3.1502753800109535
3.1517072127780543
3.1666693108624053
3.1657098241511257
3.152062513712285
3.152062513712285
3.143998080656749
3.165566620788668
3.1670886191294225
3.1636213805879008
3.1649143708337855
3.1688100222694997
3.183420578055606
3.1966757120251117
3.195970876029447
3.195970876029447
3.1670455586457162
3.1670455586457162
3.173498227578764
3.1585977684223194
3.1533423013849973
3.151022120327973
3.151022120327973
3.168747262537959
3.168747262537959
3.1818616430698308
3.1818616430698308
3.1818616430698308
3.166453999288772
3.177288428710641
3.1868459932616733
3.1868459932616733
3.1741712171149468
3.1741712171149468
3.1683846485184044
3.1683846485184044
3.173758687789423
3.173758687789423
3.173758687789423
3.173758687789423
3.1941779330782833
3.1941779330782833
3.1546478559835065
3.1600564327284015
3.1600564327284015
3.1552836562221898
3.1552836562221898
3.1627242041459707
3.1629657189195566
3.1683235320420806
3.180432166310295
3.1788778621501397
3.1788778621501397
3.1854825991334668
3.1854825991334668
3.191645197019362
3.180908844395491
3.1987676665006224
3.1987676665006224
3.202961660421697
3.1931148259654667
3.1931148259654667
3.1931148259654667
3.1922089963285956
3.1922089963285956
3.2077759495352276
3.2005754961269606
3.2005754961269606
3.2005754961269606
3.2324738069908383
3.2324738069908383
3.240412731943246
3.2297801280307885
3.223226200392389
3.223226200392389
3.209158485715007
3.229419597870298
3.229419597870298
3.2262687710369287
3.234651171070753
3.223191297212364
3.223191297212364
3.1957997567206076
3.2081281437364404
3.2056550813605167
3.218705161969984
3.2189194133333974
3.197806254945737
3.1961342465250193
3.200179947444359
3.200179947444359
3.2153054602692457
3.2153054602692457
3.2127408135845306
3.2127408135845306
3.2185743828858406
3.1864749386901003
3.173414130843743
3.173414130843743
3.173414130843743
3.173414130843743
3.179523576991017
3.179523576991017
3.1999424889323174
3.1999424889323174
3.1868125165255727
3.2029813845914696
3.2029813845914696
3.1993973156494757
3.1993973156494757
3.1997269428237995
3.1997269428237995
3.1966009995726634
3.200386264520195
3.20958739486473
3.2139138146738877
3.207455255158514
3.1923967894724194
3.2006383244636
3.2006383244636
3.2021825263638437
3.2071640554343626
3.210645225487708
3.2065101093782267
3.201984683873617
3.183677812568028
3.1873648152184204
3.1873648152184204
3.2134793130406374
3.2134793130406374
3.2134793130406374
3.2134793130406374
3.2134793130406374
3.2108422808695303
3.201798610490639
3.2214236244208614
3.2094876119147675
3.2094876119147675
3.2094876119147675
3.2144464318144044
3.228509756671043
3.1919502638363055
3.1919502638363055
3.1861717083039713
3.1870506297027283
3.171074089486133
3.176580592415581
3.1902625447728212
3.1992506064924284
3.1992506064924284
3.197390090106729
3.197390090106729
3.197390090106729
3.197390090106729
3.1977800734151267
3.1977800734151267
3.1961936790882537
3.1885900832041876
3.19583693710902
3.176867527536703
3.177370633757272
3.1642040593032226
3.157163657332222
3.157163657332222
3.1555235699532016
3.1555235699532016
3.1555235699532016
3.1549682177669913
3.1700129035290523
3.1700129035290523
3.1617035748125537
3.1637433038424883
3.182595693142653
3.1878857257793034
3.1884158253431556
3.184823952023325
3.184823952023325
3.184823952023325
3.184823952023325
3.18490591577883
3.18490591577883
3.17067505927001
3.1856803777275684
3.1856803777275684
3.1782817758787134
3.1782817758787134
3.1682182128372736
3.181278783556379
3.182886700964524
3.193594509700033
3.1863381866089826
3.1894135301977724
3.18180047058897
3.178765142433557
3.178765142433557
3.181923721486918
3.2079127835512375
3.210254425587734
3.210254425587734
3.1986100715320895
3.173282899471002
3.164254933078604
3.1614248136777205
3.1588440696127758
3.1588440696127758
3.1780830921097194
3.1780830921097194
3.1792895881835217
3.1693909431672673
3.163334949018127
3.1605778978969474
3.1605778978969474
3.1605778978969474
3.1605778978969474
3.1873876539720367
3.1912375260472037
3.1858531574971605
3.158904999278785
3.158904999278785
3.159794748710638
3.159794748710638
3.159794748710638
3.1647101626476863
3.169847536609666
3.1914339190739507
3.2094787976735395
3.2094787976735395
3.2071802794629685
3.2242768464517657
3.221055956530637
3.209952827759686
3.1920143814758317
3.1920143814758317
3.1831814221841848
3.1809658165982744
3.1798542142292714
3.1798542142292714
3.1645351973032745
3.1645351973032745
3.1645351973032745
3.1597997404187104
3.1597997404187104
3.1597997404187104
3.1543080163671835
3.175892942231315
3.169880532114283
3.1614434340625235
3.1614434340625235
3.1614434340625235
3.1614434340625235
3.1661865560973834
3.1661865560973834
3.1661865560973834
3.1767083119089077
3.1822742066829606
3.1822742066829606
3.1822742066829606
3.1822742066829606
3.1822742066829606
3.1822742066829606
3.184749809991986
3.1675393476870037
3.1675393476870037
3.1665431957677668
3.158822984262589
3.171934902389649
3.1736779013131566
3.1736779013131566
3.156661052425407
3.156661052425407
3.1556965036045246
3.163352653502409
3.1760503719039104
3.1754604246746916
3.1662620286516763
3.1662620286516763
3.1662620286516763
3.1662620286516763
3.1662620286516763
3.1662620286516763
3.1553505191563356
3.1553505191563356
3.161100353600885
3.161100353600885
3.1631856871065596
3.1631856871065596
3.1626904113879184
3.169248046372925
3.1768510309489195
3.1768510309489195
3.1879536629967675
3.194137752985363
3.1985302337409633
3.206091662950306
3.183156431887009
3.1811793375920856
3.1811793375920856
3.1811793375920856
3.169576457541661
3.169576457541661
3.1955088626355765
3.1955088626355765
3.169655652119678
3.1817966140424563
3.1817966140424563
3.1817966140424563
3.1817966140424563
3.202234535473303
3.200933852612621
3.200933852612621
3.200933852612621
3.188822720282508
3.170540138443635
3.165556038552771
3.165556038552771
3.1586067462195135
3.1586067462195135
3.1586067462195135
3.1813351733067594
3.1822001707672753
3.1822001707672753
3.2028975176301433
3.2028975176301433
3.2028975176301433
3.187655947361997
3.187655947361997
3.187655947361997
3.1918093868849677
3.1745309405272346
3.165608128032568
3.165608128032568
