3.2096728312326426
3.2096728312326426
3.2096728312326426
3.2096728312326426
3.2096728312326426
3.2096728312326426
3.2096728312326426
3.2096728312326426
3.2096728312326426
3.2096728312326426
3.2096728312326426
3.2096728312326426
3.2096728312326426
3.2096728312326426
3.2096728312326426
3.2096728312326426
3.2096728312326426
3.2096728312326426
3.2096728312326426
3.2096728312326426
3.2096728312326426
3.2096728312326426
3.2096728312326426
3.2096728312326426
3.2096728312326426
3.2096728312326426
3.2096728312326426
3.2096728312326426
3.2096728312326426
3.2096728312326426
3.2096728312326426
3.2096728312326426
3.2096728312326426
3.2096728312326426
3.2096728312326426
3.2096728312326426
3.2096728312326426
3.2096728312326426
3.2096728312326426
3.2096728312326426
3.2096728312326426
3.2096728312326426
3.2096728312326426
3.2096728312326426
3.2096728312326426
3.2096728312326426
3.2096728312326426
3.2096728312326426
3.2096728312326426
3.2096728312326426
3.2096728312326426
3.2096728312326426
3.2096728312326426
3.2096728312326426
3.2096728312326426
3.2096728312326426
3.2096728312326426
3.2096728312326426
3.2096728312326426
3.2096728312326426
3.2096728312326426
3.2096728312326426
3.2096728312326426
3.2096728312326426
3.2096728312326426
3.2096728312326426
3.2096728312326426
3.2096728312326426
3.2096728312326426
3.2096728312326426
3.2096728312326426
3.2096728312326426
3.2096728312326426
3.2096728312326426
3.2096728312326426
3.2096728312326426
3.2096728312326426
3.2096728312326426
3.2096728312326426
3.2096728312326426
3.2096728312326426
3.2096728312326426
3.2096728312326426
3.2096728312326426
3.2096728312326426
3.2096728312326426
3.2096728312326426
3.2096728312326426
3.2096728312326426
3.2096728312326426
3.2096728312326426
3.2096728312326426
3.2096728312326426
3.2096728312326426
3.2096728312326426
3.2096728312326426
3.2096728312326426
3.2096728312326426
3.2096728312326426
3.249055035071529
3.249055035071529
3.254662647868647
3.2733563703583726
3.305833471484361
3.305833471484361
3.313162536897186
3.313162536897186
3.326294352550636
3.326294352550636
3.3454531478083136
3.364975584968071
3.364975584968071
3.364975584968071
3.378993443204845
3.378993443204845
3.378993443204845
3.378993443204845
3.3930244490736454
3.3930244490736454
3.436219476261617
3.436219476261617
3.436219476261617
3.436219476261617
3.4267090128906132
3.4267090128906132
3.4267090128906132
3.4141969837443455
3.4481633970663452
3.4481633970663452
3.4481633970663452
3.4481633970663452
3.4481633970663452
3.419893804790328
3.419893804790328
3.419893804790328
3.4477399050380746
3.4477399050380746
3.4477399050380746
3.4477399050380746
3.4234265652300695
3.4226497306985646
3.428156152188305
3.416765294251208
3.416765294251208
3.4064978113806075
3.3761834627156135
3.3761834627156135
3.3761834627156135
3.3761834627156135
3.3761834627156135
3.3476571708353444
3.3476571708353444
3.3476571708353444
3.371256028727131
3.3673157817690775
3.368890768859274
3.3692397796454148
3.367483662156499
3.367483662156499
3.367483662156499
3.367483662156499
3.367483662156499
3.367483662156499
3.3502014977556263
3.347711617949411
3.33171646516062
3.33171646516062
3.33171646516062
3.321276237773033
3.321276237773033
3.321276237773033
3.3068482507743893
3.296384276867936
3.285957257832213
3.260289141200782
3.260289141200782
3.260289141200782
3.2667085439410752
3.2667085439410752
3.2667085439410752
3.266120861218183
3.266120861218183
3.244823574222604
3.244823574222604
3.244823574222604
3.244823574222604
3.2433226634027217
3.2433226634027217
3.2433226634027217
3.2433226634027217
3.2433226634027217
3.2433226634027217
3.2433226634027217
3.2433226634027217
3.2433226634027217
3.2433226634027217
3.2433226634027217
3.2433226634027217
3.2485139034851174
3.2485139034851174
3.2482431301900747
3.2482431301900747
3.2482431301900747
3.2397948145680373
3.2397948145680373
3.242281359058684
3.242281359058684
3.242281359058684
3.242281359058684
3.234141424270013
3.234141424270013
3.234141424270013
3.2354303562969657
3.2354303562969657
3.2354303562969657
3.2390302707919276
3.2390302707919276
3.2390302707919276
3.2560602111562824
3.2560602111562824
3.2560602111562824
3.2560602111562824
3.2560602111562824
3.2560602111562824
3.2591272267684976
3.2591272267684976
3.2661178310432417
3.267034128422628
3.267034128422628
3.267034128422628
3.267034128422628
3.267034128422628
3.2677458862049575
3.2677458862049575
3.2677458862049575
3.2677458862049575
3.2746333717596605
3.2746333717596605
3.2746333717596605
3.2746333717596605
3.2711679440766983
3.267121984737149
3.267121984737149
3.267121984737149
3.267121984737149
3.269211597312625
3.269211597312625
3.269211597312625
3.269211597312625
3.269211597312625
3.269211597312625
3.269211597312625
3.269211597312625
3.2557042276214725
3.2706296050506727
3.2706296050506727
3.290699465520132
3.291396842813125
3.291396842813125
3.291396842813125
3.291396842813125
3.291396842813125
3.291396842813125
3.2837857554539003
3.2749403528487004
3.2749403528487004
3.2749403528487004
3.2486747054803558
3.2539931850679586
3.2539931850679586
3.2539931850679586
3.2539931850679586
3.2580113739676
3.2580113739676
3.2580113739676
3.254987964442519
3.254987964442519
3.254987964442519
3.233443952711498
3.233930764629378
3.2238486678752047
3.2238486678752047
3.2238486678752047
3.249742133872362
3.2285786806155423
3.2285786806155423
3.2285786806155423
3.2285786806155423
3.2285786806155423
3.2267664495739443
3.2267664495739443
3.2253642615614995
3.2253642615614995
3.2350203542344924
3.2350203542344924
3.2350203542344924
3.237652065246426
3.237652065246426
3.2289480692249812
3.2289480692249812
3.2289480692249812
3.2289480692249812
3.2289480692249812
3.233797071732996
3.233797071732996
3.2455124983978236
3.2455124983978236
3.2455124983978236
3.2455124983978236
3.2455124983978236
3.2455124983978236
3.2424815577792936
3.2424815577792936
3.244873500263336
3.244873500263336
3.246287190025484
3.246287190025484
3.246287190025484
3.246287190025484
3.246287190025484
3.246287190025484
3.23119475901659
3.233663775277225
3.233663775277225
3.2338211210382672
3.2338211210382672
3.2338211210382672
3.229102201982594
3.242636811057559
3.242636811057559
3.253693183992265
3.253693183992265
3.269969150484487
3.269969150484487
3.269969150484487
3.2604274141505134
3.2655907539333735
3.2676060352496674
3.246181955099444
3.262693729714475
3.262693729714475
3.262693729714475
3.262693729714475
3.262693729714475
3.262693729714475
3.262693729714475
3.2695393574683735
3.2695393574683735
3.2695393574683735
3.2726092404244285
3.27613403018354
3.2814294372995727
3.2814294372995727
3.2814294372995727
3.2896393642610913
3.2836185477198163
3.2836185477198163
3.2916326433541703
3.28584222283759
3.28584222283759
3.28584222283759
3.28584222283759
3.28584222283759
3.28584222283759
3.28584222283759
3.2789979012226755
3.2789979012226755
3.2821962646481384
3.2821962646481384
3.2821962646481384
3.2821962646481384
3.2821962646481384
3.284334227505403
3.284334227505403
3.280535788708561
3.266843760294611
3.266843760294611
3.2607569199570827
3.2607569199570827
3.2607569199570827
3.2607569199570827
3.2668303905378853
3.2599916773609836
3.2599916773609836
3.269996639904002
3.266554397351992
3.266554397351992
3.2767402484096566
3.2767402484096566
3.284765606497724
3.27902699352217
3.285026863107802
3.285026863107802
3.2946207583753777
3.2779282344255436
3.2779282344255436
3.2779282344255436
3.2779282344255436
3.2743302290054057
3.2635406497141783
3.2635406497141783
3.2635406497141783
3.2635406497141783
3.2635406497141783
3.2554711402949335
3.258643494364821
3.258643494364821
3.2500884901705795
3.2500884901705795
3.2500884901705795
3.2500884901705795
3.2460176629897677
3.2460176629897677
3.2460176629897677
3.2460176629897677
3.2695660973078415
3.2626031421897372
3.2626031421897372
3.2626031421897372
3.2626031421897372
3.2626031421897372
3.254808484878646
3.254808484878646
3.254808484878646
3.2574251067033484
3.2676422600548594
3.259614106833077
3.2870344271680505
3.2870344271680505
3.2870344271680505
3.2870344271680505
3.2870344271680505
3.2870344271680505
3.2870344271680505
3.2870344271680505
3.2870344271680505
3.2870344271680505
3.28688977842969
3.295853858496391
3.295853858496391
3.295853858496391
3.295853858496391
3.295853858496391
3.295853858496391
3.295853858496391
3.295853858496391
3.3058128385245027
3.2986703675177207
3.3091833921320046
3.286732629774146
3.2975246705795596
3.2975246705795596
3.2837575377255646
3.2837575377255646
3.3039371597714373
3.3039371597714373
3.3039371597714373
3.3039371597714373
3.2860885911649143
3.2860885911649143
3.279653669962985
3.279653669962985
3.275160735090011
3.275160735090011
3.275160735090011
3.275160735090011
3.271994407195709
3.271994407195709
3.27195491213729
3.2669509522876488
3.2554596282066153
3.2554596282066153
3.2383654462988054
3.2383654462988054
3.2396364034475766
3.2396364034475766
3.2396364034475766
3.2396364034475766
3.22080881703392
3.22080881703392
3.22080881703392
3.22080881703392
3.2200190639646395
3.2200190639646395
3.2350244667437873
3.2350244667437873
3.2350244667437873
3.2350244667437873
3.2350244667437873
3.2350244667437873
3.2607744366124103
3.2607744366124103
3.2617415043403923
3.2617415043403923
3.2617415043403923
3.254898339219519
3.254898339219519
3.254898339219519
3.254898339219519
3.2391256681859097
3.2594894278026687
3.2594894278026687
3.2594894278026687
3.2594894278026687
3.248545151767816
3.248545151767816
3.248545151767816
3.2540262421345587
3.2540262421345587
3.2540262421345587
3.2540262421345587
3.246385932871634
3.246385932871634
3.246385932871634
3.2585455350042807
3.2585455350042807
3.2585455350042807
3.262042027713258
3.262042027713258
3.262042027713258
3.2670249203164685
3.2561137331039323
3.2561137331039323
3.258196603632822
3.2505842806251386
3.2584898830180755
3.2584898830180755
3.2584898830180755
3.2584898830180755
3.263390378990251
3.263390378990251
3.2629574464554287
3.2629574464554287
3.2629574464554287
3.2434783490603882
3.2385139364830193
3.2385139364830193
3.2385139364830193
3.2385139364830193
3.2385139364830193
3.2333473179673997
3.2333473179673997
3.220642361019792
3.211250713685193
3.211250713685193
3.211250713685193
3.211250713685193
3.2229271244736672
3.218280068156933
3.218280068156933
3.218280068156933
3.218280068156933
3.21611201592201
3.21611201592201
3.21611201592201
3.21611201592201
3.204893360081678
3.204893360081678
3.19746059610861
3.19746059610861
3.19746059610861
3.19746059610861
3.19746059610861
3.19746059610861
3.1960906409973857
3.198556224741263
3.198556224741263
3.1948840666640783
3.1948840666640783
3.1948840666640783
3.1948840666640783
3.1948840666640783
3.1932282035681703
3.1869028096298195
3.1869028096298195
3.1869028096298195
3.1869028096298195
3.1869028096298195
3.1846470313017634
3.180895510585488
3.180895510585488
3.180895510585488
3.180895510585488
3.180895510585488
3.184858802700715
3.184858802700715
3.184858802700715
3.184858802700715
3.184858802700715
3.184858802700715
3.184858802700715
3.184858802700715
3.184858802700715
3.184858802700715
3.1835019210008477
3.1971595034791944
3.1971595034791944
3.1971595034791944
3.1971595034791944
3.1971595034791944
3.1960346884749216
3.2004920832151433
3.2004920832151433
3.211779725411214
3.211779725411214
3.211779725411214
3.1829272321133364
3.1923806695910684
3.1923806695910684
3.2038682155798526
3.2038682155798526
3.2255046753110856
3.2173225554581464
3.2173225554581464
3.2274966480039518
3.221774803540014
3.2349674963640687
3.2349674963640687
3.2349674963640687
3.235240836796582
3.2300038290562383
3.2500519418157015
3.2500519418157015
3.2500519418157015
3.2500519418157015
3.2500519418157015
3.2500519418157015
3.2500519418157015
3.2500519418157015
3.2396580811950675
3.2396580811950675
3.2396580811950675
3.2396580811950675
3.251989267241499
3.251986526284862
3.2509194211082284
3.2509194211082284
3.254189714619564
3.266354333292094
3.266354333292094
3.266354333292094
3.266354333292094
3.266354333292094
3.2656802604947655
3.270292546078425
3.247742278474696
3.247742278474696
3.247742278474696
3.237559757035815
3.237559757035815
3.248610379198191
3.248610379198191
3.226178685983652
3.2309665886317833
3.2463526994993233
3.2500494651453833
3.2500494651453833
3.2500494651453833
3.2500494651453833
3.2500494651453833
3.249174975906821
3.249174975906821
3.249174975906821
3.249174975906821
3.249174975906821
3.249174975906821
3.249174975906821
3.249174975906821
3.249174975906821
3.249174975906821
3.249174975906821
3.254094386677821
3.254094386677821
3.2499880249821333
3.2499880249821333
3.2566757305220504
3.2566757305220504
3.262350668145115
3.262350668145115
3.229674160714173
3.2313888378611733
3.220924058855483
3.220924058855483
3.220924058855483
3.220924058855483
3.2517635013568222
3.2338870584034405
3.2338870584034405
3.2422158093491085
3.2437961676448466
3.2437961676448466
3.2437961676448466
3.226471573699123
3.2331014890024607
3.229289657985318
3.2302837133964464
3.2302837133964464
3.2302837133964464
3.221364807208326
3.221364807208326
3.220106511977791
3.2214136945367273
3.2214136945367273
3.233081055792358
3.218801757620964
3.218801757620964
3.2080729802453787
3.2080729802453787
3.2080729802453787
3.2080729802453787
3.2080729802453787
3.206057924999888
3.206057924999888
3.2119865106541585
3.2119865106541585
3.2119865106541585
3.2119865106541585
3.2119865106541585
3.2126332497286474
3.2126332497286474
3.2126332497286474
3.2320548054139606
3.22921708525142
3.22921708525142
3.22921708525142
3.22921708525142
3.22921708525142
3.2220488332964474
3.2220488332964474
3.2341677840514107
3.2341677840514107
3.2341677840514107
3.2341677840514107
3.232735824636347
3.2270884887297315
3.220360418115821
3.220360418115821
3.2296987194990225
3.2296987194990225
3.2385129419160497
3.245119189652037
3.2389152052397217
3.2389152052397217
3.255497695168078
3.247789380329584
3.235657712002582
3.235657712002582
3.235657712002582
3.235657712002582
3.235657712002582
3.235657712002582
3.2603358890433243
3.2603358890433243
3.259567005054751
3.2728162067477546
3.2728162067477546
3.2869801724038217
3.2869801724038217
3.2869801724038217
3.2869801724038217
3.2737418038379347
3.2886557333517663
3.284799249320552
3.284799249320552
3.2771421890908625
3.2771421890908625
3.2771421890908625
3.2771421890908625
3.255061623772036
3.255061623772036
3.2703659267993705
3.269256510887855
3.2693933953961065
3.2693933953961065
3.2693933953961065
3.2693933953961065
3.2681378301428743
3.2681378301428743
3.2681378301428743
3.2681378301428743
3.264249295249707
3.264249295249707
3.2466603382591637
3.2414123742307956
3.2363735515556042
3.239480813276507
3.221801086679986
3.221801086679986
3.223632106899016
3.223632106899016
3.221834433974927
3.221834433974927
3.2227167308272087
3.2227167308272087
3.2227167308272087
3.2296497008795004
3.2296497008795004
3.2296497008795004
3.2296497008795004
3.239569247925013
3.2390965416009547
3.2276015465432284
3.2276015465432284
3.2276015465432284
3.2367336966469726
3.236916645530691
3.231363428912351
3.2473488139672106
3.2535072308673367
3.2535072308673367
3.25529458956126
3.252162212686697
3.252162212686697
3.252162212686697
3.251769780023133
3.251769780023133
3.256335417406689
3.256335417406689
3.238695902284462
3.23104722406968
3.23104722406968
3.23104722406968
3.233071721533932
3.233071721533932
3.245951465685854
3.2492848689771288
3.2492848689771288
3.26358220625486
3.26358220625486
3.259174941814373
3.259174941814373
3.259174941814373
3.259174941814373
3.2492856598962523
3.2492856598962523
3.2492856598962523
3.2599594448151765
3.2599594448151765
3.2599594448151765
3.2599594448151765
3.260963279394039
3.260963279394039
3.260963279394039
3.260963279394039
3.265257270064147
3.265257270064147
3.2687807941560725
3.275318470508939
3.275318470508939
3.2694438359863716
3.2694438359863716
3.2694438359863716
3.2694438359863716
3.2935688205310236
3.2935688205310236
3.279854934206232
3.279854934206232
3.279854934206232
3.268277707922543
3.268277707922543
3.268277707922543
3.268277707922543
3.26899334662089
3.26899334662089
3.262310868509931
3.2548864262923116
3.2548864262923116
3.2548864262923116
3.2548864262923116
3.2548864262923116
3.262333848110483
3.262333848110483
3.262333848110483
3.262333848110483
3.262333848110483
3.262333848110483
3.262333848110483
3.262333848110483
3.262333848110483
3.262333848110483
3.268260560558438
3.2717939769242474
3.2717939769242474
3.2633733306598116
3.262599680451899
3.274703080775994
3.274703080775994
3.274703080775994
3.2691747723598557
3.271426904875234
3.270369351243219
3.270369351243219
3.2559849966842567
3.2566207855187224
3.2566207855187224
3.25275117795296
3.25275117795296
3.2525383622903195
3.2525383622903195
3.2525383622903195
3.2511993635536
3.2511993635536
3.2511993635536
3.2511993635536
3.2511993635536
3.253310413854766
3.253310413854766
3.253310413854766
3.253310413854766
3.253310413854766
3.253310413854766
3.253310413854766
3.2519003070062187
3.253340938795511
3.253340938795511
3.253340938795511
3.2520903572256232
3.2520903572256232
3.264110984553748
3.260310562657774
3.260310562657774
3.260310562657774
3.260310562657774
3.260310562657774
3.241767085542011
3.241767085542011
3.2198934339303484
3.2198934339303484
3.2198934339303484
3.2198934339303484
3.2296496572073043
3.2296496572073043
3.2296496572073043
3.2296496572073043
3.238429933877403
3.238429933877403
3.238429933877403
3.238429933877403
3.238429933877403
3.238429933877403
3.238429933877403
3.238429933877403
3.238429933877403
3.238429933877403
3.238429933877403
3.238429933877403
3.238429933877403
3.2232783648339356
3.2232783648339356
3.2232783648339356
3.2232783648339356
3.2255713614149077
3.2255713614149077
3.2177194537782996
3.212592270553956
3.212592270553956
3.212592270553956
3.2186986515639777
3.2186986515639777
3.2186986515639777
3.2186986515639777
3.2186986515639777
3.2186986515639777
3.2186986515639777
3.2302605336880297
3.2302605336880297
3.2302605336880297
3.2302605336880297
3.2412083203143576
3.2412083203143576
3.229687179902574
3.229687179902574
3.229687179902574
3.229687179902574
3.2389211877969206
3.2389211877969206
3.2389211877969206
3.2389211877969206
3.2389211877969206
3.2389211877969206
3.2389211877969206
3.2389211877969206
3.2389211877969206
3.2389211877969206
3.2389211877969206
3.2389211877969206
3.227748550456824
3.2370854046293083
3.2370854046293083
3.2370854046293083
3.2370854046293083
3.227949823538055
3.227949823538055
3.227949823538055
3.234342023406501
3.234342023406501
3.234342023406501
3.234342023406501
3.234342023406501
3.234342023406501
3.2343351142983794
3.2471674408299616
3.2471674408299616
3.2471674408299616
3.2471674408299616
3.222066878334713
3.222066878334713
3.222066878334713
3.222066878334713
3.222066878334713
3.222066878334713
3.222066878334713
3.222066878334713
3.222066878334713
3.2437555649953604
3.2437555649953604
3.2437555649953604
3.251718052440588
3.251718052440588
3.2547447491052877
3.2547447491052877
3.2746130687446753
3.2746130687446753
3.2746130687446753
3.2841553955275717
3.2841553955275717
3.2841553955275717
3.2841553955275717
3.2841553955275717
3.2841553955275717
3.300259737545846
3.300259737545846
3.293312889964618
3.2968528056046766
3.2968528056046766
3.2968528056046766
3.298770575267054
3.298770575267054
3.3048197328262816
3.3048197328262816
3.3048197328262816
3.3048197328262816
3.3048197328262816
3.2834311212334644
3.2834311212334644
3.2834311212334644
3.2909770269010736
3.294135854388202
3.294135854388202
3.2867915340927634
3.2867915340927634
3.2867915340927634
3.2867915340927634
3.2867915340927634
3.2867915340927634
3.2867915340927634
3.270766339503909
3.270766339503909
3.2731774783915393
3.266969015496523
3.2718512247485054
3.2718512247485054
3.275406367591836
3.275406367591836
3.2714577180549678
3.2714577180549678
3.2700386650295843
3.2700386650295843
3.2700386650295843
3.2692649499013102
3.2692649499013102
3.2506437682977105
3.2506437682977105
3.2532527041336277
3.2532527041336277
3.2816295580020465
3.2816295580020465
3.2816295580020465
3.2816295580020465
3.273846469619291
3.283848168700977
3.283848168700977
3.283848168700977
3.2878780438208675
3.2878780438208675
3.2878780438208675
3.2878780438208675
3.2878780438208675
3.2866936073807365
3.292275150647069
3.292275150647069
3.292275150647069
3.262438372844019
3.262438372844019
3.262438372844019
3.262438372844019
3.262438372844019
3.2554275863928908
3.2554275863928908
3.2681893675659435
3.2681893675659435
3.2681893675659435
3.256680875381292
3.256680875381292
3.2619791564267007
3.265693624231643
3.265693624231643
3.265693624231643
3.265693624231643
3.265693624231643
3.265693624231643
3.2603313267317278
3.2603313267317278
3.2603313267317278
3.2603313267317278
3.254101656839943
3.254101656839943
3.254101656839943
3.2332194338285007
3.2332194338285007
3.2332194338285007
3.2332194338285007
3.234352446932907
3.2246751505275197
3.2218770709416
3.235517083871931
3.235517083871931
3.235517083871931
3.229276469955723
3.2264077450460267
3.2264077450460267
3.2226242775943854
3.2226242775943854
3.229103558289134
3.229103558289134
3.229103558289134
3.2262597666176065
3.2262597666176065
3.2262597666176065
3.2262597666176065
3.2262597666176065
3.2262597666176065
3.2262597666176065
3.2262597666176065
3.2262597666176065
3.2262597666176065
3.2262597666176065
3.2262597666176065
3.2262597666176065
3.2262597666176065
3.2237411422523636
3.2060784936896125
3.2144723647028424
3.2144723647028424
3.2144723647028424
3.2144723647028424
3.2144723647028424
3.2144723647028424
3.2144723647028424
3.2144723647028424
3.2144723647028424
3.2144723647028424
3.2144723647028424
3.2144723647028424
3.2269220626609085
3.2269220626609085
3.2299076398418944
3.2299076398418944
3.2402706397566514
3.2402706397566514
3.2524655532236024
3.2524655532236024
3.256019006771055
3.250178116752055
3.2693787247947776
3.2693787247947776
3.2677211957944357
3.2677211957944357
3.2677211957944357
3.2677211957944357
3.2683098388819407
3.267503864037011
3.2532631771241496
3.2617213892231107
3.255774595054907
3.2780230680566436
3.2742765865709926
3.2742765865709926
3.2520214868380224
3.2520214868380224
3.2520214868380224
3.2583524915185573
3.248625369441868
3.248625369441868
3.249458255215294
3.249458255215294
3.245706398544927
3.221983984342141
3.2197873656702702
3.2157174503071526
3.2273267626136772
3.2273267626136772
3.2273267626136772
3.2273267626136772
3.2273267626136772
3.2273267626136772
3.2284910019966606
3.2284910019966606
3.2284910019966606
3.2284910019966606
3.238689942016746
3.2469776552541427
3.2469776552541427
3.2469776552541427
3.2392586651832214
3.2392586651832214
3.2350735587996504
3.250348617427245
3.243116059233413
3.243116059233413
3.243116059233413
3.243116059233413
3.243116059233413
3.2532692467646154
3.2532692467646154
3.2532692467646154
3.2532692467646154
3.2546803439428866
3.2546803439428866
3.2546803439428866
3.2546803439428866
3.2615533977361135
3.257370074934798
3.267796775569054
3.265844043388662
3.2514576316962462
3.2514576316962462
3.2514576316962462
3.2514576316962462
3.253753647496886
3.253753647496886
3.253753647496886
3.253753647496886
3.253753647496886
3.259980501318676
3.2599523295992165
3.261356935115812
3.261356935115812
3.2519922736713736
3.2456834772563163
3.2456834772563163
3.2456834772563163
3.2456834772563163
3.2456834772563163
3.2456834772563163
3.2456834772563163
3.2456834772563163
3.2456834772563163
3.2517737480912627
3.245721215360917
3.245721215360917
3.245721215360917
3.2447143789793915
3.242323986443882
3.242323986443882
3.26148949891643
3.2607949776452596
3.2607949776452596
3.2607949776452596
3.2607949776452596
3.2607949776452596
3.2607949776452596
3.2607949776452596
3.2607949776452596
3.262912547260834
3.262912547260834
3.262912547260834
3.2422611174029097
3.2422611174029097
3.2422611174029097
3.2473038712630613
3.258348371333092
3.256574430896867
3.256574430896867
3.256574430896867
3.26480085723396
3.2720565094572045
3.2720565094572045
3.2720565094572045
3.2720565094572045
3.2720565094572045
3.2720565094572045
3.2657343193091743
3.257996088364674
3.2645294079510303
3.254339476245585
3.254339476245585
3.2593113148254154
3.2593113148254154
3.2453965291188784
3.231354337669531
3.231354337669531
3.2395803732816177
3.2395803732816177
3.2395803732816177
3.2395803732816177
3.2276330862086033
3.2295522782559747
3.2295522782559747
3.2295522782559747
3.2282905323385527
3.2282905323385527
3.218288714864212
3.2287923348064527
3.2132365185222023
3.2132365185222023
3.2132365185222023
3.2132365185222023
3.2132365185222023
3.2132365185222023
3.2132365185222023
3.24028325532221
3.2538304917889285
3.228681398651182
3.2176146906457923
3.210075212091199
3.210075212091199
3.210075212091199
3.210075212091199
3.2167333267608784
3.2167333267608784
3.2163279674619067
3.2163279674619067
3.225771850505619
3.225771850505619
3.236572914368965
3.236572914368965
3.239968271455282
3.239968271455282
3.239968271455282
3.255669230085815
3.258240351378426
3.258240351378426
3.258240351378426
3.2442093160491674
3.2517976355943836
3.251195516691561
3.258491716355146
3.2580041096904386
3.2580041096904386
3.2580041096904386
3.2595889822897774
3.2595889822897774
3.2595889822897774
3.249884168303936
3.249884168303936
3.24478920956907
3.24478920956907
3.250531257966473
3.250531257966473
3.250531257966473
3.2359216418535035
3.2359216418535035
3.2359216418535035
3.2359216418535035
3.2359216418535035
3.2374547084167418
3.2374547084167418
3.2374547084167418
3.2374547084167418
3.2459963773480145
3.2487134113119547
3.2487134113119547
3.252139500234346
3.2456826387777924
3.2456826387777924
3.2456826387777924
3.229169378169031
3.2270639242625396
3.220810805791321
3.2197776992643528
3.2298751640632966
3.2298751640632966
3.2298751640632966
3.2285782163452916
3.2411682041900716
3.241925963549854
3.241925963549854
3.23493436156903
3.23493436156903
3.23493436156903
3.239319127668601
3.239319127668601
3.228470768150021
3.228470768150021
3.228470768150021
3.238979275015311
3.238979275015311
3.238979275015311
3.238979275015311
3.233882744492071
3.233882744492071
3.233882744492071
3.233882744492071
3.233882744492071
3.2394811535630033
3.238621286258382
3.244977208679197
3.2431778679337606
3.2431778679337606
3.2431778679337606
3.23983866479074
3.23983866479074
3.250126001188715
3.250126001188715
3.2576429045517545
3.255085486872983
3.254326208843839
3.254326208843839
3.226950510831917
3.226950510831917
3.226950510831917
3.2399457569347496
3.2399457569347496
3.2166544213332773
3.257111556246192
3.253234335005098
3.240392399418753
3.240392399418753
3.240392399418753
3.240392399418753
3.240392399418753
3.2313029271974956
3.2420380839698435
3.2555012275686472
3.2555012275686472
3.2555012275686472
3.2555012275686472
3.24194689533037
3.24194689533037
3.24194689533037
3.2507761261539323
3.2507761261539323
3.2507761261539323
3.2507761261539323
3.25423403108759
3.25423403108759
3.2615263211818
3.2615263211818
3.2615263211818
3.2615263211818
3.2615263211818
3.2666928977245555
3.2666928977245555
3.2666928977245555
3.2666928977245555
3.2666928977245555
3.2666928977245555
3.2666928977245555
3.2627976006337023
3.2627976006337023
3.2627976006337023
3.2627976006337023
3.2627976006337023
3.2562312751437177
3.2685354835625833
3.2685354835625833
3.272683777224434
3.263332938101
3.263332938101
3.263332938101
3.263332938101
3.263332938101
3.264386045058887
3.264386045058887
3.264386045058887
3.269831470903121
3.291792657727929
3.291792657727929
3.291792657727929
3.291792657727929
3.291792657727929
3.291792657727929
3.278970168546535
3.2815161426788753
3.284504888517824
3.284504888517824
3.284504888517824
3.2856970941240258
3.2856970941240258
3.2856970941240258
3.2687956863902237
3.2687956863902237
3.2670874875901825
3.2670874875901825
3.262945516418472
3.2634324362432516
3.272681634515278
3.27301870725125
3.27301870725125
3.27301870725125
3.2427292790976554
3.2427292790976554
3.2427292790976554
3.247809885794986
3.247809885794986
3.247809885794986
3.247809885794986
3.2440996571579044
3.2511726553313216
3.2462646797547348
3.2462646797547348
3.2462646797547348
3.2462646797547348
3.2462646797547348
3.2462646797547348
3.2462646797547348
3.2462646797547348
3.255145682574399
3.255145682574399
3.255145682574399
3.2617538970041067
3.2617538970041067
3.2617538970041067
3.249116025060749
3.2640292518377763
3.2640292518377763
3.2640292518377763
3.2808602948876446
3.2808602948876446
3.2808602948876446
3.2808602948876446
3.2808602948876446
3.2774068845284954
3.2774068845284954
3.282917155158382
3.2765019919359513
3.2765019919359513
3.2765019919359513
3.2780660934920696
3.2780660934920696
3.2780660934920696
3.2858277225594263
3.2858277225594263
3.2858277225594263
3.282523110633809
3.282523110633809
3.282523110633809
3.282523110633809
3.282523110633809
3.282523110633809
3.282523110633809
3.282523110633809
3.282523110633809
3.284848349620914
3.2945440199055334
3.282648269951169
3.282648269951169
3.282648269951169
3.2713891298662667
3.2713891298662667
3.2713891298662667
3.2713891298662667
3.2713891298662667
3.2713891298662667
3.2713891298662667
3.255991672619166
3.233904391832736
3.24027928772044
3.24027928772044
3.24027928772044
3.24027928772044
3.2416945028132536
3.2416945028132536
3.2416945028132536
3.2416945028132536
3.2416945028132536
3.2416945028132536
3.2563756868050446
3.2563756868050446
3.2563756868050446
3.26335972127497
3.26335972127497
3.26335972127497
3.26335972127497
3.26335972127497
3.2605921495962646
3.2605921495962646
3.2605921495962646
3.268772418521552
3.2584030827081256
3.2608812162450462
3.2581345034233014
3.2595833224044957
3.262403043505177
3.262403043505177
3.251059685613988
3.2510733282632076
3.2510733282632076
3.2603848273002223
3.2603848273002223
3.2603848273002223
3.2603848273002223
3.2603848273002223
3.2603848273002223
3.252437038578475
3.252437038578475
3.252437038578475
3.252437038578475
3.252437038578475
3.252437038578475
3.2492652897879064
3.2492652897879064
3.2492652897879064
3.2492652897879064
3.2650750937698034
3.2650750937698034
3.2520793402144736
3.2520793402144736
3.2656930336612278
3.2656930336612278
3.2656930336612278
3.2656930336612278
3.2648303863841557
3.2648303863841557
3.2683099273982372
3.2683099273982372
3.2683099273982372
3.2854340204366075
3.2854340204366075
3.2854340204366075
3.2854340204366075
3.2678265481314863
3.2678265481314863
3.2678265481314863
3.279934967118851
3.279934967118851
3.28008703813247
3.2635472364245963
3.261320929663045
3.261320929663045
3.261320929663045
3.261320929663045
3.261320929663045
3.257843219940681
3.2434251713195574
3.242004840625687
3.259822579573109
3.259822579573109
3.259822579573109
3.259822579573109
3.259822579573109
3.259822579573109
3.256614241041579
3.256614241041579
3.2485945644675396
3.2485945644675396
3.249412247593904
3.253507327825631
3.2528944731257337
3.2555205961651397
3.254147855814671
3.2560627472956676
3.2650770512739467
3.2650770512739467
3.254919853957961
3.254919853957961
3.252391030517793
3.252391030517793
3.252391030517793
3.2595367863775806
3.2595367863775806
3.2595367863775806
3.2595367863775806
3.2595367863775806
3.2508423096119357
3.2610747189541978
3.2612905491978204
3.2612905491978204
3.270343510505415
3.257310962807193
3.257310962807193
3.257310962807193
3.257310962807193
3.257310962807193
3.257310962807193
3.2662854023631183
3.2662854023631183
3.2662854023631183
3.269216982689544
3.269216982689544
3.269216982689544
3.269216982689544
3.269216982689544
3.269216982689544
3.273243705577951
3.273243705577951
3.273243705577951
3.25851451333457
3.25851451333457
3.25851451333457
3.25851451333457
3.25851451333457
3.25851451333457
3.25851451333457
3.25851451333457
3.257343059763349
3.261836928517003
3.261836928517003
3.261836928517003
3.261836928517003
3.261836928517003
3.2345627016602845
3.2339574460753866
3.2339574460753866
3.225081216874498
3.236123814384407
3.236123814384407
3.236123814384407
3.236123814384407
3.236123814384407
3.236123814384407
3.24552819278805
3.2409214260624504
3.2409214260624504
3.2409214260624504
3.2409214260624504
3.2621567321616642
3.250939750115259
3.250939750115259
3.250939750115259
3.250939750115259
3.250939750115259
3.250939750115259
3.250939750115259
3.250939750115259
3.2509201646628663
3.2509201646628663
3.2509201646628663
3.2378669750667637
3.241041261759501
3.241041261759501
3.239809171440955
3.239809171440955
3.239809171440955
3.239809171440955
3.239809171440955
3.2268668262690308
3.2258984547415404
3.2258984547415404
3.221949876452239
3.221949876452239
3.219296878423135
3.219296878423135
3.219296878423135
3.2114941645122435
3.224185237819521
3.2199870705863622
3.211038603988154
3.214988066743317
3.214988066743317
3.2234308464372585
3.2234308464372585
3.2234308464372585
3.2234308464372585
3.206114962356414
3.206114962356414
3.206114962356414
3.2185139791801727
3.2185139791801727
3.2195380253921577
3.201857672200941
3.201857672200941
3.201857672200941
3.20147038867
3.193645047652625
3.2203663996171077
3.211421838845922
3.211421838845922
3.211421838845922
3.211421838845922
3.2050457223402304
3.2050457223402304
3.2050457223402304
3.2050457223402304
3.2312696348000145
3.2312696348000145
3.235884058954235
3.2337264497127944
3.2337264497127944
3.228381599193465
3.228381599193465
3.228381599193465
3.2279397608828417
3.2279397608828417
3.229110650232726
3.229110650232726
3.229110650232726
3.221290819705919
3.221290819705919
3.22580711511308
3.22580711511308
3.22580711511308
3.22580711511308
3.22580711511308
3.2225340607861566
3.2225340607861566
3.227821199464081
3.227821199464081
3.227821199464081
3.2184781234585254
3.2184781234585254
3.2184781234585254
3.2184781234585254
3.220430738576468
3.220430738576468
3.220430738576468
3.220430738576468
3.220430738576468
3.2335199146497886
3.2295548403583374
3.237604774227216
3.237604774227216
3.2304471517176663
3.2304471517176663
3.2304471517176663
3.228944116186499
3.2351461300058837
3.2491163198733517
3.238240462233762
3.238240462233762
3.2271949119001557
3.2271949119001557
3.2453917032395996
3.2453917032395996
3.225762095111325
3.225762095111325
3.225762095111325
3.218802066237961
3.22235932537633
3.22235932537633
3.22235932537633
3.22235932537633
3.22235932537633
3.2318829374576734
3.2318829374576734
3.2318829374576734
3.2318829374576734
3.2290749993526657
3.2290749993526657
3.2199283609287104
3.2372457878138525
3.2372457878138525
3.229031565058442
3.216311180259474
3.22641533902234
3.2406935709485607
3.2424265259056364
3.2424265259056364
3.2424265259056364
3.247109957915066
3.2635329589946744
3.2635329589946744
3.2635329589946744
3.265379228680942
3.2781757523374346
3.2781757523374346
3.257956549218667
3.257956549218667
3.257956549218667
3.261694617957553
3.261694617957553
3.261694617957553
3.261694617957553
3.261694617957553
3.261694617957553
3.265174847105237
3.2657737175716677
3.2588574513320303
3.2588574513320303
3.2588574513320303
3.2582094280959186
3.2611515393007258
3.2600537234070535
3.2600537234070535
3.264302202160005
3.264302202160005
3.264302202160005
3.2740774504660766
3.2740554525882577
3.2740554525882577
3.2561234201036684
3.249188033879032
3.249188033879032
3.249188033879032
3.249188033879032
3.249188033879032
3.249188033879032
3.2511967609753936
3.2511967609753936
3.2511967609753936
3.2511967609753936
3.2536632657314533
3.2536632657314533
3.2536632657314533
3.2536632657314533
3.257812143260226
3.257812143260226
3.257812143260226
3.257812143260226
3.257812143260226
3.257812143260226
3.257812143260226
3.257812143260226
3.2588920514813533
3.261037432371786
3.2481674646004373
3.2481674646004373
3.2481674646004373
3.2595223677518765
3.2595223677518765
3.2595223677518765
3.2595223677518765
3.2595223677518765
3.2595223677518765
3.2469916160984456
3.2469916160984456
3.2469916160984456
3.2469916160984456
3.2469916160984456
3.239072761468441
3.2475706526949
3.2475706526949
3.2475706526949
3.2475706526949
3.2475706526949
3.2475706526949
3.2475706526949
3.2475706526949
3.2475706526949
3.2475706526949
3.243873345062208
3.243873345062208
3.243873345062208
3.2400195130934386
3.263666600924754
3.263666600924754
3.263666600924754
3.263666600924754
3.2564280249706097
3.2564280249706097
3.2577157311336538
3.2584631016047867
3.2584631016047867
3.2584631016047867
3.2584631016047867
3.2584631016047867
3.2584631016047867
3.2584631016047867
3.2584631016047867
3.2584631016047867
3.2584631016047867
3.2584631016047867
3.255759960387673
3.255759960387673
3.2439708521054436
3.250142228816293
3.250142228816293
3.250142228816293
3.2468383568979724
3.2468383568979724
3.2468383568979724
3.2468383568979724
3.2468383568979724
3.2468383568979724
3.2468383568979724
3.2468383568979724
3.253485981362263
3.2570863909491914
3.2570863909491914
3.2570863909491914
3.2570863909491914
3.2570863909491914
3.2570863909491914
3.2570863909491914
3.2570863909491914
3.2570863909491914
3.2570863909491914
3.2509651368587367
3.2509651368587367
3.2509651368587367
3.2509651368587367
3.2509651368587367
3.2509651368587367
3.2601905393925024
3.26893859527146
3.26893859527146
3.26893859527146
3.242610901948988
3.2406928087934497
3.240776179099921
3.240776179099921
3.2380035155268634
3.234517658239976
3.234517658239976
3.246332994602903
3.261709666278815
3.275699774923928
3.275699774923928
3.265245465089734
3.258064125596473
3.258064125596473
3.258064125596473
3.258064125596473
3.2435117214501448
3.24306122371566
3.247115452063167
3.247115452063167
3.246147096877135
3.246147096877135
3.2330589607393345
3.2330589607393345
3.2330589607393345
3.2330589607393345
3.2330589607393345
3.2330589607393345
3.2416433496295918
3.2416433496295918
3.2416433496295918
3.236073494615674
3.236073494615674
3.236073494615674
3.236073494615674
3.224622188935518
3.2294545360715636
3.2294545360715636
3.2294545360715636
3.2294545360715636
3.2294545360715636
3.2294545360715636
3.2294545360715636
3.2294545360715636
3.2294545360715636
3.2294545360715636
3.2294545360715636
3.2317109796006673
3.2317109796006673
3.2317109796006673
3.2317109796006673
3.2317109796006673
3.2317109796006673
3.2317109796006673
3.235080466194023
3.235080466194023
3.235080466194023
3.235080466194023
3.235080466194023
3.235080466194023
3.235080466194023
3.235080466194023
3.234304458613502
3.234304458613502
3.234304458613502
3.234304458613502
3.234304458613502
3.234304458613502
3.234304458613502
3.234304458613502
3.242931021724598
3.242931021724598
3.242931021724598
3.242931021724598
3.242931021724598
3.2429097682920722
3.2429097682920722
3.2429097682920722
3.2429097682920722
3.2429097682920722
3.234117259092353
3.234117259092353
3.266532383301244
3.266532383301244
3.266532383301244
3.266532383301244
3.266532383301244
3.2609117317296947
3.2609117317296947
3.2609117317296947
3.2609117317296947
3.249624796923382
3.2508775939225316
3.268599940419371
3.268599940419371
3.2587047913556813
3.2587047913556813
3.2587047913556813
3.2587047913556813
3.2587047913556813
3.2587047913556813
3.2587047913556813
3.2587047913556813
3.2587047913556813
3.2641794451719335
3.2641794451719335
3.254310908475594
3.254310908475594
3.267978988092755
3.267978988092755
3.267978988092755
3.267978988092755
3.267978988092755
3.267978988092755
3.267978988092755
3.2602665478437403
3.2602665478437403
3.2602665478437403
3.2602665478437403
3.2602665478437403
3.2602665478437403
3.262260131297946
3.262260131297946
3.2685462141882637
3.2685462141882637
3.2738876434837594
3.2738876434837594
3.2738876434837594
3.2738876434837594
3.2738876434837594
3.277604220077617
3.277604220077617
3.277604220077617
3.277604220077617
3.277604220077617
3.277604220077617
3.277604220077617
3.277604220077617
3.277604220077617
3.277604220077617
3.277604220077617
3.272741519786619
3.262775534195968
3.262775534195968
3.262775534195968
3.244889593764759
3.244889593764759
3.244889593764759
3.244889593764759
3.243284207563999
3.243284207563999
3.2400795654494092
3.229235670178853
3.229235670178853
3.236655039554454
3.236655039554454
3.233297883918969
3.233297883918969
3.2358494157328583
3.2358494157328583
3.2358494157328583
3.2358494157328583
3.2481698924714797
3.2481698924714797
3.2510047004166753
3.2510047004166753
3.2510047004166753
3.2510047004166753
3.2510047004166753
3.2510047004166753
3.2575041920087884
3.2575041920087884
3.2575041920087884
3.2575041920087884
3.2575041920087884
3.2575041920087884
3.2575041920087884
3.2575041920087884
3.2575041920087884
3.2575041920087884
3.2575041920087884
3.2575041920087884
3.2575041920087884
3.2575041920087884
3.2575041920087884
3.2575041920087884
3.246494882088546
3.2432893881689973
3.2432893881689973
3.2432893881689973
3.227104054667091
3.224174463785489
3.2287215486885876
3.2325063947305335
3.2325063947305335
3.2325063947305335
3.2325063947305335
3.2325063947305335
3.2325063947305335
3.2280951016911703
3.2251277949713146
3.2222807199003345
3.197841760821201
3.197841760821201
3.197841760821201
3.197841760821201
3.204401868125496
3.204064723723126
3.204064723723126
3.204064723723126
3.2157205720223954
3.2248868361380816
3.2248868361380816
3.2248868361380816
3.2248868361380816
3.2248868361380816
3.2248868361380816
3.2248868361380816
3.2248868361380816
3.2248868361380816
3.2248868361380816
3.2248868361380816
3.2248868361380816
3.2248868361380816
3.2248868361380816
3.2248868361380816
3.2248868361380816
3.229023892730874
3.229023892730874
3.2244955956377663
3.2244955956377663
3.2244955956377663
3.2244955956377663
3.2244955956377663
3.2244955956377663
3.2191473870274616
3.2191473870274616
3.2191473870274616
3.2191473870274616
3.2342325272102537
3.232064971746735
3.218249947135491
3.218249947135491
3.218249947135491
3.218249947135491
3.218249947135491
3.218249947135491
3.215945653925813
3.2174273242934213
3.2136207170178297
3.21586296245678
3.21586296245678
3.21586296245678
3.2114973906402056
3.2114973906402056
3.2114973906402056
3.2114973906402056
3.2091492526791505
3.2091492526791505
3.2091492526791505
3.2091492526791505
3.2091492526791505
3.2091492526791505
3.2076682808893007
3.2076682808893007
3.1971250348303903
3.1971250348303903
3.1986373334491747
3.1986373334491747
3.2000918635553477
3.2000918635553477
3.2000918635553477
3.2000918635553477
3.2000918635553477
3.2000918635553477
3.2000918635553477
3.2000918635553477
3.1891375389599417
3.1922173389466657
3.2166768441593048
3.2166768441593048
3.2182691776954195
3.2124877783101677
3.2106357518633426
3.2106357518633426
3.2106357518633426
3.211717049947423
3.211717049947423
3.2198943702190097
3.2159850005427173
3.2159850005427173
3.2159850005427173
3.212874860466357
3.212874860466357
3.212874860466357
3.205611883109959
3.1978243938989253
3.2020001050834273
3.2020001050834273
3.2020001050834273
3.2020001050834273
3.205676195992522
3.205676195992522
3.1986984175641298
3.1986984175641298
3.201559430974479
3.201559430974479
3.21680440405254
3.2263045672519226
3.2263045672519226
3.2263045672519226
3.2263045672519226
3.2263045672519226
3.2263045672519226
3.2263045672519226
3.243130306552988
3.243130306552988
3.243130306552988
3.243130306552988
3.243130306552988
3.234024067071694
3.2377315699707743
3.23997842865852
3.23997842865852
3.2451598691339223
3.2451598691339223
3.2451598691339223
3.2451598691339223
3.2451598691339223
3.2451598691339223
3.231783479865552
3.231783479865552
3.231783479865552
3.231783479865552
3.2386070127929694
3.2421423943659984
3.2358700944260406
3.2358700944260406
3.2358700944260406
3.2358700944260406
3.2358700944260406
3.2358700944260406
3.2358700944260406
3.2513453907830603
3.2513453907830603
3.2513453907830603
3.2513453907830603
3.2538407735823616
3.2628410547071005
3.2628410547071005
3.2678976273838214
3.2616982062710225
3.2616982062710225
3.2549434509945625
3.2549434509945625
3.260006275069606
3.2611182601378093
3.240773574765682
3.244931528831274
3.244931528831274
3.244931528831274
3.241919396704606
3.2438854628698253
3.248556057725386
3.248556057725386
3.248556057725386
3.2525794937646455
3.2406182017418352
3.2406182017418352
3.2544524172456897
3.2544524172456897
3.2544524172456897
3.2544524172456897
3.249104551729962
3.243034691859879
3.243034691859879
3.243034691859879
3.243034691859879
3.243034691859879
3.244810208960683
3.2519888812980526
3.2519888812980526
3.2598461015642415
3.2620781738838294
3.2752235069484357
3.2752235069484357
3.2752235069484357
3.2524240049826703
3.2524240049826703
3.2524240049826703
3.2524240049826703
3.2524240049826703
3.2524240049826703
3.2524240049826703
3.2562899408969397
3.2562899408969397
3.2562899408969397
3.2625915906484586
3.258476642036313
3.2584896757558988
3.253315491090456
3.253315491090456
3.253315491090456
3.266556778956764
3.2500613909601084
3.2594364148105646
3.2594364148105646
3.2568253897779154
3.2568253897779154
3.2568253897779154
3.2568253897779154
3.2568253897779154
3.256615850577994
3.256615850577994
3.256615850577994
3.256615850577994
3.256615850577994
3.2516548601954116
3.238473687589333
3.238473687589333
3.249451341433896
3.249451341433896
3.249451341433896
3.236195299937052
3.236195299937052
3.2469739883628024
3.2469739883628024
3.2469739883628024
3.2469739883628024
3.2469739883628024
3.232929346787839
3.2340925073303817
3.2419614577723466
3.2419614577723466
3.2419614577723466
3.2419614577723466
3.2419614577723466
3.2419614577723466
3.2455395104577507
3.2455395104577507
3.2455395104577507
3.252133636862125
3.252133636862125
3.252133636862125
3.237935545818951
3.237935545818951
3.241224690018211
3.241224690018211
3.2645520884170582
3.2645520884170582
3.2645520884170582
3.2645520884170582
3.2664709864624375
3.2786372381003255
3.2786372381003255
3.2813839877901643
3.2813839877901643
3.2813839877901643
3.2662008590982023
3.2662008590982023
3.2662008590982023
3.2662008590982023
3.2662008590982023
3.2662008590982023
3.2662008590982023
3.260355684815552
3.255830757230615
3.2599331543236727
3.2330348457824085
3.2330348457824085
3.241019494130031
3.2404165951550485
3.2404165951550485
3.2404165951550485
3.2404165951550485
3.2404165951550485
3.2404165951550485
3.237399923097839
3.237399923097839
3.237399923097839
3.236127432325036
3.2460948013358486
3.2460948013358486
3.2460948013358486
3.2460948013358486
3.2460948013358486
3.2460948013358486
3.240019224882389
3.2416381195497013
3.252245408674976
3.252245408674976
3.252245408674976
3.252245408674976
3.252245408674976
3.252245408674976
3.252245408674976
3.252245408674976
3.252245408674976
3.2434638610765854
3.2396723380917654
3.2396723380917654
3.2396723380917654
3.242043751589378
3.236012644460459
3.236012644460459
3.236012644460459
3.232423227383444
3.2410017475005977
3.2410017475005977
3.2410017475005977
3.2410017475005977
3.2410017475005977
3.2410017475005977
3.247666818700698
3.247666818700698
3.247666818700698
3.247666818700698
3.247666818700698
3.2434834174947156
3.2540389026292087
3.265502403342177
3.2859528297445686
3.2859528297445686
3.270643853206694
3.270643853206694
3.2715244628185864
3.2715244628185864
3.275308449062115
3.275308449062115
3.275308449062115
3.275308449062115
3.2739982314388874
3.2477109502732375
3.2477109502732375
3.2477109502732375
3.2477109502732375
3.238280724759236
3.238280724759236
3.238280724759236
3.238280724759236
3.238280724759236
3.238280724759236
3.238280724759236
3.238280724759236
3.238280724759236
3.238280724759236
3.238280724759236
3.238280724759236
3.238280724759236
3.230346250550174
3.230346250550174
3.230346250550174
3.228880021535942
3.228880021535942
3.230530764851685
3.2362619121320013
3.233363302531573
3.224271918542288
3.224271918542288
3.224271918542288
3.241355309666571
3.241355309666571
3.241355309666571
3.23582547725422
3.23582547725422
3.2361644383239963
3.2334772610461973
3.2334772610461973
3.244768292214558
3.244768292214558
3.244768292214558
3.244768292214558
3.2480852788706795
3.2316486305876326
3.2316486305876326
3.232528694980877
3.228837272840691
3.2437864288973968
3.2270665967561367
3.2400198953558674
3.2296832683085075
3.2296832683085075
3.226363025359831
3.22815000337192
3.22815000337192
3.22815000337192
3.2419150257448175
3.2387616382957214
3.2387616382957214
3.2492756368752187
3.2492756368752187
3.255720776879347
3.244581873696325
3.244581873696325
3.244581873696325
3.244581873696325
3.235718275074404
3.235718275074404
3.2406040811669095
3.223149887739739
3.2293773280804654
3.234283546720051
3.234283546720051
3.2405443591368703
3.24229954870183
3.242178240153849
3.242178240153849
3.241023515211148
3.241023515211148
3.2508411051663315
3.2508411051663315
3.244878085587808
3.244878085587808
3.23418295673617
3.248832129458802
3.248832129458802
3.248832129458802
3.246628832333441
3.2518380707291263
3.243122972346537
3.2428015096972262
3.2428015096972262
3.2428015096972262
3.2428015096972262
3.237062715987522
3.237062715987522
3.237062715987522
3.237062715987522
3.237062715987522
3.237062715987522
3.237062715987522
3.237062715987522
3.237062715987522
3.237062715987522
3.2351417657404644
3.2302028845426807
3.2253421790060033
3.2253421790060033
3.240251258163256
3.2076412541175348
3.2103019222926563
3.219567454708293
3.219567454708293
3.219567454708293
3.219567454708293
3.219567454708293
3.2203098958320555
3.2203098958320555
3.2203098958320555
3.2229782796405586
3.2229782796405586
3.2229782796405586
3.2170932291876744
3.211964552409797
3.211964552409797
3.211964552409797
3.208906137824854
3.208906137824854
3.208906137824854
3.208906137824854
3.211645076766989
3.211645076766989
3.218306155856808
3.218306155856808
3.218306155856808
3.218306155856808
3.217610050332285
3.217610050332285
3.21466359172893
3.21466359172893
3.21466359172893
3.21466359172893
3.2023789932196873
3.2023789932196873
3.2278801633241576
3.2162681307349037
3.2113960993107766
3.2113960993107766
3.2120457804030846
3.2120457804030846
3.2120457804030846
3.2120457804030846
3.230005452426626
3.214508926673488
3.2187632591783886
3.209589741350951
3.209589741350951
3.213346246177711
3.218155232304157
3.218155232304157
3.2144320703494413
3.2144320703494413
3.2144320703494413
3.2096610810317894
3.2096610810317894
3.2096610810317894
3.2112583177615743
3.208288404280426
3.208288404280426
3.2073019510767633
3.2073019510767633
3.2009958161832177
3.2009958161832177
3.212718605341277
3.212718605341277
3.2084984836175314
3.201356464747661
3.201356464747661
3.213930967069086
3.213930967069086
3.213930967069086
3.213930967069086
3.213930967069086
3.213930967069086
3.215116542403733
3.215116542403733
3.215116542403733
3.215116542403733
3.221310847515539
3.221310847515539
3.221310847515539
3.221310847515539
3.236312529287874
3.236312529287874
3.236312529287874
3.2335017133008197
3.2470051974983054
3.2470051974983054
3.2470051974983054
3.2470051974983054
3.2470051974983054
3.2470051974983054
3.2450862634547963
3.2450862634547963
3.2450862634547963
3.2450862634547963
3.2450862634547963
3.2437809465981133
3.2437809465981133
3.229169751672846
3.2317890272453784
3.240864243991197
3.240864243991197
3.240864243991197
3.2531134429856348
3.2531134429856348
3.2531134429856348
3.2531134429856348
3.2531134429856348
3.2531134429856348
3.2531134429856348
3.2531134429856348
3.2531134429856348
3.2531134429856348
3.2531134429856348
3.2440520761632796
3.2471913063792686
3.2471913063792686
3.2471913063792686
3.2471913063792686
3.2471913063792686
3.2471913063792686
3.2457113110472138
3.2457113110472138
3.2457113110472138
3.2457113110472138
3.2457113110472138
3.2457113110472138
3.2457113110472138
3.244190005881408
3.244190005881408
3.244190005881408
3.2452116396056794
3.2452116396056794
3.2452116396056794
3.25214379967665
3.25214379967665
3.25237553999429
3.25237553999429
3.25237553999429
3.2674125419426625
3.2560939793755543
3.2560939793755543
3.2513036503793855
3.2513036503793855
3.2513036503793855
3.2513036503793855
3.2607283154432753
3.2639236550568214
3.2639236550568214
3.265538483474636
3.265538483474636
3.265538483474636
3.265538483474636
3.251921490075468
3.251921490075468
3.251921490075468
3.251921490075468
3.251921490075468
3.2563520762837004
3.2563520762837004
3.2563520762837004
3.2564499799353825
3.2564499799353825
3.2564499799353825
3.261616716141449
3.261616716141449
3.261616716141449
3.261616716141449
3.2632105651913244
3.2719450695367613
3.2719450695367613
3.2719450695367613
3.2719450695367613
3.2719450695367613
3.2719450695367613
3.2719450695367613
3.2719450695367613
3.2719450695367613
3.2719450695367613
3.2666497889137474
3.269688201152086
3.269688201152086
3.244099515029608
3.244372362884641
3.244372362884641
3.244372362884641
3.2468230739622723
3.2468230739622723
3.2468230739622723
3.247219229987772
3.247219229987772
3.247219229987772
3.247219229987772
3.247219229987772
3.2515772049646308
3.2515772049646308
3.246385179797998
3.246385179797998
3.2294418002684826
3.2294418002684826
3.2294418002684826
3.2294418002684826
3.2356445453117906
3.2356445453117906
3.2356445453117906
3.224136622760748
3.224136622760748
3.224136622760748
3.2421278464230383
3.2263088255365076
3.215838381655061
3.215838381655061
3.236983285289404
3.236983285289404
3.25264536264567
3.25264536264567
3.25264536264567
3.25264536264567
3.249397386956895
3.25264795276911
3.2495164739653033
3.2495164739653033
3.266565093857923
3.2567223722075096
3.2452952494334464
3.2452952494334464
3.2413967353082715
3.2413967353082715
3.2413967353082715
3.2413967353082715
3.231615611760991
3.231615611760991
3.238213688163425
3.2386710448416585
3.2386710448416585
3.2386710448416585
3.2529371980893793
3.243158206894692
3.2490210465237856
3.2490210465237856
3.2490210465237856
3.2490210465237856
3.2490210465237856
3.2490210465237856
3.2490210465237856
3.2506555564891086
3.2506555564891086
3.2506555564891086
3.2506555564891086
3.2506555564891086
3.253194308538667
3.2456884984993497
3.252335030336253
3.252335030336253
3.252335030336253
3.252335030336253
3.252335030336253
3.252335030336253
3.252335030336253
3.252335030336253
3.252335030336253
3.252335030336253
3.267419393737316
3.2683826088012586
3.261060987160452
3.261060987160452
3.261060987160452
3.251594663521062
3.251594663521062
3.251594663521062
3.252229690894756
3.252229690894756
3.252229690894756
3.252229690894756
3.252229690894756
3.252229690894756
3.252229690894756
3.252229690894756
3.252229690894756
3.252229690894756
3.233888590639249
3.233888590639249
3.233888590639249
3.233888590639249
3.2335906672300143
3.2335906672300143
3.239319265269845
3.239319265269845
3.239319265269845
3.239319265269845
3.2409949697575344
3.2372272422031827
3.2367511500628634
3.233839956908014
3.233839956908014
3.221558033115937
3.2317009066868376
3.2317009066868376
3.2317009066868376
3.223991121656195
3.223991121656195
3.223991121656195
3.223991121656195
3.223991121656195
3.217365508660574
3.217365508660574
3.231224620890061
3.231224620890061
3.229991663375384
3.2403032440450885
3.2403032440450885
3.2403032440450885
3.2207588903882267
3.2322061837009226
3.225790821263196
3.225790821263196
3.225790821263196
3.225790821263196
3.225790821263196
3.225790821263196
3.225790821263196
3.225790821263196
3.225790821263196
3.225790821263196
3.2244094041978766
3.236818014614283
3.2546705270703975
3.2546705270703975
3.248954282233925
3.248954282233925
3.244152458648295
3.2480223061283326
3.2480223061283326
3.2480223061283326
3.2480223061283326
3.2379125341195545
3.2379125341195545
3.2224649889965447
3.226393473653989
3.2305400354455998
3.2305400354455998
3.236808429129689
3.236808429129689
3.2208365411713253
3.2208365411713253
3.2208365411713253
3.2208365411713253
3.2208365411713253
3.233401614417955
3.233401614417955
3.233401614417955
3.2322549484203016
3.23428790721073
3.2218810965913245
3.2218810965913245
3.2218810965913245
3.2218810965913245
3.2218810965913245
3.20787147044584
3.2126202748365746
3.2126202748365746
3.2126202748365746
3.2126202748365746
3.2126202748365746
3.212725617719194
3.2055960991850316
3.206403095239923
3.206403095239923
3.206403095239923
3.206403095239923
3.206403095239923
3.206403095239923
3.206403095239923
3.206403095239923
3.210000813870831
3.21165608439796
3.21165608439796
3.226577196358366
3.227957451194219
3.227957451194219
3.22905634052831
3.255868290021683
3.2558737409622815
3.2558737409622815
3.2558737409622815
3.2558737409622815
3.2558737409622815
3.2662277291165243
3.2662277291165243
3.2662277291165243
3.266078090121865
3.247532704608692
3.247532704608692
3.222839611981241
3.222839611981241
3.214042050215399
3.242976939485651
3.242976939485651
3.242976939485651
3.231632224841275
3.231632224841275
3.231632224841275
3.231632224841275
3.231632224841275
3.231632224841275
3.231632224841275
3.231632224841275
3.231632224841275
3.231632224841275
3.220295351317108
3.220295351317108
3.220295351317108
3.220295351317108
3.223869442044661
3.241547874641988
3.241547874641988
3.2381894951025374
3.2497396802766896
3.2497396802766896
3.2488562812101542
3.2488562812101542
3.2488562812101542
3.2488562812101542
3.2488562812101542
3.2488562812101542
3.2420455502841072
3.231499986118628
3.2242434954375283
3.2212066759482463
3.2324479715847128
3.2324479715847128
3.2324479715847128
3.2324479715847128
3.227117382888644
3.2335614927258183
3.2335614927258183
3.2335614927258183
3.2335614927258183
3.2385195251710033
3.2385195251710033
3.2321751292595513
3.2321751292595513
3.2321751292595513
3.239320634293326
3.239320634293326
3.261082479245262
3.261082479245262
3.2526892251238015
3.2526892251238015
3.2526892251238015
3.269501438062985
3.269093240755893
3.269093240755893
3.269093240755893
3.269093240755893
3.269093240755893
3.269093240755893
3.269093240755893
3.291293848074555
3.291293848074555
3.291293848074555
3.291293848074555
3.291293848074555
3.291293848074555
3.291293848074555
3.291293848074555
3.291293848074555
3.291293848074555
3.293344739363885
3.293344739363885
3.293344739363885
3.2807862270713457
3.275881522051602
3.275881522051602
3.2656507224898337
3.2594705157593813
3.253002729255081
3.250179416040273
3.25735750945367
3.25843496869457
3.25843496869457
3.25843496869457
3.2512378480667423
3.2512378480667423
3.2598339933401066
3.2598339933401066
3.256815242853405
3.256815242853405
3.2567347461734295
3.264857102487175
3.2529579581989863
3.2529579581989863
3.2529579581989863
3.2529579581989863
3.2624084374329168
3.2624084374329168
3.2696244582979856
3.269131201906951
3.269131201906951
3.2592246743870033
3.2592246743870033
3.261626718118828
3.2597609271820627
3.2597609271820627
3.275194890230654
3.2620956327264654
3.2620956327264654
3.2620956327264654
3.2620956327264654
3.2620956327264654
3.2620956327264654
3.2620956327264654
3.269998636390544
3.269690849454757
3.2710469251712633
3.2710469251712633
3.2710469251712633
3.2678436763474576
3.2678436763474576
3.2678436763474576
3.2678436763474576
3.2745815917792642
3.276626633534142
3.276626633534142
3.276626633534142
3.276626633534142
3.2649691264308536
3.2649691264308536
3.2649691264308536
3.2595849365546785
3.2595849365546785
3.2595849365546785
3.2595849365546785
3.2595849365546785
3.2534467895029042
3.237421689335562
3.237421689335562
3.263795205632729
3.263795205632729
3.263795205632729
3.263795205632729
3.263795205632729
3.264545167606249
3.285493937475065
3.285493937475065
3.283849666385402
3.283849666385402
3.2690099398359616
3.2690099398359616
3.2690099398359616
3.260448043361013
3.260448043361013
3.260448043361013
3.2583223082018806
3.2498658450172253
3.2498658450172253
3.2514608059560057
3.260066587490761
3.260066587490761
3.260066587490761
3.2721896293551307
3.2721896293551307
3.2721896293551307
3.2721896293551307
3.2617830091714515
3.266710847596559
3.266710847596559
3.266710847596559
3.266710847596559
3.266710847596559
3.266710847596559
3.266710847596559
3.266710847596559
3.266710847596559
3.266505687018066
3.2857897762544894
3.268033396882226
3.2832230923535417
3.2907767334213496
3.2805857053259313
3.275770715437797
3.275770715437797
3.275770715437797
3.2621248294325667
3.2621248294325667
3.2621248294325667
3.2621248294325667
3.2673951939286736
3.2673951939286736
3.2673951939286736
3.2641197062804976
3.2639842492863105
3.2639842492863105
3.2639842492863105
3.2581106951816357
3.2581106951816357
3.255255527161736
3.255255527161736
3.255255527161736
3.255255527161736
3.255255527161736
3.246792943268541
3.246792943268541
3.246792943268541
3.246792943268541
3.246792943268541
3.246792943268541
3.246792943268541
3.246792943268541
3.251471593341415
3.251471593341415
3.241902049745198
3.241902049745198
3.2431617009088587
3.2431617009088587
3.2431617009088587
3.2431617009088587
3.237550658691522
3.237550658691522
3.2333166191613962
3.2333166191613962
3.2333166191613962
3.2488327430818766
3.2488327430818766
3.2488327430818766
3.2488327430818766
3.2283900673414876
3.224785891773414
3.224785891773414
3.2368740744630866
3.213854541267788
3.212875593225488
3.232670077922222
3.232670077922222
3.232670077922222
3.232670077922222
3.232670077922222
3.232670077922222
3.232670077922222
3.2299580053985157
3.2317042300383876
3.2317042300383876
3.2317042300383876
3.2421125494196623
3.2421125494196623
3.2421125494196623
3.2421125494196623
3.2421125494196623
3.2421125494196623
3.2573710088307397
3.2573710088307397
3.2573710088307397
3.2573710088307397
3.254750115969232
3.2686732049344833
3.2686732049344833
3.26428384596167
3.26428384596167
3.2694228206225113
3.2694228206225113
3.2694228206225113
3.2596602850231955
3.2553794847245126
3.2553794847245126
3.2553794847245126
3.2553794847245126
3.2553794847245126
3.2553794847245126
3.2553794847245126
3.2553794847245126
3.2553794847245126
3.2553794847245126
3.2553794847245126
3.2542592379673443
3.249975505894192
3.249975505894192
3.249975505894192
3.249975505894192
3.24641424953414
3.24641424953414
3.24641424953414
3.2371842929996295
3.2378346333529584
3.2378346333529584
3.248592888508797
3.248592888508797
3.2395158118358904
3.2395158118358904
3.2395158118358904
3.2395158118358904
3.249493981931095
3.2529305628440746
3.2460382512969574
3.2460382512969574
3.2456535792668415
3.2456535792668415
3.255925745313238
3.25840397709793
3.261516584554126
3.268763140957434
3.2607846490154397
3.2607846490154397
3.229421895654767
3.245443805158713
3.253388565041327
3.253388565041327
3.250714929331227
3.250714929331227
3.250714929331227
3.245665026860029
3.245665026860029
3.245665026860029
3.245665026860029
3.2398864729149386
3.2398864729149386
3.2398864729149386
3.240317305069718
3.2462787207191166
3.2462787207191166
3.2462787207191166
3.2462787207191166
3.2463380602656526
3.2432936359102205
3.2432936359102205
3.244734317978651
3.249346204936983
3.249346204936983
3.249346204936983
3.2486913456724333
3.2486913456724333
3.2422823541778953
3.2422823541778953
3.2422823541778953
3.2491345612245386
3.2491345612245386
3.253741537598345
3.253741537598345
3.253741537598345
3.253741537598345
3.253741537598345
3.2523590529674786
3.23708294027314
3.23708294027314
3.238583255604211
3.237642731172413
3.237642731172413
3.237642731172413
3.237642731172413
3.237642731172413
3.2437205213419125
3.2437205213419125
3.2354370117685702
3.2354370117685702
3.246637998857207
3.250382487342953
3.244024170415991
3.232918899178745
3.232918899178745
3.2361365200023116
3.2425890320422845
3.25804533446973
3.25804533446973
3.25804533446973
3.25804533446973
3.25804533446973
3.25804533446973
3.2541357986895
3.2541357986895
3.2541357986895
3.2528930962282674
3.240038595217252
3.240038595217252
3.262929935553679
3.262929935553679
3.262929935553679
3.263770070025371
3.2621536304767873
3.2621536304767873
3.2621536304767873
3.2562047708691435
3.2748733611608554
3.2759921438495434
3.259564338921752
3.2707764542186775
3.265507465551031
3.265507465551031
3.265507465551031
3.265507465551031
3.273046245126074
3.274097597043502
3.2606450810127487
3.270005869088373
3.270005869088373
3.270005869088373
3.270005869088373
3.270005869088373
3.263752455894562
3.263752455894562
3.263752455894562
3.263752455894562
3.263752455894562
3.263752455894562
3.263752455894562
3.2643100264436216
3.26103516409897
3.2473217159303642
3.261966499719155
3.261966499719155
3.261966499719155
3.261966499719155
3.259664575778517
3.259664575778517
3.241704832656807
3.2502250556622996
3.2502250556622996
3.2502250556622996
3.2458287986262935
3.245084698621978
3.239940490731445
3.239940490731445
3.2569775366404916
3.2569775366404916
3.2569775366404916
3.2628016449062236
3.2628016449062236
3.2628016449062236
3.2628016449062236
3.2643913730614735
3.2643913730614735
3.2643913730614735
3.2643913730614735
3.2774172410897946
3.2774172410897946
3.2689670068703798
3.2689670068703798
3.2689670068703798
3.2689670068703798
3.2689670068703798
3.2933470177271866
3.2917183941411663
3.2917183941411663
3.2917183941411663
3.2917183941411663
3.2917183941411663
3.289894203341032
3.29453375874491
3.29453375874491
3.2823903267832453
3.2823903267832453
3.2823903267832453
3.2823903267832453
3.2823903267832453
3.2823903267832453
3.2786284559460497
3.2786284559460497
3.2786284559460497
3.2786284559460497
3.270453422172133
3.270453422172133
3.270453422172133
3.270453422172133
3.2611544277288136
3.2611544277288136
3.2611544277288136
3.2499300938644584
3.2499300938644584
3.257931674376777
3.266530067062103
3.2726955297866827
3.2841257165848337
3.2841257165848337
3.2841257165848337
3.2841257165848337
3.2841257165848337
3.2841257165848337
3.27642823716512
3.27642823716512
3.27772966784617
3.27772966784617
3.27772966784617
3.27772966784617
3.263610044999193
3.2732257103606934
3.2732257103606934
3.2547186772694983
3.2547186772694983
3.2678265279992975
3.268243327390949
3.268243327390949
3.268243327390949
3.2681828747580046
3.2681828747580046
3.2681828747580046
3.2681828747580046
3.2681828747580046
3.2541035068024184
3.2541035068024184
3.2541035068024184
3.2624784713157498
3.2624784713157498
3.2624784713157498
3.2722327500035866
3.2722327500035866
3.2756566265537272
3.2756566265537272
3.2756566265537272
3.2756566265537272
3.2756566265537272
3.2756566265537272
3.2638036280674303
3.2638036280674303
3.2638036280674303
3.2638036280674303
3.2638036280674303
3.2630462084708975
3.2630462084708975
3.2518760213468614
3.2518760213468614
3.2518760213468614
3.2518760213468614
3.248820612635742
3.2502991732678814
3.2502991732678814
3.2502991732678814
3.2502991732678814
3.2502991732678814
3.2502991732678814
3.2494526162276474
3.2494526162276474
3.2494526162276474
3.240900652679308
3.2448995816201505
3.2448995816201505
3.2448995816201505
3.2448995816201505
3.250463393028108
3.250463393028108
3.245922526972627
3.245922526972627
3.257497791028647
3.257497791028647
3.2680031097406386
3.2680031097406386
3.2662345080791595
3.2662345080791595
3.2662345080791595
3.2634888415454517
3.2634888415454517
3.2634888415454517
3.2634888415454517
3.2634888415454517
3.2634888415454517
3.2539625569059796
3.2539625569059796
3.2539625569059796
3.2539625569059796
3.2539625569059796
3.2539625569059796
3.2539625569059796
3.2539625569059796
3.2539625569059796
3.2539625569059796
3.2539625569059796
3.2539625569059796
3.2539625569059796
3.2539625569059796
3.2537683953982377
3.2537683953982377
3.2537683953982377
3.229969571787362
3.229969571787362
3.229969571787362
3.229969571787362
3.2266838067932957
3.2266838067932957
3.2266838067932957
3.2383864948572727
3.2438786793447734
3.2381381650223546
3.2381381650223546
3.2381381650223546
3.2381381650223546
3.2381381650223546
3.2401308827348783
3.2401308827348783
3.2401308827348783
3.242796857464741
3.242796857464741
3.240889568601673
3.2470458090884247
3.2470458090884247
3.263994956772843
3.263994956772843
3.2600075169330482
3.2492674692897103
3.2492674692897103
3.2492674692897103
3.2492674692897103
3.241642269225436
3.241642269225436
3.241642269225436
3.2347116269621776
3.2347116269621776
3.2347116269621776
3.216876979172937
3.216876979172937
3.219999914253311
3.2254785659279737
3.209878582640892
3.2364052919322224
3.2364052919322224
3.2364052919322224
3.228298333096367
3.228298333096367
3.228298333096367
3.228298333096367
3.2296643199057335
3.2296643199057335
3.2296643199057335
3.2296643199057335
3.2296643199057335
3.2296643199057335
3.2296643199057335
3.2296643199057335
3.2305718556324408
3.2305718556324408
3.21413762040357
3.21413762040357
3.2089310473715407
3.2089310473715407
3.2089310473715407
3.218224472205078
3.218224472205078
3.209314636700147
3.2105531126558464
3.2105531126558464
3.2105531126558464
3.2048875089250215
3.2048875089250215
3.2048875089250215
3.2048875089250215
3.2011131890768714
3.2011131890768714
3.2011131890768714
3.2011131890768714
3.2011131890768714
3.2011131890768714
3.208583799025982
3.21478949908873
3.21478949908873
3.21478949908873
3.21478949908873
3.2375334583772157
3.2324229904760786
3.2324229904760786
3.2324229904760786
3.236639492564311
3.236639492564311
3.235804530375153
3.235804530375153
3.235804530375153
3.2432911624235965
3.2432911624235965
3.2432911624235965
3.2432911624235965
3.241726347755632
3.241726347755632
3.2455493327759317
3.2455493327759317
3.244996819196853
3.243834722490919
3.2483045305679368
3.2483045305679368
3.2483045305679368
3.2417012200883613
3.2417012200883613
3.2417012200883613
3.268796714456228
3.2787081693448434
3.2722147674374
3.270860314977353
3.270860314977353
3.279842655255552
3.279842655255552
3.279842655255552
3.279842655255552
3.2800496122987517
3.2655915826960804
3.2655915826960804
3.2655915826960804
3.2655915826960804
3.2655915826960804
3.2655915826960804
3.2655915826960804
3.2655915826960804
3.2655915826960804
3.260406460817982
3.260406460817982
3.2636600853759714
3.2636600853759714
3.251906273387018
3.2615756481811493
3.257252253457196
3.26604616894391
3.26604616894391
3.272571289929376
3.249275431334211
3.267268358073631
3.267268358073631
3.267268358073631
3.259230143029054
3.243455993470555
3.243455993470555
3.243455993470555
3.243455993470555
3.2531815554373154
3.2531815554373154
3.2531815554373154
3.2531815554373154
3.2531815554373154
3.253249962674294
3.253249962674294
3.253249962674294
3.253249962674294
3.253249962674294
3.253249962674294
3.253249962674294
3.253249962674294
3.253249962674294
3.253249962674294
3.2440325201296303
3.2440325201296303
3.2440325201296303
3.2456110975323327
3.2456110975323327
3.2388332267027495
3.2388332267027495
3.2388332267027495
3.2388332267027495
3.253560375517278
3.253560375517278
3.257561901741136
3.257561901741136
3.257561901741136
3.257561901741136
3.257561901741136
3.257561901741136
3.257561901741136
3.2515884695518267
3.2515884695518267
3.2515884695518267
3.2515884695518267
3.2578380038451216
3.2578380038451216
3.2578380038451216
3.2578380038451216
3.2438833913823837
3.2438833913823837
3.242572621471257
3.2508296285948437
3.2508296285948437
