2.6727901156956695
2.6727901156956695
2.6727901156956695
2.6727901156956695
2.6727901156956695
2.6727901156956695
2.6727901156956695
2.6727901156956695
2.6727901156956695
2.6727901156956695
2.6727901156956695
2.6727901156956695
2.6727901156956695
2.6727901156956695
2.6727901156956695
2.6727901156956695
2.6727901156956695
2.6727901156956695
2.6727901156956695
2.6727901156956695
2.6727901156956695
2.6727901156956695
2.6727901156956695
2.6727901156956695
2.6727901156956695
2.6727901156956695
2.6727901156956695
2.6727901156956695
2.6727901156956695
2.6727901156956695
2.6727901156956695
2.6727901156956695
2.6727901156956695
2.6727901156956695
2.6727901156956695
2.6727901156956695
2.6727901156956695
2.6727901156956695
2.6727901156956695
2.6727901156956695
2.6727901156956695
2.6727901156956695
2.6727901156956695
2.6727901156956695
2.6727901156956695
2.6727901156956695
2.6727901156956695
2.6727901156956695
2.6727901156956695
2.6727901156956695
2.6727901156956695
2.6727901156956695
2.6727901156956695
2.6727901156956695
2.6727901156956695
2.6727901156956695
2.6727901156956695
2.6727901156956695
2.6727901156956695
2.6727901156956695
2.6727901156956695
2.6727901156956695
2.6727901156956695
2.6727901156956695
2.6727901156956695
2.6727901156956695
2.6727901156956695
2.6727901156956695
2.6727901156956695
2.6727901156956695
2.6727901156956695
2.6727901156956695
2.6727901156956695
2.6727901156956695
2.6727901156956695
2.6727901156956695
2.6727901156956695
2.6727901156956695
2.6727901156956695
2.6727901156956695
2.6727901156956695
2.6727901156956695
2.6727901156956695
2.6727901156956695
2.6727901156956695
2.6727901156956695
2.6727901156956695
2.6727901156956695
2.6727901156956695
2.6727901156956695
2.6727901156956695
2.6727901156956695
2.6727901156956695
2.6727901156956695
2.6727901156956695
2.6727901156956695
2.6727901156956695
2.6727901156956695
2.6727901156956695
2.6867347835248667
2.6906156780881774
2.6906156780881774
2.6906156780881774
2.7135372769993347
2.7135372769993347
2.7155219313443033
2.7294278525139872
2.7294278525139872
2.7294278525139872
2.7294278525139872
2.735231495689745
2.7469285480888854
2.7469285480888854
2.774545178438191
2.7773707580896017
2.7773707580896017
2.7773707580896017
2.7773707580896017
2.789073422487488
2.7859633073316403
2.7914458927665424
2.7914458927665424
2.813745852709253
2.813745852709253
2.813745852709253
2.8142865085461533
2.8142865085461533
2.8142865085461533
2.812282185228447
2.812282185228447
2.8331932083439946
2.84121196681926
2.84121196681926
2.84121196681926
2.84121196681926
2.841313842288223
2.841313842288223
2.8517339732518514
2.8560504614279347
2.8793491708744146
2.8921944253350644
2.9005311410628147
2.897848731258556
2.897848731258556
2.897848731258556
2.897848731258556
2.914933221184915
2.914933221184915
2.9099074505695555
2.8972643549241117
2.8972643549241117
2.894126741212369
2.8817736865156527
2.8817736865156527
2.8817736865156527
2.899627264949981
2.899627264949981
2.899627264949981
2.8846905499831825
2.901005764558269
2.8893565108494834
2.9090242884287325
2.9185104025384283
2.9180104549458887
2.9405401778213864
2.9405401778213864
2.9555505008991885
2.9630488603106953
2.9631876052269237
2.956375467177229
2.9576067069891137
2.9530431568237416
2.9494123786265054
2.9494123786265054
2.9573011521864623
2.969719540011439
2.9922665162617843
2.9867809640210257
2.9867809640210257
2.9867809640210257
2.9867809640210257
2.980159391225435
2.984750833233585
2.9950802890358803
3.0063746920585595
3.004896458328532
3.004896458328532
3.0074417599864285
3.0062020307150648
3.0062020307150648
2.9797261368845502
2.9797261368845502
2.9797261368845502
2.982851933489725
2.994270082992375
2.994270082992375
3.0288917347600304
3.0288917347600304
3.0251093176951716
3.0132542659966566
2.9964794673489026
2.988678844158199
2.996462359924246
2.996462359924246
2.988663569349008
3.0199715603598505
3.0199715603598505
3.065505304796562
3.065505304796562
3.065505304796562
3.0645768701354728
3.064212060318415
3.064212060318415
3.088140926337256
3.088140926337256
3.098586334671064
3.098226501280516
3.098226501280516
3.098226501280516
3.098226501280516
3.119728062425512
3.1200119297004263
3.1200119297004263
3.124065817664074
3.124065817664074
3.1269316832546847
3.1338145097667063
3.1338145097667063
3.1338145097667063
3.1516940084320564
3.1394107795987956
3.1394107795987956
3.1394107795987956
3.1394107795987956
3.1394107795987956
3.1394107795987956
3.1690948708329794
3.1599603953366535
3.1599603953366535
3.159017994052214
3.164609999809206
3.1745767181587046
3.192250135009398
3.185475124208491
3.190507945190881
3.190507945190881
3.181504019117322
3.181504019117322
3.184980470180154
3.166379192520826
3.1760872712807324
3.1760872712807324
3.186710558213774
3.1790381340919063
3.1790381340919063
3.171590768677986
3.1648542788278404
3.190326848310724
3.190326848310724
3.190326848310724
3.193126196260949
3.212337334698477
3.212337334698477
3.1967583307298013
3.1762256216601523
3.1762256216601523
3.1933440323392115
3.1933440323392115
3.1933440323392115
3.1933440323392115
3.1933440323392115
3.1872582868371633
3.1872582868371633
3.1872583510317822
3.1830636147918514
3.1895960378593977
3.1895960378593977
3.176992970896785
3.176992970896785
3.172419502982341
3.172419502982341
3.172419502982341
3.2108300089975716
3.206774463412139
3.206774463412139
3.194892718717799
3.194892718717799
3.203537850377209
3.2032375367725834
3.2032375367725834
3.210115256559406
3.198914040491257
3.2018485655741236
3.2018485655741236
3.2044079476371334
3.1985402133550607
3.1901150590441434
3.1774445117387247
3.1774445117387247
3.182105467001612
3.190041308009889
3.1756023655877783
3.180198333561431
3.1923907992172262
3.1868723204571263
3.1868723204571263
3.1811734765320745
3.1882096923503136
3.1970741487719456
3.1970741487719456
3.1970741487719456
3.1970741487719456
3.185058205067536
3.185058205067536
3.203797276443863
3.203797276443863
3.203797276443863
3.192981325080831
3.192981325080831
3.2034483244155227
3.21491160845766
3.2135263881214735
3.2285737038269873
3.227993955634887
3.208891225892035
3.208891225892035
3.208891225892035
3.208891225892035
3.228262262818
3.2202870439969984
3.2185412352928724
3.2138517079214894
3.2300623030371645
3.2158627930778767
3.2137421566303006
3.2290957454137104
3.194471282319795
3.1975041022433324
3.2187377488246076
3.2187377488246076
3.2187377488246076
3.2078005601014223
3.2078005601014223
3.202086932040377
3.219029120698334
3.224637439520468
3.224637439520468
3.216839054212092
3.216839054212092
3.223584263936269
3.223584263936269
3.204267385694672
3.187804577892423
3.1962488814047285
3.2022014281743214
3.210772669118771
3.210772669118771
3.2022232814529312
3.2026978201903966
3.2026978201903966
3.198485528937653
3.198485528937653
3.198485528937653
3.198485528937653
3.163915534218837
3.1680707402086745
3.1737239044851018
3.178928584573274
3.178928584573274
3.1781274985300514
3.1734030674376505
3.1734030674376505
3.1734030674376505
3.1816928848818695
3.167957147517278
3.1749238395042325
3.178407378068435
3.194286123902888
3.198865628588202
3.1966218889581994
3.1966218889581994
3.1966218889581994
3.199281622718001
3.199281622718001
3.199281622718001
3.199281622718001
3.1605318293330207
3.170280662001871
3.168688370543772
3.1915943070370933
3.18625760965878
3.18625760965878
3.18625760965878
3.18625760965878
3.18625760965878
3.1943474271558276
3.195696514849591
3.165157289618794
3.165157289618794
3.182341404078362
3.182341404078362
3.1851813582183235
3.1851813582183235
3.188911749086779
3.188911749086779
3.194097036935777
3.2015934773885415
3.21791631974951
3.21791631974951
3.21791631974951
3.220006359744031
3.220006359744031
3.220006359744031
3.2137568536079626
3.22034817296027
3.1979889778154917
3.2019667203839846
3.2019667203839846
3.2019667203839846
3.2019667203839846
3.215276672295103
3.221109934679615
3.221109934679615
3.1826952185422606
3.1851798158061873
3.1965195935636603
3.1965195935636603
3.1965195935636603
3.192062388474445
3.2026815638720505
3.2026815638720505
3.214792393954927
3.214792393954927
3.214792393954927
3.214792393954927
3.214792393954927
3.198900765666094
3.198900765666094
3.2161661960766152
3.221753318737398
3.221753318737398
3.221753318737398
3.221753318737398
3.221753318737398
3.221753318737398
3.20510469527347
3.2264878125099687
3.2264878125099687
3.205222268038016
3.215253713398898
3.2252970515303647
3.2073751037184293
3.2303229910486313
3.2303229910486313
3.225358709456926
3.223155242290535
3.2023758750284785
3.22332018107492
3.22332018107492
3.2101834396324724
3.2101834396324724
3.224069062622728
3.224069062622728
3.224069062622728
3.246444760081116
3.2532559167778135
3.2579679544599855
3.2437333510523185
3.235737702194431
3.2327423380109983
3.2327423380109983
3.232230816043162
3.231605975192891
3.231605975192891
3.231605975192891
3.231605975192891
3.231605975192891
3.231605975192891
3.231605975192891
3.2203809286262794
3.215157220584865
3.219790873007303
3.219790873007303
3.219790873007303
3.219790873007303
3.219790873007303
3.216698506735688
3.216698506735688
3.222269502664891
3.227395794255606
3.227395794255606
3.227395794255606
3.2303396112960825
3.2223822945744773
3.2223822945744773
3.2223822945744773
3.2164467916124986
3.2164467916124986
3.2164467916124986
3.2164467916124986
3.2316499533772065
3.2366956080348035
3.2366956080348035
3.2217501735288825
3.2254615274280067
3.2315336725043644
3.2108387790077373
3.196596986858685
3.2063639707655
3.2063639707655
3.2063639707655
3.195403820858522
3.196771945472995
3.196771945472995
3.1867234847388795
3.1867234847388795
3.1867234847388795
3.1867234847388795
3.1867234847388795
3.1867234847388795
3.1801092130952338
3.1592404668324536
3.1568639867424575
3.1568639867424575
3.1568639867424575
3.1568639867424575
3.1545114077220187
3.156184769855442
3.156184769855442
3.1551298313583658
3.1869619102687112
3.1911936270479413
3.1911936270479413
3.1911936270479413
3.1579827453427773
3.156644929892934
3.174262012923647
3.186348972507769
3.1900172563948987
3.1900172563948987
3.1900172563948987
3.1900172563948987
3.1966440381178547
3.1966440381178547
3.1966440381178547
3.1888362688792666
3.1888362688792666
3.1857023553173587
3.1857023553173587
3.1936099991068723
3.1936099991068723
3.1936099991068723
3.180476109272241
3.179253289340545
3.1759933453525306
3.1748295152285335
3.198142763598444
3.206451466581156
3.206451466581156
3.220996765312893
3.209675948044849
3.2223633706866712
3.215127909873054
3.2074890579504602
3.2105942554398035
3.2331048091990917
3.205347448983291
3.1991006355614378
3.212632056088951
3.216842064838962
3.216842064838962
3.2251621844313805
3.2251621844313805
3.2251621844313805
3.2251621844313805
3.2348484325069675
3.223637996511084
3.229767581565978
3.229767581565978
3.229767581565978
3.2230510759715103
3.2309398916312433
3.2239815591375045
3.2239815591375045
3.2239815591375045
3.2321745638702497
3.2321616286716917
3.1971015761293544
3.1971015761293544
3.1971015761293544
3.2031542907309953
3.2166435991380813
3.2166435991380813
3.2149861513286515
3.2149861513286515
3.2149861513286515
3.2149861513286515
3.2149861513286515
3.2149861513286515
3.2149861513286515
3.226959643963324
3.2272308875268996
3.2272308875268996
3.220212569499994
3.220212569499994
3.2093089276123483
3.2093089276123483
3.226968873052777
3.2210849677893014
3.2245029369961684
3.2245029369961684
3.206005919649188
3.23735915127591
3.23735915127591
3.23735915127591
3.2298067426062174
3.2058721258801595
3.206410010926382
3.205867524930774
3.199659455558009
3.190132659030651
3.19325620000055
3.2146472747907673
3.2157427020446554
3.1915895867956
3.19787563752844
3.2019297177690866
3.2019297177690866
3.2032476720749523
3.2032476720749523
3.2032476720749523
3.185608480120396
3.20480996568569
3.197768118250316
3.185566960621058
3.1739154180212026
3.185731479652869
3.1745805878465942
3.2027870494713118
3.2027870494713118
3.205742559661946
3.207581164621966
3.2010505114601493
3.1946805913605463
3.2014607327423152
3.213422661300377
3.213422661300377
3.2096929371196903
3.2052792848279377
3.2182765583109623
3.2182765583109623
3.2182765583109623
3.2182765583109623
3.2242366455677076
3.2242366455677076
3.2242366455677076
3.2171240461935513
3.2171240461935513
3.2349203052558746
3.233321448590133
3.233321448590133
3.233321448590133
3.223594681812247
3.2056163873412835
3.217229340364872
3.2149507701544886
3.2149507701544886
3.2149507701544886
3.2032124842445007
3.2032124842445007
3.214367919108567
3.191964895206886
3.214586936918987
3.2372806899626316
3.236923508917808
3.236923508917808
3.1891793433281808
3.1891793433281808
3.1983454073202804
3.1983454073202804
3.2006516755549623
3.2006516755549623
3.2006516755549623
3.2006516755549623
3.2015418996199374
3.2169062675177065
3.2169062675177065
3.2354321016171665
3.220291611180393
3.220291611180393
3.2204342264066073
3.2129830031594366
3.2129830031594366
3.2483845896996706
3.2483845896996706
3.2483845896996706
3.2483845896996706
3.2666463037723754
3.2640367368359904
3.2640367368359904
3.2434379307071755
3.2487438025143485
3.2502563920992755
3.2502563920992755
3.2502563920992755
3.2502563920992755
3.2556731865918507
3.2556731865918507
3.2556731865918507
3.2556731865918507
3.2556731865918507
3.24251541690868
3.24251541690868
3.24251541690868
3.245093946242159
3.250971449460852
3.255240307200863
3.248472038218575
3.2470059140806513
3.2504166115834936
3.2573577629081223
3.2573577629081223
3.253600082016305
3.253600082016305
3.251835425905479
3.2450433715234768
3.2450433715234768
3.2450433715234768
3.2450433715234768
3.2450433715234768
3.2463287346818643
3.2463287346818643
3.237882944716243
3.237882944716243
3.237882944716243
3.241900905193022
3.241900905193022
3.241900905193022
3.2462776627324494
3.2462776627324494
3.2526877267173844
3.2526877267173844
3.236219235843023
3.236219235843023
3.2345307344679615
3.217403697529302
3.228757178488723
3.2494295418533143
3.2494295418533143
3.2494295418533143
3.2494295418533143
3.2450269534301004
3.246141811219088
3.256443929473193
3.2608922604857997
3.2608922604857997
3.2608922604857997
3.2608922604857997
3.2284406374934482
3.2284406374934482
3.2284406374934482
3.2284406374934482
3.2284406374934482
3.2284406374934482
3.2284406374934482
3.2295235131814146
3.2112197032884184
3.2112197032884184
3.2112197032884184
3.2112197032884184
3.2255931829789786
3.2228383055078895
3.222950783357154
3.222950783357154
3.222950783357154
3.222950783357154
3.224850081646428
3.217978764755039
3.217978764755039
3.217978764755039
3.1925304015618474
3.2053053951852353
3.2234539543389795
3.2234539543389795
3.235513116915399
3.235513116915399
3.231199020285861
3.231199020285861
3.231199020285861
3.230592816067352
3.230592816067352
3.230592816067352
3.230592816067352
3.2201040505234686
3.2201040505234686
3.2338670470811923
3.234162112443567
3.234162112443567
3.234162112443567
3.234162112443567
3.234162112443567
3.2444615732009647
3.236021554991298
3.236021554991298
3.236021554991298
3.25019287695222
3.25019287695222
3.25019287695222
3.242783487361402
3.2439405726911987
3.2181823271891448
3.2426164161934543
3.2426164161934543
3.2252149885557673
3.205241111069112
3.205241111069112
3.2197399914833267
3.233640402288263
3.2065185258168434
3.2272772693728125
3.2272772693728125
3.2272772693728125
3.204707387274759
3.1935070293220806
3.1935070293220806
3.1935070293220806
3.1935070293220806
3.1935070293220806
3.175060335406544
3.1805441394176968
3.185342140892111
3.189096423296334
3.204704544827477
3.2039539039744986
3.1983670715736343
3.1983670715736343
3.2323575416940087
3.226007130030106
3.21552089739351
3.2063142579976276
3.2063142579976276
3.2034769793098454
3.2034769793098454
3.200141870808822
3.200141870808822
3.2024915387950195
3.209714950173881
3.207162314998431
3.2128470393044752
3.224188380304412
3.227880215875203
3.227880215875203
3.227880215875203
3.2163498430287762
3.2163498430287762
3.21497119001962
3.2238353098254855
3.2373766333027953
3.2373766333027953
3.2232351092770086
3.213171008900802
3.2205237572309264
3.2062839984675997
3.2062839984675997
3.2062839984675997
3.2062839984675997
3.215262072518132
3.215262072518132
3.2079990754253527
3.2079990754253527
3.2079990754253527
3.216855627381983
3.2387292958387506
3.2387292958387506
3.2375711349885106
3.201310770915039
3.2112821954482054
3.2112821954482054
3.2059017270124097
3.211950181745724
3.2090714198254844
3.2007951444890144
3.2046571099512
3.2046571099512
3.2046571099512
3.2046571099512
3.212948280397252
3.2177093621603943
3.206606557039354
3.1932015183508917
3.1932015183508917
3.19801448158318
3.19801448158318
3.19801448158318
3.19801448158318
3.190778319542933
3.182544720093717
3.225527581488048
3.2233483063684725
3.2210736641976196
3.2210736641976196
3.2210736641976196
3.2210736641976196
3.2348346802980883
3.197301415533638
3.197301415533638
3.197301415533638
3.2069300541037125
3.2069300541037125
3.2069300541037125
3.2069300541037125
3.2170957320186586
3.215451791432461
3.210143131449746
3.2028774475263724
3.2028774475263724
3.2073904824774218
3.191939739698338
3.198040134690164
3.1857322994102097
3.1946030959490033
3.1946030959490033
3.1942049683333034
3.197665588685738
3.197665588685738
3.197665588685738
3.197665588685738
3.1879954349641006
3.1879954349641006
3.1879954349641006
3.1879954349641006
3.1879954349641006
3.1879954349641006
3.191223310783313
3.191223310783313
3.178959713548955
3.161989795843663
3.161989795843663
3.15793827461416
3.13941257864493
3.154446599132826
3.141337961816779
3.141337961816779
3.141337961816779
3.1447490596889915
3.1453780274314753
3.1525264173748107
3.1427881806179863
3.15033889398976
3.1333660749539143
3.1333660749539143
3.1333660749539143
3.1460537393723422
3.1460537393723422
3.142987324414375
3.142987324414375
3.1386481579214944
3.1386481579214944
3.1386481579214944
3.1326250880243665
3.1326250880243665
3.1326250880243665
3.1326250880243665
3.1326250880243665
3.1355520642021877
3.1355520642021877
3.129393250963562
3.1271393986785516
3.127665813986793
3.1340312139384734
3.1340312139384734
3.1267038211690696
3.114364075610698
3.117651278152597
3.116791281334208
3.1216371739379833
3.115332419180907
3.1189335439821595
3.1189335439821595
3.1189335439821595
3.1179441837302995
3.111554788163127
3.111554788163127
3.108905388194451
3.117043280743921
3.118598063271526
3.118598063271526
3.099006597593973
3.099006597593973
3.1037251578806684
3.106097952048421
3.106097952048421
3.106097952048421
3.106097952048421
3.1150232757791088
3.135514985890679
3.123185630401955
3.1294999996304727
3.143523535313902
3.1486885460809004
3.162587634431442
3.1774902484933714
3.178720308654999
3.1723721869388353
3.193331859646443
3.197978771901551
3.200681160645999
3.1756729256237235
3.1756729256237235
3.1844032822734607
3.1892952783800057
3.2029618526117654
3.2029618526117654
3.2029618526117654
3.2029618526117654
3.1951164311841573
3.1951164311841573
3.19000673987391
3.19000673987391
3.185035038589933
3.1860646731332993
3.186728215147599
3.186728215147599
3.186728215147599
3.186728215147599
3.1755664625434217
3.178111086851798
3.178111086851798
3.178111086851798
3.178111086851798
3.178111086851798
3.178111086851798
3.178111086851798
3.1745661063758224
3.1745661063758224
3.1849701492918707
3.1849701492918707
3.189940972300383
3.189940972300383
3.200340045970549
3.2016145027654646
3.2016145027654646
3.2016145027654646
3.1726991357354857
3.1726991357354857
3.1979610911666394
3.1762291183999927
3.1762291183999927
3.198501010496108
3.198501010496108
3.183969769119092
3.181179337015622
3.2069949509605418
3.2069949509605418
3.2069949509605418
3.2062726708450486
3.185253791371132
3.21089038516864
3.2061481349189065
3.2061481349189065
3.188256592465834
3.188256592465834
3.188256592465834
3.198222995055791
3.198222995055791
3.198222995055791
3.1870731278013844
3.1971435731523794
3.1971435731523794
3.1971435731523794
3.1971435731523794
3.2161662683926098
3.2161662683926098
3.2041309167889462
3.2041309167889462
3.201313690741252
3.205254998181769
3.205254998181769
3.21579729684025
3.2002422645110657
3.2002422645110657
3.2002422645110657
3.1758088718857973
3.1743214429761974
3.1743214429761974
3.188222266462879
3.185990923583505
3.185990923583505
3.185990923583505
3.2044133694779573
3.2044133694779573
3.2044133694779573
3.207276080567895
3.207276080567895
3.207276080567895
3.21255963114076
3.1967242392685513
3.192022905180505
3.192022905180505
3.197713603658222
3.1980580885504546
3.2027346115101647
3.2027346115101647
3.203796543050754
3.203796543050754
3.1999476097252284
3.2222778742924225
3.210976507311524
3.210976507311524
3.202463293880469
3.202463293880469
3.202463293880469
3.215713429034162
3.201905236656814
3.207329530369866
3.207329530369866
3.2164248228829924
3.2164248228829924
3.2164248228829924
3.200424077296682
3.2065072170311235
3.2065072170311235
3.1770431019720395
3.187482943757896
3.168790389849221
3.185152035707808
3.185152035707808
3.2133483091713124
3.221255582494815
3.215202481802066
3.1921022619234742
3.2072857611430527
3.2048329731075653
3.2075940880472626
3.198522562468881
3.215236060796207
3.214731865799959
3.1939092095231474
3.2001629217802536
3.2001629217802536
3.2001629217802536
3.195799950298842
3.21538823398418
3.21538823398418
3.2305631279157723
3.2305631279157723
3.229806362665126
3.229806362665126
3.229806362665126
3.229806362665126
3.229806362665126
3.229806362665126
3.2095397696845374
3.199071430777299
3.199071430777299
3.199071430777299
3.1963223550689372
3.1977928862475506
3.1977928862475506
3.1977928862475506
3.180390633339039
3.1823506155650203
3.186225928803281
3.186225928803281
3.18711363924041
3.18711363924041
3.2009784721961916
3.1945238275573353
3.222392137849301
3.222392137849301
3.218473705672286
3.2344159524958154
3.2344159524958154
3.2289639484855734
3.217202545692826
3.217202545692826
3.197168069126918
3.222287317355264
3.227888129344435
3.22751384652002
3.22751384652002
3.22751384652002
3.22751384652002
3.22751384652002
3.22751384652002
3.22751384652002
3.236079430252309
3.236079430252309
3.236079430252309
3.2390194574027844
3.2390194574027844
3.2199064866885094
3.2199064866885094
3.2008179798234653
3.2146121355155777
3.216143491823256
3.2141073253921886
3.2141073253921886
3.2141073253921886
3.2024406566106998
3.2087351279933616
3.2087351279933616
3.2087351279933616
3.2092566621231664
3.2092578389605104
3.2092578389605104
3.2002646333139637
3.213152610395387
3.2184974395187322
3.2184974395187322
3.2184974395187322
3.2184974395187322
3.2099289761030256
3.2099289761030256
3.1842250955447478
3.19033784835457
3.194001887014806
3.194001887014806
3.1949404303116413
3.1949404303116413
3.2216504481628836
3.2119477488469985
3.230671014348103
3.220378255119025
3.1995558590777824
3.201040200255855
3.197418274632156
3.208921378713059
3.185805283402362
3.185805283402362
3.203762605539475
3.203762605539475
3.2148859808775097
3.23968248626159
3.23968248626159
3.2392159687612203
3.2416191461106236
3.23613978132547
3.23613978132547
3.242622778042659
3.2260844644339004
3.2260844644339004
3.220716358241576
3.215679833718952
3.215679833718952
3.253951444030192
3.253951444030192
3.244658901741789
3.207941803570303
3.20993782496369
3.20993782496369
3.2099969449394554
3.199087857935171
3.199087857935171
3.2100007177501806
3.2206513434021735
3.2098446317582665
3.210771525402838
3.2001154523813464
3.206033117188148
3.2080150111519847
3.2080150111519847
3.2080150111519847
3.2080150111519847
3.2112854128572224
3.242910425868762
3.2130411333970916
3.2130411333970916
3.233690790147759
3.233690790147759
3.233690790147759
3.233690790147759
3.233690790147759
3.2075526987371923
3.18398095053158
3.18398095053158
3.1980210287517328
3.1980210287517328
3.1980210287517328
3.1980210287517328
3.184763684711409
3.184763684711409
3.183463322567396
3.183463322567396
3.206212364441994
3.206212364441994
3.217674801630731
3.2320688375829816
3.244331581813345
3.244331581813345
3.2001867146189644
3.1997904424820303
3.194128621442215
3.194128621442215
3.191358512082612
3.191358512082612
3.191358512082612
3.191358512082612
3.191358512082612
3.191358512082612
3.1956883123015216
3.2248558934371125
3.2198670299143335
3.2286648063885393
3.221494182452126
3.2173428133276865
3.2173428133276865
3.2173428133276865
3.223560064903888
3.221663276793947
3.2217365196447862
3.2217365196447862
3.2217365196447862
3.2312730748514777
3.2329582396917442
3.2372533687317744
3.2372533687317744
3.2372533687317744
3.198432043766112
3.222620396031919
3.205385000262932
3.2051230191646756
3.1992743933664043
3.191889787112161
3.191889787112161
3.199470094822765
3.2010261378814273
3.2010261378814273
3.198786206992353
3.208730421974161
3.204109565440697
3.2047356289740487
3.2047356289740487
3.2047356289740487
3.2047356289740487
3.2047356289740487
3.225611699481252
3.225611699481252
3.225611699481252
3.225611699481252
3.225611699481252
3.2052885975942695
3.2147951909699617
3.226448854454868
3.226448854454868
3.2298099961744007
3.2298099961744007
3.2298099961744007
3.2298099961744007
3.2298099961744007
3.2205842805363947
3.2205842805363947
3.234697071599997
3.243605617020107
3.2303871359730305
3.2260772351130558
3.2260772351130558
3.2260772351130558
3.227433483367972
3.213323895041642
3.233990924386971
3.238581387302733
3.2511656767544355
3.2511656767544355
3.2063660971506955
3.203024298774324
3.2098292506816795
3.2098292506816795
3.205102332755121
3.204148539170539
3.204148539170539
3.2119813975445846
3.2119813975445846
3.1992245693420043
3.1992245693420043
3.190010736938176
3.1821728159014944
3.183829983871134
3.187604091835669
3.1904654027853856
3.1904654027853856
3.194139578974576
3.2037756086144924
3.2118655592115517
3.229382900188111
3.229382900188111
3.229382900188111
3.229382900188111
3.213438739450801
3.213438739450801
3.2285648289725373
3.2285648289725373
3.215188555485412
3.215231110793724
3.2013481852369985
3.2068779880860863
3.2068779880860863
3.2068779880860863
3.2068779880860863
3.2068779880860863
3.1901618274675103
3.1901618274675103
3.2147721786788233
3.214867775848437
3.2279653734946976
3.2279653734946976
3.2279653734946976
3.2279653734946976
3.2279653734946976
3.2308696661951224
3.2308696661951224
3.214073127087398
3.214274390095442
3.214274390095442
3.214274390095442
3.214274390095442
3.185702188251642
3.185702188251642
3.185702188251642
3.185702188251642
3.185702188251642
3.185702188251642
3.2058879878120994
3.212944040191539
3.196392081031979
3.1941233828257545
3.1941233828257545
3.2192665892591927
3.248893472125126
3.2196787171800767
3.2328952314179884
3.2328952314179884
3.2328952314179884
3.2328952314179884
3.2328952314179884
3.239615709647296
3.239615709647296
3.239615709647296
3.239615709647296
3.2124608422167933
3.2121958756774456
3.2065046332659346
3.202769155021882
3.2006158294538065
3.2006158294538065
3.2006158294538065
3.2006158294538065
3.2006158294538065
3.182994182273894
3.1833275732274826
3.1833275732274826
3.201884404911392
3.197673562758892
3.202823220096944
3.202823220096944
3.190931520123533
3.190931520123533
3.190931520123533
3.2096135412298854
3.2096135412298854
3.196298281649167
3.196298281649167
3.196298281649167
3.219037540314981
3.219037540314981
3.2166169919120406
3.2166169919120406
3.2048535099807185
3.2048535099807185
3.2048535099807185
3.2217321810397928
3.2023914858038194
3.2023914858038194
3.2023914858038194
3.2023914858038194
3.2066836591033328
3.1972334708650427
3.197105429928274
3.197105429928274
3.197105429928274
3.2092606148083207
3.2104472294727673
3.2104472294727673
3.2020568424489033
3.2020568424489033
3.197853975032966
3.197853975032966
3.20510679661459
3.20510679661459
3.2038848965026965
3.189572946830994
3.1883791583459438
3.1883791583459438
3.1883791583459438
3.1883791583459438
3.1899035190825864
3.1899035190825864
3.1907152558530263
3.1907152558530263
3.1853712831783927
3.1853712831783927
3.1853712831783927
3.1937447232178178
3.1924606322806
3.191456342263027
3.1852248906482545
3.1852248906482545
3.1852248906482545
3.183139213859243
3.1591918371541703
3.1666789125395347
3.1666789125395347
3.146373902489997
3.1734821674677387
3.1789741576421733
3.174934409585166
3.174934409585166
3.171294162406174
3.170059722395246
3.1633231594194835
3.1633231594194835
3.1633231594194835
3.1929586010611137
3.210112035504775
3.210112035504775
3.1966600126101365
3.1966600126101365
3.1966600126101365
3.1920312803152457
3.1920312803152457
3.1920312803152457
3.1906880940324815
3.1906880940324815
3.1906880940324815
3.197228450104639
3.202052844396097
3.1961971965766467
3.1961971965766467
3.1961971965766467
3.201913936328526
3.1993093995219497
3.2071699305765753
3.186645169221985
3.186645169221985
3.2191668078697875
3.2191668078697875
3.2191668078697875
3.1902267922608245
3.1902267922608245
3.196840172373085
3.202423573534069
3.197630332131382
3.197630332131382
3.203179281101449
3.203179281101449
3.198701897483804
3.198701897483804
3.198701897483804
3.198701897483804
3.20158721932975
3.193257006383011
3.1903078201950255
3.1903078201950255
3.2026666424715042
3.206196536143932
3.22168620484619
3.22168620484619
3.246370452321588
3.246370452321588
3.250597637624289
3.250597637624289
3.250597637624289
3.218691795491689
3.218691795491689
3.2433736297903653
3.249245747248729
3.249245747248729
3.2321361302801157
3.2466146475833537
3.2466146475833537
3.2344918273650913
3.2347262065617395
3.248749770595106
3.236411256564053
3.236411256564053
3.236411256564053
3.248481214598133
3.248481214598133
3.248481214598133
3.2456434016540667
3.2266247701841775
3.2311878933469274
3.2168540054747354
3.1976683982999647
3.190704650117384
3.190704650117384
3.2059322555199183
3.2059322555199183
3.2067819277460834
3.2062248853383686
3.230358834151261
3.236589572905398
3.236589572905398
3.236589572905398
3.239699641317742
3.2124550399345773
3.2124550399345773
3.2124550399345773
3.2197438715704685
3.216504419520456
3.2307046580935515
3.2307046580935515
3.2410000007215407
3.226013494455836
3.2230083763269395
3.2298087625803915
3.229248959955585
3.2217667791091484
3.194802975961719
3.194802975961719
3.2016779650118865
3.2040568248330508
3.174791822346452
3.174791822346452
3.1711733280261942
3.1711733280261942
3.1878886479712594
3.1878886479712594
3.2043246807876633
3.200307955035669
3.2036625921142057
3.2036625921142057
3.1949131809394857
3.18832607025485
3.2029264373826254
3.2058892774749457
3.2058892774749457
3.2058892774749457
3.2058892774749457
3.2058892774749457
3.21039265585986
3.216493778373599
3.216493778373599
3.214683282258431
3.2385556499553285
3.2224443757574557
3.2285895869317587
3.17929451531575
3.1768441977896438
3.1826138289354247
3.1826138289354247
3.1826138289354247
3.184030961561868
3.184030961561868
3.205266811211251
3.205266811211251
3.1826764884292387
3.1826764884292387
3.208707272475127
3.208707272475127
3.214072646059812
3.207950413022658
3.219350787671167
3.219350787671167
3.219350787671167
3.219350787671167
3.219350787671167
3.219350787671167
3.219350787671167
3.219350787671167
3.219350787671167
3.219350787671167
3.221839661103145
3.2194312545451496
3.2238920585089375
3.2238920585089375
3.2238920585089375
3.2286010128313944
3.2496757459698835
3.2512049874775752
3.243448181528821
3.243448181528821
3.243448181528821
3.243448181528821
3.243448181528821
3.243448181528821
3.243448181528821
3.2439976677730007
3.211219946088842
3.211219946088842
3.214076698822861
3.2140690431218903
3.2140690431218903
3.217545933373492
3.217545933373492
3.217545933373492
3.23470065378559
3.226867372083284
3.2000508657613107
3.2129197735401496
3.2129197735401496
3.2129197735401496
3.2126557241184486
3.1974386993200814
3.20904841905236
3.232426637172499
3.2313219368995982
3.2070914163534683
3.2089167622052774
3.2143843823424056
3.2143843823424056
3.2143843823424056
3.2143843823424056
3.1962149194782055
3.1962149194782055
3.1962149194782055
3.1756344745197076
3.1756344745197076
3.1756344745197076
3.1756344745197076
3.1756344745197076
3.188542619704361
3.188542619704361
3.196160633085713
3.189251904088171
3.189251904088171
3.1920614554566393
3.1920614554566393
3.1920614554566393
3.1920614554566393
3.1920614554566393
3.1920614554566393
3.1920614554566393
3.18683936429727
3.18683936429727
3.1946873475476676
3.1946873475476676
3.2128318697350644
3.1888504715604657
3.1888504715604657
3.182702463732935
3.1822672725916106
3.1822672725916106
3.1830482879508843
3.215613769934496
3.1741085019862614
3.1741085019862614
3.1741085019862614
3.1741085019862614
3.1724307241469547
3.1724307241469547
3.1763731571839275
3.174459959000217
3.174459959000217
3.1791018550896877
3.1791018550896877
3.1791018550896877
3.1791018550896877
3.180781958397377
3.180781958397377
3.180781958397377
3.180781958397377
3.2065609243047164
3.2065609243047164
3.2065609243047164
3.2119917479014366
3.2282336743655287
3.2282336743655287
3.206211528472175
3.206211528472175
3.206211528472175
3.205810724456193
3.194542214332938
3.212046376569679
3.212046376569679
3.228161869421914
3.2265792839797025
3.2265792839797025
3.2136096727982824
3.2155402924836056
3.2081651124890627
3.206729213400484
3.1746866171254418
3.1746866171254418
3.1746866171254418
3.1746866171254418
3.190942232047335
3.190942232047335
3.198722705148861
3.179569535653223
3.179569535653223
3.179569535653223
3.179569535653223
3.2030110617127114
3.2090860704082353
3.209304991529848
3.1987438118221543
3.2101464766477146
3.216114024477064
3.216114024477064
3.216114024477064
3.216114024477064
3.216114024477064
3.216114024477064
3.2301554161213604
3.2122699471778966
3.2122699471778966
3.1975807282864817
3.192095687944964
3.192095687944964
3.1694859120841627
3.227686934952321
3.227686934952321
3.1965601593018693
3.1965601593018693
3.1738198747190896
3.170264579527616
3.183953245503409
3.183953245503409
3.183953245503409
3.183953245503409
3.183953245503409
3.1900149696616973
3.189629081273706
3.209916289255806
3.1848751125217962
3.1848751125217962
3.1848751125217962
3.1934660616781625
3.18526255674515
3.18526255674515
3.2031768625572097
3.204135537990326
3.206222312590151
3.2032620321033547
3.2032620321033547
3.2032620321033547
3.2130067397367217
3.23049933617658
3.215688676617707
3.193893193689721
3.2184708370853414
3.2184708370853414
3.1981727200318244
3.185159708628736
3.185159708628736
3.2006766073926554
3.2204717105149214
3.2204717105149214
3.2204717105149214
3.2204717105149214
3.21877762966999
3.21877762966999
3.2004706447430555
3.2004706447430555
3.2014201238300415
3.1977469369151996
3.1977469369151996
3.1977469369151996
3.2036670876895266
3.2029690441469514
3.204555222408201
3.204555222408201
3.204555222408201
3.234486541477415
3.2296611462021736
3.2296611462021736
3.2296611462021736
3.228752062119903
3.2346440468516784
3.2167973062166806
3.2087144535340593
3.203997479816167
3.1941181482650736
3.2050459624865493
3.2050459624865493
3.198215340767891
3.198215340767891
3.198215340767891
3.1817411529679656
3.1788663907496697
3.1788663907496697
3.1788663907496697
3.185964936982787
3.18621800877975
3.18621800877975
3.18621800877975
3.18621800877975
3.18621800877975
3.18621800877975
3.192506292484613
3.2043214828027806
3.198245807574384
3.1935354820910598
3.1935354820910598
3.1935354820910598
3.19114905505286
3.1970233588116628
3.2007607006624688
3.2007607006624688
3.215332759477194
3.208425660470475
3.208425660470475
3.208425660470475
3.208425660470475
3.2127630792123893
3.218500174289554
3.218500174289554
3.231624456620665
3.2331390421878563
3.2331390421878563
3.2092797251816627
3.197472441446754
3.197472441446754
3.197472441446754
3.197472441446754
3.197472441446754
3.197472441446754
3.2309125245878088
3.210350169665099
3.204304144235477
3.204304144235477
3.204304144235477
3.2160132307610585
3.195141197748298
3.1966077915190745
3.1966077915190745
3.2178627629056944
3.2142376534430497
3.2142376534430497
3.2245566793716365
3.2245566793716365
3.2245566793716365
3.2245566793716365
3.2076185123272727
3.2076185123272727
3.1931614774261985
3.1931614774261985
3.1819497650420567
3.1940566605681786
3.207921834461206
3.202465818807886
3.2013556013188222
3.2013556013188222
3.1866439514837426
3.1845698566483662
3.1845698566483662
3.16595081803718
3.208191483875978
3.208191483875978
3.2393761578117175
3.236800596367858
3.236800596367858
3.2390461244154105
3.2390461244154105
3.2390461244154105
3.227608399749642
3.2262531483409655
3.2254751706418134
3.2254751706418134
3.2304765023598976
3.210600774390144
3.204931372732292
3.204931372732292
3.2061013874713704
3.210898423276419
3.217533278638985
3.231905875958831
3.240564565902846
3.240564565902846
3.240564565902846
3.240564565902846
3.243610695235968
3.243610695235968
3.243610695235968
3.244168660038324
3.244168660038324
3.232796800766095
3.2377176226114375
3.2377176226114375
3.2377176226114375
3.2377176226114375
3.223309184947681
3.234980237807306
3.234980237807306
3.2316666350569037
3.2316666350569037
3.2235646951322083
3.2235646951322083
3.2235646951322083
3.2235646951322083
3.2235646951322083
3.2212133613127314
3.2212133613127314
3.21700162211179
3.217709877414983
3.2001445087456886
3.20571791470495
3.2220625108650323
3.230429100164343
3.230429100164343
3.230429100164343
3.230429100164343
3.230429100164343
3.230429100164343
3.230429100164343
3.2236364950030856
3.2236364950030856
3.2236364950030856
3.2236364950030856
3.223131288461712
3.223131288461712
3.217709915373036
3.2169118452787124
3.201523485408202
3.220324027099764
3.224732935437654
3.2219512492207607
3.2131040140469738
3.1921175164058035
3.1921175164058035
3.1921175164058035
3.193771773857388
3.193771773857388
3.204143952026439
3.204143952026439
3.204143952026439
3.204143952026439
3.204143952026439
3.204143952026439
3.1961341816868307
3.181590423605209
3.202249495467882
3.202249495467882
3.169221132049296
3.177115499568052
3.183374492599952
3.1938242102508023
3.1938242102508023
3.1938242102508023
3.183986427856262
3.1994734668049816
3.1994734668049816
3.2139180622417394
3.2139180622417394
3.188179879797548
3.198907879234429
3.198907879234429
3.198907879234429
3.2062595718354743
3.2136522292739365
3.220306666609749
3.227482069347349
3.227482069347349
3.227482069347349
3.227482069347349
3.227482069347349
3.204002873734924
3.204002873734924
3.204002873734924
3.204002873734924
3.192700280155598
3.2020209782846254
3.2020209782846254
3.2059705355811183
3.212839375279885
3.212839375279885
3.212839375279885
3.212839375279885
3.1926232376031876
3.1926232376031876
3.1821075604529576
3.1821075604529576
3.1821075604529576
3.1821075604529576
3.1821075604529576
3.1811359815408626
3.1811359815408626
3.1811359815408626
3.1681023705761335
3.1829004452641882
3.1685571590737442
3.1763823690497794
3.179541140013914
3.179541140013914
3.175249077457395
3.204375370192451
3.1853883988637732
3.1853883988637732
3.190706703544405
3.190706703544405
3.190706703544405
3.1905682978272076
3.160135617292076
3.160135617292076
3.1677633508919314
3.1677633508919314
3.1519296652991633
3.1519296652991633
3.1519296652991633
3.155677909656048
3.1683700142409483
3.1627057719780605
3.164707881933072
3.164707881933072
3.164707881933072
3.164707881933072
3.1674935580959502
3.1674935580959502
3.1674935580959502
3.1674935580959502
3.1674935580959502
3.158792098713292
3.1785495153822745
3.1785495153822745
3.171966701813658
3.171966701813658
3.159238881687412
3.155674494332102
3.1568997843262365
3.1568997843262365
3.1654860091079158
3.1654860091079158
3.1853350929509485
3.1834890627061077
3.1834890627061077
3.1834890627061077
3.184839722603563
3.206557280908236
3.197050192015672
3.197050192015672
3.197050192015672
3.200861977339088
3.183694907813114
3.158651191415356
3.158651191415356
3.158651191415356
3.158651191415356
3.158651191415356
3.188715606404125
3.177072395443496
3.177072395443496
3.177072395443496
3.169782939707713
3.172006459647015
3.19562236489361
3.189950211793166
3.1873998263304286
3.1873998263304286
3.1873998263304286
3.1873998263304286
3.1873998263304286
3.19219723260826
3.19219723260826
3.229864529097759
3.229864529097759
3.229864529097759
3.229864529097759
3.2253119584348013
3.223038324793879
3.223038324793879
3.2174621009967153
3.2050002930322714
3.2050002930322714
3.2050002930322714
3.207454360371382
3.1985552034363645
3.1985552034363645
3.1985552034363645
3.190674216903877
3.1950531493949823
3.1950531493949823
3.1950531493949823
3.2084800609553525
3.2084800609553525
3.2084800609553525
3.2084800609553525
3.2084800609553525
3.194459606373592
3.190965298529368
3.190965298529368
3.2084439330227674
3.2010121229449244
3.22642705127204
3.21407011148349
3.2275804692001144
3.238746010876222
3.238746010876222
3.2324493269741916
3.2324493269741916
3.22133983612026
3.243260705209309
3.2438690739527396
3.252991857434672
3.250280121865948
3.2551538655286354
3.2551538655286354
3.2551538655286354
3.2535475783823196
3.232373440866155
3.2211554492083567
3.2211554492083567
3.2367170829871785
3.2367170829871785
3.250943654309363
3.250943654309363
3.250943654309363
3.250943654309363
3.250943654309363
3.250943654309363
3.2391958567454004
3.2455453999023827
3.217893796825705
3.217893796825705
3.217893796825705
3.217893796825705
3.217893796825705
3.217893796825705
3.217893796825705
3.217893796825705
3.217893796825705
3.217893796825705
3.2053476977965465
3.2053476977965465
3.2053476977965465
3.2081497185291408
3.2255679164866695
3.241811109163053
3.241811109163053
3.2189851496843263
3.2189851496843263
3.2195904561139184
3.2195904561139184
3.221381974794901
3.221381974794901
3.22302108603995
3.22302108603995
3.2199603773385945
3.1966626890546888
3.1966626890546888
3.1976212679269547
3.199126680661143
3.199126680661143
3.1946530484040907
3.193690110926914
3.194717740620459
3.208803094701353
3.213629284775298
3.187429612668392
3.1813923266317556
3.184327157606215
3.1795383917719495
3.2083221033157683
3.2083221033157683
3.2083221033157683
3.2192845540441857
3.2152287500445826
3.2152287500445826
3.21303587279363
3.21303587279363
3.21303587279363
3.204107578308952
3.2297172289987994
3.2297172289987994
3.22274738576874
3.213171424404
3.2110044887535976
3.2110044887535976
3.2081102289413335
3.201020474611607
3.2123194176855305
3.2123194176855305
3.233768226999543
3.246775900385089
3.2269348403366576
3.224950075413053
3.2248908345373266
3.2248908345373266
3.2168227952681883
3.233094638942003
3.2412826909075467
3.2412826909075467
3.243251518794125
3.243251518794125
3.243251518794125
3.249141352764283
3.2390524497106914
3.2369233523273917
3.2218448400619244
3.253004378349797
3.253004378349797
3.253004378349797
3.253004378349797
3.253004378349797
3.24840113684126
3.2374823226773
3.2165670097792924
3.2165670097792924
3.2165670097792924
3.207007457251231
3.207007457251231
3.191763803525952
3.191763803525952
3.21490178736249
3.1935029861618776
3.1935029861618776
3.1935029861618776
3.2116040617387442
3.2058900853486283
3.1946887078726323
3.1946887078726323
3.215813892442207
3.222333767051566
3.206645054558651
3.208370544072955
3.1897224952008103
3.1990937071278522
3.1990937071278522
3.1990937071278522
3.1987054970663933
3.1980590760133705
3.1696571124948183
3.1696571124948183
3.1696571124948183
3.185443394273265
3.174194894760403
3.206078502063393
3.206078502063393
3.2064637630093724
3.2064637630093724
3.189973358973216
3.189973358973216
3.189973358973216
3.189973358973216
3.2038221519091157
3.2156474983175385
3.2182443716258655
3.1828121971887895
3.1931428985159016
3.189049284815837
3.1872539204521737
3.1872539204521737
3.1776730489620935
3.168383114972078
3.1965936298164643
3.193576434602909
3.1820664000648753
3.1869871348617966
3.1809813542242864
3.1809813542242864
3.1809813542242864
3.1809813542242864
3.1809813542242864
3.172568289471672
3.1775387566144917
3.17150775759292
3.1647603456812514
3.1790300058461973
3.1725301540185225
3.2036650806178426
3.2038031035229544
3.199638075667037
3.199638075667037
3.2038182427646453
3.2174978437816635
3.2174978437816635
3.2174978437816635
3.193320008533472
3.197117053162051
3.213528499128015
3.213528499128015
3.213528499128015
3.209004044226624
3.209004044226624
3.209004044226624
3.209004044226624
3.220923603690765
3.220923603690765
3.212329707353093
3.217059211713715
3.2150881153915414
3.2102840683868883
3.2188035021259664
3.2188035021259664
3.2188035021259664
3.2354703857586733
3.2442490761866405
3.216081225914897
3.216081225914897
3.216081225914897
3.2141762265960567
3.2217859907948783
3.229628971374516
3.2493723078833736
3.2414953318164774
3.2382596450361274
3.233148691381129
3.2146009701952107
3.218366633344048
3.2237016620713708
3.2330712030950695
3.2329670700971658
3.2329670700971658
3.2329670700971658
3.2246437421304943
3.2246437421304943
3.2178744689661976
3.223605168963051
3.223605168963051
3.2235982915494645
3.224626316341272
3.224626316341272
3.2270964741504646
3.2270964741504646
3.2054821291904543
3.211255729967453
3.211255729967453
3.202494670211837
3.167145781332701
3.178220201862177
3.178220201862177
3.1388275218214474
3.1276616450811727
3.151893062212921
3.19010035741743
3.171468013404725
3.171468013404725
3.171468013404725
3.1641888290583267
3.1641888290583267
3.195339558511812
3.1889010194618077
3.1907021984584363
3.1907021984584363
3.1699495686777626
3.1679539696586705
3.1679539696586705
3.1679539696586705
3.176032212889328
3.211199604707533
3.2131494290297815
3.208131605868873
3.208131605868873
3.2011669789753068
3.2011669789753068
3.1648842737248333
3.1692903902143064
3.1879917056960023
3.1879917056960023
3.170235223217525
3.1587362645613375
3.167434503154966
3.1567649050758386
3.1625555526995384
3.164065684816242
3.184735489780054
3.203480163491898
3.1964871060426345
3.1835117215665503
3.1898086199871614
3.1942203079644518
3.1942203079644518
3.2125965570527577
3.2025608102034258
3.206055202523037
3.206055202523037
3.206055202523037
3.206055202523037
3.2142414490881395
3.1893801560742974
3.1893801560742974
3.1908423973506115
3.1775645722830346
3.1894399014290564
3.21104434334084
3.2256706479952273
3.18441252474268
3.180352989104703
3.1922309743287163
3.203467016501596
3.203467016501596
3.203467016501596
3.203467016501596
3.188064836400967
3.198300487711045
3.18683595138411
3.2308152518812685
3.2308152518812685
3.2430932582088774
3.237588011677234
3.242157553897677
3.242157553897677
3.2284684446266163
3.234420051082395
3.230759921385095
3.227098302443121
3.227098302443121
3.233447429609647
3.232062993972719
3.232062993972719
3.232062993972719
3.2046187444724197
3.2046187444724197
3.193206703655254
3.193206703655254
3.183585887506524
3.183585887506524
3.1821321420390616
3.1821321420390616
3.203112042416659
3.203112042416659
3.1863727322468614
3.179756445563086
3.1868071702466394
3.1868071702466394
3.1758383251063815
3.190433971848409
3.190433971848409
3.1982361165248467
3.176792367751782
3.176792367751782
3.172752057688995
3.196806750741986
3.196806750741986
3.196806750741986
3.196806750741986
3.194468969050136
3.200274514321485
3.1950816235746298
3.212330718867389
3.2148094197669814
3.2257636129038856
3.2003408018160844
3.2003512362582756
3.1966910685738945
3.201125233158864
3.1756548627201338
3.1756548627201338
3.1697299079496406
3.1697299079496406
3.1732291527557903
3.1676292338862972
3.1676292338862972
3.1680454963223714
3.1974856233701567
3.1974856233701567
3.1735079189114495
3.172249170751945
3.172249170751945
3.172249170751945
3.1532215292717285
3.1532215292717285
3.1514114160838846
3.1514114160838846
3.158702561723896
3.1698933406943963
3.17542818841336
3.1762347568962706
3.1762347568962706
3.1762347568962706
3.174753571622403
3.174753571622403
3.190985049551115
3.174090081131882
3.164990607395218
3.1527990875039587
3.1616483951250656
3.154340898878437
3.154340898878437
3.163553403028846
3.156538366804595
3.1394544826939472
3.1488274924113493
3.145764012241613
3.145764012241613
3.1568703410751953
3.1568703410751953
3.146408764174205
3.163509390765647
3.163509390765647
3.160696420825688
3.1533222289130998
3.1533222289130998
3.1533222289130998
3.1533222289130998
3.1533222289130998
3.193140265724077
3.205447728802771
3.185574622449518
3.1852710932461705
3.1852710932461705
3.1852710932461705
3.179771484017857
3.148841376942065
3.148841376942065
3.148841376942065
3.13504578361477
3.1528311488075427
3.1528311488075427
3.1560467590245156
3.1667005951076685
3.1673652400861414
3.166592448587249
3.159811587750443
3.159811587750443
3.176427384806905
3.18017098890276
3.185449547172784
3.185449547172784
3.185449547172784
3.185449547172784
3.1820341861225585
3.1820341861225585
3.1820341861225585
3.1795794273387035
3.1622930965729283
3.1622930965729283
3.156637693418298
3.1764988329676695
3.1764988329676695
3.1820430009208733
3.2200931622211297
3.2200931622211297
3.213308737426814
3.225414406400146
3.2271743061307516
3.2271743061307516
3.196903699638553
3.196903699638553
3.203635726517611
3.203635726517611
3.203635726517611
3.2095086637110017
3.212389259628819
3.212539621196256
3.212539621196256
3.212539621196256
3.2128544411351845
3.212371355420599
3.196674432349919
3.196351686506176
3.205996192522613
3.1865620477357086
3.197250575903564
3.1882043501108828
3.1844923275989268
3.1844923275989268
3.1739094026915176
3.1739094026915176
3.1810119585009855
3.196672022476532
3.196672022476532
3.169584754739391
3.190466600122425
3.190466600122425
3.190466600122425
3.190466600122425
3.19121280488232
3.19121280488232
3.170651789381723
3.1689701951573683
3.1684573657890915
3.2037363706801156
3.200329995459567
3.200329995459567
3.1985676783687746
3.1985676783687746
3.2089615457303178
3.1906143716075412
3.1906143716075412
3.1906143716075412
3.17305104894626
3.1901340127044704
3.2129043728374893
3.2213308809804393
3.214966661351066
3.1962109022064724
3.1831154745507613
3.1831154745507613
3.1831154745507613
3.1831154745507613
3.1996996291249333
3.1996996291249333
3.201120741892438
3.1868004035802038
3.1933587043403344
3.1933587043403344
3.2227887362895227
3.2227887362895227
3.2227887362895227
3.2227887362895227
3.219497509856903
3.236652420503325
3.220897716701171
3.220897716701171
3.2352556230126943
3.2219660813197972
3.214403897477059
3.212197140626116
3.197539051327826
3.2220665479653294
3.2135180646399384
3.226384978359538
3.2133971236804695
3.2133971236804695
3.2133971236804695
3.245687675351298
3.23547104879471
3.248689376610412
3.248689376610412
3.230723291766742
3.2259899064295934
3.234639358926199
3.241107781876577
3.2283552199644983
3.2283552199644983
3.2283552199644983
3.2283552199644983
3.2366380881582395
3.2366380881582395
3.229325846308181
3.2319404625424135
3.239524171769764
3.239524171769764
3.2324503498463026
3.2324503498463026
3.229837018318855
3.229837018318855
3.23819524349837
3.23819524349837
3.242054695071074
3.241946917361612
3.241946917361612
3.241946917361612
3.2247770957410533
3.2247770957410533
3.222425547403886
3.222425547403886
3.2277048955561427
3.2277048955561427
3.233848614791994
3.233848614791994
3.233848614791994
3.233848614791994
3.239801798848179
3.2119819628996003
3.2119819628996003
3.2119819628996003
3.2253785281412863
3.214120742120923
3.204911071526557
3.2152137500692364
3.218502939060564
3.217743195746382
3.2187428737341315
3.2187428737341315
3.2187428737341315
3.203751213920609
3.203751213920609
3.203751213920609
3.203751213920609
3.2079683198927924
3.209253740781889
3.2257364758071065
3.231528979943345
3.199679348808572
3.199679348808572
3.211917472071772
3.211917472071772
3.2117677501129847
3.2117677501129847
3.201400484413505
3.203439653243495
3.21232776043903
3.21232776043903
3.2088522946136417
3.2088522946136417
3.2118350116080467
3.2118350116080467
3.2118350116080467
3.2118350116080467
3.207927098361567
3.2037912305223837
3.2037912305223837
3.2037912305223837
3.2037912305223837
3.22679915829404
3.207403578032763
3.1813546156946506
3.1813546156946506
3.1808983993292803
3.202712526472911
3.202712526472911
3.2214859783488743
3.1867526687858385
3.221877201762833
3.206286570423795
3.206286570423795
3.1913810095610256
3.1913810095610256
3.204356078275409
3.189799243749688
3.184233802033035
3.191955563635768
3.217304453090458
3.2257124594843103
3.2060928922987926
3.2060928922987926
3.2045576944329484
3.217643113843868
3.217643113843868
3.2277426365692197
3.2277426365692197
3.2277426365692197
3.231757116408256
3.2203937964780205
3.246830060615995
3.2185039123716295
3.1899729151568916
3.2196382553945866
3.2196382553945866
3.2148920434126476
3.2148920434126476
3.2148920434126476
3.1988694001995035
3.1988694001995035
3.227956316418743
3.227956316418743
3.221077499366272
3.221077499366272
3.221077499366272
3.221077499366272
3.2260678234284508
3.2037354795054354
3.199033427863779
3.2055680047746473
3.212696889316028
3.2107898035431943
3.2257778489779394
3.2257778489779394
3.228519904217035
3.2311981200426243
3.236642621668772
3.233333018000262
3.2118156400197146
3.2197487519473964
3.2197487519473964
3.2078978753483343
3.1976528506831174
3.1976528506831174
3.1976528506831174
3.2133167045794258
3.2003867158769816
3.2003867158769816
3.1829016002955326
3.1852929058073496
3.1873966869205796
3.1876749806933193
3.1836156511559652
3.2104118762929654
3.207952858658631
3.206033933305018
3.204275138684062
3.204275138684062
3.211929899921629
3.225013729583381
3.2530164452783814
3.2665720884067877
3.2633013293575863
3.2564014372063554
3.2444387995739734
3.2444387995739734
3.2462446190740892
3.2462446190740892
3.2484097822247855
3.2484097822247855
3.2410065008003723
3.2437764018582014
3.2321633341723217
3.2210988251415493
3.2203738567510505
3.2203738567510505
3.2203738567510505
3.2008043115572185
3.2008043115572185
3.2008043115572185
3.213917286091147
3.213917286091147
3.2044106291971115
3.2044106291971115
3.2044106291971115
3.2044106291971115
3.2044106291971115
3.2044106291971115
3.2044106291971115
3.2044106291971115
3.2107001947314155
3.2190059207695754
3.199881892072319
3.195696781426526
3.195696781426526
3.2220409950095887
3.211331228169674
3.211331228169674
3.2204101254717328
3.2134644841148656
3.2134644841148656
3.2134644841148656
3.2107685657574825
3.2186435954573542
3.2217120086276605
3.2217120086276605
3.223936703363268
3.192921561168394
3.2086424701220873
3.2086424701220873
3.2086424701220873
3.2086424701220873
3.2086424701220873
3.206416338915839
3.206416338915839
3.212776019764932
3.18480122914546
3.18480122914546
3.1984064158960215
3.187478550503987
3.181446228139939
3.17557724178561
3.181288426712812
3.181288426712812
3.178229256198523
3.2099052297974175
3.2099052297974175
3.1956714497407614
3.1949044784725804
3.1949044784725804
3.198724228067056
3.198724228067056
3.224725421207785
3.2128697108657946
3.207519968870078
3.2145295517760384
3.2145295517760384
3.209129882529788
3.209129882529788
3.2143878046807477
3.2136763936289277
3.2020715175316394
3.2020715175316394
3.20213894532951
3.2205081101324216
3.2021873940315455
3.20962106846843
3.20962106846843
3.20962106846843
3.1887796485360114
3.221235975612102
3.221235975612102
3.221235975612102
3.221235975612102
3.219265599855287
3.219265599855287
3.217175149997886
3.21717077241437
3.208049254371094
3.2041804939325593
3.212544871799658
3.212544871799658
3.212544871799658
3.212544871799658
3.211549278814499
3.1978001989066347
3.1760752126145047
3.1930095454925653
3.1981460756472857
3.1981460756472857
3.2085615515257926
3.226054137966281
3.2311768458445167
3.235339858523926
3.2411072148164397
3.231523043412286
3.216154622981851
3.2194449930144224
3.2194449930144224
3.2194449930144224
3.2086623573513835
3.2086623573513835
3.2086623573513835
3.2086623573513835
3.2086623573513835
3.2067001315089216
3.227068578436269
3.227068578436269
3.2289015578937548
3.2331020234358774
3.2331020234358774
3.2254813605387116
3.2254813605387116
3.2494657205622755
3.2494657205622755
3.2494657205622755
3.2494657205622755
3.250827295128179
3.24072566585528
3.225643029225789
3.225643029225789
3.1905082008280186
3.19352928353456
3.19352928353456
3.1922689925906917
3.2060806887394806
3.2060806887394806
3.20911758653807
3.20911758653807
3.2071844095951048
3.2120677514455274
3.212792431570776
3.212792431570776
3.212792431570776
3.1967301339267933
3.185307126216951
3.185307126216951
3.1891463138017997
3.1881139712165023
3.172714535950213
3.172714535950213
3.184706974147241
3.192266403806794
3.179450452060973
3.179450452060973
3.179450452060973
3.1923606725534293
3.168718881125528
3.1820702142169286
3.1817440538417068
3.1817440538417068
3.17907622972409
3.17907622972409
3.17114290340241
3.203869385556879
3.203869385556879
3.203869385556879
3.20920629578259
3.1963192530963065
3.1963192530963065
3.2195590941207137
3.2328701826610664
3.2328701826610664
3.231250941333538
3.229531710789217
3.244969208999519
3.244969208999519
3.244969208999519
3.244969208999519
3.2276376375250635
3.229034959144307
3.2384853381839527
3.2384853381839527
3.235666325980361
3.2419412708727315
3.2419412708727315
3.2454400548644298
3.2213074723870143
3.2213074723870143
3.2324716645925067
3.218131040816222
3.2056453083258885
3.213471889023756
3.2252877148227586
3.2252877148227586
3.2252877148227586
3.2252877148227586
3.216993377128671
3.21671762456372
3.21671762456372
3.2035311490972416
3.1908257985513186
3.185616719207749
3.190458590674537
3.202299875329441
3.202299875329441
3.216606825268844
3.230388796566189
3.230388796566189
3.2478756916112053
3.2426457075977315
3.2508862145843263
3.2508862145843263
3.2508862145843263
3.241143395902355
3.2438824725208804
3.231772488348913
3.231772488348913
3.231772488348913
3.222302883081043
3.2237565609948495
3.2383351620910474
3.2255988989757975
3.2139438387742376
3.2139438387742376
3.214528479503647
3.214528479503647
3.220410644236184
3.220410644236184
3.211041417253858
3.227859791854339
3.232656358812863
3.2366556193789138
3.2366556193789138
3.2366556193789138
3.249555200276144
3.2601830731447965
3.2601830731447965
3.2601830731447965
3.2601830731447965
3.2145186884072103
3.21267303932042
3.21267303932042
3.2135767980508234
3.225666115505938
3.2458008640632516
3.2277830195224517
3.239105230615218
3.232591375535196
3.2208560224114864
3.202820258435248
3.2077290591896896
3.2077290591896896
3.197884063701129
3.177978026435027
3.177978026435027
3.177978026435027
3.1710896315012462
3.1664774062060865
3.1664774062060865
3.175691145636038
3.183123122147657
3.1758278910185664
3.185049040933343
3.1768977337258244
3.1768977337258244
3.1656625566251186
3.1656625566251186
3.165346633660424
3.203296652795165
3.213878571251588
3.213878571251588
3.2148669628207958
3.2148669628207958
3.2365650235874317
3.233000928943009
3.233000928943009
3.230465214373338
3.209311232630433
3.209311232630433
3.1982569944570503
3.1792289069802013
3.1792289069802013
3.194956393123351
3.1948407166988066
3.175114689986306
3.170566685285734
3.170566685285734
3.170566685285734
3.170566685285734
3.170566685285734
3.1702624505348482
3.1879145194943046
3.203474156734013
3.203474156734013
3.1969357603506974
3.170520465372414
3.170520465372414
3.184219524879568
3.1746614040107812
3.1746614040107812
3.176164972646405
3.177090419776883
3.177090419776883
3.2045311690669034
3.2045311690669034
3.200347095585146
3.200347095585146
3.1964710901103053
3.1964710901103053
3.1964710901103053
3.217922934073843
3.228342358715868
3.2103505730182675
3.2103505730182675
3.2110823583136434
3.220848751298265
3.220848751298265
3.220848751298265
3.220848751298265
3.220848751298265
3.220848751298265
3.2231964217556603
3.2218710957579666
3.2384461195299625
3.225911371486436
3.238582214129001
3.2401784043834345
3.2401784043834345
3.229160749329536
3.229160749329536
3.236051356734832
3.215020089109211
3.198331870286416
3.198331870286416
3.198331870286416
3.2086257279648667
3.2086257279648667
3.2086257279648667
3.206055204282138
3.206055204282138
3.206055204282138
3.1770702393235126
3.1801491199514125
3.1801491199514125
3.1801491199514125
3.1941900191965678
3.1941900191965678
3.1941900191965678
3.1941900191965678
3.181122876020025
3.190024263791355
3.213657426689083
3.213657426689083
3.213657426689083
3.2086328505319197
3.2086328505319197
3.2056264144756224
3.2056264144756224
3.2064627259088416
3.2190656117789325
3.2257882914350615
3.2225094593128105
3.2225094593128105
3.2362970671355487
3.2173056481805844
3.227396072175275
3.227396072175275
3.22078965649766
3.22078965649766
3.216742017035968
3.2075841377330163
3.235249261353789
3.2329180319696116
3.223525626886826
3.223525626886826
3.1934336399346264
3.1941609999046316
3.1941609999046316
3.1866726397652645
3.1866726397652645
3.1866726397652645
3.1902644023092503
3.1927044814902166
3.1927044814902166
3.1927044814902166
3.1822912903976626
3.187040341980115
3.187040341980115
3.2105137051395563
3.2105137051395563
3.1979031920340577
3.1896155539487907
3.1918344818154742
3.1918344818154742
3.1948536207260725
3.1948536207260725
3.169192008263426
3.159695529642653
3.1722202042755914
3.2020769062866226
3.2246690901666555
3.2246690901666555
3.2246690901666555
3.2246690901666555
3.22173657995355
3.2243238936648577
3.227969340595864
3.227969340595864
3.2187245234205397
3.225337101418232
3.2327948808492115
3.2327948808492115
3.2327948808492115
3.2327948808492115
3.2327948808492115
3.2327948808492115
3.2327948808492115
3.2256988464926386
3.2337994263404455
3.2292898792785065
3.2292898792785065
3.2292898792785065
3.210108637528359
3.23288061332313
3.2358400668522957
3.2188158884523714
3.2188158884523714
3.2188158884523714
3.221053316426286
3.221053316426286
3.231231629814447
3.2242382515204593
3.2242382515204593
3.2233486955389767
3.2233486955389767
3.2174090188869875
3.218126286513498
3.2404297781311655
3.2404297781311655
3.2404297781311655
3.2404297781311655
3.2404297781311655
3.23645010185555
3.226495848300677
3.228450323937919
3.2306118403696193
3.2306118403696193
3.2306118403696193
3.2306118403696193
3.2327217633547622
3.2188729447529556
3.2192384731054697
3.2192384731054697
3.2192384731054697
3.2192384731054697
3.2063867101076213
3.1990743376942596
3.2173676071924846
3.227260993214302
3.227260993214302
3.1928055034513463
3.1928055034513463
3.1928055034513463
3.2131013437988662
3.2155194081192735
3.2170478498902355
3.2123226830617297
3.197187978582101
3.2315316666511715
3.2315316666511715
3.2315316666511715
3.2330168092901954
3.2203895885910168
3.2203895885910168
3.2177165285424265
3.2177165285424265
3.181718609915874
3.2042307340706286
3.174132622846394
3.170433509109225
3.170433509109225
3.205055343601255
3.195448226905434
3.2009928847905966
3.185681777881489
3.185681777881489
3.2104077103716393
3.192918545826953
3.2097876430041934
3.2097876430041934
3.1915738663327136
3.1915738663327136
3.1915738663327136
3.1915738663327136
3.1915738663327136
3.1915738663327136
3.1915738663327136
3.1915738663327136
3.1992233368100123
3.1992233368100123
3.1992233368100123
3.2133566099155253
3.195135014313592
3.2006197437058725
3.2006197437058725
3.1926098065087953
3.1926098065087953
3.2011847301643273
3.2011847301643273
3.2011847301643273
3.212985041672826
3.2033951021344937
3.2033951021344937
3.2050410401261744
3.2065276192701697
3.2194435591789765
3.251573634402896
3.239340314400839
3.239340314400839
3.239340314400839
3.228449189410407
3.228449189410407
3.228449189410407
3.228449189410407
3.228449189410407
3.228449189410407
3.220036400011555
3.2151307012783876
3.218334507679475
3.214650181185847
3.214650181185847
3.2544066647667185
3.2544066647667185
3.2544066647667185
3.2544066647667185
3.2582942311223477
3.2582942311223477
3.2582942311223477
3.253593848937288
3.24143741711926
3.24143741711926
3.221087931557981
3.221087931557981
3.2499591271441193
3.230354252707629
3.230354252707629
3.2614297939357026
3.2614297939357026
3.2515125388260726
3.265268892855937
3.265268892855937
3.2661545119783097
3.2661545119783097
3.2661545119783097
3.2643843796081313
3.2697548560166227
3.266902096041666
3.260246621506384
3.2601669824405097
3.271007491006317
3.271007491006317
3.2625186383568696
3.2658897816843964
3.2729730279779763
3.2507288632251354
3.2507288632251354
3.251082051413401
3.251082051413401
3.2822683099060677
3.2818238871510697
3.257463775716345
3.236334904162371
3.236334904162371
3.2423108439043515
3.2590317386445307
3.2590317386445307
3.2590317386445307
3.2590317386445307
3.2590317386445307
3.2336211872813014
3.2336211872813014
3.21107269085925
3.21107269085925
3.21107269085925
3.208304504219539
3.2020091022356865
3.2020091022356865
3.2117771081944255
3.2117771081944255
3.22066511058584
3.212292590467666
3.213972069594835
3.21592914785296
3.21592914785296
3.21592914785296
3.21592914785296
3.23198679753399
3.2130116918768743
3.2181628516292315
3.235321521141373
3.224177821986954
3.2323458540163164
3.2067338212399124
3.212699708745031
3.212699708745031
3.19128728958918
3.216543700711636
3.227840590545608
3.2307790649064274
3.2307790649064274
3.224062590093076
3.2144852271154307
3.2144852271154307
3.214755486510912
3.214755486510912
3.214755486510912
3.197950777399356
3.198369321864617
3.1789961965177254
3.177528702536501
3.1891270417560134
3.1989357409300068
3.1989357409300068
3.214333731990428
3.2046709267447566
3.2046709267447566
3.1889600779306764
3.1889600779306764
3.1889600779306764
3.2077084927837807
3.2077084927837807
3.2110608476440166
3.1999520905081695
3.2148024188356796
3.198911418052614
3.2201477365949462
3.20964716791091
3.228611109198853
3.228611109198853
3.231657220945196
3.231657220945196
3.231657220945196
3.2130467184408835
3.2130467184408835
3.2120504862243715
3.2120504862243715
3.2120504862243715
3.204565951906748
3.2154725925502357
3.1937199207781335
3.1937199207781335
3.2106830885720345
3.191627592663623
3.191627592663623
3.200786931850769
3.22602198118519
3.22602198118519
3.22602198118519
3.22602198118519
3.2186647113243123
3.1972347024296384
3.196886651480158
3.196886651480158
3.196886651480158
3.1968873486731075
3.1936799599203
3.1936799599203
3.1936799599203
3.2160554285224925
3.2160554285224925
3.221116470055369
3.228474420287278
3.221029461669207
3.207784253108208
3.207784253108208
3.207784253108208
3.1896843564699666
3.190329071711422
3.191841758995911
3.2030081818594502
3.2030081818594502
3.2030081818594502
3.1911762481686137
3.191418796156485
3.191418796156485
3.2031737291127595
3.1870546625263865
3.1870546625263865
3.1629755097571235
3.1629755097571235
3.18710778019451
3.18710778019451
3.18710778019451
3.18710778019451
3.2151486195201415
3.1915550571381415
3.20585312099535
3.20585312099535
3.20585312099535
3.20585312099535
3.1947889956996263
3.1947889956996263
3.1947889956996263
3.1947889956996263
3.195830054601156
3.195830054601156
3.195830054601156
3.1936804946101423
3.1936804946101423
3.1994805023911077
3.1994805023911077
3.1889880484391924
3.1889880484391924
3.1755017681838806
3.1804462152024775
3.1941785823757525
3.1941785823757525
3.1941785823757525
3.167196129132773
3.167196129132773
3.167196129132773
3.1694722257636347
3.1676951304665546
3.1836179531584694
3.1836179531584694
3.183359360113245
3.18984925268858
3.1731536127353044
3.1770454775730848
3.1770454775730848
3.1670189771618054
3.193563889297553
3.199879642689042
3.199879642689042
3.1996348956120837
3.1996348956120837
3.193529401349185
3.193529401349185
3.193529401349185
3.193529401349185
3.193529401349185
3.193529401349185
3.1886945197412193
3.1886945197412193
3.1817033533070074
3.1817033533070074
3.168132047606823
3.168132047606823
3.171632848318957
3.171632848318957
3.171632848318957
3.171632848318957
3.1964704557735666
3.1937027917684673
3.1695643897902532
3.1695643897902532
3.1762202770559176
3.185304034918998
3.2003861222550714
3.2003861222550714
3.2003861222550714
3.2003861222550714
3.1987968419896617
3.2184059140966785
3.189230377149449
3.2018719707586563
3.2018719707586563
3.2018719707586563
3.204281607647441
3.204281607647441
3.2036678413011184
3.1701601069853664
3.1701601069853664
3.1701601069853664
3.1701601069853664
3.173035905026631
3.165428195895527
3.165428195895527
3.165428195895527
3.165428195895527
3.1718609073806974
3.1656624883738207
3.1656624883738207
3.172646366998728
3.2087648687695403
3.2087648687695403
3.2088878989131064
3.1988193368045104
3.195779615878967
3.178745110426452
3.178745110426452
3.1824921824821493
3.1824921824821493
3.1973769697650867
3.1973769697650867
3.1973769697650867
3.1973769697650867
3.1895675057805946
3.1895675057805946
3.2075870987526374
3.198723200624799
3.198723200624799
3.23637273914335
3.23637273914335
3.23637273914335
3.23637273914335
3.23637273914335
3.23637273914335
3.2455726485958887
3.2455726485958887
3.2455726485958887
3.2066573117177217
3.2083093442265986
3.2074094744804866
3.205835936212531
3.205835936212531
3.205835936212531
3.2035769724120895
3.2035769724120895
3.2035769724120895
3.1900057717594352
3.1900057717594352
3.1900057717594352
3.1938026172112135
3.184762831106983
3.184762831106983
3.193305845189079
3.193305845189079
3.2026800111366502
3.1994292059167213
3.2198220020527453
3.2154555594513083
3.2154555594513083
3.2189367972457017
3.2189367972457017
3.2261663021105376
3.22349334027031
3.2134482884983138
3.2134482884983138
3.21288439681804
3.207319758267355
3.207319758267355
3.2021126647360973
3.206623132647277
3.195750691713295
3.195750691713295
3.2020209267929327
3.2020209267929327
3.2020209267929327
3.2306566421163887
3.2309937714893473
3.2309937714893473
3.1995620341740145
3.1995620341740145
3.1991275935008345
3.177138735996727
3.162847301892956
3.169253806821474
3.1633435392804143
3.1799185573256317
3.1847042777082937
3.1847042777082937
3.1847042777082937
3.1624413349384124
3.1841553734167922
3.1841553734167922
3.1901575381453977
3.1935231359348486
3.1935231359348486
3.2068629514222184
3.2068629514222184
3.2143894045442902
3.229513325924114
3.229513325924114
3.224105024194907
3.239718609063229
3.239718609063229
3.2421610641698466
3.249884680836865
3.2125030419894816
3.2226340738707475
3.2226340738707475
3.232190264379003
3.2250759475880426
3.2126038375179164
3.193740750827787
3.19962758634297
3.19962758634297
3.212463347609519
3.1906937655486405
3.1906937655486405
3.208959629457116
3.199269888671466
3.199269888671466
3.199269888671466
3.186971679008145
3.186971679008145
3.1751604918893626
3.1853542286636154
3.1853542286636154
3.191404795346909
3.2029993644000543
3.2029993644000543
3.1988119849274863
3.2019251962895683
3.2150516291883138
3.2150516291883138
3.2119799844066517
3.2119799844066517
3.2063811496598715
3.2063811496598715
3.2063811496598715
3.2108816791386747
3.2108816791386747
3.2108816791386747
3.209865433308049
3.209865433308049
3.226491611761952
3.226491611761952
3.226491611761952
3.1963056390583406
3.1963056390583406
3.1963056390583406
3.1866686189158457
3.195260351500042
3.184778616173304
3.184778616173304
3.1863552249568126
3.1863552249568126
3.1896922487057107
3.195088189506406
3.1620241407589433
3.1729450771633
3.2107916999679036
3.2067594758939078
3.208717868805526
3.2019311478843884
3.207087759039821
3.227101545332884
3.2332834434406723
3.2382649220262003
3.2361302531690295
3.2433050402064123
3.2202061937008115
3.2155040413041696
3.2155040413041696
3.2027955655825995
3.1840602229603694
3.1840602229603694
3.1827842423213224
3.215489014110852
3.226145022221832
3.226145022221832
3.226145022221832
3.223539997243669
3.21775883586428
3.196735663210128
3.196735663210128
3.196735663210128
3.196735663210128
3.218675886413917
3.2253891916763076
3.2130127428392816
3.193093870683315
3.193093870683315
3.193093870683315
3.193093870683315
3.193093870683315
3.19294077814974
3.2000927444994094
3.2065447017309
3.2065447017309
3.217877563662214
3.217877563662214
3.232280761408317
3.230853548185724
3.2188375579775435
3.2188375579775435
3.237981146125814
3.2247125515759762
3.21314135462523
3.2416909974408843
3.215257230404856
3.208076040940028
3.208076040940028
3.2260103285070376
3.2260103285070376
3.2260103285070376
3.190296939339136
3.190296939339136
3.190296939339136
3.2016347559670844
3.206763295282372
3.206763295282372
3.210188613729614
3.1938695418603005
3.1938695418603005
3.1945569695499936
3.1945569695499936
3.1885240477220416
3.1879337370826555
3.1879337370826555
3.176894170278345
3.176894170278345
3.176894170278345
3.1719142429900566
3.1719142429900566
3.1719142429900566
3.188526665467617
3.1798577572639055
3.192572905276748
3.1923630679807338
3.1923630679807338
3.200805973373129
3.1980516591051407
3.1906919171672117
3.1906919171672117
3.206273884824214
3.2122923836198725
3.1953993583948295
3.1975888424515433
3.2007343613978185
3.1908100751314246
3.1908100751314246
3.1908100751314246
3.1908100751314246
3.1908100751314246
3.1908100751314246
3.213956529056521
3.216073486126249
3.2091465694215704
3.218686427794427
3.195571833222289
3.195571833222289
3.1675267770396958
3.173113936392725
3.173823162923282
3.1606386395467045
3.1606386395467045
3.193671043431548
3.187829072484672
3.1965223913309058
3.1997303894188667
3.1997303894188667
3.1997303894188667
3.1997303894188667
3.1911674968524255
3.2105298312396133
3.2105298312396133
3.2345212111562622
3.2345212111562622
3.211323223411479
3.211323223411479
3.211323223411479
3.211323223411479
3.2098470058904702
3.2221450448493845
3.217338573651557
3.217338573651557
3.1880061241851836
3.1880061241851836
3.1880061241851836
3.1880061241851836
3.1880061241851836
3.1880061241851836
3.1795846269086163
3.2077338810143123
3.2010169954929792
3.2010169954929792
3.190289641709989
3.190289641709989
3.190289641709989
3.18772081159609
3.18772081159609
3.18772081159609
3.18772081159609
3.18772081159609
3.18772081159609
3.18772081159609
3.18772081159609
3.1940731174016808
3.1940731174016808
3.1940731174016808
3.2001433850066747
3.2001433850066747
3.2001433850066747
3.19703878374536
3.214219259655255
3.2301812621998893
3.2301812621998893
3.2301812621998893
3.2301812621998893
3.2301812621998893
3.2005609408886437
3.2005609408886437
3.1951644596705195
3.1951644596705195
3.1951644596705195
3.1951644596705195
3.1966579951605025
3.1966579951605025
3.1966579951605025
3.1966579951605025
3.220482557567283
3.212159822804515
3.212159822804515
3.2135823766297467
3.2219021938410703
3.2311553947905525
3.2311553947905525
3.2311553947905525
3.2311553947905525
3.1902321193660312
3.1902321193660312
3.2116309011974074
3.205755604775992
3.2394632002092547
3.2394632002092547
3.2212168860104744
3.2212168860104744
3.2159635961468678
3.2159635961468678
3.210722369938309
3.2330770569857488
3.224759125191939
3.224759125191939
3.2271233083876063
3.211149017679526
3.208131038145482
3.208131038145482
3.208131038145482
3.2220270968806264
3.192697458482933
3.192697458482933
3.192697458482933
3.1678532546659177
3.1678532546659177
3.1776127457014454
3.1772569358166565
3.174141917502414
3.174141917502414
3.174366952717037
3.172556246428733
3.187684487256104
3.187684487256104
3.201707982936192
3.201707982936192
3.1842532986691015
3.1842532986691015
3.1842532986691015
3.189886310751408
3.196600648972361
3.196600648972361
3.196600648972361
3.175921550607572
3.182940021867278
3.182940021867278
3.170286059984549
3.1846248379809734
3.1846248379809734
3.1846248379809734
3.1689513685979716
3.1657277008468014
3.1657277008468014
3.193423638798861
3.193423638798861
3.1950342779515335
3.191728627932421
3.191728627932421
3.191728627932421
3.191728627932421
3.216056355043734
3.203542365243194
3.203542365243194
3.203542365243194
3.2164591504800466
3.2164591504800466
3.220338762775323
3.229351728162859
3.229351728162859
3.229351728162859
3.2203862367346785
3.190561965665524
3.190561965665524
3.208569381391937
3.2080819191099263
3.21209507442077
3.21209507442077
3.179252315712532
3.179252315712532
3.179252315712532
3.179252315712532
3.183385065508379
3.1973658503164644
3.2010833250917377
3.2010833250917377
3.177596450253141
3.1830318551825134
3.1830318551825134
3.1830318551825134
3.178981974819698
3.177388737416292
3.177388737416292
3.196994370826524
3.196994370826524
3.1752681019130797
3.1862524225994577
3.1626394613097624
3.1626394613097624
3.173224395770835
3.1796836817219125
3.17670053996795
3.188691519170748
3.188691519170748
3.1651029986678374
3.1646670473347758
3.1646670473347758
3.17855838054929
3.164472422718965
3.2013279411681226
3.194130258442321
3.194130258442321
3.194130258442321
3.1960748534638475
3.182436592922586
3.182436592922586
3.177900144279516
3.177900144279516
3.174072148945013
3.1746027451209993
3.1746027451209993
3.1741978795797854
3.1741978795797854
3.1741978795797854
3.171104186950406
3.171104186950406
3.17699024537257
3.19910657221626
3.181025196295271
3.1827603778338944
3.1827603778338944
3.1960137006315583
3.2012810883735967
3.2012810883735967
3.2012810883735967
3.2012810883735967
3.1904261852496223
3.1821769470010817
3.183380070642551
3.196873869305324
3.1923026752114154
3.1923026752114154
3.1923026752114154
3.1891680762808106
3.1891680762808106
3.17498905703375
3.174364514901066
3.174364514901066
3.1801698715093742
3.1801698715093742
3.1801698715093742
3.173455929620146
3.189481850659456
3.189481850659456
3.1786102271514602
3.1786102271514602
3.1829073162913986
3.172311501564104
3.1686554527054955
3.183780898986602
3.183780898986602
3.1824635491427444
3.1824635491427444
3.1797417974716335
3.1736232804254523
3.17752242890096
3.17752242890096
3.170304670041041
3.1699638730713025
3.1862032375051887
3.1862032375051887
3.197335828177795
3.197335828177795
3.197335828177795
3.1886760854390985
3.1886760854390985
3.1886760854390985
3.1886760854390985
3.1793601417514807
3.1805619027649152
3.202328140228174
3.202328140228174
3.204184931783626
3.204184931783626
3.199317625923146
3.2244673490260203
3.2069361941177905
3.2210583048208807
3.2210583048208807
3.2490953010311117
3.2490953010311117
3.224662846492549
3.224662846492549
3.224662846492549
3.218934057350782
3.218934057350782
3.2217546532936896
3.232376248698323
3.2426966406072997
3.2501155256673164
3.2522460768763137
3.236672256992993
3.236672256992993
3.2342651189870524
3.2309886169485766
3.2309886169485766
3.2309886169485766
3.231180576473492
3.231180576473492
3.231180576473492
3.2322305154438316
3.2051333968358677
3.221602994430492
3.25059713566047
3.25059713566047
3.2443965165935014
3.254255102823563
3.2567858328833643
3.235852470861009
3.235852470861009
3.2462578226886984
3.2263268485165573
3.2136793508426154
3.2136793508426154
3.1928052067709722
3.1992880817697844
3.1992880817697844
3.1992880817697844
3.18498771294534
3.1839588063582998
3.181185396852209
3.181185396852209
3.184558505363025
3.188269596017187
3.188269596017187
3.188269596017187
3.200605715452797
3.189587808878396
3.1671591141501088
3.1671591141501088
3.1671591141501088
3.1671591141501088
3.1930475847049378
3.1930475847049378
3.1930475847049378
3.1894083615428177
3.1955418256268575
3.2170320710777816
3.2170320710777816
3.2105846103580293
3.194745140987024
3.1988909662579403
3.193466567220309
3.193466567220309
3.193466567220309
3.193466567220309
3.2073962038843566
3.220473580303303
3.221677572114985
3.221677572114985
3.1979272146354463
3.2094341158905535
3.2276686522314466
3.236836622203103
3.236836622203103
3.2378610225821545
3.2310851236441005
3.2310851236441005
3.2310851236441005
3.2310851236441005
3.2181152902651653
3.2187315117585786
3.2187315117585786
3.2187315117585786
3.1976460743135595
3.1976460743135595
3.1976460743135595
3.1909565448087536
3.1909565448087536
3.186195543864856
3.2132935203584547
3.2122670778758007
3.2122670778758007
3.2122670778758007
3.1967498816260362
3.1962878371794488
3.1891401663384196
3.1891401663384196
3.1891401663384196
3.198363202605809
3.198363202605809
3.189072337819121
3.181099019408497
3.1908406225221264
3.1908406225221264
3.1920957522025026
3.199463315118362
3.1914865322903747
3.221514686704678
3.221514686704678
3.221514686704678
3.194344817944031
3.194344817944031
3.194344817944031
3.194344817944031
3.21378377389589
3.196232614119943
3.2296245589114845
3.2296245589114845
3.2287454875182475
3.201020683671858
3.201020683671858
3.201020683671858
3.2098116679795328
3.2052327046634335
3.2052327046634335
3.2052327046634335
3.2052327046634335
3.2229363667396083
3.2198256606861047
3.2198256606861047
3.2082805263456664
3.2082805263456664
3.202055428569673
3.2071173617382422
3.2071173617382422
3.2094182246307636
3.2103230309292807
3.2103230309292807
3.2103230309292807
3.1968968953689356
3.2042286276437775
3.2042286276437775
3.2042286276437775
3.2042286276437775
3.2042286276437775
3.198625870526381
3.198625870526381
3.198625870526381
3.198625870526381
3.2185122974204927
3.209078792189263
3.209078792189263
3.209078792189263
3.1883398206006954
3.1917778298045505
3.1866769105441204
3.184868591753975
3.1776229250157604
3.1701068245046584
3.1701068245046584
3.1649850297228617
3.1713670217137833
3.1970866262630357
3.202076144529841
3.196451757237481
3.180804386625232
3.1780051568328225
3.1780051568328225
3.1663531838897967
3.175097676510259
3.1751376590182536
3.1849536310907016
3.182971922816259
3.2125349659694877
3.2125349659694877
3.2125349659694877
3.2065584084247054
3.2075327871805093
3.2075327871805093
3.2075327871805093
3.2075327871805093
3.209291642736799
3.209291642736799
3.2121068096746446
3.2121068096746446
3.237004973631167
3.237004973631167
3.237004973631167
3.2314304873867994
3.2297448488845966
3.2297448488845966
3.2297448488845966
3.218729039737379
3.218729039737379
3.218729039737379
3.218729039737379
3.207955443576733
3.2054238424973907
3.2054238424973907
3.1957471123851184
3.1956744886729993
3.1956744886729993
3.174604773821587
3.174604773821587
3.174604773821587
3.178482169522078
3.178482169522078
3.1768345165923275
3.1657602185927973
3.1769505084574203
3.180392032201004
3.178198616158919
3.1864689671541644
3.1864689671541644
3.1864689671541644
3.1864689671541644
3.1864689671541644
3.1864689671541644
3.203949059236011
3.203949059236011
3.203949059236011
3.214091274044804
3.214091274044804
3.214091274044804
3.214091274044804
3.214091274044804
3.2023494902305862
3.2178330753721225
3.2132176537225714
3.2132176537225714
3.1877283672242354
3.1877283672242354
3.1877283672242354
3.1877283672242354
3.1877283672242354
3.1877283672242354
3.1877283672242354
3.1877283672242354
3.1877283672242354
3.1877283672242354
3.204337156964669
3.204337156964669
3.204337156964669
3.204337156964669
3.1938847989210606
3.1938847989210606
3.1938847989210606
3.1938847989210606
3.1938847989210606
3.1938847989210606
3.1938847989210606
3.2122253094038085
3.2122253094038085
3.225466255844948
3.225466255844948
3.222869578177599
3.2453122804659698
3.239035899191923
3.239035899191923
3.239035899191923
3.2188465551107144
3.2188465551107144
3.2219855018829855
3.2173651460225217
3.2173651460225217
3.2311504324472353
3.2311504324472353
3.2311504324472353
3.2222867759555824
3.184683295453193
3.184683295453193
3.184683295453193
3.1881390625800776
3.1851193755917517
3.1851193755917517
3.1862657973438595
3.1810122337958195
3.1557991013478266
3.1711230470499525
3.16675327296521
3.16675327296521
3.16675327296521
3.172462720124735
3.172462720124735
3.1922213213513606
3.194288498468835
3.194288498468835
3.194288498468835
3.1919560041697435
3.2291439479717456
3.236359795259219
3.2138358356997627
3.2191348043109986
3.2191348043109986
3.2284474971297543
3.2060381495287666
3.2060381495287666
3.224874910395596
3.228472271133681
3.2182567328334275
3.220460457639955
3.232811855495594
3.2278952141699064
3.2278952141699064
3.2280403861030127
3.208518629926667
3.2183180600899153
3.2183180600899153
3.221849478420189
3.227087795372947
3.2051175598814527
3.211699799190666
3.2067108164337417
3.2067108164337417
3.203788232587203
3.1915522060038235
3.1946286480563235
3.1946286480563235
3.1946286480563235
3.205686659941107
3.2021153910164717
3.2021153910164717
3.201124739964011
3.2153438739592204
3.2181760343993195
3.2181760343993195
3.2158554339035925
3.2366871810313906
3.212934421471528
3.212934421471528
3.220239224262381
3.220239224262381
3.220417886352754
3.220417886352754
3.220417886352754
3.2112117206251596
3.2115689322373826
3.2115689322373826
3.2149016526207763
3.2149016526207763
3.2149016526207763
3.196955534699971
3.189596268707225
3.1894996985408346
3.1986903548244006
3.218193578013424
3.222132490106905
3.216769497373725
3.216769497373725
3.216769497373725
3.1996364784999356
3.1996364784999356
3.194796614240636
3.190907859182119
3.190907859182119
3.196412427865019
