3.0196252466505937
3.0196252466505937
3.0196252466505937
3.0196252466505937
3.0196252466505937
3.0196252466505937
3.0196252466505937
3.0196252466505937
3.0196252466505937
3.0196252466505937
3.0196252466505937
3.0196252466505937
3.0196252466505937
3.0196252466505937
3.0196252466505937
3.0196252466505937
3.0196252466505937
3.0196252466505937
3.0196252466505937
3.0196252466505937
3.0196252466505937
3.0196252466505937
3.0196252466505937
3.0196252466505937
3.0196252466505937
3.0196252466505937
3.0196252466505937
3.0196252466505937
3.0196252466505937
3.0196252466505937
3.0196252466505937
3.0196252466505937
3.0196252466505937
3.0196252466505937
3.0196252466505937
3.0196252466505937
3.0196252466505937
3.0196252466505937
3.0196252466505937
3.0196252466505937
3.0196252466505937
3.0196252466505937
3.0196252466505937
3.0196252466505937
3.0196252466505937
3.0196252466505937
3.0196252466505937
3.0196252466505937
3.0196252466505937
3.0196252466505937
3.0196252466505937
3.0196252466505937
3.0196252466505937
3.0196252466505937
3.0196252466505937
3.0196252466505937
3.0196252466505937
3.0196252466505937
3.0196252466505937
3.0196252466505937
3.0196252466505937
3.0196252466505937
3.0196252466505937
3.0196252466505937
3.0196252466505937
3.0196252466505937
3.0196252466505937
3.0196252466505937
3.0196252466505937
3.0196252466505937
3.0196252466505937
3.0196252466505937
3.0196252466505937
3.0196252466505937
3.0196252466505937
3.0196252466505937
3.0196252466505937
3.0196252466505937
3.0196252466505937
3.0196252466505937
3.0196252466505937
3.0196252466505937
3.0196252466505937
3.0196252466505937
3.0196252466505937
3.0196252466505937
3.0196252466505937
3.0196252466505937
3.0196252466505937
3.0196252466505937
3.0196252466505937
3.0196252466505937
3.0196252466505937
3.0196252466505937
3.0196252466505937
3.0196252466505937
3.0196252466505937
3.0196252466505937
3.0196252466505937
3.0196252466505937
3.008618914375568
2.981650242710272
2.968186065010871
2.968186065010871
2.9473351271542234
2.9320323980542824
2.9320323980542824
2.9320323980542824
2.937515026253327
2.9875715664849563
2.9875715664849563
2.9728576756391587
2.9666048943200685
2.9666048943200685
2.9666048943200685
2.9666048943200685
2.9759309635795432
2.9759309635795432
2.9759309635795432
2.9759309635795432
2.992827365233637
2.989798194906151
2.997679086854035
2.995897744221854
3.0069246662564275
3.0183648897364943
3.0404903726210524
3.045317224048927
3.0397644611811456
3.042672935820703
3.042111964502801
3.042111964502801
3.042111964502801
3.042111964502801
3.045635375973149
3.045635375973149
3.045635375973149
3.060088894315621
3.0734047789763577
3.0742703137727503
3.0742703137727503
3.0742703137727503
3.0837660840768426
3.0837660840768426
3.0837660840768426
3.0837660840768426
3.0837660840768426
3.095564595906753
3.0881101533235715
3.090540868065687
3.1167916717414776
3.1167916717414776
3.130407123238516
3.135107379051678
3.126590143149289
3.12588406234402
3.125277704683668
3.125277704683668
3.132235643853543
3.132235643853543
3.132235643853543
3.1452879423920113
3.1452879423920113
3.15426699989154
3.15426699989154
3.15426699989154
3.16972542023658
3.1993489003639017
3.1949364928067787
3.1949364928067787
3.1962104912099036
3.1962104912099036
3.184320085900244
3.184320085900244
3.179944105598892
3.186270939410523
3.2064179248331177
3.1737055538411636
3.1916665274351836
3.1916665274351836
3.1916665274351836
3.1916665274351836
3.1916665274351836
3.193473422727695
3.193473422727695
3.193473422727695
3.1945385615024473
3.190001821231827
3.1902856468429475
3.203233799081243
3.1878925237330584
3.1878925237330584
3.1878925237330584
3.181024783453063
3.181024783453063
3.1703763577327915
3.1703763577327915
3.1703763577327915
3.1703763577327915
3.142427479935008
3.177134756404468
3.177134756404468
3.198665550334828
3.202612929909356
3.205177298560715
3.205177298560715
3.205177298560715
3.205177298560715
3.205177298560715
3.194013199666465
3.207296112176047
3.207296112176047
3.207296112176047
3.211009527681979
3.211009527681979
3.211009527681979
3.2229957546809724
3.2229957546809724
3.198362151916431
3.2113602415027787
3.2153532298221466
3.2045092108730007
3.2045092108730007
3.2045092108730007
3.219445624445134
3.219445624445134
3.203347602642207
3.2341644454268974
3.2120489664521554
3.2128552758049174
3.2128552758049174
3.200939451269013
3.200939451269013
3.170215526724604
3.170215526724604
3.170215526724604
3.1628396122074802
3.1719260592973986
3.182726866378357
3.182726866378357
3.1855137026857885
3.1921131853865994
3.1921131853865994
3.1778295223439543
3.1903967611785564
3.1903967611785564
3.1903967611785564
3.1903967611785564
3.1883680615347547
3.178544885986949
3.19333163374065
3.19333163374065
3.194717946289581
3.197998759884358
3.206411179189219
3.19254070446016
3.1955380701857807
3.1835038293289575
3.19838812334098
3.19838812334098
3.19838812334098
3.1866494814254955
3.1866494814254955
3.1665471515747448
3.1665471515747448
3.1665471515747448
3.1665471515747448
3.160494517606035
3.160494517606035
3.1722528073749694
3.1722528073749694
3.1722528073749694
3.1722528073749694
3.1996684777776423
3.1996684777776423
3.1830686300629427
3.1861498614194894
3.188101364215661
3.1715680195880753
3.1853682651511623
3.1853682651511623
3.1853682651511623
3.1853682651511623
3.1853682651511623
3.173371765565657
3.173371765565657
3.173371765565657
3.173371765565657
3.183962489434708
3.157681659368442
3.1616889122453653
3.1544551515118724
3.1581628646764366
3.1581628646764366
3.1612163271460365
3.1792966849799367
3.1792966849799367
3.1792966849799367
3.1779034839246476
3.1779034839246476
3.1779034839246476
3.1847378161406183
3.1609626937903585
3.1609626937903585
3.1609626937903585
3.1609626937903585
3.1656120444516267
3.1656120444516267
3.167451127514242
3.167451127514242
3.1771563015843225
3.1771563015843225
3.1847209744753213
3.1834345345213744
3.178010696029187
3.182739063718986
3.1792641087802553
3.191060815484407
3.196614304104043
3.217430420128026
3.2265538766389152
3.2265538766389152
3.2152412884266646
3.2152412884266646
3.2268667987789184
3.2131910455887724
3.230027882633753
3.230027882633753
3.2287905578579252
3.1983685745159867
3.1983685745159867
3.1983685745159867
3.1983685745159867
3.1983685745159867
3.1983685745159867
3.1983685745159867
3.199542185765598
3.1993631388335357
3.223065817852563
3.223065817852563
3.231874902767158
3.227214619735867
3.2198603778371413
3.2337440850222543
3.2337440850222543
3.2236492831533394
3.2112702255928927
3.2112702255928927
3.2112702255928927
3.213695557955254
3.213695557955254
3.19746959964375
3.19746959964375
3.19746959964375
3.2250667201103917
3.2250667201103917
3.2255620452727403
3.1892080525285085
3.1892080525285085
3.1892080525285085
3.2135266493790247
3.2269040334571186
3.205544553243581
3.205544553243581
3.205544553243581
3.205544553243581
3.205544553243581
3.217164919794131
3.217164919794131
3.2211632997667663
3.2305942596515624
3.242193285414855
3.242193285414855
3.242193285414855
3.225697904191511
3.2151876760735343
3.193344869667071
3.1925516683496484
3.1925516683496484
3.1925516683496484
3.2059021926403335
3.2059021926403335
3.2059021926403335
3.186262352247255
3.195890846171123
3.1905557048546127
3.1905557048546127
3.1843294560634163
3.1877245465329467
3.1877245465329467
3.192128672402062
3.1803021588781157
3.1946935843218682
3.199246082256817
3.199246082256817
3.2008136249529
3.2026303876063302
3.1812703146921386
3.194847951979553
3.194847951979553
3.1869163834296126
3.1869163834296126
3.188649341290616
3.1872744699205713
3.1872744699205713
3.2031451288262285
3.20740671156312
3.20740671156312
3.2013600077765805
3.2013600077765805
3.2091812787441114
3.2091812787441114
3.206015080026136
3.206015080026136
3.22261376000824
3.22261376000824
3.2041111385491305
3.2019681588283984
3.2020459504752763
3.2020459504752763
3.198377198670613
3.198377198670613
3.198377198670613
3.198377198670613
3.2031792353606114
3.2031792353606114
3.2031792353606114
3.223042940386525
3.223042940386525
3.2199216971189766
3.201399311227702
3.2081262374500277
3.198579419405263
3.198579419405263
3.185218656116872
3.185218656116872
3.199510012172678
3.199510012172678
3.2106154734439745
3.2106154734439745
3.170734033658849
3.171826030174525
3.171826030174525
3.171826030174525
3.195258075203471
3.190522673960148
3.190522673960148
3.1841555576539484
3.20352497472794
3.20352497472794
3.2055481311519323
3.216426279905068
3.1951085772778387
3.189266836939719
3.2109714403169822
3.2011188642263617
3.2011188642263617
3.2011188642263617
3.209051442098083
3.209051442098083
3.2015798620373177
3.2016704828145595
3.2016704828145595
3.204242419402855
3.204242419402855
3.204242419402855
3.204242419402855
3.204242419402855
3.1981429829259147
3.2012999793498755
3.1693315934281467
3.1687370893419073
3.1687370893419073
3.194470277557632
3.1912538732401927
3.2067235966476453
3.2067235966476453
3.2061305335344623
3.1917013694748917
3.1836818912684177
3.1836818912684177
3.1836818912684177
3.192637324897311
3.200676389861617
3.2001542564296104
3.2063180893777607
3.2063180893777607
3.2109775504154423
3.223931815022818
3.223931815022818
3.223931815022818
3.223931815022818
3.233098626792154
3.233098626792154
3.233098626792154
3.233098626792154
3.2317370281954463
3.22393415758828
3.228557301014624
3.2375656796458174
3.2375656796458174
3.2688758467259356
3.277971387070157
3.272791720587461
3.2596662103610363
3.2596662103610363
3.2596662103610363
3.2596662103610363
3.2596662103610363
3.2596662103610363
3.2596662103610363
3.2596662103610363
3.2596662103610363
3.2502573196258973
3.256039985433423
3.2429702614906377
3.241294501844403
3.241294501844403
3.241294501844403
3.2407702074154034
3.2244726079756183
3.2256919460521662
3.2347211425582074
3.21270064927845
3.207053398870535
3.2182634212178263
3.2047519568940905
3.2060943237262984
3.2060943237262984
3.196735695243929
3.196735695243929
3.1840902105475033
3.1814788598009662
3.195679023454473
3.195679023454473
3.2009766071844052
3.2055431805634025
3.1975106142945204
3.1975106142945204
3.1975106142945204
3.2205511519197336
3.2205511519197336
3.22884277744095
3.22884277744095
3.22884277744095
3.22884277744095
3.229049606332786
3.229049606332786
3.234015945866372
3.2199708833194665
3.2199708833194665
3.2199708833194665
3.2199708833194665
3.2256019228127952
3.210010150609767
3.1946839744784996
3.1946839744784996
3.210595060515882
3.206258202128982
3.227242146764619
3.222480485984001
3.222480485984001
3.2153258068004678
3.2153258068004678
3.2153258068004678
3.2153258068004678
3.2168306700564426
3.2055602658746216
3.195255049523636
3.195255049523636
3.195255049523636
3.195255049523636
3.195255049523636
3.208548285536279
3.204406891542507
3.1911432499107777
3.1936672672632995
3.1876563061004966
3.1876563061004966
3.1876563061004966
3.1876563061004966
3.192791637075017
3.200510958796968
3.200510958796968
3.200510958796968
3.199323203573994
3.2175747954066
3.2175747954066
3.2175747954066
3.2175747954066
3.210304043649826
3.210304043649826
3.209633466793227
3.209633466793227
3.2144259997811337
3.2144259997811337
3.201410031683039
3.201410031683039
3.1743285492454243
3.1856205960094823
3.1856205960094823
3.1856205960094823
3.199121540269248
3.1964612519335867
3.196673482071559
3.172997429662566
3.194288697390309
3.170327977595022
3.170327977595022
3.170327977595022
3.1733185152069527
3.172448669612928
3.1917491653780883
3.1665001437158375
3.1665001437158375
3.1684292451552616
3.1684292451552616
3.1787780327383968
3.1787780327383968
3.1894450423380967
3.180786815564878
3.167641700671933
3.167641700671933
3.167641700671933
3.167641700671933
3.167641700671933
3.1591651617066496
3.1505709007747997
3.151914092189676
3.1734698460338984
3.1777111424804616
3.1691199104137375
3.1691199104137375
3.1792938060875504
3.195878893897565
3.195878893897565
3.2003252346031696
3.1947082494672894
3.1970522792576
3.1970522792576
3.208775493709882
3.208775493709882
3.208775493709882
3.217864189372985
3.2132332297482002
3.213846791209296
3.213846791209296
3.224327113502583
3.2138423773066678
3.2138423773066678
3.2138423773066678
3.2138423773066678
3.2138423773066678
3.2138423773066678
3.2138423773066678
3.228980813239938
3.2226161524545116
3.245549669239617
3.2258723420331235
3.2534109735787378
3.2534109735787378
3.2410959935730097
3.2399134329959804
3.2399134329959804
3.2399134329959804
3.2399134329959804
3.2399134329959804
3.2396599098129752
3.2392273441096857
3.2392273441096857
3.2157356136025057
3.2157356136025057
3.2234147611398196
3.2354158177037906
3.2354158177037906
3.228048221790011
3.214604901014243
3.214604901014243
3.199598447563992
3.199598447563992
3.2014206683529793
3.2014206683529793
3.2192533667906846
3.2091640326053223
3.2091640326053223
3.2310301588259103
3.2310301588259103
3.2310301588259103
3.2207699828326506
3.2207699828326506
3.2207699828326506
3.2207699828326506
3.215399050719519
3.19678876748195
3.1911845530963863
3.2091922304028526
3.2113349218463028
3.2113349218463028
3.2113349218463028
3.2113349218463028
3.2113349218463028
3.2113349218463028
3.216051032263596
3.2352002436697176
3.2381524636908177
3.2025715973599413
3.2146551215779393
3.2232963880332197
3.2232963880332197
3.2232963880332197
3.2232963880332197
3.2232963880332197
3.2232963880332197
3.2232963880332197
3.2232963880332197
3.223012988110515
3.2198857806344368
3.2198857806344368
3.2062849172513714
3.2062849172513714
3.221248978605599
3.221248978605599
3.221248978605599
3.221248978605599
3.2180491043772577
3.2180491043772577
3.2180491043772577
3.2180491043772577
3.225992339757099
3.205779604254049
3.2172609659357576
3.2307887639133557
3.2043729892361106
3.2100190405991733
3.215826960599654
3.225998421784915
3.225998421784915
3.225998421784915
3.208061128961824
3.2217725323289503
3.2217725323289503
3.2217725323289503
3.2115924932187587
3.2230968262687676
3.214701995575462
3.192790293588777
3.204498447510829
3.203805192907474
3.1873737584384565
3.2144026642775136
3.1897175687180273
3.1897175687180273
3.1897175687180273
3.1897175687180273
3.1897175687180273
3.198156825883325
3.1861396484191435
3.1861396484191435
3.1861396484191435
3.1861396484191435
3.1861396484191435
3.1861396484191435
3.1861396484191435
3.190876856259766
3.174480882733261
3.174480882733261
3.190370442467906
3.1846155383208137
3.175735488801165
3.175735488801165
3.175735488801165
3.175735488801165
3.175735488801165
3.175735488801165
3.1947385941365547
3.197009814168713
3.197009814168713
3.195291160742283
3.195544663297768
3.195544663297768
3.198924964968817
3.198924964968817
3.2112554784629586
3.2112554784629586
3.208575455714486
3.1902717870975303
3.2014760694385043
3.2014760694385043
3.214456466860555
3.214456466860555
3.214456466860555
3.209579158677101
3.209579158677101
3.2102173186462872
3.1823271863112077
3.1823271863112077
3.1893582442521247
3.1893582442521247
3.207891833242954
3.191329622292443
3.191329622292443
3.197470149725191
3.1995397059930193
3.1995397059930193
3.203342462541126
3.195536094364286
3.187981977550594
3.18581608247822
3.18581608247822
3.18581608247822
3.18581608247822
3.18581608247822
3.217129078691243
3.217129078691243
3.1860935456726747
3.1860935456726747
3.1860935456726747
3.1860935456726747
3.1860935456726747
3.1860935456726747
3.175704807681402
3.175704807681402
3.190009685014362
3.1977106486544593
3.198784198847094
3.198784198847094
3.206189935692165
3.206189935692165
3.2054803445786115
3.2054803445786115
3.2146085237713606
3.2146085237713606
3.2358545229942925
3.226386147844632
3.2301929599679373
3.2301929599679373
3.219460264833077
3.2249576583870816
3.2186562858732364
3.2105246755163206
3.2097288966847417
3.2097288966847417
3.2097288966847417
3.2097288966847417
3.2097288966847417
3.2097288966847417
3.1980530944063896
3.1980530944063896
3.1980530944063896
3.1921331242131297
3.1921331242131297
3.1921331242131297
3.1921331242131297
3.1921331242131297
3.1921331242131297
3.1883654602506124
3.1883654602506124
3.1883654602506124
3.1948441537773093
3.1948441537773093
3.1887740382400707
3.1887740382400707
3.195351577866765
3.1601570306198417
3.1601570306198417
3.142743106167389
3.142743106167389
3.142743106167389
3.18305041245082
3.18305041245082
3.18305041245082
3.193818430847645
3.1953691537055993
3.1883427078413025
3.1883427078413025
3.1883427078413025
3.1883427078413025
3.188997322587996
3.188852009245551
3.188852009245551
3.18560031809769
3.18560031809769
3.184645175330809
3.184645175330809
3.2102062316342597
3.2102062316342597
3.1969854450878525
3.1991759191230695
3.2074636853374376
3.2046866131304483
3.2030370129839407
3.2048131899266226
3.2002487951104457
3.2187112114654726
3.2187112114654726
3.210793508644804
3.210793508644804
3.210793508644804
3.210793508644804
3.210793508644804
3.2070227565252423
3.217064297622057
3.217077053932721
3.216742234438943
3.216742234438943
3.216742234438943
3.216742234438943
3.2032421801943123
3.2119008302079277
3.2119008302079277
3.2119008302079277
3.2173238722251334
3.2119331653564887
3.2020754978950303
3.2042516806416126
3.2162170296845476
3.208867648281317
3.1793157085507815
3.1881688901687424
3.1851461077351737
3.1965737053186096
3.2214274748387455
3.2118458465241058
3.2118458465241058
3.2174192806903616
3.220193873772609
3.2167310702781897
3.2167310702781897
3.2268078583522173
3.230052269732114
3.217321652703949
3.217321652703949
3.217321652703949
3.217321652703949
3.223945644786001
3.221819227329108
3.225037847587333
3.226131999053185
3.187110106468873
3.187110106468873
3.187110106468873
3.187110106468873
3.187110106468873
3.187110106468873
3.187110106468873
3.187110106468873
3.187110106468873
3.187426068704301
3.1845311260982707
3.1845311260982707
3.1845311260982707
3.1845311260982707
3.213976942822161
3.2062259507962105
3.2062259507962105
3.2062259507962105
3.211920108983626
3.2130624092371494
3.2232269217552316
3.209001853813761
3.209001853813761
3.2149908962829232
3.1966631263951766
3.187920135260936
3.187920135260936
3.187920135260936
3.187920135260936
3.1913200455993005
3.201526640716469
3.1965438834094497
3.1874239215608426
3.1874239215608426
3.1874239215608426
3.1973171802808316
3.203710973253523
3.18908059379718
3.18908059379718
3.18908059379718
3.199699206671646
3.2053041121325396
3.1983794926861835
3.1991521883908853
3.1910659770268626
3.1910659770268626
3.188152824235675
3.1921680950678177
3.1789403829904925
3.1789403829904925
3.1789403829904925
3.1789403829904925
3.1789403829904925
3.1789403829904925
3.1789403829904925
3.1841409490169053
3.1841409490169053
3.1841409490169053
3.1841409490169053
3.186172390001763
3.186172390001763
3.1901486958377276
3.1901486958377276
3.1856565299521287
3.1856565299521287
3.1822709850814483
3.1822709850814483
3.1874375718263686
3.1914294151475073
3.198178207167293
3.198178207167293
3.198178207167293
3.183708109646784
3.179778120554422
3.1802557007462653
3.1802557007462653
3.1800740547921946
3.1800740547921946
3.1830061488559513
3.1830061488559513
3.1662077376842044
3.1662077376842044
3.1662077376842044
3.1577388050634605
3.1577388050634605
3.168573490273514
3.172501232792694
3.181640433769028
3.181640433769028
3.181640433769028
3.181640433769028
3.1862307242949006
3.1798515933934617
3.184891200199944
3.1813825600649093
3.1822187357561145
3.187296880123978
3.1735451448712135
3.169991393622498
3.153815015854336
3.153815015854336
3.1395196015185456
3.1676033983747005
3.1676033983747005
3.1676033983747005
3.1676033983747005
3.1693910826423703
3.1693910826423703
3.1880213484516915
3.1880213484516915
3.1913547957935267
3.1913547957935267
3.209163037770851
3.209163037770851
3.183335163170567
3.213490891702555
3.2195200917171922
3.2195200917171922
3.2195200917171922
3.228467085783972
3.228467085783972
3.231632208636438
3.2304197613720107
3.2304197613720107
3.223638018209345
3.2237948390988302
3.2237948390988302
3.2069764938593166
3.2069764938593166
3.2212260380414515
3.191456491181061
3.185450359759307
3.185450359759307
3.185450359759307
3.185450359759307
3.192412073078488
3.188849761285797
3.188849761285797
3.1913451551634964
3.2072501349943825
3.2072501349943825
3.2072501349943825
3.218524749073979
3.218524749073979
3.2145481823408266
3.178885202278007
3.178885202278007
3.1802177931920657
3.1685933549650898
3.1824018522938973
3.1773226571048
3.1715366385598536
3.1792692011747614
3.1792692011747614
3.1792972996484408
3.1830547587175197
3.1830547587175197
3.1830547587175197
3.1830547587175197
3.1830547587175197
3.1830547587175197
3.1883726623324407
3.1883726623324407
3.1883726623324407
3.1732177457086426
3.1732177457086426
3.1726464499353497
3.1762819580376673
3.1762819580376673
3.1762819580376673
3.1786449451191023
3.1695416849407034
3.1695416849407034
3.1695416849407034
3.1695416849407034
3.159687380808037
3.1477919943076906
3.1785592154543405
3.1785592154543405
3.1785592154543405
3.155244913396171
3.155244913396171
3.155244913396171
3.156067586513416
3.1608838029090385
3.1608838029090385
3.1608838029090385
3.1581974879250976
3.151246650658331
3.162919924167591
3.159620042069363
3.184525972435429
3.1855345603832603
3.1855345603832603
3.1917582452286823
3.1761353298846595
3.172371288438405
3.172371288438405
3.172371288438405
3.172371288438405
3.172371288438405
3.172255253702077
3.1669423081929584
3.1669423081929584
3.1669423081929584
3.1605657999713204
3.1605657999713204
3.1654395210995414
3.1759571365194343
3.1759571365194343
3.1543087602198208
3.1552479971508385
3.1552479971508385
3.1790483193014962
3.176602699418903
3.176602699418903
3.176602699418903
3.176602699418903
3.176602699418903
3.176602699418903
3.1753460371600406
3.1700057117833356
3.1700057117833356
3.190429122324091
3.181394952362826
3.204930572096568
3.204930572096568
3.1887400340274237
3.1887400340274237
3.1887400340274237
3.194738831173513
3.194738831173513
3.1935905409848537
3.1935905409848537
3.1935905409848537
3.1935905409848537
3.1935905409848537
3.188913769618221
3.188913769618221
3.187705795857983
3.187705795857983
3.197504145213585
3.20239070064924
3.2071330234811213
3.2071330234811213
3.2220005393823405
3.2234568728875947
3.2234568728875947
3.212168823208874
3.2141288129472203
3.2141288129472203
3.2141288129472203
3.2162029920935877
3.1930662036233475
3.199035660125442
3.199035660125442
3.199035660125442
3.200402848406531
3.200402848406531
3.207800213146273
3.207800213146273
3.2212879069721727
3.2212879069721727
3.2212879069721727
3.2037522216204626
3.2073568877780723
3.207708884132946
3.2069044766707684
3.192068830124941
3.201348939093938
3.1857516596487914
3.192748705962447
3.1773519514363526
3.166698367748307
3.166698367748307
3.177303558536586
3.165807367390774
3.1517827028985947
3.1452835091212847
3.1452835091212847
3.153618592359324
3.1783072071241256
3.170400592442113
3.170400592442113
3.170400592442113
3.170400592442113
3.1734625334216884
3.2015865334675078
3.2015865334675078
3.2015865334675078
3.2015865334675078
3.2015865334675078
3.2015865334675078
3.2015865334675078
3.200931977965288
3.1930405262945816
3.17565270534029
3.186553835830664
3.186553835830664
3.186553835830664
3.193468389840776
3.197992822175131
3.197992822175131
3.191403887486661
3.191403887486661
3.191403887486661
3.191403887486661
3.1738734125517505
3.1738734125517505
3.1722584377335172
3.1975602113964467
3.2113987921526985
3.184757278132559
3.184757278132559
3.1969593693395395
3.200122382109924
3.1958737528029517
3.172392217577534
3.1811370435070967
3.1811370435070967
3.1868940119369698
3.1868940119369698
3.197679602581577
3.2240024456019065
3.2239788398221667
3.2257917081190985
3.2218050041850868
3.2049293086251622
3.2269544599667164
3.2269544599667164
3.2259503436639605
3.2341906198991603
3.2376356969317257
3.2376356969317257
3.2376356969317257
3.1788746951288003
3.176612272874171
3.176612272874171
3.176612272874171
3.1823086752690126
3.1669490034512044
3.1669490034512044
3.1802408869019976
3.170287171595549
3.176378245462782
3.1925451826592517
3.2050785363777594
3.203680960744369
3.199845773438771
3.206157651743951
3.206157651743951
3.202919840467926
3.2225401429152876
3.247533906229233
3.247533906229233
3.216029937287368
3.219241524423231
3.205299189518466
3.210686029082396
3.210686029082396
3.2216743079616226
3.229850587104051
3.2298652346799743
3.221936911097752
3.215067306566575
3.215067306566575
3.215067306566575
3.225323539218253
3.221871387695432
3.216013823616079
3.216013823616079
3.207493936736435
3.2036954541418443
3.1964166856963954
3.194630465375807
3.194630465375807
3.194630465375807
3.195744446785482
3.195744446785482
3.195744446785482
3.170006923588016
3.170006923588016
3.170006923588016
3.170006923588016
3.1908839653440357
3.189461766008494
3.189461766008494
3.187252769325223
3.1885040829172917
3.1872408231779734
3.1746220700262215
3.1746220700262215
3.183450443329801
3.183450443329801
3.1702482338950837
3.1662559006395274
3.1662559006395274
3.1836612004601634
3.1842689177906944
3.1944911047426343
3.1867514526171923
3.182111831244586
3.182111831244586
3.182111831244586
3.182111831244586
3.182111831244586
3.206505437558142
3.215289925141258
3.215289925141258
3.20973448538717
3.206283415883991
3.1882379813194293
3.1885226245379417
3.191482843764636
3.1867434689360885
3.1831054886839962
3.186820867056307
3.1826978268385013
3.1826978268385013
3.196213805518398
3.196213805518398
3.1858686731670787
3.1858686731670787
3.1858686731670787
3.190348758489362
3.190348758489362
3.1890772830274607
3.1907439152690356
3.2023373847201677
3.2023373847201677
3.2023373847201677
3.2029118020132934
3.214318212321281
3.214318212321281
3.214318212321281
3.210954054363423
3.210954054363423
3.210954054363423
3.210954054363423
3.196588742843661
3.196588742843661
3.2182417047083804
3.2182417047083804
3.2183538066947377
3.214203638876768
3.219373738824004
3.2072815079416257
3.2118697737590565
3.2118697737590565
3.2118697737590565
3.2252305861932458
3.2252305861932458
3.210247494610943
3.2282227975085784
3.2282227975085784
3.210032974158002
3.2132398807241795
3.2224636574783876
3.221106624973719
3.216122207461578
3.2097429981645242
3.2097429981645242
3.2097429981645242
3.2106788413705147
3.2045040152453867
3.2077526909609126
3.2077526909609126
3.196543884463086
3.196543884463086
3.179979508099738
3.1785171196626614
3.1958026087570577
3.1958026087570577
3.191787206925927
3.20064378992219
3.2178512038618883
3.1995386181359864
3.215896650964237
3.215896650964237
3.215896650964237
3.2164469949796373
3.2164469949796373
3.2096297783214243
3.2096297783214243
3.2096297783214243
3.207436023399894
3.207188699719959
3.2073891789837656
3.2065723663166357
3.194054499722228
3.195254602735207
3.2044069906511083
3.197336938016369
3.1880853383272254
3.1880853383272254
3.1880853383272254
3.181890625533803
3.1971653260930304
3.1971653260930304
3.2032584665582964
3.191358311251896
3.191358311251896
3.1881254004576194
3.1881254004576194
3.192287639320616
3.192287639320616
3.192287639320616
3.1944300141829833
3.1990233838814075
3.1990233838814075
3.1990233838814075
3.1990233838814075
3.187415722835734
3.201450305721268
3.2109609450219336
3.2109609450219336
3.2109609450219336
3.2109609450219336
3.2109609450219336
3.209997520632188
3.209997520632188
3.209997520632188
3.209997520632188
3.209997520632188
3.213331536019903
3.238835814218507
3.238835814218507
3.2057581268337545
3.2057581268337545
3.2057581268337545
3.1786483563892007
3.1786483563892007
3.1880659487366145
3.19079232446694
3.19079232446694
3.193518622143521
3.201436215415648
3.1903316261942702
3.1783206359154756
3.1791300829998335
3.1791300829998335
3.170830338303236
3.170830338303236
3.1844884129331055
3.1844884129331055
3.1844884129331055
3.1844884129331055
3.1844884129331055
3.1901480438684264
3.1901480438684264
3.1919168033344936
3.1919168033344936
3.201569925835307
3.201569925835307
3.201569925835307
3.201569925835307
3.198006139478685
3.198006139478685
3.191197831876287
3.191197831876287
3.207635986532208
3.207635986532208
3.210362428438885
3.1937297649440537
3.1937297649440537
3.189611756190811
3.189611756190811
3.2069798346739917
3.2069798346739917
3.229379723841775
3.229379723841775
3.2135671705975852
3.2135671705975852
3.2109198264666463
3.2109198264666463
3.1830654625566983
3.1830654625566983
3.1830654625566983
3.1872634621884535
3.183986228649789
3.2091693144668425
3.2091693144668425
3.20722033659799
3.2060856976177394
3.2125509714825395
3.2081969459760606
3.220324732797168
3.220324732797168
3.182097170669143
3.2142888486867687
3.2142888486867687
3.2142888486867687
3.211878712246893
3.209836489378592
3.2228532117334847
3.223400845464057
3.2087655711808156
3.2087655711808156
3.2087655711808156
3.2087655711808156
3.2169598683568417
3.20535660510875
3.20535660510875
3.20535660510875
3.203231349155505
3.209553383886704
3.2182366808875975
3.2182366808875975
3.2182366808875975
3.2094671382377884
3.2070436027503626
3.1963783409163016
3.1963783409163016
3.1992566313684265
3.194705750207021
3.189604019315461
3.189604019315461
3.189604019315461
3.189604019315461
3.181607073188817
3.2027135615084803
3.216876291774165
3.194329465269782
3.192645137281306
3.1976736440520646
3.1976736440520646
3.1771023912126486
3.1531894456191334
3.18164978811754
3.1770946645301037
3.1759324383854284
3.1810708942451953
3.1810708942451953
3.1810708942451953
3.1770297747989806
3.1699282846683166
3.1861833997274194
3.1819549430626295
3.1819549430626295
3.176442805087222
3.176442805087222
3.1746131975323837
3.180037166805834
3.1680228331870484
3.1680228331870484
3.1680228331870484
3.18763625617441
3.18763625617441
3.1732827602481692
3.1732827602481692
3.178987374734594
3.1803089058206093
3.1588870083569653
3.173722634775198
3.1682665933670915
3.168058461291977
3.1700581770304384
3.1749277816404473
3.1896924298213407
3.192019875253318
3.2030896976391996
3.1785757400249213
3.1785757400249213
3.195607844398508
3.196662860377806
3.196662860377806
3.194245918944269
3.192120180327053
3.1819243259963472
3.1819243259963472
3.168530732582809
3.168530732582809
3.170575224885199
3.1728110863568197
3.1766518219407316
3.1766518219407316
3.1605322809498153
3.163177839835298
3.1664062573097937
3.1664062573097937
3.16289845297165
3.1593283092657516
3.1684976653397774
3.1750462747074693
3.1913708264914247
3.194126222072985
3.175668946036327
3.175668946036327
3.175668946036327
3.175668946036327
3.193051265201477
3.1699641838427177
3.1699641838427177
3.151188174296165
3.151188174296165
3.151188174296165
3.151188174296165
3.156487941359997
3.156487941359997
3.1764115051299737
3.1637234540966443
3.1637234540966443
3.156594504697226
3.1660147840221944
3.1973984085551352
3.1795465354026646
3.1986950240921095
3.1787832414808097
3.19216816014525
3.19216816014525
3.1805477193746676
3.1805477193746676
3.1939981724247004
3.1939981724247004
3.1939981724247004
3.1939981724247004
3.1939981724247004
3.1939981724247004
3.179941374032537
3.185876628396182
3.2020024206631277
3.199724297964718
3.199724297964718
3.198595481061997
3.201318935170441
3.2032197272703464
3.2032197272703464
3.2288880999019436
3.2288880999019436
3.211961788057531
3.2034620375594143
3.1893057971317433
3.1693465872227997
3.195984427634118
3.186680280846218
3.186680280846218
3.186680280846218
3.191264493928852
3.1988789376052984
3.2033036110654067
3.2033036110654067
3.2033036110654067
3.2033036110654067
3.1851879204859954
3.193504182963854
3.181533005433595
3.181533005433595
3.181533005433595
3.181533005433595
3.1810259494233075
3.1810259494233075
3.17089108491061
3.191005460761249
3.189331794453033
3.189331794453033
3.189331794453033
3.189331794453033
3.194418492559161
3.194418492559161
3.194418492559161
3.183052598913007
3.183052598913007
3.183052598913007
3.1838060724709334
3.179940122651044
3.193452968938438
3.193452968938438
3.202095778998867
3.2106831656666315
3.2046816633150867
3.2007202265545613
3.214796093985912
3.214796093985912
3.2004641812432872
3.200406363468575
3.1892562249871146
3.1608964251919973
3.1608964251919973
3.156858973876021
3.173682928419157
3.1671444479502155
3.197591487855732
3.1955633366644998
3.1955633366644998
3.1951663701794253
3.1647580691695896
3.153961016640946
3.1872654581001423
3.1872654581001423
3.1872654581001423
3.1822125321104044
3.1795073625476884
3.1814064478839588
3.1814064478839588
3.1814064478839588
3.1814064478839588
3.1814064478839588
3.2163485127019324
3.2232220982907913
3.19920391681854
3.19920391681854
3.19920391681854
3.19920391681854
3.19920391681854
3.19920391681854
3.19920391681854
3.19920391681854
3.184506409836552
3.184506409836552
3.1802060688444844
3.1802060688444844
3.178946939351681
3.1703109634197806
3.1703109634197806
3.1703109634197806
3.1748864277470843
3.1748864277470843
3.178231029452987
3.1894551413972048
3.1966281213998924
3.1717483606664025
3.180581166724059
3.180611730472953
3.208638631776408
3.208638631776408
3.208638631776408
3.208638631776408
3.1911798787992045
3.1911798787992045
3.1893102511808986
3.187457298100678
3.1770958696241034
3.1770958696241034
3.1917385497547857
3.1917385497547857
3.18496905655816
3.18496905655816
3.1835975710009836
3.192910630529452
3.2074040702161435
3.2074040702161435
3.2019601949060053
3.197161778854627
3.197161778854627
3.1897505754551436
3.1897505754551436
3.183937549673053
3.1908327725636854
3.1985958587410934
3.20199819888607
3.20199819888607
3.20199819888607
3.22164103778453
3.22164103778453
3.240236748037972
3.240236748037972
3.2360193353838764
3.2360193353838764
3.2360193353838764
3.2360193353838764
3.220516237224937
3.220516237224937
3.220516237224937
3.2317966854342592
3.2317966854342592
3.232250430126035
3.232250430126035
3.2269758069565473
3.2253721018784565
3.2095048471765653
3.2211241303810536
3.224992889548185
3.2347783206922998
3.2034543597625165
3.1897763675528954
3.1897763675528954
3.1897763675528954
3.1925882257263622
3.2187359511096427
3.2142168343858883
3.2145815875494166
3.2108553147142347
3.2067590759263114
3.2067590759263114
3.2262967073079083
3.2262967073079083
3.2262967073079083
3.228202892305673
3.2391912005390413
3.2391912005390413
3.2255987943698496
3.2255987943698496
3.236593867927957
3.2090212149715516
3.219865216284583
3.219430794886093
3.219430794886093
3.219430794886093
3.219674450143512
3.219674450143512
3.219674450143512
3.219674450143512
3.2199616318433657
3.2199616318433657
3.2199616318433657
3.2210686124257064
3.2210686124257064
3.2231944486069772
3.209791094315627
3.209791094315627
3.2160870746683825
3.2174923369360258
3.2164079788078865
3.2164079788078865
3.225687055454434
3.225687055454434
3.225687055454434
3.2032551406698064
3.1958602144761454
3.1958602144761454
3.1958602144761454
3.1958602144761454
3.191315824952268
3.191315824952268
3.191315824952268
3.191315824952268
3.210507759212307
3.2127617826328647
3.2127617826328647
3.2127617826328647
3.23255513991747
3.2219020868950388
3.2219020868950388
3.226888425279431
3.21571213627251
3.21571213627251
3.21571213627251
3.21571213627251
3.21571213627251
3.2049528817251187
3.1817911374582786
3.1876855205194703
3.1966420116159817
3.1966420116159817
3.1955185071380487
3.211962918366697
3.211962918366697
3.211962918366697
3.2235323465503956
3.211362220004857
3.1960076277077687
3.1960076277077687
3.210847790451364
3.1967339792747866
3.193075884707884
3.193075884707884
3.193075884707884
3.193075884707884
3.1864819364225183
3.181268337806619
3.19427622895237
3.2022449088502825
3.204129868883396
3.1800065373738913
3.1800065373738913
3.19490838956126
3.191076103500814
3.1858706925878297
3.1858706925878297
3.2021119745777673
3.200788666018
3.201691546206562
3.201691546206562
3.201691546206562
3.1946636372238357
3.186786562255721
3.17649331975058
3.1798080437831544
3.1798080437831544
3.1798080437831544
3.1915067654548883
3.1754501849469885
3.175249711445005
3.175249711445005
3.173524446541739
3.173524446541739
3.182567064076957
3.182567064076957
3.194138565116288
3.1818192336223583
3.20622838568335
3.2166446211096607
3.227714377122708
3.227714377122708
3.226815341147897
3.240982942019007
3.2351520780430825
3.2351520780430825
3.2351520780430825
3.2475422999405854
3.2475422999405854
3.2569956655481116
3.2806205231187864
3.2806205231187864
3.273099560473579
3.27355559898727
3.27355559898727
3.2566251111597246
3.2566251111597246
3.243124954899762
3.24429920457778
3.24429920457778
3.252664100143298
3.2664595843859106
3.2510318305761023
3.233365319786971
3.233365319786971
3.2412283422526484
3.243380500804016
3.254441059546963
3.27131479604328
3.243396327628246
3.22778570254772
3.22778570254772
3.22778570254772
3.211233753747835
3.2128719191792308
3.2234938411051535
3.2161557575427326
3.204033223791404
3.229182149391623
3.23718962984077
3.2442441280233036
3.226140192753925
3.226140192753925
3.2181705481595873
3.2190083140337964
3.2146167563828487
3.210415251227374
3.210415251227374
3.1838378093413424
3.184792676178833
3.184792676178833
3.184792676178833
3.2114904523434666
3.2114904523434666
3.211052680466554
3.18291385507211
3.172283091732442
3.159242794090198
3.159242794090198
3.177190758805545
3.1953917021639344
3.1953917021639344
3.1953917021639344
3.2012344385291027
3.2012344385291027
3.198219271642402
3.198219271642402
3.198219271642402
3.198219271642402
3.198219271642402
3.177173909765053
3.1754363350908728
3.1839434633029846
3.1839434633029846
3.1996034174489782
3.1832894424315668
3.1832894424315668
3.1832894424315668
3.2050795371645964
3.2050795371645964
3.2050795371645964
3.210700052004907
3.2102325156134235
3.2106685539166917
3.209565886738872
3.2087222842883416
3.2087222842883416
3.1969822108897348
3.1969822108897348
3.2092453559698737
3.223307668443024
3.223307668443024
3.223307668443024
3.204447810365692
3.204447810365692
3.204447810365692
3.190847592848592
3.1873001626106796
3.1873001626106796
3.169077803340176
3.191264235085503
3.1596910560138554
3.177177638146789
3.177177638146789
3.177177638146789
3.1835895077818064
3.191725128216303
3.2046149944364983
3.2186050933296233
3.2186050933296233
3.2186050933296233
3.202747355063123
3.2112785656534735
3.2112785656534735
3.2112785656534735
3.2112785656534735
3.2297955903097346
3.2297955903097346
3.210348697848636
3.22300506690597
3.22300506690597
3.22300506690597
3.22300506690597
3.22300506690597
3.2205624147385277
3.2205624147385277
3.2205624147385277
3.2205624147385277
3.2205624147385277
3.2247829824008765
3.2247829824008765
3.230631653208748
3.2089760270328536
3.2089760270328536
3.2200928753892386
3.1858061486497107
3.1858061486497107
3.187357535166173
3.187357535166173
3.186158007840028
3.186158007840028
3.180339062517301
3.180339062517301
3.181046346181985
3.175082454005074
3.175082454005074
3.175082454005074
3.175082454005074
3.1871391764657404
3.2085491667929364
3.2085491667929364
3.2085491667929364
3.2415676887832148
3.239548244834418
3.239548244834418
3.239548244834418
3.2211548764309885
3.1880821855166643
3.2056780130235207
3.2056780130235207
3.188945180080644
3.1976001059256802
3.1823204638409752
3.187775132613755
3.185889812772698
3.185889812772698
3.1553650014773664
3.1553650014773664
3.168542676841693
3.169171781652619
3.158803021259906
3.158803021259906
3.158803021259906
3.158803021259906
3.1544267051353865
3.1544267051353865
3.147022229162422
3.152064979843682
3.152064979843682
3.1475444782811253
3.1416333584942624
3.1287662497946087
3.1030771095200818
3.1152361405584488
3.1152361405584488
3.1031212798407566
3.101251954577168
3.101251954577168
3.0976118985692276
3.11472300733693
3.139568229543291
3.1401311763122934
3.1547319019366036
3.1654326736397405
3.14648630167559
3.14648630167559
3.14648630167559
3.168226963736344
3.1578903517660297
3.168350396245507
3.168350396245507
3.168350396245507
3.168350396245507
3.168350396245507
3.168350396245507
3.168350396245507
3.168350396245507
3.1599427307566725
3.1599427307566725
3.1599427307566725
3.1599427307566725
3.1599427307566725
3.182838566752465
3.182838566752465
3.182838566752465
3.1816350668380506
3.183134771147977
3.177871453345236
3.177871453345236
3.1872255268104266
3.1867433230873923
3.187073249457291
3.187073249457291
3.187059436864497
3.1907660110533675
3.1984167963048873
3.194378692713187
3.1921125088910065
3.1921125088910065
3.1826123444792938
3.186918662464182
3.172014522830777
3.169548754539967
3.1566667681985576
3.16376327609113
3.1820063934748792
3.1649406057874123
3.1649406057874123
3.1755750435957015
3.1755750435957015
3.1700763310414555
3.1700763310414555
3.1700763310414555
3.1700763310414555
3.1846151697600127
3.1846151697600127
3.1846151697600127
3.1846151697600127
3.1846151697600127
3.18536585720909
3.18536585720909
3.18536585720909
3.172979829904573
3.1908321207968897
3.2035844584331628
3.2035844584331628
3.2009713591319957
3.1955124736563207
3.220465843690041
3.220465843690041
3.220465843690041
3.220465843690041
3.220465843690041
3.2157390327705087
3.2276627508387485
3.2152401415670706
3.2152401415670706
3.1856088269476337
3.1856088269476337
3.161295774199228
3.161295774199228
3.161295774199228
3.184868414771164
3.184868414771164
3.184868414771164
3.184868414771164
3.184868414771164
3.184868414771164
3.1821201847370277
3.1821201847370277
3.1920830252816113
3.185947007008118
3.1866181134925027
3.175221353419088
3.199803771894018
3.209063373365363
3.209063373365363
3.209063373365363
3.209063373365363
3.2111714253132053
3.206079601308709
3.206079601308709
3.20679514661204
3.20679514661204
3.1797519334421134
3.1797519334421134
3.1797519334421134
3.198938633496687
3.198938633496687
3.198938633496687
3.1947530893725395
3.179132057850605
3.1853406266658064
3.2053938709449734
3.2053938709449734
3.204213242754819
3.2176724246378074
3.1907077616334605
3.1916761640767075
3.172830068626199
3.184265164995987
3.184265164995987
3.184265164995987
3.1849048201720813
3.175415039284311
3.175415039284311
3.175415039284311
3.1820857335821113
3.1964664033553176
3.174881674556933
3.174881674556933
3.191771927650603
3.191771927650603
3.191771927650603
3.191771927650603
3.191771927650603
3.191771927650603
3.2124591006478553
3.189964235239274
3.199641953080139
3.1903217082598023
3.1903217082598023
3.1903217082598023
3.2025208139090577
3.2025208139090577
3.2025208139090577
3.2025208139090577
3.2144797358478914
3.2144797358478914
3.17794151991699
3.1715561021368783
3.1744504416242028
3.173967432446547
3.173967432446547
3.1519118245750684
3.1519118245750684
3.1639123209486177
3.1605470278691095
3.1605470278691095
3.1605470278691095
3.1605470278691095
3.1516890145001564
3.1558046787989893
3.1822941751932334
3.1822941751932334
3.1784896557642996
3.1784896557642996
3.1820472634416084
3.1820472634416084
3.1820472634416084
3.1962209689823107
3.1962209689823107
3.171386905570539
3.1835592751670228
3.1959523846784728
3.1813960352339516
3.1702721696784524
3.1786240039237166
3.1838977539533593
3.1838977539533593
3.1838977539533593
3.1838977539533593
3.1785693718577384
3.1849706613817066
3.19267018399982
3.200990628907692
3.200990628907692
3.1914981029951943
3.1978112726817987
3.208268571603498
3.208268571603498
3.2331638149670825
3.2237781646451094
3.2237781646451094
3.2237781646451094
3.216959185034262
3.216959185034262
3.216959185034262
3.183526859961145
3.183526859961145
3.183526859961145
3.200754644473869
3.200754644473869
3.1768163822922353
3.1834852164784153
3.193489406602207
3.193489406602207
3.193489406602207
3.193489406602207
3.193489406602207
3.2303500719489215
3.205033427979439
3.245282391140046
3.245282391140046
3.2420404289616567
3.2420404289616567
3.2369718326116175
3.2321268731403165
3.2321268731403165
3.228125193221833
3.210683709525316
3.210683709525316
3.210683709525316
3.210683709525316
3.210683709525316
3.210683709525316
3.1848371842245347
3.1848371842245347
3.194258433107509
3.194258433107509
3.181726473614992
3.181726473614992
3.181726473614992
3.1789867454721863
3.2127566984125164
3.229938712930321
3.229938712930321
3.2238960244429924
3.2238960244429924
3.2238960244429924
3.2039243933530295
3.2039243933530295
3.2170709029975497
3.2170709029975497
3.2170709029975497
3.2170709029975497
3.2170709029975497
3.2170709029975497
3.225876202808555
3.203273122980802
3.197815361682603
3.214736077966484
3.214736077966484
3.1914105666079817
3.1914105666079817
3.1914105666079817
3.203446700816363
3.2095935662905135
3.2077723469960557
3.2077723469960557
3.2077723469960557
3.2153891376749595
3.2153891376749595
3.2079216508238204
3.2079216508238204
3.2079216508238204
3.1955344630746625
3.1955344630746625
3.211111594228794
3.2046156799771985
3.2046156799771985
3.2046156799771985
3.2046156799771985
3.209780058516868
3.2130927353952425
3.205599221134544
3.205599221134544
3.2052812899917362
3.206085875762522
3.206085875762522
3.206085875762522
3.203211414825512
3.1992996496575277
3.196347336985009
3.182644685337672
3.182644685337672
3.182644685337672
3.194781333595195
3.194781333595195
3.194781333595195
3.194781333595195
3.2040716526178645
3.2040716526178645
3.217402028547297
3.2146568783395035
3.1993614581963863
3.1993614581963863
3.1993614581963863
3.213932627651144
3.1995680369169617
3.192587185104598
3.192587185104598
3.192643016455949
3.192643016455949
3.201602332450106
3.201602332450106
3.201602332450106
3.201602332450106
3.201602332450106
3.2069377397817016
3.1724428039975288
3.1884284749784566
3.206627181027231
3.2118284787929263
3.2109105503069815
3.2109105503069815
3.2109105503069815
3.2109105503069815
3.227132343485735
3.2144200243633545
3.2144200243633545
3.1875097372138916
3.1875097372138916
3.1875097372138916
3.1875097372138916
3.199281327828702
3.199281327828702
3.199281327828702
3.202792396149374
3.202792396149374
3.199003563226212
3.1894077205833153
3.1871689814248163
3.190690323892563
3.190690323892563
3.190690323892563
3.1909106667960647
3.1909106667960647
3.202728181693192
3.20636792080337
3.222332575953717
3.2118195286497992
3.2002361835779984
3.2002361835779984
3.2002361835779984
3.2085316998272173
3.2085316998272173
3.2085316998272173
3.2085316998272173
3.2172102390963233
3.201311629167788
3.201311629167788
3.201311629167788
3.2150021195211185
3.209013057610972
3.213438577035183
3.215166705686232
3.208974272925479
3.1906578587508365
3.1906578587508365
3.1906578587508365
3.1977729093968645
3.1977729093968645
3.2055197814696528
3.2059532847168355
3.2059532847168355
3.1988530365741057
3.1988530365741057
3.178743959867051
3.1923801382021697
3.1894210038497324
3.203696567153564
3.2181279304604224
3.2212077404617725
3.2212077404617725
3.2212077404617725
3.215685571967495
3.215685571967495
3.215685571967495
3.231603119917379
3.231603119917379
3.2412729884505525
3.226719708082291
3.2117100721757126
3.228498312887714
3.23327636177996
3.2275392127307603
3.1976165812216655
3.2061237917199943
3.1968254415878032
3.1968254415878032
3.1968254415878032
3.1968254415878032
3.189327149152846
3.2020098477075143
3.203289591656821
3.186118613608931
3.2004453344342494
3.1977212250658944
3.1984048480073937
3.2018545342036693
3.204917061264187
3.204917061264187
3.234584935043282
3.234584935043282
3.2441490724916187
3.241872774443453
3.240463453086651
3.240463453086651
3.240463453086651
3.235927734656259
3.2360162026708985
3.2288531879730322
3.2288531879730322
3.2288531879730322
3.2288531879730322
3.1888343375245545
3.21306110292752
3.2136261737916003
3.2136261737916003
3.2083010000728804
3.1933585064107173
3.1908294360984693
3.1908294360984693
3.1908294360984693
3.2029011062345787
3.2094814400437697
3.2160219672602888
3.2160219672602888
3.205314315018547
3.2071609114865662
3.184912142641541
3.187989311778296
3.187989311778296
3.1752066444558658
3.1752066444558658
3.1752066444558658
3.1752066444558658
3.2065667010628354
3.2065667010628354
3.209697672416244
3.209697672416244
3.209697672416244
3.1930173377485223
3.16300044212662
3.16300044212662
3.16300044212662
3.16300044212662
3.16300044212662
3.16508329223531
3.16508329223531
3.16508329223531
3.179114511563003
3.183727560592869
3.183727560592869
3.1769024542098516
3.1769024542098516
3.1677675656677904
3.1677675656677904
3.181702567542442
3.203740761003189
3.2054514840159865
3.2052434950031103
3.2025382628342647
3.2025382628342647
3.2025382628342647
3.1927191035013593
3.1927191035013593
3.1987778100021695
3.185183671297202
3.185183671297202
3.185183671297202
3.197745965322
3.197745965322
3.1872319712864874
3.1872319712864874
3.1734772492751175
3.163722212220066
3.1606439043719834
3.1778720907618885
3.160206618454095
3.160206618454095
3.1652379861151214
3.1596099382012275
3.1537521704790636
3.135936297467941
3.135936297467941
3.135936297467941
3.1433421702015343
3.1433421702015343
3.1433421702015343
3.1433421702015343
3.154259278226063
3.1731975452711767
3.1731975452711767
3.1842328976506367
3.1842328976506367
3.1841806507317227
3.194612892729696
3.194612892729696
3.194612892729696
3.198059462480609
3.195022469879711
3.195022469879711
3.1926484633166003
3.203046801802081
3.1934159317614528
3.1991034487424925
3.199741171819361
3.183846811443195
3.2081091512363162
3.214260936729364
3.1955856417768365
3.1936916480046267
3.1936916480046267
3.1936916480046267
3.1873796871948774
3.1957907069919127
3.211356220678697
3.211356220678697
3.200560423253537
3.200560423253537
3.1973448242953335
3.201072639432845
3.201072639432845
3.201072639432845
3.2040178840777407
3.2040178840777407
3.2040178840777407
3.2016313505587632
3.2016313505587632
3.2016313505587632
3.2016313505587632
3.2016313505587632
3.2072662805096623
3.205728700441756
3.199278613458887
3.1959351106165443
3.209962718241276
3.209962718241276
3.1855047969697297
3.1855047969697297
3.1875257692694237
3.188824203913382
3.180502384825131
3.180702131430068
3.1829017211535984
3.187564172177094
3.187564172177094
3.2075474174472594
3.2075474174472594
3.2075474174472594
3.2075474174472594
3.207386332275722
3.207386332275722
3.207386332275722
3.225951134850866
3.2342560078439555
3.2342560078439555
3.2352487647701627
3.2479291499672147
3.2479291499672147
3.2479291499672147
3.2341424675452193
3.2228604001614465
3.2307423029698747
3.2307423029698747
3.2014050874835687
3.2014050874835687
3.2014050874835687
3.2104805957947704
3.2118412410264274
3.2027817316199023
3.2131716697519854
3.217971494686071
3.224348544937436
3.224348544937436
3.2183672251697186
3.2219108827188983
3.230691584886338
3.2440613428083203
3.2440613428083203
3.2440613428083203
3.2556361822412314
3.2500336849804885
3.2500336849804885
3.2181051310381505
3.2181051310381505
3.2181051310381505
3.2180578809998246
3.2180578809998246
3.2180578809998246
3.2252735251821227
3.2252735251821227
3.218210045083456
3.229277466389829
3.2446631803580073
3.201739649990152
3.201739649990152
3.201739649990152
3.201739649990152
3.2283568344715667
3.2115119311279057
3.2137424820537936
3.2137424820537936
3.2137424820537936
3.2137424820537936
3.247428830449289
3.2546927677439466
3.2629619336027753
3.2629619336027753
3.2629619336027753
3.2629619336027753
3.2494887229935254
3.2494887229935254
3.2494887229935254
3.2494887229935254
3.2462319780694737
3.2462319780694737
3.23907404993724
3.2411370290670956
3.2411370290670956
3.2410389861853495
3.2410389861853495
3.2410389861853495
3.2376361177882624
3.2376361177882624
3.2376361177882624
3.2251501432856253
3.210254520188471
3.210254520188471
3.2302881834374744
3.2302881834374744
3.2302881834374744
3.2302881834374744
3.2302881834374744
3.2302881834374744
3.2302881834374744
3.218362566216354
3.218362566216354
3.218362566216354
3.1999484661108
3.1977371500019496
3.1977371500019496
3.193813023113723
3.193813023113723
3.2001147795625347
3.1977147864767037
3.1977147864767037
3.1977147864767037
3.204888053491734
3.1985840930620966
3.2200106849873973
3.2232330550900863
3.2100170183747605
3.206450164926937
3.206450164926937
3.209676022818549
3.2191333534567277
3.2191333534567277
3.2191333534567277
3.210401334805711
3.203907141264594
3.203420650050166
3.203420650050166
3.210111507325597
3.210111507325597
3.2132805299884857
3.2002167230678906
3.194224543648378
3.198234495646772
3.205342349120607
3.205342349120607
3.205342349120607
3.183314763803387
3.18706609714551
3.18706609714551
3.18706609714551
3.1983369851668235
3.209687631411104
3.197850548073589
3.1981675146943918
3.1981675146943918
3.1981675146943918
3.1918064844030187
3.1983775069296163
3.1983775069296163
3.1983775069296163
3.2096760445089405
3.1701521800035013
3.1744951846812115
3.1744951846812115
3.1744951846812115
3.1744951846812115
3.1796971182287637
3.1796971182287637
3.1796971182287637
3.1816140653652742
3.1816140653652742
3.1816140653652742
3.1816140653652742
3.1816140653652742
3.1816140653652742
3.182697125853624
3.182697125853624
3.182697125853624
3.1979386215553314
3.1877710182804404
3.1883837269013156
3.188948913540671
3.2010716668267274
3.2010716668267274
3.184239167887596
3.187018599564119
3.1844041815031114
3.1844041815031114
3.1962009285077353
3.2095034573617083
3.1858746190366207
3.1858746190366207
3.183146781628786
3.183146781628786
3.1804906150132566
3.1804906150132566
3.1804906150132566
3.1876746199706782
3.1876746199706782
3.1876746199706782
3.1876746199706782
3.1777182127476262
3.1803946086657784
3.1803946086657784
3.1803946086657784
3.1665510497687976
3.178720455780971
3.178720455780971
3.178720455780971
3.1761686588902127
3.1750751426333412
3.1676730803659003
3.1676730803659003
3.1862960752546843
3.1862960752546843
3.17489765745475
3.1599627484605737
3.1599627484605737
3.1599627484605737
3.1599627484605737
3.176041189047531
3.167554809648029
3.178635538850872
3.1947901987243674
3.1934302361561815
3.1981526603470534
3.2179847199369664
3.2179847199369664
3.215086217508267
3.193515872199086
3.193515872199086
3.192429502619189
3.192429502619189
3.192429502619189
3.1781097438514903
3.1781097438514903
3.1743751363649255
3.159870519083953
3.159870519083953
3.166802537028172
3.171176099527364
3.171176099527364
3.171176099527364
3.171176099527364
3.171176099527364
3.1777223904097425
3.1777223904097425
3.19261979716064
3.19261979716064
3.19261979716064
3.1927377970932898
3.187885667914559
3.202303825261354
3.202303825261354
3.202303825261354
3.202303825261354
3.2081441971067415
3.189949814990658
3.189949814990658
3.1909550196045786
3.1909550196045786
3.1944856259862897
3.198801167779183
3.198801167779183
3.198801167779183
3.2073687549465055
3.2073687549465055
3.2073687549465055
3.2330082233575155
3.2330082233575155
3.206215405199023
3.2081237315706193
3.2081237315706193
3.2081237315706193
3.2204939886518233
3.2204939886518233
3.2204939886518233
3.209722829098805
3.209722829098805
3.1763169314998616
3.1763169314998616
3.1763169314998616
3.1718000430301734
3.1598436942501187
3.1598436942501187
3.15636824269337
3.15636824269337
3.15636824269337
3.1504652034550715
3.1663153488731632
3.1663153488731632
3.1663153488731632
3.1663153488731632
3.189389313741668
3.1928414616794827
3.1933328624622397
3.1910929223323956
3.1910929223323956
3.180845859679728
3.180845859679728
3.1852358434009154
3.1989389801721075
3.1801390727853844
3.1801390727853844
3.1801390727853844
3.184866951670051
3.184866951670051
3.1868764413397113
3.197113594230969
3.1885111275813647
3.1885111275813647
3.1885111275813647
3.1789976934195665
3.189468763705004
3.189468763705004
3.186771214279621
3.1888126827390586
3.1888126827390586
3.1888126827390586
3.1984624978917795
3.198705914602103
3.198705914602103
3.203786962088416
3.1986438902118155
3.169799050745022
3.169799050745022
3.1739293750443873
3.1682523912231457
3.1677030200170373
3.1677030200170373
3.2007089565241893
3.1946276080910017
3.192463707232526
3.192463707232526
3.192463707232526
3.1749986418613174
3.1963043878158564
3.1992395205046837
3.18056972771584
3.18056972771584
3.175503643140726
3.1854239642717097
3.201973369227697
3.201973369227697
3.201973369227697
3.208989715460706
3.208989715460706
3.2129482852408984
3.1987007402233587
3.1987007402233587
3.1834458767393965
3.2182491409618557
3.220530186096285
3.2180404478818305
3.21895165707723
3.2188605335547007
3.2188605335547007
3.2104721747300857
3.2104721747300857
3.2104721747300857
3.1703872188219497
3.1750293386062367
3.179029964895859
3.172020861981278
3.172020861981278
3.1621372852298966
3.1623276694118005
3.169649617200306
3.169649617200306
3.164976786810321
3.161592393909398
3.187817473006214
3.1640562961787846
3.1552780178076336
3.1688054369113137
3.1688054369113137
3.164463561681367
3.165817725604222
3.1864305419730226
3.1986900141792294
3.1986900141792294
3.1825090157651568
3.1721507668958817
3.1905195163663094
3.198677732279765
3.198677732279765
3.191165374393855
3.1917172381928545
3.1894686279408337
3.203021724994101
3.203021724994101
3.204811673189697
3.204811673189697
3.2040865477876306
3.2040865477876306
3.2040865477876306
3.2040865477876306
3.2036887924539084
3.2036887924539084
3.2161032031861834
3.2161032031861834
3.2210549161718554
3.2210549161718554
3.2230791681468096
3.2230791681468096
3.2230791681468096
3.2278992944795624
3.216912209731231
3.216912209731231
3.219441830580814
3.217967428726289
3.217967428726289
3.217967428726289
3.2248780133285955
3.224104618206577
3.2184140118041067
3.2049609273295783
3.2049609273295783
3.1818759072524063
3.1818759072524063
3.1818759072524063
3.1740773187986773
3.1881156427290454
3.1942450117738534
3.2001443785554793
3.2001443785554793
3.1941428200121558
3.1941428200121558
3.1941428200121558
3.2003413579116504
3.203994824919041
3.216156035085913
3.203580518713302
3.203580518713302
3.227294917430308
3.218387635518648
3.218387635518648
3.2280450858203777
3.2294117862038676
3.2068336122061534
3.1939950252134883
3.1939950252134883
3.2130883336626543
3.2130883336626543
3.201728159951713
3.201728159951713
3.216838621928168
3.2082443545208768
3.2142502998738474
3.222926463016501
3.222926463016501
3.2257157202139655
3.226619946733158
3.226619946733158
3.226619946733158
3.226619946733158
3.184991650903551
3.184991650903551
3.184991650903551
3.1862063853898293
3.1849891998273554
3.1921389910819107
3.1921389910819107
3.1925504035638457
3.1925504035638457
3.1925504035638457
3.191396907300968
3.191396907300968
3.1870415380430677
3.2008937787321132
3.1970861901375107
3.194298446201129
3.198822267757387
3.186372161234275
3.186372161234275
3.186372161234275
3.19858038849292
3.2051275786949005
3.2085749172987517
3.2066444152040465
3.2066444152040465
3.2066444152040465
3.2066444152040465
3.2066444152040465
3.2102392289039035
3.2102392289039035
3.2205166058713246
3.2083679687326363
3.207133388696727
3.207133388696727
3.2075315042534056
3.1731905983258684
3.175898389636236
3.1991363209325714
3.1991363209325714
3.1991363209325714
3.203258928658644
3.197400575512145
3.186304924554226
3.2207299187169864
3.236344359755739
3.236344359755739
3.213459287684596
3.213459287684596
3.213459287684596
3.213459287684596
3.2196021788907316
3.179328490553646
3.179328490553646
3.18534499175066
3.1861903347828004
3.1924358138196287
3.182735892147695
3.1848029351213487
3.1848029351213487
3.1987148497516364
3.202127841417246
3.195393719154624
3.195393719154624
3.195393719154624
3.195393719154624
3.195393719154624
3.195393719154624
3.195393719154624
3.195393719154624
3.2047573661766493
3.1975015057938703
3.178186207897787
3.178186207897787
3.168061603516926
3.2172204776092275
3.200193843340834
3.200193843340834
3.200193843340834
3.2015917578065944
3.2015917578065944
3.2015917578065944
3.2015917578065944
3.2015917578065944
3.193240598424677
3.193240598424677
3.193240598424677
3.1825669117785313
3.1907584370041775
3.1907584370041775
3.1907584370041775
3.169285787841757
3.1793438816513655
3.1767736454820534
3.1767736454820534
3.163987926240602
3.187481466507957
3.188618468077157
3.1798315092817924
3.1798315092817924
3.1798315092817924
3.1798315092817924
3.194095856776296
3.194095856776296
3.210861696005927
3.1844489603511157
3.1844489603511157
3.1762845411147937
3.16667345349972
3.195374951353873
3.195374951353873
3.1797320724829383
3.1820797267546728
3.1745325426855677
3.173387645659956
3.173387645659956
3.173387645659956
3.1937177041285283
3.1937177041285283
3.1937177041285283
3.180886049333155
3.180886049333155
3.180886049333155
3.180886049333155
3.1737193183078998
3.185353789705241
3.185353789705241
3.182937430797187
3.190174406255806
3.190174406255806
3.190174406255806
3.190174406255806
3.190174406255806
3.1953258667964684
3.2290539969645478
3.2290539969645478
3.225152955762435
3.225152955762435
3.2228521069442366
3.2310537509720842
3.2310537509720842
3.2113407219709456
3.2113407219709456
3.1906785236928785
3.1906785236928785
3.1868167549074116
3.1868167549074116
3.1868167549074116
3.1868167549074116
3.1857586171457677
3.1857586171457677
3.161365666620164
3.161365666620164
3.161365666620164
3.161365666620164
3.1465032649197684
3.1533185426548584
3.1658315411003173
3.1658315411003173
3.1738677876090753
3.188397012946746
3.159905664560935
3.1681190884402555
3.1423668497982513
3.157083645411107
3.1676615800123997
3.1676615800123997
3.1752851340945174
3.1752851340945174
3.1752851340945174
3.1754672932361108
3.221666765366393
3.221666765366393
3.221666765366393
3.212314196897639
3.212314196897639
3.212314196897639
3.212314196897639
3.205495413807892
3.205495413807892
3.205495413807892
3.2001539792364535
3.1996459326132634
3.197815094868908
3.2040990380152254
3.2040990380152254
3.2040990380152254
3.199428120050915
3.2097944390471107
3.2111317486882234
3.212367018936571
3.212367018936571
3.1921044919131276
3.1810185044976187
3.1810185044976187
3.1812047441712306
3.1812047441712306
3.195899865102988
3.195899865102988
3.196136559018838
3.1945501766849387
3.1945501766849387
3.1945501766849387
3.176109833640253
3.176109833640253
3.176747653367313
3.176747653367313
3.176747653367313
3.2047898782690725
3.21058776039982
3.21058776039982
3.21058776039982
3.210328195352078
3.210328195352078
3.2177176312416353
3.2336765336201947
3.2144417848580864
3.2144417848580864
3.215994540987693
3.215994540987693
3.215994540987693
3.215994540987693
3.215994540987693
3.206884367896999
3.2114981005951466
3.2114981005951466
3.225569890149779
3.200135443224403
3.2088468756375756
3.2042146600708796
3.218954595639201
3.20358467639558
3.194052733894258
3.240414230325152
3.240414230325152
3.240414230325152
3.205547595279991
3.2238651187527583
3.2238651187527583
3.217944451992019
3.224146012324125
3.2282136554491507
3.2282136554491507
3.2282136554491507
3.1959062392154727
3.1959062392154727
3.1742198123293046
3.1742198123293046
3.1945267408303963
3.193909759319843
3.1967608879699436
3.1967608879699436
3.1916422823414226
3.1916422823414226
3.1916422823414226
3.1944682549109884
3.1944682549109884
3.1944682549109884
3.1944682549109884
3.1944682549109884
3.197192231062152
3.197192231062152
3.1896518122199304
3.186177657989531
3.186177657989531
3.186177657989531
3.186177657989531
3.209904594495768
3.209904594495768
3.209904594495768
3.204829460191108
3.2123416893359313
3.2121388184004616
3.2121388184004616
3.2121388184004616
3.208253638954523
3.208253638954523
3.208253638954523
3.1975880628517293
3.197354686661377
3.197354686661377
3.197354686661377
3.1947674546389306
3.1985874166934605
3.1985874166934605
3.190903651221045
3.1932056495886916
3.2126595169191545
3.2126595169191545
3.2126595169191545
3.2126595169191545
3.2104727936948447
3.1946566161345045
3.1946566161345045
3.1821658616374444
3.172333430161889
3.1993778235488617
3.1993778235488617
3.1993778235488617
3.1955547051022077
3.1864848360711338
3.2054812795421537
3.203090062224328
3.203090062224328
3.200903373084845
3.200903373084845
3.1916986123070266
3.1916986123070266
3.1916986123070266
3.1916986123070266
3.1939997191048675
3.1939997191048675
3.204114202804425
3.204114202804425
3.2100614951070408
3.2174772971031427
3.2174772971031427
3.219662843356032
3.218164292535411
3.2297512177754695
3.2170186512629995
3.233160606751787
3.233160606751787
3.2219346650944956
3.214433635576087
3.216838519011444
3.216838519011444
3.2069239075531453
3.2092984500655097
3.2092984500655097
3.2092984500655097
3.2166783745073158
3.199145576852775
3.199145576852775
3.1977745718780874
3.206296253666348
3.1885126326300335
3.1885126326300335
3.2059439652076764
3.2059439652076764
3.2047850121609542
3.2047850121609542
3.178600216754245
3.224211822236153
3.224211822236153
3.224211822236153
3.229811023567925
3.229811023567925
3.2365642459286748
3.2248127145681225
3.2193571960007965
3.2288006330062564
3.2288006330062564
3.2288006330062564
3.2288006330062564
3.2288006330062564
3.237176583148327
3.2260162166212076
3.2093023896883386
3.2088882676458534
3.2088882676458534
3.2088882676458534
3.2088882676458534
3.2088882676458534
3.2088882676458534
3.2122900801134064
3.2266942750719654
3.2265989626393736
3.2265989626393736
3.210757784940749
3.1960388434620093
3.19170451986251
3.1936935387952747
3.2033882206163007
3.188910099152249
3.188910099152249
3.2241170565038235
3.2241170565038235
3.232567483563688
3.232567483563688
3.230161914187567
3.230161914187567
3.218070689419856
3.2098020552560533
3.2098020552560533
3.2182066163348395
3.249768645708823
3.249768645708823
3.249768645708823
3.2214369948211545
3.2095422128161597
3.2095422128161597
3.2082825770657553
3.2056185019160996
3.2056185019160996
3.2056185019160996
3.2056185019160996
3.2056185019160996
3.2056185019160996
3.217878117241042
3.217878117241042
3.2216435436556377
3.2201199341408837
3.239852810182888
3.239852810182888
3.226920992553457
3.226920992553457
3.24420649693374
3.24420649693374
3.219039443569762
3.207703156091009
3.223514637908933
3.223514637908933
3.235234585096376
3.235234585096376
3.231114181158032
3.21685369431222
3.21685369431222
3.216812828808107
3.216812828808107
3.216812828808107
3.216812828808107
3.216812828808107
3.180929905333707
3.180929905333707
3.180929905333707
3.180929905333707
3.209949484697973
3.209949484697973
3.209949484697973
3.2262428077628624
3.2262428077628624
3.2286138672028897
3.2232639554738363
3.2112515892277744
3.2338910393550404
3.200562891496221
3.2160973717522783
3.2160973717522783
3.218326558960317
3.218326558960317
3.1985620620473907
3.2132371542533207
3.180213699297964
3.2080862865493245
3.2080862865493245
3.2080862865493245
3.2068847790791954
3.203750079074328
3.2071061823141696
3.2071061823141696
3.209736590861538
3.1791412111395796
3.1814182442192407
3.1810769827640315
3.1810769827640315
3.172271086553033
3.164732782825459
3.1770171287581688
3.195098783804704
3.1831398267199287
3.1831398267199287
3.1831398267199287
3.1831398267199287
3.1831398267199287
3.183180672802773
3.183180672802773
3.183180672802773
3.1888152564858063
3.1888152564858063
3.201591890283222
3.2019055195122554
3.2019055195122554
3.1946515595574265
3.1946515595574265
3.1946515595574265
3.1838015404201414
3.1802389741134984
3.1972802527909203
3.1793933771939513
3.1793933771939513
3.203687100502772
3.2183703542115434
3.2183703542115434
3.2157060046082635
3.2157060046082635
3.184836204692329
3.184836204692329
3.184836204692329
3.177212112557104
3.177212112557104
3.177212112557104
3.1773045089137812
3.1887395187316088
3.190009441963627
3.190009441963627
3.190009441963627
3.1786380739063045
3.1745933455780087
3.1745933455780087
3.1745933455780087
3.1745933455780087
3.1745933455780087
3.172431646487419
3.169066031954563
3.168728932871109
3.168728932871109
3.1634681682586483
3.1470667617241572
3.1835857526218065
3.1835857526218065
3.173507656496259
3.158258386370274
3.158258386370274
3.1624863209333496
3.161210720477079
3.161210720477079
3.174396702288873
3.177779582391096
3.1571715218276433
3.1524581448941835
3.148434641647701
3.148434641647701
3.1533304237584137
3.1533304237584137
3.1533304237584137
3.171032482972134
3.171032482972134
3.1814123480938377
3.190556417141654
3.190556417141654
3.190556417141654
3.1756859565608817
3.1756859565608817
3.2029582213380254
3.2029582213380254
3.1896352973426594
3.1896352973426594
3.1848790099808735
3.1802532590708226
3.1823843840983423
3.1995906082460612
3.1995906082460612
3.200606943874755
3.194857029737555
3.1992467487750824
3.1992467487750824
3.1978276139273105
3.203065215431976
3.2340640688812017
3.2369758426180772
3.2137683986824057
3.230649065999963
3.220807385368602
3.224980059563532
3.206377217242068
3.18979766732944
3.18979766732944
3.18979766732944
3.217552859728397
3.1912929038488613
3.2154172245464387
3.218730145043226
3.218730145043226
3.218730145043226
3.214248202052469
3.209946457869996
3.211238473721361
3.200029831358267
3.200029831358267
3.200029831358267
3.200029831358267
3.2021187781627662
3.1886929157549275
3.1886929157549275
3.1886929157549275
3.1886929157549275
3.177551575486802
3.177551575486802
3.177551575486802
3.172851401788775
3.1785673899966183
3.1785673899966183
3.1785673899966183
3.1785673899966183
3.1806515322356823
3.1806515322356823
3.1806515322356823
3.1806515322356823
3.1806515322356823
3.172025931785582
3.165936003720322
3.182189356686801
3.182189356686801
3.182189356686801
3.1812764766009978
3.179781947109772
3.179781947109772
3.179781947109772
3.179781947109772
3.179781947109772
3.1904525953974474
3.188202664577648
3.188202664577648
3.188202664577648
3.202859652307233
3.198941120816483
3.198941120816483
3.1817180478099116
3.193111378010766
3.193111378010766
3.199881647383468
3.199881647383468
3.199881647383468
3.199881647383468
3.199881647383468
3.2043023708410137
3.198970242665735
3.206419336571978
3.206419336571978
3.206419336571978
3.1918677910312008
3.185270232693524
3.200482864059951
3.183207667601194
3.1822223173050586
3.1822223173050586
3.1924628393504015
3.196877105806929
3.2034909052318064
3.19901804279971
3.188516079453535
3.188516079453535
3.1940154315973395
3.1940154315973395
3.18654107100459
3.18654107100459
3.18654107100459
3.18654107100459
3.2019139332129902
3.184602835918855
3.184602835918855
3.1873211592097173
3.1987451112010756
3.214846337939329
3.1941879224403005
3.1941879224403005
3.1941879224403005
3.198785224055581
3.198785224055581
3.198785224055581
3.17250056230286
3.17250056230286
3.165304393614424
3.15932887823159
3.15932887823159
3.1795210222747063
3.176053665933368
3.1701446040821897
3.2007022997496963
3.2036451629564855
3.2036451629564855
3.1852371161352324
3.181824627798795
3.181824627798795
3.181824627798795
3.181824627798795
3.181824627798795
3.201372202256829
3.2181669920752767
3.194375943979693
3.1946103658832965
3.1964382146628076
3.200113790060545
3.19072774260749
3.1901367788240726
3.1702433208956178
3.1702433208956178
3.1817440805714794
3.1872692281803463
3.185449677423386
3.1856355149303477
3.1856355149303477
3.1957316298951444
3.1950587993412665
3.2043579214842723
3.1882532016590988
3.2074958678460357
3.186476885965224
3.1597297871371053
3.1882186443586296
3.1718661467574996
3.1660359421171393
3.171851631914505
3.171851631914505
3.171851631914505
3.171851631914505
3.171851631914505
3.161777535708517
3.161777535708517
3.161777535708517
3.160690777384716
3.1536758189638636
3.1536758189638636
3.1536758189638636
3.151457871487741
3.1717449679009997
3.176047363009662
3.1985263079199338
3.1792666286894153
3.1792666286894153
3.1792666286894153
3.16631825891148
3.16631825891148
3.16631825891148
3.16631825891148
3.16631825891148
3.16631825891148
3.16631825891148
3.16631825891148
3.1727732745936836
3.15867366889115
