3.768284069673757
3.768284069673757
3.768284069673757
3.768284069673757
3.768284069673757
3.768284069673757
3.768284069673757
3.768284069673757
3.768284069673757
3.768284069673757
3.768284069673757
3.768284069673757
3.768284069673757
3.768284069673757
3.768284069673757
3.768284069673757
3.768284069673757
3.768284069673757
3.768284069673757
3.768284069673757
3.768284069673757
3.768284069673757
3.768284069673757
3.768284069673757
3.768284069673757
3.768284069673757
3.768284069673757
3.768284069673757
3.768284069673757
3.768284069673757
3.768284069673757
3.768284069673757
3.768284069673757
3.768284069673757
3.768284069673757
3.768284069673757
3.768284069673757
3.768284069673757
3.768284069673757
3.768284069673757
3.768284069673757
3.768284069673757
3.768284069673757
3.768284069673757
3.768284069673757
3.768284069673757
3.768284069673757
3.768284069673757
3.768284069673757
3.768284069673757
3.768284069673757
3.768284069673757
3.768284069673757
3.768284069673757
3.768284069673757
3.768284069673757
3.768284069673757
3.768284069673757
3.768284069673757
3.768284069673757
3.768284069673757
3.768284069673757
3.768284069673757
3.768284069673757
3.768284069673757
3.768284069673757
3.768284069673757
3.768284069673757
3.768284069673757
3.768284069673757
3.768284069673757
3.768284069673757
3.768284069673757
3.768284069673757
3.768284069673757
3.768284069673757
3.768284069673757
3.768284069673757
3.768284069673757
3.768284069673757
3.768284069673757
3.768284069673757
3.768284069673757
3.768284069673757
3.768284069673757
3.768284069673757
3.768284069673757
3.768284069673757
3.768284069673757
3.768284069673757
3.768284069673757
3.768284069673757
3.768284069673757
3.768284069673757
3.768284069673757
3.768284069673757
3.768284069673757
3.768284069673757
3.768284069673757
3.751078005206902
3.7266202449238865
3.710379309198481
3.710379309198481
3.7078118833842373
3.7026020546217344
3.7026020546217344
3.7026020546217344
3.7026020546217344
3.6875901732817433
3.6875901732817433
3.6741663739061403
3.6741663739061403
3.6676227884285644
3.6676227884285644
3.6676227884285644
3.6676227884285644
3.639519825383684
3.639519825383684
3.621614574808081
3.621614574808081
3.621614574808081
3.6054843387088034
3.6054843387088034
3.6054843387088034
3.5998744810365104
3.5998744810365104
3.5998744810365104
3.5933846691565603
3.588509326966424
3.588509326966424
3.5512062387467256
3.5225023443097827
3.512229808715999
3.5094351000226296
3.5094351000226296
3.5094351000226296
3.5094351000226296
3.5029443031710743
3.5029443031710743
3.5029443031710743
3.476374886368544
3.473351009809726
3.4710773227005567
3.462987648678023
3.462987648678023
3.443053999435292
3.4043582215405466
3.390222934314508
3.386418999907101
3.3669434156086604
3.35160104229965
3.3354837814194864
3.3354837814194864
3.3354837814194864
3.3354837814194864
3.3354837814194864
3.333232819888044
3.331410407706321
3.3321064328419827
3.321835919667204
3.321835919667204
3.321835919667204
3.321835919667204
3.321835919667204
3.3206656036631688
3.3206656036631688
3.3051827175777704
3.3110947046412598
3.2920409898611775
3.2920409898611775
3.2874253817097725
3.2758251713852036
3.2758251713852036
3.2661838426965475
3.248611472733899
3.276917490865702
3.2541948837760506
3.2557779423108695
3.2593173834689937
3.2593173834689937
3.2593173834689937
3.2593173834689937
3.2569665424793506
3.262748787019442
3.2626021093386437
3.2626021093386437
3.2657778699966173
3.268585202813215
3.2525225836728358
3.2525225836728358
3.2525225836728358
3.2525225836728358
3.2213877880774717
3.2213877880774717
3.2213877880774717
3.2213877880774717
3.2213877880774717
3.236093081323415
3.236093081323415
3.2440189972010716
3.262446037230115
3.27550966392675
3.2701847054002675
3.2701847054002675
3.2633470976870416
3.2637096986624745
3.2507990833248392
3.260572950044942
3.260572950044942
3.260572950044942
3.268212819124922
3.2570230602109693
3.2783513787804175
3.276372831435551
3.276372831435551
3.276372831435551
3.256119707415111
3.269803616776224
3.269803616776224
3.269803616776224
3.274448801606975
3.2650814435817157
3.264701198180385
3.2933678017791608
3.2933678017791608
3.2827744993613295
3.253624613240259
3.235873246482413
3.257602656943018
3.2541749137042815
3.245124332858253
3.245124332858253
3.259111000109362
3.251796743992433
3.251796743992433
3.2543033722624615
3.2543033722624615
3.2543033722624615
3.2609660430188
3.2609660430188
3.249095015336031
3.2415458682172096
3.2301773942370784
3.2243131639103626
3.2117737097312626
3.2511198732482987
3.2464585375920576
3.258011093241129
3.258011093241129
3.2516300798339928
3.242372611601281
3.239821764366582
3.233491707435176
3.2315257156938317
3.241401723983934
3.2306908580226175
3.232265470774813
3.232265470774813
3.2325394357974893
3.2325394357974893
3.226849213843078
3.2303592058364194
3.2303592058364194
3.2446928494214173
3.2366616103125523
3.253740560190037
3.243196051397605
3.243196051397605
3.233296013966351
3.249432787165074
3.249432787165074
3.249432787165074
3.2654075362519555
3.2746242246403376
3.2746242246403376
3.2643432873025073
3.2643432873025073
3.240239002380691
3.2411262569725783
3.2566424307611235
3.2598531516516482
3.2598531516516482
3.259725440478452
3.2570167639221594
3.262616403536416
3.271402663743435
3.257415174223092
3.2371617995954325
3.2465029586298053
3.2465029586298053
3.2426560955527464
3.25529796893617
3.2661620618709253
3.26262122419577
3.26262122419577
3.260373213282561
3.261625515125462
3.2588379096416245
3.2425214379496503
3.2566819306578507
3.227293384331008
3.2246031758849907
3.235099083788666
3.238186628100217
3.2682864182229294
3.2407939713381646
3.2630390606721136
3.2630390606721136
3.2630390606721136
3.2630390606721136
3.2800450797144842
3.2800450797144842
3.26836599451617
3.26836599451617
3.26836599451617
3.276224576631738
3.27693130432599
3.27693130432599
3.281856965072435
3.277823552468885
3.2921835121610954
3.2921835121610954
3.2921835121610954
3.2921835121610954
3.270381256402649
3.2702196369002827
3.2961339738755395
3.3056545089204605
3.30255524468442
3.2843922591351222
3.2698975842136067
3.2698975842136067
3.2852272338084196
3.2852272338084196
3.2852272338084196
3.2852272338084196
3.2852272338084196
3.2852272338084196
3.2852272338084196
3.2852272338084196
3.2852272338084196
3.252714601693962
3.249257264902188
3.252346406941011
3.256814982292682
3.256814982292682
3.256814982292682
3.2648370322547398
3.2648370322547398
3.2648370322547398
3.2610202813899876
3.2610202813899876
3.257629951843911
3.258177192708185
3.2445750091475345
3.2471667368998847
3.2413511228235268
3.233545604539406
3.2445432751467522
3.24640422912433
3.2669782273506836
3.255062369713219
3.265815001172622
3.2618590764701443
3.2640137856475944
3.2622574412169287
3.2622574412169287
3.2622574412169287
3.254235986844417
3.251690522620729
3.251690522620729
3.261953877626124
3.261953877626124
3.261953877626124
3.261953877626124
3.261953877626124
3.261953877626124
3.2450526744423627
3.2450526744423627
3.2729239536410746
3.2421073915550007
3.2421073915550007
3.2421073915550007
3.2236128681185328
3.2148596329246732
3.2123295593126313
3.2123295593126313
3.2123295593126313
3.2380143905561183
3.254352405234516
3.260325221754564
3.2476944784918613
3.224598546843884
3.224598546843884
3.247292664806091
3.247292664806091
3.247292664806091
3.247292664806091
3.2520083768136274
3.2520083768136274
3.259587436800068
3.259587436800068
3.266712219615932
3.264540499416298
3.2722213996822744
3.270591680246386
3.270591680246386
3.2669629660333697
3.249393717345625
3.2529195275804432
3.2479207446060827
3.2532526804352484
3.2532526804352484
3.250341081548141
3.2602493897139944
3.2602493897139944
3.2602493897139944
3.269299808044055
3.2557630800769335
3.2557630800769335
3.2641934340272716
3.2641934340272716
3.2641934340272716
3.248426798267386
3.248426798267386
3.2511952330921523
3.2505734177822134
3.2505734177822134
3.2505734177822134
3.2505734177822134
3.225686830482379
3.222759773683267
3.225898003904135
3.207251861536501
3.241516287210244
3.246334946211301
3.2360134719083655
3.2390478513950214
3.2230609793170593
3.2151177137199776
3.2151177137199776
3.2151177137199776
3.1986025183016906
3.1986025183016906
3.222168459083002
3.222168459083002
3.2030339064788573
3.199441500138387
3.211569523149246
3.211569523149246
3.211569523149246
3.194423152210823
3.194423152210823
3.211912912730705
3.221581197114491
3.2181389469175907
3.2182568681571007
3.2182568681571007
3.2182568681571007
3.23387814897288
3.2394833951259505
3.236156759610318
3.236156759610318
3.256536640800298
3.2472084826118004
3.239086460955956
3.2451257773640645
3.244318860476829
3.2503002130199006
3.2503002130199006
3.2503002130199006
3.2503002130199006
3.211986280545067
3.211986280545067
3.211986280545067
3.211986280545067
3.211986280545067
3.2430115491993137
3.2430115491993137
3.2430115491993137
3.2430115491993137
3.241743227154706
3.241743227154706
3.241743227154706
3.241743227154706
3.241743227154706
3.22213108588079
3.2170168231260257
3.2170465890681754
3.215658083476574
3.217820248700117
3.217820248700117
3.217820248700117
3.217820248700117
3.217820248700117
3.217820248700117
3.2159518193877523
3.226507879942762
3.2407488448070727
3.2503350860764293
3.2503350860764293
3.2503350860764293
3.2553309074515178
3.2693735715892553
3.2598620095136708
3.2598620095136708
3.2598620095136708
3.2446118915957465
3.2496488102143006
3.2496488102143006
3.2496488102143006
3.2584759284053804
3.2768907868651334
3.2719718756244145
3.267836495979576
3.273753966009711
3.264337535876186
3.2767824194042596
3.260103871043064
3.27549677169092
3.2854021708061136
3.2854021708061136
3.27156766030243
3.267519752368112
3.2474327055397105
3.235205148514298
3.248874492284093
3.2390722848903146
3.230378749363456
3.232693647506134
3.2278875215357496
3.251681942280863
3.2486969545437545
3.236376862817657
3.2587250434749993
3.2471314199464736
3.24192267850612
3.2351660744162443
3.2351660744162443
3.217955042876405
3.222954416266872
3.222954416266872
3.222954416266872
3.220735161171492
3.220735161171492
3.220735161171492
3.220735161171492
3.220735161171492
3.220735161171492
3.220735161171492
3.232507308068226
3.230254042463535
3.228674293123792
3.228674293123792
3.244689160969359
3.244689160969359
3.2757621192034754
3.2661647641502607
3.2651844840674067
3.2572800112214475
3.2572800112214475
3.2492627524057633
3.2492627524057633
3.2492806333052346
3.259036822704064
3.259036822704064
3.2604059247203643
3.257269410953422
3.253813147867339
3.253813147867339
3.2381896975087763
3.237624121007583
3.2390085058310243
3.2571130215314708
3.2596085253841087
3.258803611751652
3.2619567008158
3.2619567008158
3.2619567008158
3.279720947393398
3.279720947393398
3.2767722734072557
3.302680194722039
3.2744686480655285
3.272477966507197
3.2669171640756547
3.2878476632353144
3.2878476632353144
3.2856254305084303
3.2882539904181827
3.2700622341748438
3.2700622341748438
3.275040250017911
3.275040250017911
3.275040250017911
3.275040250017911
3.275040250017911
3.254541147848501
3.286449751583652
3.286449751583652
3.286449751583652
3.273857695572262
3.273857695572262
3.266834470479954
3.266834470479954
3.2785982211975297
3.276601121460077
3.257033861322273
3.259487364692707
3.2534368874869646
3.2529726149850826
3.2653120800373836
3.2653120800373836
3.28272066857202
3.280832385384818
3.2848798837937525
3.269640666355763
3.269640666355763
3.278543337979975
3.283446783994188
3.275658808646464
3.2841847634113854
3.2772506493613807
3.2772506493613807
3.281734481389948
3.303478348668424
3.305864975248188
3.318647974088914
3.318647974088914
3.3054586549545175
3.3002282658486215
3.299933000070067
3.3023183400081835
3.305161998102363
3.3062443440021734
3.3024910541212877
3.3024910541212877
3.3024910541212877
3.2873972784720733
3.303170627021609
3.303170627021609
3.2838564587471613
3.2838564587471613
3.276139383217723
3.276139383217723
3.262584053272021
3.262584053272021
3.262584053272021
3.262584053272021
3.2467539153757334
3.2467539153757334
3.2467539153757334
3.2467539153757334
3.2454418914396124
3.2454418914396124
3.2582639206671886
3.2582639206671886
3.2582639206671886
3.2582639206671886
3.2582639206671886
3.2436007348009275
3.268348601941038
3.2667384710740617
3.2390498610812912
3.238902112399333
3.238902112399333
3.223836656895952
3.223836656895952
3.247246467565871
3.247246467565871
3.247246467565871
3.247246467565871
3.247246467565871
3.260131030196648
3.260131030196648
3.260131030196648
3.2636731403265564
3.2657028666159107
3.274898587082417
3.2642630016592866
3.2642630016592866
3.2515274520274042
3.2577115715094114
3.2577115715094114
3.2805014292372903
3.2619164872450814
3.247599795962346
3.247599795962346
3.256086742400341
3.256086742400341
3.2487684808717994
3.2649850659013406
3.2406051949577845
3.2504144980272818
3.2476565743997794
3.2476565743997794
3.2476565743997794
3.2330799958112646
3.2330799958112646
3.2241988840881675
3.2241988840881675
3.2276522008853767
3.2276522008853767
3.223998903494111
3.2124667579269626
3.2124667579269626
3.213777552915895
3.213777552915895
3.215766630209317
3.213782991990495
3.2159364978916654
3.2159364978916654
3.2300094716509937
3.221421255043955
3.2353399979759363
3.2385210111642366
3.2385210111642366
3.2297247710457597
3.2297247710457597
3.2297247710457597
3.221648702215206
3.216718074640183
3.2294070218721362
3.2294070218721362
3.2294070218721362
3.2294070218721362
3.2357246924881347
3.2357246924881347
3.238787796815374
3.238787796815374
3.247316275377871
3.241279449764478
3.2574965105326625
3.2574965105326625
3.2709291157728355
3.286648287701766
3.286648287701766
3.286648287701766
3.2537962333444272
3.248138425806467
3.250246552318757
3.250246552318757
3.250246552318757
3.263610973753734
3.263610973753734
3.259745184240177
3.259745184240177
3.259745184240177
3.259745184240177
3.259151539187051
3.259151539187051
3.259151539187051
3.259151539187051
3.259151539187051
3.259151539187051
3.2613209018292384
3.2613209018292384
3.2613209018292384
3.2613209018292384
3.246956757040472
3.246956757040472
3.2567490981087426
3.2567490981087426
3.2555319568502425
3.2555319568502425
3.2555319568502425
3.2555319568502425
3.2610776979498564
3.2493854568064378
3.2493854568064378
3.2493854568064378
3.2692615582934135
3.2840613508486722
3.270574979648156
3.247483672579899
3.255102275563587
3.272713847344843
3.2681426302651286
3.2861584421305707
3.2861584421305707
3.2696940294513155
3.2696940294513155
3.2696940294513155
3.271742756270468
3.271742756270468
3.266645102065426
3.266645102065426
3.258772518655542
3.25052992435491
3.2294322677225287
3.258348783488183
3.2815414582410605
3.2668134429054914
3.2668134429054914
3.2668134429054914
3.286344466108722
3.286344466108722
3.286344466108722
3.286026817841628
3.272110549996452
3.272110549996452
3.2468808109707665
3.227378764921073
3.2369013955219668
3.2369013955219668
3.251069468315386
3.251069468315386
3.2103944612935
3.221127029572483
3.221127029572483
3.221127029572483
3.221127029572483
3.221127029572483
3.221127029572483
3.221127029572483
3.226002063046784
3.213243945835485
3.2162612213390425
3.2162612213390425
3.2227098582600964
3.2227098582600964
3.223223866357223
3.2171705751371844
3.2407205917501942
3.2407205917501942
3.230718405042309
3.2362075340708376
3.2362075340708376
3.242295059863867
3.241010761586653
3.2292299584961555
3.235039671961428
3.235039671961428
3.235039671961428
3.2489596339369036
3.235128032473302
3.247892974779689
3.2392106968946597
3.2476650148229615
3.253458111214098
3.253458111214098
3.253458111214098
3.2372921806998534
3.2402008667675273
3.2402008667675273
3.2402008667675273
3.2402008667675273
3.2402008667675273
3.233824128506214
3.233824128506214
3.228885495496549
3.228885495496549
3.2427274478255934
3.2582046236032745
3.2582046236032745
3.2582046236032745
3.2582046236032745
3.2599922884721853
3.26888510579478
3.26888510579478
3.2827302085746455
3.2827302085746455
3.2827302085746455
3.2624041725038824
3.253371928621233
3.263130560976414
3.263130560976414
3.2706366640951665
3.2789368467331226
3.282869304308954
3.285996277492977
3.282059703670714
3.282059703670714
3.283614734381091
3.2697914639184025
3.2697914639184025
3.2710059419588275
3.2710059419588275
3.2710059419588275
3.262982023782279
3.2813156137791952
3.271464421499765
3.286063719642767
3.282735341276816
3.282735341276816
3.2907871894171805
3.2907871894171805
3.2961779800732196
3.2961779800732196
3.2961779800732196
3.292761059088189
3.292761059088189
3.292761059088189
3.292761059088189
3.2859342026663443
3.2859342026663443
3.2859342026663443
3.2859342026663443
3.279330973465398
3.2872397113130964
3.296410199430898
3.302690785937383
3.302690785937383
3.302690785937383
3.302690785937383
3.302690785937383
3.29464092331537
3.302870380235703
3.302870380235703
3.3059104488283233
3.3059104488283233
3.3059104488283233
3.3059104488283233
3.305143660583829
3.287780783368297
3.29650263297624
3.29650263297624
3.29650263297624
3.3024207452653376
3.2823735642158334
3.2823735642158334
3.3076342431050807
3.2738946431601215
3.2738946431601215
3.26778504924594
3.26778504924594
3.2559215612171313
3.2766018753757544
3.297366673795549
3.315588629235391
3.3046751995422357
3.2751084952920633
3.2751084952920633
3.279596567229291
3.279596567229291
3.2644362519347436
3.2644362519347436
3.2644362519347436
3.2611402453757767
3.257008514843454
3.2523307205619605
3.276154922662525
3.2944239927291976
3.2931866621033046
3.289857045417474
3.289857045417474
3.2833530301259635
3.2812027474474976
3.2812027474474976
3.2812027474474976
3.282244438980891
3.2390976949209453
3.2390976949209453
3.2390976949209453
3.2390976949209453
3.2390976949209453
3.253645003367725
3.2312230319068505
3.2232740189056215
3.23597526697103
3.23005797013204
3.2412346103062117
3.222306309351708
3.22541353555787
3.22541353555787
3.2390224654798643
3.229002185423338
3.229002185423338
3.229002185423338
3.229002185423338
3.214281076664336
3.214281076664336
3.213402226685249
3.213402226685249
3.213402226685249
3.213402226685249
3.190838023914773
3.190838023914773
3.2008597882819467
3.215790819443785
3.215790819443785
3.220780719290565
3.2290921923576543
3.2290921923576543
3.214491487391848
3.223414820004389
3.2414933304422897
3.2414933304422897
3.2255787111733816
3.226663241141771
3.226663241141771
3.2342128899945095
3.2342128899945095
3.2342128899945095
3.226139099720155
3.226139099720155
3.265598595789371
3.2514340021750323
3.2514340021750323
3.2514340021750323
3.2458999417647423
3.266067657127185
3.266067657127185
3.266067657127185
3.2756448196721113
3.2756448196721113
3.272735662491043
3.251991613789829
3.251991613789829
3.256053522749998
3.2446448271846484
3.2446448271846484
3.2446448271846484
3.2446448271846484
3.231942631230621
3.220572935910822
3.218193515781425
3.219376562509823
3.219376562509823
3.2198148117485204
3.234132414531876
3.234132414531876
3.234132414531876
3.242065066698711
3.242065066698711
3.242065066698711
3.242065066698711
3.242065066698711
3.242065066698711
3.242065066698711
3.2534922976151397
3.2534922976151397
3.2534922976151397
3.244901867970393
3.257885221970864
3.257885221970864
3.2212502347051846
3.226277448113949
3.2266135966695138
3.2208093132638878
3.222405523053694
3.222405523053694
3.222405523053694
3.2251061060375656
3.2251061060375656
3.2209736452601527
3.2209736452601527
3.2309087996744843
3.233050547290113
3.2171183370124643
3.2032047768462926
3.2032047768462926
3.2024372560693224
3.235440389269057
3.235440389269057
3.237124199845078
3.237124199845078
3.237124199845078
3.238509886635269
3.2455242492318495
3.2455242492318495
3.247570426236364
3.247570426236364
3.247570426236364
3.2502103315676183
3.2502103315676183
3.2502103315676183
3.258330300526199
3.242360044024395
3.242360044024395
3.2537294082450803
3.2451253481910425
3.2451253481910425
3.2451253481910425
3.2720786720061215
3.2720786720061215
3.2720786720061215
3.2735853378295734
3.2735853378295734
3.281667240877753
3.270345589553494
3.270345589553494
3.2731031876098293
3.2533660455295985
3.2533660455295985
3.2533660455295985
3.2533660455295985
3.2533660455295985
3.257384870712803
3.257384870712803
3.257384870712803
3.257384870712803
3.257384870712803
3.2638179691867095
3.2638179691867095
3.2559562904494
3.2559562904494
3.27304793719176
3.2539653072263732
3.2583982570185643
3.2583982570185643
3.2583982570185643
3.2583982570185643
3.2583982570185643
3.2583982570185643
3.251534604696765
3.251534604696765
3.2652851600972785
3.2522165870133537
3.2522165870133537
3.2522165870133537
3.2432573821217248
3.2382887420471635
3.260934742709077
3.2519297611369584
3.249087379945735
3.2413978833922696
3.2413978833922696
3.2675086701131675
3.2675086701131675
3.2675086701131675
3.2697476477263954
3.2635326736650074
3.265776385280041
3.268941213020557
3.268941213020557
3.2689928617004527
3.2659462984854852
3.2659462984854852
3.2659462984854852
3.2659462984854852
3.2659462984854852
3.236644631037968
3.252918880867712
3.2484237944749634
3.2413693743954157
3.2413693743954157
3.236624095966834
3.236624095966834
3.236624095966834
3.236624095966834
3.236624095966834
3.236624095966834
3.2540951810735974
3.257957981965065
3.257957981965065
3.2599126970790158
3.2496491523710875
3.2496491523710875
3.2496491523710875
3.2496491523710875
3.243942691087203
3.2413502050294114
3.2413502050294114
3.254738624274439
3.254738624274439
3.254738624274439
3.2742939076252173
3.2742939076252173
3.2742939076252173
3.2742939076252173
3.2714292457108596
3.2537963441544395
3.2316468116188686
3.2316468116188686
3.2316468116188686
3.2384848098254597
3.2342034249711147
3.2288362129910873
3.2297344910785175
3.221320228625741
3.2151392791411397
3.235959126626073
3.235959126626073
3.210147785111962
3.210147785111962
3.210147785111962
3.210147785111962
3.2316110300624246
3.2316110300624246
3.2262948418713915
3.2497103631429343
3.2288936185147796
3.219587169483019
3.232238115148762
3.2297486735394476
3.214864196499052
3.2204234387041892
3.2204234387041892
3.2204234387041892
3.2151023454498877
3.2151023454498877
3.210228130960438
3.200398016305746
3.192927649117408
3.192927649117408
3.1917277209222794
3.18959760833508
3.187594091925789
3.187594091925789
3.181113178961513
3.181113178961513
3.2007859259434186
3.17644310174684
3.1801346971276514
3.1801346971276514
3.16786165689335
3.1741125942610253
3.1971630133090603
3.197245489313632
3.2113986993205583
3.2113986993205583
3.199054792245202
3.199054792245202
3.203299108659608
3.203299108659608
3.203299108659608
3.203299108659608
3.2213244926843974
3.2213244926843974
3.2213244926843974
3.2213244926843974
3.1987678234752654
3.2221381498303843
3.2373394419774484
3.2373394419774484
3.2436298565063737
3.2371473384765976
3.2371473384765976
3.2377138369457334
3.2377138369457334
3.2377138369457334
3.240149668763595
3.228790356327502
3.228790356327502
3.228790356327502
3.221631327760875
3.2263842262125446
3.2193037110326364
3.2325113895010587
3.2317988870410317
3.2172244954057305
3.2321461997146335
3.2321461997146335
3.2344995619642125
3.239607824661384
3.239607824661384
3.2353642798607636
3.2353642798607636
3.2342028897607835
3.251011761913722
3.251011761913722
3.2459883734382573
3.243706385989377
3.243706385989377
3.243706385989377
3.258273579481294
3.258273579481294
3.258273579481294
3.2366964914953447
3.241895331120751
3.241991804784509
3.243885128653849
3.243885128653849
3.243329060715031
3.2535971916474358
3.283392920852073
3.2639339386563133
3.2639339386563133
3.2639339386563133
3.2639339386563133
3.2486199924664656
3.2766671343983167
3.2766671343983167
3.2766671343983167
3.272362404127984
3.283763842360308
3.281726236780691
3.281726236780691
3.2866951230439163
3.283416213762468
3.283416213762468
3.283416213762468
3.2716745575620574
3.2624424428726595
3.2593322397981845
3.2593322397981845
3.2532727772772363
3.2532727772772363
3.255295703754771
3.255295703754771
3.255295703754771
3.255295703754771
3.2753861613257995
3.259878116270063
3.227705695994622
3.227705695994622
3.22738737975066
3.228610342135953
3.241422725033357
3.241422725033357
3.241422725033357
3.2447343551915524
3.243913634342315
3.2370087340263174
3.26271907199373
3.26271907199373
3.26271907199373
3.26271907199373
3.26271907199373
3.272426496596037
3.2693533747728205
3.2533898696655554
3.2533898696655554
3.2533898696655554
3.2533898696655554
3.2533898696655554
3.2512950567025443
3.2512950567025443
3.2512950567025443
3.2528634451070286
3.2528634451070286
3.275773628333131
3.2739715308259387
3.2739715308259387
3.2739715308259387
3.2739715308259387
3.264760945950141
3.264760945950141
3.2689777285008557
3.2689777285008557
3.2539558388299237
3.248648545421224
3.248648545421224
3.248648545421224
3.2553562827371856
3.2553562827371856
3.2642009652671344
3.2662102582968067
3.2662102582968067
3.2662102582968067
3.255332734117164
3.255332734117164
3.2515458170816727
3.250143182886076
3.250143182886076
3.250143182886076
3.2554606405750417
3.258386196965341
3.258386196965341
3.2236895888578676
3.2236895888578676
3.219325031820312
3.2182768686631342
3.2182768686631342
3.2185210768096972
3.217535669656006
3.217535669656006
3.244947478114661
3.244947478114661
3.25312325845037
3.25312325845037
3.2396025434724005
3.231366949883523
3.243792911883086
3.2578222989659036
3.2578222989659036
3.2415343738714357
3.2415343738714357
3.2415343738714357
3.2415343738714357
3.2415343738714357
3.2415343738714357
3.226400634869624
3.226400634869624
3.2206217404253503
3.2206217404253503
3.24434869899603
3.24434869899603
3.2178364092459812
3.2022990064058603
3.2022990064058603
3.2022990064058603
3.2022990064058603
3.1989994718371646
3.2181851555915566
3.2179164298903036
3.2227490553695923
3.2357395917728358
3.2357395917728358
3.2357395917728358
3.2357395917728358
3.223664143369717
3.223664143369717
3.223664143369717
3.2420169161940033
3.229729093358138
3.229729093358138
3.248152796605192
3.2350999422092244
3.2360854445080247
3.2110112031090132
3.2512501126011317
3.2512501126011317
3.2512501126011317
3.2512501126011317
3.2512501126011317
3.2511873234301243
3.2511873234301243
3.2511873234301243
3.2580301473601394
3.2580301473601394
3.2453114547748934
3.2453114547748934
3.2441181615775987
3.2482222748730925
3.2482222748730925
3.2524987298658363
3.2524987298658363
3.2524987298658363
3.2524987298658363
3.2524987298658363
3.2524987298658363
3.2524987298658363
3.2663130350307905
3.2547753150870946
3.272626685337752
3.2658557645619735
3.2658557645619735
3.2658557645619735
3.2658557645619735
3.2658557645619735
3.267137204096948
3.2673205726214842
3.2673205726214842
3.2673205726214842
3.2673205726214842
3.2673205726214842
3.270668129986422
3.242630381942537
3.242630381942537
3.2514977261523414
3.2514977261523414
3.2507102648573722
3.2507102648573722
3.2507102648573722
3.2565166896267614
3.2565166896267614
3.2673508203253343
3.2673508203253343
3.232023128283321
3.2568038792860463
3.2568038792860463
3.278748994200433
3.278748994200433
3.278748994200433
3.278748994200433
3.2977888496557175
3.3007806190204096
3.2714773968950714
3.2594581325293
3.2371639997366284
3.2371639997366284
3.2527272712700412
3.2527272712700412
3.2527272712700412
3.2527272712700412
3.255972910771678
3.255587098685428
3.266048132841291
3.2716130717133014
3.2798760611958304
3.2798760611958304
3.2798760611958304
3.2798760611958304
3.2394986402179065
3.247222343943876
3.24226000486216
3.24226000486216
3.2432845475295484
3.232008303852596
3.25098431100884
3.2576833372544787
3.2613469953983434
3.250495257346815
3.250495257346815
3.2462076327117053
3.2495349454460842
3.245791703795347
3.245791703795347
3.245791703795347
3.2394246249079095
3.2375853295696633
3.2375853295696633
3.2375853295696633
3.2407141754250697
3.2472768640076985
3.2472768640076985
3.2590614255404207
3.2590614255404207
3.2590614255404207
3.250068712639605
3.250068712639605
3.2463949771827068
3.236512875040722
3.236512875040722
3.2341436564510992
3.2341436564510992
3.242812231672508
3.2517955273827366
3.2517955273827366
3.234747074466176
3.228726256027986
3.228726256027986
3.228726256027986
3.228726256027986
3.2235769717293494
3.2235769717293494
3.2248591150826793
3.2275731073171925
3.2275731073171925
3.2275731073171925
3.2275731073171925
3.2275731073171925
3.2275731073171925
3.2275731073171925
3.230478120043861
3.230478120043861
3.230478120043861
3.226455511264204
3.2246902473122043
3.2246902473122043
3.241819588868062
3.2421836859784356
3.2421836859784356
3.2421836859784356
3.2396936336094146
3.2396936336094146
3.23495371762278
3.230300046790831
3.2413327311162834
3.2253642513264977
3.2139405575054867
3.2139405575054867
3.2170059142445244
3.219801934232718
3.199340196822515
3.2011504851053876
3.2011504851053876
3.2097545041454913
3.21697664054998
3.21697664054998
3.21697664054998
3.21697664054998
3.2248293181362855
3.237639566585531
3.238101230060203
3.238101230060203
3.238101230060203
3.238101230060203
3.2531041811985633
3.2634525072963734
3.2634525072963734
3.2634525072963734
3.267016797635287
3.267016797635287
3.267016797635287
3.236976542541998
3.236976542541998
3.22720232388638
3.226687909286074
3.226384230323075
3.231673431357534
3.2255559980081525
3.2255559980081525
3.23089476725353
3.2342774625394077
3.2344190110966036
3.2344190110966036
3.2344190110966036
3.2344190110966036
3.2344190110966036
3.2344190110966036
3.2535203419666687
3.2535203419666687
3.2535203419666687
3.259746221824244
3.259746221824244
3.244067844860251
3.247887781884851
3.24776643654441
3.2366951287070016
3.2613864922212863
3.2613864922212863
3.269089782561799
3.2413827161812288
3.2413827161812288
3.2403280116698263
3.2403280116698263
3.2482681588493882
3.2482681588493882
3.2482681588493882
3.237019208507961
3.2396600958103066
3.2396600958103066
3.258400695907793
3.258400695907793
3.248417656890146
3.254057359381523
3.254057359381523
3.254057359381523
3.254057359381523
3.2436738849857463
3.2436738849857463
3.2436738849857463
3.245921788122983
3.245921788122983
3.238464026667564
3.238464026667564
3.2511353972202923
3.259833084379568
3.259833084379568
3.2493938633539887
3.2493938633539887
3.2493938633539887
3.2493938633539887
3.2471375403242573
3.2569594322706727
3.265078560550883
3.244929858044877
3.244929858044877
3.246121666012867
3.2538784278535724
3.238331959391815
3.243195570112368
3.243195570112368
3.226290958713424
3.2226213113810465
3.251814754236301
3.2510288131011738
3.245854421153569
3.2519760609875554
3.2519760609875554
3.2444174887802775
3.2465470066867086
3.2465470066867086
3.2272981940546672
3.2272981940546672
3.254357045198483
3.254357045198483
3.254357045198483
3.254357045198483
3.2376530847411926
3.250926568397228
3.246259943057012
3.246259943057012
3.2445914363739647
3.2445914363739647
3.2402588586215497
3.2402588586215497
3.2307953255000226
3.2409047490746046
3.222966570574678
3.2241658518190066
3.2240118197678354
3.230912293427047
3.2437233662435734
3.2563657115585936
3.2563657115585936
3.2563657115585936
3.2570382753052782
3.259851332766364
3.234680895577914
3.226933710548624
3.23352966528432
3.232815247170383
3.232815247170383
3.2377526670366605
3.2433240549890767
3.2433240549890767
3.251084540870999
3.252334051110235
3.253883478969736
3.2539725036817377
3.2401734122995487
3.2401734122995487
3.2473346835467223
3.2400638442013623
3.231139148189524
3.231139148189524
3.231139148189524
3.2050823025695396
3.2050823025695396
3.22201249227975
3.22201249227975
3.22201249227975
3.22201249227975
3.2596276724650677
3.2596276724650677
3.2494918198736955
3.2494918198736955
3.2494918198736955
3.2494918198736955
3.236511547009639
3.248026546144476
3.248026546144476
3.248026546144476
3.248026546144476
3.2706582209854274
3.2456810041542163
3.2588240851630976
3.255855750447248
3.2393783182766236
3.2444944001310803
3.249638513246795
3.250759960417484
3.250759960417484
3.250759960417484
3.2365756768341463
3.2365756768341463
3.2365756768341463
3.2436193227424597
3.2436193227424597
3.224920272775645
3.232858710387846
3.232858710387846
3.232858710387846
3.2404334961585763
3.2404334961585763
3.2404334961585763
3.2404334961585763
3.2404334961585763
3.248455384795178
3.2341412502490092
3.2282366005086915
3.219833945246587
3.261501502177871
3.260285621736057
3.260285621736057
3.2580266329801093
3.2580266329801093
3.2623121847792276
3.2623121847792276
3.268154400460586
3.268154400460586
3.268154400460586
3.2657976219411196
3.2657976219411196
3.2767666768866976
3.2767666768866976
3.2507187316203576
3.261719986628187
3.261719986628187
3.256942428090596
3.2512066496267886
3.2512066496267886
3.2512066496267886
3.2512066496267886
3.2512066496267886
3.2258561705284055
3.2258561705284055
3.239876968035927
3.238468140836731
3.2359592668102746
3.2359592668102746
3.234679611117047
3.23670445581317
3.257039733557517
3.2246366276594323
3.2246366276594323
3.212982994508178
3.212982994508178
3.2032832411432657
3.2226114480669126
3.2144563876202987
3.2149358088167705
3.2149358088167705
3.234668548092168
3.234668548092168
3.235301519129787
3.2304386809607557
3.2304386809607557
3.230922503878031
3.2309559337602485
3.2309559337602485
3.2346273767425098
3.2346273767425098
3.2442197527490064
3.243803585864967
3.243803585864967
3.23199370776461
3.23199370776461
3.218842692220392
3.233464688064638
3.24084812607981
3.247743639056806
3.2569572134191587
3.2569572134191587
3.2569572134191587
3.251721998771939
3.2390115449686903
3.2339811352423355
3.2339811352423355
3.2339811352423355
3.2379061815979306
3.250691548320259
3.226208910218141
3.226208910218141
3.2490497842014836
3.2490497842014836
3.216217238763717
3.243909681823844
3.243909681823844
3.2431880023763906
3.2431880023763906
3.253105669936989
3.224003821000079
3.2195744462699496
3.2292652038713996
3.2292652038713996
3.2292652038713996
3.240080634008071
3.2409095061448348
3.2409095061448348
3.2405356472965248
3.245267196996516
3.231518137078852
3.231518137078852
3.231518137078852
3.231518137078852
3.248883554291945
3.2477544017046727
3.2544085379172234
3.25802401019547
3.262205096329457
3.265786652901636
3.2464607286959835
3.272076274286487
3.265277359966866
3.272243598501121
3.272243598501121
3.2591177058745253
3.2664413426162966
3.270093759324971
3.272180095398547
3.272180095398547
3.2690089192828395
3.273259822214001
3.2715004771330993
3.2680259304899493
3.282376737092884
3.282376737092884
3.2788155186202115
3.2617679906319963
3.2617679906319963
3.2617679906319963
3.244701051938812
3.226556487772635
3.226556487772635
3.2165909551271232
3.232474561390983
3.232474561390983
3.229894802430684
3.229894802430684
3.2422736601065734
3.2422736601065734
3.245997643097493
3.234194971624869
3.234194971624869
3.251525273879974
3.2396181650809845
3.2490011164073356
3.2490011164073356
3.240559648974781
3.240559648974781
3.2506311386791777
3.2506311386791777
3.2506311386791777
3.2546906208085553
3.277619824375454
3.277619824375454
3.2784565593043875
3.2784565593043875
3.2784565593043875
3.2784565593043875
3.2784565593043875
3.2818520850455566
3.2818520850455566
3.3033827528796817
3.270599546892251
3.2849452613846903
3.2849452613846903
3.2849452613846903
3.2849452613846903
3.2849452613846903
3.2900548179407756
3.2865294202686783
3.2883501777160764
3.2840118719670977
3.286885953082027
3.2722424620047827
3.254788901350109
3.2546681421074455
3.2661367931324
3.255312798518892
3.255312798518892
3.256316564717355
3.2473499183348804
3.2473499183348804
3.2473499183348804
3.2473499183348804
3.2473499183348804
3.2473499183348804
3.260310157322462
3.235854287308371
3.235854287308371
3.247941182874872
3.247941182874872
3.247941182874872
3.247941182874872
3.246460082127644
3.2364888529733915
3.2259510019493995
3.249584421122971
3.250248945146441
3.2381179205463817
3.2381179205463817
3.2381179205463817
3.2517275054401806
3.288709474564433
3.288291395338684
3.262977259934128
3.273818735890191
3.278183519400142
3.278183519400142
3.2780472250613775
3.2780472250613775
3.300927641854252
3.300927641854252
3.300927641854252
3.289019747758378
3.2800671356311097
3.2559647186001
3.271635438542909
3.2366178224241775
3.2366178224241775
3.250655410027032
3.2478796921248625
3.281162504718191
3.282221672334788
3.264898028558631
3.267208856629869
3.267208856629869
3.2269625295027033
3.221855442384631
3.232336815234854
3.232336815234854
3.232336815234854
3.2501026354116256
3.226216179328622
3.23111293259962
3.229249315736887
3.236367340490374
3.236367340490374
3.236367340490374
3.236367340490374
3.248189120065595
3.248776712772014
3.248776712772014
3.239207478310491
3.239207478310491
3.239207478310491
3.2487037357065693
3.210356432627262
3.210356432627262
3.210356432627262
3.210356432627262
3.210356432627262
3.210356432627262
3.22589695503167
3.22589695503167
3.2212205590023246
3.2135475290450812
3.2135475290450812
3.2135475290450812
3.2135475290450812
3.2052337541110396
3.2111710158624494
3.2111710158624494
3.2199303949449676
3.244184720957911
3.231222466246765
3.231222466246765
3.2119395788089045
3.2119395788089045
3.2215515945786386
3.228154857914525
3.228154857914525
3.2224175867362743
3.2224175867362743
3.2224175867362743
3.2224175867362743
3.2224175867362743
3.2224175867362743
3.211583014014299
3.1879003006808575
3.20341167479931
3.214575756033549
3.2238374930931575
3.223417829590631
3.2256603658267706
3.2256603658267706
3.223039216062783
3.223039216062783
3.219973099379339
3.2073068601935786
3.2073068601935786
3.2170088836469595
3.2170088836469595
3.2170088836469595
3.22313297640059
3.22313297640059
3.22313297640059
3.2402822062497743
3.247300134425973
3.2499427231105895
3.2499427231105895
3.2561260778640517
3.2561260778640517
3.2561260778640517
3.2561260778640517
3.2447215324440126
3.2447215324440126
3.231852561523429
3.243739456765419
3.2582551684241436
3.2582551684241436
3.281681277483578
3.281681277483578
3.277849326394173
3.2940305053442542
3.2901058617824535
3.2709167447587175
3.2709167447587175
3.264579024482824
3.266674879167232
3.247892564710513
3.2370107636411736
3.2370107636411736
3.238744976608876
3.2508716998095184
3.252918360398991
3.2383492288051827
3.233031239365635
3.233031239365635
3.2373335138987382
3.2308939379970685
3.240627924372331
3.240627924372331
3.240627924372331
3.2429969762583646
3.235574143116962
3.2273784449214036
3.2322699395601546
3.2322699395601546
3.2322699395601546
3.2322699395601546
3.2470193455311724
3.262878714954256
3.259548820640343
3.259548820640343
3.259548820640343
3.2720609842641806
3.2676218632947687
3.2564471859899955
3.2564471859899955
3.2473185945413565
3.2473185945413565
3.2397201701004947
3.2594422489082713
3.2594422489082713
3.2594422489082713
3.2594422489082713
3.250470200643984
3.268600711521621
3.268600711521621
3.2755294951423384
3.2755294951423384
3.2670373095008376
3.2670373095008376
3.258421342142189
3.2592922371678643
3.2592922371678643
3.2667084405289457
3.277375746607499
3.277375746607499
3.277375746607499
3.277375746607499
3.2541804984860443
3.2541804984860443
3.233456753398112
3.2362361029023705
3.218072217520899
3.232062989824033
3.232062989824033
3.225290923210842
3.247107386487906
3.247107386487906
3.230075117256949
3.230075117256949
3.2161719617051387
3.21744186086593
3.2290943155077123
3.220984248031422
3.220984248031422
3.2183064950077576
3.2221915982597644
3.2183631170753313
3.207717098262266
3.207717098262266
3.216004140951257
3.222747583144354
3.239510823054167
3.239510823054167
3.215608251862139
3.234143220467363
3.234143220467363
3.2380392452518825
3.2380392452518825
3.227835385888407
3.2310272036671956
3.2310272036671956
3.2310272036671956
3.2310272036671956
3.2405878673432804
3.2118059413210283
3.2222033175587614
3.245603681690032
3.245603681690032
3.245603681690032
3.245603681690032
3.235736696833523
3.235736696833523
3.235736696833523
3.235736696833523
3.235736696833523
3.246244274245173
3.251147457375614
3.251147457375614
3.239844346602863
3.239844346602863
3.239844346602863
3.239844346602863
3.239844346602863
3.239844346602863
3.2452175623364616
3.2302077779102794
3.2302077779102794
3.2302077779102794
3.2282138326486076
3.250123827000636
3.250123827000636
3.2334125041427604
3.232136035588251
3.2360341019726744
3.2425579477840807
3.2354826205613714
3.2354826205613714
3.2354826205613714
3.2321634664007997
3.2321634664007997
3.2321634664007997
3.24351016029061
3.259778828869153
3.259778828869153
3.2560670941134204
3.2560670941134204
3.270558274393961
3.270558274393961
3.270558274393961
3.260018290051702
3.260018290051702
3.2400407172535415
3.2400407172535415
3.2400407172535415
3.2406902088437493
3.269632768899984
3.282765242134459
3.2611274546273066
3.2611274546273066
3.255654145998719
3.255654145998719
3.254628315271933
3.2469213313790943
3.2469213313790943
3.2469213313790943
3.2878117423469067
3.2878117423469067
3.2756168004483386
3.2556272056789646
3.27279642429598
3.27279642429598
3.27279642429598
3.2722546385256077
3.282845982745958
3.304889522084248
3.305733877053361
3.311175394160516
3.2980341102192208
3.3013855435529402
3.3013855435529402
3.3013855435529402
3.304147577157704
3.288558062882935
3.284681629730124
3.282156950704704
3.282156950704704
3.2792099602343483
3.2697601634247846
3.273741088179037
3.2780934290177535
3.2780934290177535
3.2872652649715755
3.2687446960623485
3.2687446960623485
3.272039659109213
3.264408226067996
3.2631867675163386
3.2631867675163386
3.2631867675163386
3.28987301154182
3.2547182583754424
3.265602411882608
3.281574588187218
3.281574588187218
3.281574588187218
3.26958389714767
3.274009109223714
3.2894957673842384
3.2894957673842384
3.2682973675725884
3.28822986093748
3.28822986093748
3.28822986093748
3.28822986093748
3.290349200393093
3.2788988982994205
3.2788988982994205
3.284266763276648
3.279213017239493
3.2772112345741737
3.2701627947817573
3.2701627947817573
3.284030212321586
3.2768934900058393
3.2768934900058393
3.2768934900058393
3.2768934900058393
3.2768934900058393
3.27020861759034
3.2567662599579936
3.2567662599579936
3.2541254323175606
3.2541254323175606
3.2541254323175606
3.233290698380455
3.2347254477070604
3.2347254477070604
3.2154230319809693
3.236931730894185
3.236931730894185
3.2543412775336464
3.2543412775336464
3.264777126757485
3.275327837732951
3.26186369288368
3.26186369288368
3.267299033914413
3.267299033914413
3.267299033914413
3.2491494366363236
3.2474643625092403
3.255969696620096
3.263566451614809
3.259868379365371
3.257594648043752
3.2449349078829814
3.2428887333965197
3.2428887333965197
3.2428887333965197
3.2428887333965197
3.240136015023774
3.240136015023774
3.2655477572330063
3.2523069072162496
3.2523069072162496
3.2523069072162496
3.24462965697209
3.2425992561286145
3.2377044686504903
3.241798134841746
3.2423032799105393
3.2423032799105393
3.2482628240804043
3.2489201470355087
3.249663632837584
3.257259598396506
3.257259598396506
3.261317300544136
3.2548126022569215
3.2548126022569215
3.255167968733355
3.255167968733355
3.2446529912539845
3.23593204182668
3.2246842628497534
3.1993683014668175
3.2098494980299512
3.2098494980299512
3.2098494980299512
3.225292202511031
3.2518206179641975
3.2449278531823182
3.2320603115667295
3.238044328886907
3.227594922461768
3.245600226462992
3.245600226462992
3.2432752195230443
3.2432752195230443
3.2432752195230443
3.234143695242915
3.2399504502436454
3.264343390384703
3.264343390384703
3.2556359696712094
3.2556359696712094
3.2556359696712094
3.2556359696712094
3.27573224688725
3.256762484260297
3.2635975125930012
3.2697371493475744
3.2700228428826046
3.2646441256555954
3.2646441256555954
3.2646441256555954
3.2646441256555954
3.2646441256555954
3.2646441256555954
3.2578603428355226
3.2604355573004327
3.2604355573004327
3.233145541590206
3.233145541590206
3.233145541590206
3.2631760192385304
3.266234206442084
3.266234206442084
3.2369738059270845
3.249984400463013
3.2556297611279454
3.2556297611279454
3.2633565083368614
3.2633565083368614
3.2633565083368614
3.2607799957448855
3.2607799957448855
3.2575149873522444
3.2575149873522444
3.2575149873522444
3.2575149873522444
3.2575149873522444
3.2575149873522444
3.2587087741498055
3.2587087741498055
3.2596477876487917
3.2596477876487917
3.2596477876487917
3.2596477876487917
3.2706691010157614
3.2706691010157614
3.2706691010157614
3.2706691010157614
3.25651389395461
3.2409724347991054
3.2512596682652446
3.2512596682652446
3.259077567969104
3.2859288461552123
3.2859288461552123
3.2859288461552123
3.277854335170012
3.2929087611395755
3.2929087611395755
3.3007972713453393
3.295848045479358
3.2840225803286147
3.2840225803286147
3.2840225803286147
3.2840225803286147
3.273771409999654
3.2602328930172324
3.2719666653045785
3.2719666653045785
3.2719666653045785
3.2719666653045785
3.2719666653045785
3.267750941158739
3.267750941158739
3.267750941158739
3.27731171301462
3.2728431274282808
3.272323944443305
3.2762659196419377
3.2566445941715982
3.2566445941715982
3.2772062222896627
3.2564554540643935
3.2564554540643935
3.2636665512920473
3.2636665512920473
3.2636665512920473
3.2636665512920473
3.2636665512920473
3.251432458755867
3.2416954013181876
3.240416885556104
3.232673170325126
3.232673170325126
3.232673170325126
3.232673170325126
3.2423961692331633
3.2423961692331633
3.2423961692331633
3.241836619108234
3.238623899425451
3.2237749881652764
3.2237749881652764
3.2462433203003394
3.2462433203003394
3.2462433203003394
3.2344990399171496
3.259792280911346
3.259792280911346
3.259792280911346
3.259792280911346
3.259792280911346
3.259792280911346
3.240991524048137
3.2655512994727474
3.2657080257866453
3.2657080257866453
3.2657080257866453
3.2657080257866453
3.274761939874985
3.274761939874985
3.274761939874985
3.275701620451539
3.2750680237702956
3.2821474994925115
3.2821474994925115
3.2897279627672984
3.273737681004335
3.2815531449401436
3.284003976565361
3.2690368108222114
3.2570637508349396
3.2570637508349396
3.248722072943849
3.248722072943849
3.2835800565353024
3.248118503646632
3.2541700320842453
3.2541700320842453
3.25441230224494
3.25441230224494
3.25441230224494
3.25441230224494
3.243742448754153
3.239458610541915
3.239458610541915
3.239458610541915
3.244186332797724
3.2517167394687743
3.2517167394687743
3.2705361674835793
3.2654993008781457
3.2654993008781457
3.2654993008781457
3.267225337981507
3.267225337981507
3.287825400036271
3.287825400036271
3.2973446014297547
3.296214762498021
3.2875608225665833
3.2875608225665833
3.2875608225665833
3.2875608225665833
3.286642971535543
3.263044498855528
3.2563472105215467
3.2414365228252393
3.2414365228252393
3.2414365228252393
3.2414365228252393
3.2414365228252393
3.2414365228252393
3.2333587903833925
3.2563930448301575
3.2563930448301575
3.2563930448301575
3.2563930448301575
3.2563930448301575
3.250573948716782
3.2511875432987134
3.2740534093424762
3.2716341867599086
3.2716341867599086
3.2716341867599086
3.26436708369772
3.263301069981672
3.280659334609059
3.2550286472328436
3.266910733261585
3.266910733261585
3.281618208801133
3.2415327367293907
3.2415327367293907
3.2415327367293907
3.2419182022967683
3.2419182022967683
3.243774036333553
3.243774036333553
3.2438287979158553
3.2438287979158553
3.224848945038809
3.226005463482326
3.224319371064236
3.2261408033973877
3.2165962513292987
3.2165962513292987
3.2165962513292987
3.211715132178942
3.1970012561579995
3.201328444737867
3.2160920007533367
3.208775186952835
3.223628034840347
3.2181590561768245
3.24094007438919
3.24094007438919
3.24094007438919
3.24094007438919
3.236070562117725
3.236070562117725
3.2525855002058175
3.234949059724747
3.234949059724747
3.234949059724747
3.2398283164046022
3.2193411054919068
3.2193411054919068
3.2330107538246
3.2029403760683124
3.243030159315343
3.239649313290856
3.235145456419379
3.2413684531899616
3.2413684531899616
3.2413684531899616
3.2413684531899616
3.2413684531899616
3.2413684531899616
3.2486740715060445
3.244177637855152
3.208394939351141
3.208394939351141
3.2127068715109353
3.2127068715109353
3.2296565084451307
3.229913292387451
3.243084257592579
3.239090375407128
3.2298497890553373
3.2298497890553373
3.2298497890553373
3.240411722911793
3.21646345685332
3.21646345685332
3.248517854094656
3.2209046192138944
3.2330188998942497
3.2330188998942497
3.2209447228420216
3.2340703192817304
3.21864810130339
3.21864810130339
3.21864810130339
3.2167841969366187
3.2318328583909333
3.2318328583909333
3.2318328583909333
3.248466282962015
3.248466282962015
3.2305637264338345
3.2305637264338345
3.2393975015100707
3.2393975015100707
3.2455625901321787
3.265108624439899
3.2532724665258654
3.2399717039217233
3.2399717039217233
3.2399717039217233
3.2317549617302483
3.2317549617302483
3.2159259690107445
3.2159259690107445
3.2159259690107445
3.1936385348641703
3.1936385348641703
3.1936385348641703
3.1936385348641703
3.183423889044989
3.1864347417435748
3.1864347417435748
3.197616387961596
3.208601360673145
3.231193593164753
3.231193593164753
3.2384014327813064
3.2189742549468514
3.2189742549468514
3.215956734040796
3.215956734040796
3.215956734040796
3.2323633177163136
3.2323633177163136
3.2323633177163136
3.2323633177163136
3.2323633177163136
3.2323633177163136
3.2323633177163136
3.222135787878103
3.201963706212379
3.2084550002363463
3.2084550002363463
3.2107278201670106
3.2013294580566267
3.2013294580566267
3.2024898991538078
3.2141846207436493
3.2206973930482445
3.2091495270088384
3.2091495270088384
3.2166933362031087
3.245884383512077
3.2493441698959016
3.2071719257032525
3.225470953676283
3.250382047942502
3.244172788471142
3.2523873345233976
3.2315874621439242
3.2235240068220614
3.2283207817232524
3.234376276943741
3.234567252895847
3.234567252895847
3.234567252895847
3.234567252895847
3.2218783122197774
3.231297922326752
3.2310158329544216
3.2310158329544216
3.2467232440383422
3.2500099065790966
3.2500099065790966
3.2500099065790966
3.233700283433034
3.2366233303438605
3.2385700489725817
3.271691755015763
3.2745048124622222
3.2745048124622222
3.2687466411339923
3.2743158968046444
3.27085509572308
3.27085509572308
3.2494718565042433
3.2430123243452416
3.2579886557522166
3.251294732416284
3.2367470514232304
3.255332985256275
3.255332985256275
3.265607023675237
3.265607023675237
3.265607023675237
3.259139933096756
3.2666223948307826
3.2666223948307826
3.259127559500326
3.2621725954782006
3.2621725954782006
3.258754193419366
3.258754193419366
3.2554523560346778
3.2404930747962
3.235390012961391
3.231700023213013
3.2521527355536546
3.2521527355536546
3.2521527355536546
3.2329063037198837
3.236649103876129
3.236649103876129
3.2585370576658654
3.2585370576658654
3.2585370576658654
3.2568446081436857
3.263684621655075
3.2649330181877927
3.287798584588055
3.274265308393721
3.2636724487974025
3.268684852558003
3.268684852558003
3.268684852558003
3.2552086930429134
3.2552086930429134
3.2397343737788526
3.2452889109373433
3.233685577451267
3.218866045083001
3.218866045083001
3.2247010166456413
3.217944948957629
3.217944948957629
3.217944948957629
3.217944948957629
3.217944948957629
3.217944948957629
3.224141600320133
3.224141600320133
3.233724232370659
3.233724232370659
3.233724232370659
3.233724232370659
3.233724232370659
3.233724232370659
3.2392149553901497
3.20664649918439
3.225203700778549
3.225203700778549
3.230051963693099
3.230051963693099
3.2291258929896287
3.212103034203342
3.2094747779184853
3.219817083342097
3.219817083342097
3.2093478197607093
3.1942546070913846
3.218831010466537
3.193842757766798
3.213327942348889
3.213327942348889
3.1964463575615065
3.2149267803690154
3.250658109058277
3.2556796722861536
3.247747645091443
3.2353319929781135
3.250519750772836
3.233410285092626
3.233410285092626
3.234819365586742
3.240010881641712
3.240010881641712
3.240010881641712
3.2357092638802394
3.2357092638802394
3.2401750965566487
3.2407272831675997
3.251081192088825
3.251081192088825
3.244059902185462
3.2631291522071963
3.2631291522071963
3.2631291522071963
3.2631291522071963
3.2631291522071963
3.2650447690452435
3.2650447690452435
3.2650447690452435
3.2650447690452435
3.2650447690452435
3.2637576414890948
3.257130501859425
3.2537281146010835
3.2537281146010835
3.2537281146010835
3.2570568274105876
3.2443824196480677
3.2392096040205596
3.2268864288812593
3.2268864288812593
3.2216248592729135
3.2216248592729135
3.2216248592729135
3.231608350964371
3.209530795417938
3.227408490375013
3.2360149957739877
3.2613974418352245
3.2499345712710666
3.252164982232976
3.2498013946145368
3.248162207132408
3.248162207132408
3.25146652763416
3.25146652763416
3.25146652763416
3.25146652763416
3.229544243087498
3.229544243087498
3.230242736440447
3.230242736440447
3.2427360200523547
3.244888493836677
3.2611756667756664
3.2626780800735364
3.235752577069185
3.2482909412736882
3.2425670053192555
3.2538711644166223
3.2529350917205964
3.2529350917205964
3.2529350917205964
3.2529350917205964
3.2529350917205964
3.260663374625583
3.260663374625583
3.260663374625583
3.266068582493145
3.266068582493145
3.262877027423906
3.262877027423906
3.245631001644552
3.245631001644552
3.245631001644552
3.245631001644552
3.234659978003791
3.234659978003791
3.2456380794081765
3.2456380794081765
3.2316784845466846
3.2316784845466846
3.2316784845466846
3.2399444678616933
3.2399444678616933
3.2399444678616933
3.2399444678616933
3.2455068829859552
3.251936409314602
3.251936409314602
3.234232815064395
3.234232815064395
3.221069786566771
3.2248028829548434
3.249348142047884
3.237892861333092
3.2413540230870517
3.2475801342150445
3.2475801342150445
3.2475801342150445
3.2475801342150445
3.2521626361321485
3.2449265941402934
3.2314781691701966
3.2211066458263344
3.233549583362089
3.233549583362089
3.259260871180012
3.2469778725170486
3.2524901426891253
3.2524901426891253
3.271091573873758
3.2461267225096875
3.2530329277751115
3.2510450469247036
3.2607281662259213
3.2607281662259213
3.2550725843877877
3.2574860222918396
3.2657880080822355
3.2657880080822355
3.2657880080822355
3.2657880080822355
3.2550649616497838
3.2550649616497838
3.264275730349679
3.2742600188906676
3.2560609386533095
3.2560609386533095
3.258119182954139
3.2313973674481717
3.250735464977195
3.249860563836131
3.249860563836131
3.23653288136384
3.23653288136384
3.23653288136384
3.23653288136384
3.246132756633095
3.25932776872326
3.2491121734440083
3.254679829244436
3.2444166345034486
3.2470672888175427
3.237497443782624
3.2408598296586835
3.2408598296586835
3.2408598296586835
3.237614671289775
3.237614671289775
3.2414287857065913
3.2320845489130647
3.2352415591140584
3.2546041887287633
3.232124701124459
3.230868250785851
3.2490086986157327
3.2465508267204943
3.2465508267204943
3.2465508267204943
3.2451856171209
3.2451856171209
3.251180184910723
3.2454398229671586
3.2136056720700266
3.2182239261773087
3.223136365832479
3.2346067264341314
3.2346067264341314
3.2346067264341314
3.2490496283017385
3.257880342775642
3.257880342775642
3.257880342775642
3.25780399358562
3.2506102758602933
3.271501559305216
3.264089364744594
3.264089364744594
3.2633486114807426
3.2633486114807426
3.2633486114807426
3.2507086829018355
3.2437797947408242
3.2437797947408242
3.2572955522628844
3.2572955522628844
3.2554989268779653
3.259703721057166
3.275788011332423
3.266281212169744
3.2748762538023444
3.281512670775401
3.2763954914630222
3.2789588269531715
3.269802482054469
3.275193173081162
3.275193173081162
3.2913218425157735
3.301276594710273
3.301276594710273
3.301276594710273
3.3031750447216535
3.3096806471562084
3.2886118559517428
3.2907490561684978
3.2907490561684978
3.285119201807015
3.283201751102692
3.283201751102692
3.285435680236774
3.285435680236774
3.264354840056487
3.264354840056487
3.264354840056487
3.2580589112435216
3.2522846739078086
3.2522846739078086
3.24708553694636
3.24708553694636
3.2608798171472237
3.2608798171472237
3.2855105169379417
3.2769302614637774
3.2745111998581313
3.2599178428651463
3.268799373496382
3.2505605941494746
3.2505605941494746
3.242370344617425
3.242370344617425
3.242370344617425
3.242370344617425
3.244357326430723
3.23157724632967
3.23157724632967
3.2197859790542465
3.2351028155734878
3.2351028155734878
3.2351028155734878
3.2351028155734878
3.2351028155734878
3.2326131731227195
3.2323196186128325
3.2430637696976574
3.2430637696976574
3.240706485775995
3.240706485775995
3.240706485775995
3.240706485775995
3.240706485775995
3.2658948590311727
3.2658948590311727
3.2658948590311727
3.2658948590311727
3.2658948590311727
3.273201931070864
3.273201931070864
3.255998324838048
3.25973981414691
3.2622194417734987
3.250366868675278
3.250366868675278
3.232203342338377
3.242635402082844
3.2410305830494828
3.2241850204905296
3.2241850204905296
3.2395434365677853
3.2682867284100814
3.2620758961588336
3.2820337792681595
3.2820337792681595
3.28266557772343
3.268413916972857
3.252945237793089
3.252945237793089
3.247369952536407
3.253577108704759
3.253577108704759
3.253577108704759
3.253577108704759
3.2549063501423037
3.288831537222083
3.2729812832725695
3.257786015813588
3.257786015813588
3.257786015813588
3.255395843243561
3.2700800523126836
3.2700800523126836
3.245683783744832
3.2519100081084753
3.252681267625945
3.257605106440524
3.248835093178817
3.26521987678033
3.2774304039865667
3.2802952454305996
3.2713883246134743
3.2713883246134743
3.2713883246134743
3.260045599919146
3.2838687756886493
3.291189255065996
3.291189255065996
3.25200555605177
3.25200555605177
3.245412147728144
3.2496745479837386
3.248271090296957
3.2368089017344115
3.2368089017344115
3.2368089017344115
3.2401634508735113
3.2236596061619123
3.2236596061619123
3.223103302786663
3.223103302786663
3.236360494899342
3.236360494899342
3.236360494899342
3.236360494899342
3.2505403646208437
3.2555987989784856
3.2632365811926456
3.245896353051279
3.2480299836060786
3.2165482122648017
3.2259611311486998
3.2366205643246557
3.25414544781148
3.25414544781148
3.25414544781148
3.2487047010096486
3.2383815007514984
3.2383815007514984
3.2863519219141826
3.2863519219141826
3.245576604115225
3.245576604115225
3.245576604115225
3.236979140747921
3.236979140747921
3.2545393322827834
3.2545393322827834
3.2545393322827834
3.2545393322827834
3.2545393322827834
3.2545393322827834
3.2458831324313127
3.2458831324313127
3.2614586272394916
3.2614586272394916
3.2614586272394916
3.259649351633273
3.233174004886476
3.2389247599417486
3.248356095529111
3.2638293294752008
3.256596726637513
3.256596726637513
3.2554910777387662
3.2421018393330754
3.255286847100537
3.2525006162650745
3.253866617278398
3.2658914077430024
3.245752429202944
3.245752429202944
3.245752429202944
3.2205037015518014
3.2141191066154575
3.211461041941182
3.2362751979854245
3.2395748939724
3.2395748939724
3.2395748939724
3.2395748939724
3.2396169908356813
3.2468287104250955
3.2538501533754367
3.2538501533754367
3.255162370101705
3.2875919761781796
3.292103362390946
3.2878590239174637
3.26892511512161
3.2715550040077477
3.283305395344882
3.2694774423432134
3.2738546462745695
3.2738546462745695
3.2671742578565826
3.254548674705443
3.2317224474951716
3.246692824505869
3.246692824505869
3.246692824505869
3.2554608365816344
3.2397700888996885
3.228928292235067
3.223927523909468
3.223927523909468
3.223927523909468
3.2177306270739456
3.194410488742732
3.2064426898495944
3.2213276494582215
3.242486492782863
3.242486492782863
3.242486492782863
3.242486492782863
3.2348050631568035
3.2161843451023664
3.2088185675237066
3.2184513971256075
3.2100932172129544
3.2100932172129544
3.200894181023506
3.200894181023506
3.1938087605112964
3.213628857667563
3.2072246929304757
3.201371952510533
3.2053489809546303
3.1988690080325535
3.188020128966687
3.2080094430093573
3.2062038591520894
3.2157846664729006
3.233093799795855
3.233093799795855
3.233093799795855
3.233093799795855
3.226451152568178
3.226451152568178
3.210507502403928
3.2360198622680922
3.2360198622680922
3.2360198622680922
3.2281975632464825
3.2219828664852
3.2398728386077567
3.238861342995742
3.238861342995742
3.238861342995742
3.238861342995742
3.2390883852428214
3.2344611627093114
3.2471112058525757
3.2471112058525757
3.2471112058525757
3.2471112058525757
3.2471112058525757
3.2229244740062284
3.2181205986903105
3.2014694684728116
3.2014694684728116
3.2014694684728116
3.200769679495662
3.2021976973595887
3.2235100431626598
3.2235100431626598
3.244430231948796
3.244430231948796
3.222233775446989
3.222233775446989
3.2229550991617604
3.2229550991617604
3.2229550991617604
3.2229550991617604
3.2229550991617604
3.231365324606461
3.2190254099049374
3.1955300330763086
3.1955300330763086
3.1955300330763086
3.1675816223428868
3.1675816223428868
3.190575074427669
3.190575074427669
3.190575074427669
3.1916013107210532
3.1938507508954723
3.1999503416468307
3.2051034586231095
3.2051034586231095
3.2230036657053156
3.2230659224097664
3.2230659224097664
3.2230659224097664
3.197450736728088
3.197450736728088
3.2197446013407403
3.215539873904819
3.215539873904819
3.215391748688486
3.220540256183452
3.220540256183452
3.198685303657365
3.2073061031813124
3.2034198268137426
3.2034198268137426
3.2034198268137426
3.2034198268137426
3.199037974142425
3.196613645367646
3.1939226720152125
3.2107071962395524
3.2107071962395524
3.2300568144252715
3.230316485900803
3.230316485900803
3.230316485900803
3.230316485900803
3.241790083948724
3.224705165003536
3.224705165003536
3.18885783480824
3.1894462889742097
3.191344144120932
3.223727523881347
3.2239820206223384
3.235286443419098
3.2365705287867286
3.2365705287867286
3.2365705287867286
3.2365705287867286
3.2370169820913994
3.2299125512841345
3.218253725312439
3.225221270216228
3.225221270216228
3.2192220930427444
3.2192220930427444
3.2192220930427444
3.2192220930427444
3.2192220930427444
3.2192220930427444
3.244785464435847
3.22801766740507
3.22801766740507
3.228749759176838
3.241272491089018
3.2394212854103266
3.2342799737234764
3.2342799737234764
3.213144836447553
3.213144836447553
3.213144836447553
3.213144836447553
3.213144836447553
3.225157629295001
3.2030032071944308
3.2091777726553565
3.201481358491096
3.201481358491096
3.208201166327061
3.19959054052907
3.19959054052907
3.2485560057966896
3.2485560057966896
3.2432486986322475
3.2432486986322475
3.2432486986322475
3.2439960096471445
3.2293789691245722
3.2225824579168436
3.2225824579168436
3.212227568520799
3.212227568520799
3.2200263037992696
3.229017105986607
3.229017105986607
3.229017105986607
3.227464467830195
3.227464467830195
3.2351123204662855
3.2351123204662855
3.2351123204662855
3.2351123204662855
3.2351123204662855
3.2467585651107354
3.250080114750727
3.250080114750727
3.248082807980103
3.2527512373554908
3.2527512373554908
3.2674259334355895
3.2674259334355895
3.2674259334355895
3.2907659330098102
3.275442787877919
3.27050185854022
3.2739419769296734
3.247841871807175
3.247841871807175
3.247841871807175
3.22826813472193
3.248147379100989
3.248147379100989
3.2528719740669807
3.2528719740669807
3.2528719740669807
3.243421360543224
3.243421360543224
3.227728167519358
3.2296683365916197
3.2369477925877037
3.2369477925877037
3.2532532405112273
3.2532532405112273
3.2380569965684844
3.2380569965684844
3.2380569965684844
3.2380569965684844
3.2380569965684844
3.2446705442833657
3.269617713095145
3.269617713095145
3.269617713095145
3.269617713095145
3.2511694903439854
3.241450825416024
3.241450825416024
3.234747264922069
3.232271857229024
3.232271857229024
3.2294934113290124
3.2294934113290124
3.2379104970227517
3.2315427517111854
3.2050317233885623
3.2116905149152437
3.229364781365563
3.211393724467075
3.2223797993672947
3.2223797993672947
3.2662114455032603
3.2662114455032603
3.263522499472899
3.263522499472899
3.2556545597659183
3.2556545597659183
3.2556545597659183
3.2556545597659183
3.2556545597659183
3.2455282023632726
3.2427802764267937
3.276232051282139
3.276232051282139
3.2780082314247947
3.257790837169603
3.2485517072946983
3.2485517072946983
3.2485517072946983
3.2485517072946983
3.22817151019235
3.236915040558165
3.2399690886936487
3.2399690886936487
3.2399690886936487
3.2399690886936487
3.2547272479813367
3.2547272479813367
3.258603464995609
3.2537944273244412
3.2391162554499293
3.228499903391107
3.228499903391107
3.228499903391107
3.224969674527476
3.2334622584573522
3.2193996774718534
3.2193996774718534
3.2211421962849824
3.2211421962849824
3.2211421962849824
3.2211421962849824
3.239838700538182
3.2403895732097188
3.2403895732097188
3.2325268822244366
3.231979370871358
3.231979370871358
3.231979370871358
3.231979370871358
3.226619898135259
3.226619898135259
3.233493456964978
3.2358201083290856
3.255187324536395
3.245355279712304
3.245355279712304
3.245355279712304
3.238451336323661
3.2597933221110105
3.248341256796299
3.248341256796299
3.24163496255118
3.236023585599672
3.236023585599672
3.236023585599672
3.236023585599672
3.2175297325750742
3.2347299774614378
3.225893428308509
3.225893428308509
3.2467771476282263
3.2467771476282263
3.246526081331538
3.246526081331538
3.246526081331538
3.241572813863046
3.222846048901785
3.2481485156170278
3.2481485156170278
3.2481485156170278
3.2404989685896464
3.2404989685896464
3.245351631093234
3.245351631093234
3.231413445919043
3.231413445919043
3.21965377295254
3.2548143522059605
3.240629524939393
3.249960541384557
3.2432289880042915
3.240973873095719
3.252264991843373
3.2462327080175553
3.2462327080175553
3.251164499499964
3.251164499499964
3.2570782348616074
3.2570782348616074
3.2570782348616074
3.2570782348616074
3.269067100835374
3.268112494650749
3.269661391044687
3.2708260544769234
3.2708260544769234
3.2708260544769234
3.2739995987623307
3.2739995987623307
3.2804969075296144
3.270831313284546
3.2681893367496055
3.2681893367496055
3.2674460723521825
3.2725393665528566
3.2725393665528566
3.2725393665528566
3.294345914926045
3.294345914926045
3.294345914926045
3.29526845268721
3.2829243311784864
3.2829243311784864
3.269773806401621
3.28052073200831
3.2492700925577087
3.2492700925577087
3.248326999877986
3.255454264538705
3.2630110600529036
3.2716718951829726
3.2610759501604663
3.2794682248773217
3.258215072253225
3.258215072253225
3.258215072253225
3.281346480066812
3.281346480066812
3.26063088266213
3.266606151127143
3.266606151127143
3.266606151127143
3.243421233160791
3.238168144446978
3.2439349438210776
3.2430552844223075
3.2430552844223075
3.232554960651345
3.232554960651345
3.2421101664065684
3.2421101664065684
3.2496572468903353
3.2496572468903353
3.2344330213349335
3.2257103447627964
3.2288439008848493
3.2288439008848493
3.239278675707145
3.239278675707145
3.239278675707145
3.238495255515034
3.2525718575055222
3.252334371299512
3.252334371299512
3.270935809178037
3.270935809178037
3.2564546988154537
3.2564546988154537
3.2339899097548077
3.2339899097548077
3.2339899097548077
3.2367206695046336
3.2342453791594976
3.2342453791594976
3.221540139948653
3.221540139948653
3.2423019490333966
3.229006925742722
3.229006925742722
3.2498070902255494
3.2290183773794126
3.221088003309014
3.221088003309014
3.221088003309014
3.2566948028766336
3.2434242491829752
3.261336140610728
3.261336140610728
3.261336140610728
3.261336140610728
3.261336140610728
3.261336140610728
3.2690630582950946
3.2690630582950946
3.2601723298284107
3.2601723298284107
3.2417435822504683
3.2417435822504683
3.2473826598558717
3.2473826598558717
3.2473826598558717
3.2673629988142316
3.2576477316487185
3.270031829727752
3.246356327379583
3.262566819243961
3.2799732100558616
3.2799732100558616
3.2799732100558616
3.2764095022764024
3.2764095022764024
3.2764095022764024
3.2574970194493322
3.2574970194493322
3.2574970194493322
3.2574970194493322
3.2752330539807795
3.2752330539807795
3.2752330539807795
3.285875323733562
3.262407818802465
3.262407818802465
3.248262385347063
3.2513929578114755
3.2486488253783725
3.2486488253783725
3.2583792715125424
3.2702006053628967
3.2796985753526773
3.273226601054134
3.282978361692457
3.282978361692457
3.2858810575959425
3.2789743966782803
3.2789743966782803
3.282800665280092
3.2751755794032906
3.281843590889665
3.2727013905753
3.2727013905753
3.2727013905753
3.273627703997944
3.278432518263886
3.264570719216399
3.264570719216399
3.2673398667036024
3.2673398667036024
3.2673398667036024
3.276624962273114
3.276624962273114
3.268529251082014
3.246276534463673
3.246276534463673
3.246276534463673
3.246276534463673
3.246276534463673
3.246276534463673
3.24945707265882
3.2540715611100985
3.2540715611100985
3.2540715611100985
3.2693118203623515
3.282727684517158
3.282727684517158
3.2775042714671865
3.2626214013584427
3.2626214013584427
3.2914721132486453
3.293790294452121
3.282336989546654
3.261035563359569
3.2787826157230184
3.2787826157230184
3.262914858247914
3.263164191120368
3.263164191120368
3.263164191120368
3.259134050571201
3.270565360074297
3.270565360074297
3.2667100851770865
3.2702438575299357
3.2702438575299357
3.2702438575299357
3.2700427033794712
3.272996946914687
3.272996946914687
3.272996946914687
3.272996946914687
3.2656328256938973
3.2656328256938973
3.2430640815456577
3.260557943088719
3.249608956953386
3.249608956953386
3.249608956953386
3.249608956953386
3.249608956953386
3.249608956953386
3.2663001790825184
3.249744812027721
3.249744812027721
3.249744812027721
3.261935295224924
3.261935295224924
3.2551564780883844
3.258197663171167
3.238337110536396
3.249002376921254
3.245837752035877
3.245837752035877
3.254152857502589
3.266076471178599
3.258860354437185
3.2965603487139634
3.2872955742920933
3.2951641613237923
3.2951641613237923
3.2951641613237923
3.2951641613237923
3.2951641613237923
3.2951641613237923
3.2896882447802565
3.294261015925573
3.2871709616056215
3.253902012169403
3.252148406432706
3.2706441855356565
3.2638745129322344
3.2616531222434104
3.2616531222434104
3.2766715692923247
3.2679246840654765
3.2679246840654765
3.2662604078809636
3.2684333019045604
3.27288771113963
3.2678173804294985
3.2678173804294985
3.2810101803339204
3.267025875995637
3.267774929837721
3.267774929837721
3.267240219354593
3.267240219354593
3.267240219354593
3.251012416046827
3.251012416046827
3.251012416046827
3.2582175897118955
3.2458787203660093
3.240749132488093
3.24060519009844
3.24060519009844
3.24060519009844
3.2149156839646214
3.2149156839646214
3.2219260523572664
3.2219260523572664
3.259147873264461
3.2720060675810605
3.2328788816722884
3.2338284339529957
3.2338284339529957
3.2338284339529957
3.2275061570132566
3.2275061570132566
3.2461666337353594
3.25748461057995
3.263957199890475
3.244837509166092
3.244837509166092
3.2504864984726383
3.2504864984726383
3.2504864984726383
3.2504864984726383
3.253222369649307
3.253222369649307
3.253222369649307
3.253222369649307
3.2493666954273506
3.2493666954273506
3.292433837037073
3.264988561905097
3.2616204734285734
3.2603070625174966
3.2554938648685092
3.2408381926380927
3.233369871387044
