3.1989967695852535
3.1989967695852535
3.1989967695852535
3.1989967695852535
3.1989967695852535
3.1989967695852535
3.1989967695852535
3.1989967695852535
3.1989967695852535
3.1989967695852535
3.1989967695852535
3.1989967695852535
3.1989967695852535
3.1989967695852535
3.1989967695852535
3.1989967695852535
3.1989967695852535
3.1989967695852535
3.1989967695852535
3.1989967695852535
3.1989967695852535
3.1989967695852535
3.1989967695852535
3.1989967695852535
3.1989967695852535
3.1989967695852535
3.1989967695852535
3.1989967695852535
3.1989967695852535
3.1989967695852535
3.1989967695852535
3.1989967695852535
3.1989967695852535
3.1989967695852535
3.1989967695852535
3.1989967695852535
3.1989967695852535
3.1989967695852535
3.1989967695852535
3.1989967695852535
3.1989967695852535
3.1989967695852535
3.1989967695852535
3.1989967695852535
3.1989967695852535
3.1989967695852535
3.1989967695852535
3.1989967695852535
3.1989967695852535
3.1989967695852535
3.1989967695852535
3.1989967695852535
3.1989967695852535
3.1989967695852535
3.1989967695852535
3.1989967695852535
3.1989967695852535
3.1989967695852535
3.1989967695852535
3.1989967695852535
3.1989967695852535
3.1989967695852535
3.1989967695852535
3.1989967695852535
3.1989967695852535
3.1989967695852535
3.1989967695852535
3.1989967695852535
3.1989967695852535
3.1989967695852535
3.1989967695852535
3.1989967695852535
3.1989967695852535
3.1989967695852535
3.1989967695852535
3.1989967695852535
3.1989967695852535
3.1989967695852535
3.1989967695852535
3.1989967695852535
3.1989967695852535
3.1989967695852535
3.1989967695852535
3.1989967695852535
3.1989967695852535
3.1989967695852535
3.1989967695852535
3.1989967695852535
3.1989967695852535
3.1989967695852535
3.1989967695852535
3.1989967695852535
3.1989967695852535
3.1989967695852535
3.1989967695852535
3.1989967695852535
3.1989967695852535
3.1989967695852535
3.1989967695852535
3.1989967695852535
3.176427913144894
3.1565431074356898
3.119976872717829
3.119976872717829
3.1040187026072807
3.1003844040043846
3.080829737871571
3.0781938726690337
3.0781938726690337
3.0695867108271124
3.0480512147179155
3.0474149742940844
3.0389018581503744
3.024768274216791
3.024768274216791
3.003043223196319
2.9779115227648236
2.977620251597935
2.977620251597935
2.9491597118609563
2.9491597118609563
2.9491597118609563
2.942676622455045
2.942676622455045
2.9111107651313883
2.872263185830745
2.8697947390725083
2.8697947390725083
2.8697947390725083
2.884701427271117
2.8844792880225314
2.8844792880225314
2.9051869756015347
2.9051869756015347
2.9051869756015347
2.9051869756015347
2.9051869756015347
2.9040397912004265
2.9040397912004265
2.9040397912004265
2.9040397912004265
2.953734960781585
2.953734960781585
2.94337727033314
2.9520985009099645
2.9520985009099645
2.9505381295681046
2.9710159691723357
2.9710159691723357
2.989766326261635
2.989766326261635
2.9888129836088284
2.9889824937428613
2.9889824937428613
2.9889824937428613
2.9889824937428613
2.992183392276718
2.992183392276718
2.992183392276718
2.9799610928017177
2.9799610928017177
2.9895684651483516
2.9895684651483516
3.0073302753960527
3.041094920895181
3.041094920895181
3.041094920895181
3.0423293336902355
3.047448577408057
3.0426877797240834
3.0284569080070924
3.050084283159898
3.0746291854183316
3.0746291854183316
3.0746291854183316
3.0812271117039822
3.0812271117039822
3.067382497609921
3.073956550697795
3.0817586689672156
3.060023136488957
3.060023136488957
3.060023136488957
3.060023136488957
3.060023136488957
3.059827004008844
3.059827004008844
3.059827004008844
3.059827004008844
3.0761635056773504
3.088291259329816
3.088291259329816
3.088291259329816
3.088291259329816
3.088291259329816
3.105244654429669
3.111584402284607
3.111584402284607
3.111584402284607
3.111584402284607
3.111584402284607
3.113532964134115
3.113532964134115
3.156437971662036
3.145195841058569
3.145195841058569
3.1547215484367883
3.1594567845669013
3.1583678936000474
3.1622262078094865
3.1500556154602894
3.1500556154602894
3.1328851929370147
3.1328851929370147
3.1328851929370147
3.170546774379583
3.1741817899374682
3.2238046525291173
3.1900287670890712
3.1900287670890712
3.1900287670890712
3.20988016394479
3.20988016394479
3.230504048779385
3.2242093972704247
3.2242093972704247
3.2242093972704247
3.207474329512213
3.189950619507236
3.217165955347059
3.2152740639682587
3.216897986793055
3.216897986793055
3.216897986793055
3.20400582462599
3.1792617214295245
3.173650989411791
3.1717190615019653
3.1717190615019653
3.1717190615019653
3.1717190615019653
3.1858897933087755
3.1858897933087755
3.1969347805544026
3.1969347805544026
3.199063386303358
3.199063386303358
3.199063386303358
3.199063386303358
3.199063386303358
3.2113713173410003
3.2129688472275726
3.2129688472275726
3.199555008157255
3.199555008157255
3.1978871471819303
3.202843353818137
3.202843353818137
3.2094987762527896
3.2094987762527896
3.1706627188991185
3.1866474351472878
3.1866474351472878
3.1846904698613065
3.2040127274308183
3.2051786384292518
3.1751793438012945
3.1637202591097644
3.165456382682657
3.1662246724098266
3.170895805733117
3.175061124463031
3.1750283987618926
3.168532841722218
3.172264237474181
3.172264237474181
3.172264237474181
3.172264237474181
3.1759554855746623
3.1759554855746623
3.165645737968686
3.163613697805782
3.163613697805782
3.163613697805782
3.1601501753369
3.1731830758265196
3.1731830758265196
3.165606503175266
3.147508223176857
3.1530834388305244
3.1608628907530303
3.1608628907530303
3.1608628907530303
3.1618448856259294
3.1702397553823083
3.167741132120137
3.167741132120137
3.167741132120137
3.167741132120137
3.167741132120137
3.1666666560528447
3.18398519467984
3.18398519467984
3.18398519467984
3.1909835985347366
3.195953003179689
3.195953003179689
3.2034756591403153
3.204643487081453
3.1877662395503417
3.1877662395503417
3.1877662395503417
3.1877662395503417
3.194712744180614
3.194712744180614
3.194712744180614
3.2062500674430847
3.219431560803879
3.2199874494942975
3.2199874494942975
3.2199874494942975
3.23650812226039
3.23650812226039
3.1880344317160776
3.1880344317160776
3.210505211595019
3.2212435483911457
3.2212435483911457
3.2054082301155398
3.2054082301155398
3.2054082301155398
3.2028735022220642
3.1702970886710173
3.1700586020192705
3.1730625980343943
3.1897169324766588
3.1897169324766588
3.1819013149371727
3.190673107899254
3.180069531593057
3.180069531593057
3.18367766091009
3.1681582714848964
3.1725550900506403
3.1796227050282813
3.178390778533005
3.15793587460551
3.15793587460551
3.15793587460551
3.15793587460551
3.15793587460551
3.1710931312430306
3.1710931312430306
3.1671695419271315
3.165047952091622
3.165047952091622
3.175721264667395
3.175721264667395
3.175721264667395
3.175721264667395
3.175721264667395
3.1836719154154194
3.170594945510941
3.1667432299018476
3.1667432299018476
3.1579291063269945
3.1579291063269945
3.1579291063269945
3.1688988268924345
3.1821270077259802
3.1821270077259802
3.1821270077259802
3.2129172726040167
3.2129172726040167
3.2129172726040167
3.2129172726040167
3.211351291100817
3.225651344311165
3.220364910149686
3.220364910149686
3.2027994798158543
3.2027994798158543
3.2014776098646514
3.1892418556377935
3.1892418556377935
3.2013827001193316
3.2013827001193316
3.222709157928985
3.222709157928985
3.211939440396606
3.2232235906450653
3.2230478022067914
3.2187655204001895
3.220672839229845
3.220672839229845
3.220672839229845
3.221131312441365
3.178014798069131
3.178014798069131
3.178014798069131
3.178014798069131
3.178014798069131
3.1848943547246664
3.1848943547246664
3.1916708412950214
3.1916708412950214
3.1687694539046567
3.1687694539046567
3.1687694539046567
3.1881526296990246
3.1881526296990246
3.1881526296990246
3.1605476090823923
3.165766130774824
3.1685185781259912
3.1685185781259912
3.1685185781259912
3.1809828239807256
3.1712867524561776
3.1712867524561776
3.1931448289643796
3.1910394225758574
3.1709542341637427
3.1709542341637427
3.169777446954747
3.1681427362603043
3.1681427362603043
3.1681427362603043
3.1681427362603043
3.174683191216057
3.174683191216057
3.174683191216057
3.165194488554073
3.165194488554073
3.165194488554073
3.173740133092837
3.1917558998301865
3.1917558998301865
3.1745132573830794
3.1745569627253443
3.1745569627253443
3.1686382984528736
3.1707758815127853
3.1707758815127853
3.1579495288003976
3.179601742998485
3.1763836337629057
3.1763836337629057
3.1763836337629057
3.165099386250306
3.152521414437676
3.152521414437676
3.160911030583939
3.1669203730874713
3.1458166504314518
3.1458166504314518
3.1458166504314518
3.168095078717172
3.1789129898699633
3.1668236195888446
3.1668236195888446
3.1711173591650503
3.1681401427015254
3.1681401427015254
3.1599590357871916
3.1602213098604217
3.1602213098604217
3.1602213098604217
3.168875184635514
3.1571232871278774
3.1628545498201257
3.1661646121047324
3.1661646121047324
3.171053254426364
3.1714853849107163
3.1714853849107163
3.1714853849107163
3.176919249479759
3.1677206642811293
3.1677978449995474
3.1677978449995474
3.1677978449995474
3.1677978449995474
3.1748814574710185
3.1748814574710185
3.194095834219397
3.1968057992205954
3.1841215754927306
3.1835279217202133
3.1835279217202133
3.1835279217202133
3.1892503011554494
3.1892503011554494
3.1892503011554494
3.1892503011554494
3.2041813058341684
3.192832558066965
3.1610045720145243
3.1610045720145243
3.166024660782827
3.1784363995036062
3.1784363995036062
3.1830486743575523
3.204806947213009
3.204806947213009
3.179212722374172
3.179212722374172
3.2160723804645666
3.1865393031531286
3.1755199590142893
3.1755199590142893
3.1755199590142893
3.1699879841990777
3.1699879841990777
3.1734758221312824
3.1734758221312824
3.176791597402294
3.176791597402294
3.176791597402294
3.183272951913458
3.188904127751631
3.1690746261049436
3.1690746261049436
3.1656256809593732
3.1763235485723778
3.180493676200255
3.180493676200255
3.168158972367621
3.168158972367621
3.168158972367621
3.200415393992233
3.200415393992233
3.193116113794413
3.2126758610207395
3.2126758610207395
3.2126758610207395
3.2090237072389693
3.182487821350265
3.182487821350265
3.199215431274233
3.2086013876727733
3.18261157991486
3.18261157991486
3.1932578813508945
3.191342587487219
3.191342587487219
3.191342587487219
3.2007836106203476
3.1938662990581395
3.194765090687448
3.1903785953808956
3.1903785953808956
3.1835952241010332
3.1835952241010332
3.1835952241010332
3.1835952241010332
3.1670101838877134
3.1749443765173195
3.188001326927804
3.199152304577519
3.1684130423767347
3.1705546775633167
3.1955703966103393
3.1955703966103393
3.202789075333886
3.2053039128312526
3.202216374106259
3.203800057172394
3.203800057172394
3.203800057172394
3.2123133718085284
3.2123133718085284
3.223538231234383
3.1935005337918767
3.1808047636023304
3.2028975517779656
3.183110212092081
3.183110212092081
3.1781420837990915
3.1781420837990915
3.211772644011135
3.211772644011135
3.177542159761339
3.2076594144446298
3.201886095874615
3.2160475759681355
3.1838886337248438
3.1765126417325797
3.1765126417325797
3.179386740944972
3.179386740944972
3.1754765222955053
3.176494739463475
3.156910081557175
3.1647340095662906
3.1647340095662906
3.1618403905191297
3.1730924022702385
3.1687243111327827
3.174311220600366
3.1970057525121973
3.192091769682807
3.188448220867452
3.188448220867452
3.173893687008992
3.1767418520497834
3.1767418520497834
3.194662279502237
3.1971692530738998
3.212043640191957
3.1791360163854443
3.1791360163854443
3.1911247391496165
3.1911247391496165
3.1911247391496165
3.1911247391496165
3.181689445000863
3.1999866998117494
3.2018097835395603
3.198793555983285
3.1911833509090846
3.176190106826393
3.176190106826393
3.176190106826393
3.176190106826393
3.1915471052547635
3.1915471052547635
3.179265827488959
3.1547421063357817
3.1547421063357817
3.1547421063357817
3.1547421063357817
3.152836245156452
3.1690362768252447
3.1690362768252447
3.162500463856752
3.184870531088632
3.184870531088632
3.1818884420296705
3.1658928367616337
3.1644946782101306
3.1710398220202745
3.1710398220202745
3.1669230000688895
3.1669230000688895
3.18612288479151
3.1602361521894786
3.1602361521894786
3.1590533975733943
3.1590533975733943
3.1642245479764415
3.1883815423214243
3.1883815423214243
3.1883815423214243
3.1861201653024
3.1695200288663337
3.1857410897685026
3.1857410897685026
3.1857410897685026
3.1857410897685026
3.1920620930668373
3.224872073170005
3.2228709331759657
3.2228709331759657
3.197105634044367
3.197105634044367
3.197105634044367
3.197105634044367
3.197105634044367
3.197105634044367
3.230593231551139
3.230593231551139
3.2029949770451833
3.2029949770451833
3.2029949770451833
3.2029949770451833
3.2029949770451833
3.2422833875515553
3.2422833875515553
3.2048333789441834
3.2193821033153216
3.220854176763392
3.220854176763392
3.2118478815193265
3.186416945059639
3.1794307668288297
3.1759131122492628
3.1759131122492628
3.1759131122492628
3.1759131122492628
3.1759131122492628
3.181919463739707
3.19633556973703
3.212919210643149
3.21690189504338
3.21690189504338
3.210448484034832
3.2153439120749554
3.2153439120749554
3.2153439120749554
3.191432929393979
3.1968555529524334
3.1657103844462884
3.1762103013168455
3.178921375931888
3.2023678411322853
3.215865930683995
3.212388994780427
3.212388994780427
3.1878010437300373
3.1797761761262766
3.2002833359310707
3.2002833359310707
3.2002833359310707
3.2012920272267955
3.1949006465559133
3.1949006465559133
3.1949006465559133
3.1949006465559133
3.1949006465559133
3.187109195839157
3.187109195839157
3.187109195839157
3.186337231026685
3.179459788925025
3.179459788925025
3.1843894393998022
3.1843894393998022
3.1843894393998022
3.1843894393998022
3.186325391380221
3.1925680822777496
3.1982069968139224
3.1982069968139224
3.1959704295555915
3.1959704295555915
3.1959704295555915
3.1984104383595726
3.1984104383595726
3.179302630810805
3.179302630810805
3.159970398518665
3.159970398518665
3.1499112789047032
3.171500307432134
3.171500307432134
3.171500307432134
3.171500307432134
3.171500307432134
3.163226785604043
3.1956147933266914
3.1937011988398285
3.180344248400201
3.1904720293739346
3.204071947442295
3.1906934831254508
3.181721140404366
3.2017249711533506
3.191069980525252
3.191069980525252
3.191069980525252
3.191069980525252
3.191069980525252
3.207692955226858
3.202492200926595
3.202492200926595
3.202492200926595
3.1919630998327766
3.2228721915427547
3.22537274765963
3.22537274765963
3.22537274765963
3.223054220521599
3.189762593320006
3.189762593320006
3.179656222080958
3.179656222080958
3.1775949999271114
3.1775949999271114
3.1842618972572287
3.1985000462107567
3.210614048666437
3.210614048666437
3.210614048666437
3.218523496225409
3.2016077257239344
3.179110499699475
3.179110499699475
3.179228035681914
3.179228035681914
3.2094581232109216
3.198468348511092
3.198468348511092
3.198468348511092
3.2034580630175795
3.197774439208102
3.208349422390628
3.208349422390628
3.2012484413631475
3.2012484413631475
3.2012484413631475
3.1933407215232434
3.1933407215232434
3.1933407215232434
3.1933407215232434
3.1933407215232434
3.18102982314874
3.190625343045582
3.190625343045582
3.2058165641407945
3.2058165641407945
3.199392804026141
3.209836074231343
3.209836074231343
3.209836074231343
3.2104830364387693
3.2104830364387693
3.20103418489805
3.20103418489805
3.173975899854266
3.202380020151587
3.202380020151587
3.2093101141215064
3.178307655056833
3.195748529266672
3.1627117039441988
3.1715525060131746
3.175036022599564
3.175036022599564
3.169848274266243
3.1688460836336563
3.1688460836336563
3.1688460836336563
3.1635365097433192
3.1759677024393267
3.1759677024393267
3.1640089420994046
3.1640089420994046
3.1640089420994046
3.1640089420994046
3.17888034002645
3.166387523123512
3.166387523123512
3.183085518402129
3.1830772379386114
3.1682782052721907
3.1682782052721907
3.1682782052721907
3.1682782052721907
3.1796633808489894
3.1734763215634176
3.1734763215634176
3.1734763215634176
3.1612871097957225
3.1832951798872395
3.186633500490752
3.186633500490752
3.186633500490752
3.1916931958385466
3.1916931958385466
3.181717513651112
3.1943093947327914
3.1943093947327914
3.213327423001708
3.1820797537511005
3.1820797537511005
3.1820797537511005
3.1820797537511005
3.1759541372804776
3.1759541372804776
3.1759541372804776
3.1759541372804776
3.16333925915858
3.16333925915858
3.16333925915858
3.16333925915858
3.16333925915858
3.1621237785889837
3.1621237785889837
3.1741206812588914
3.1741206812588914
3.2020784265121796
3.1750226132560346
3.1505342149748685
3.1505342149748685
3.1594489706253768
3.1594489706253768
3.1594489706253768
3.163455067653277
3.1732774356646196
3.175138370239438
3.175138370239438
3.1977680536857855
3.1977680536857855
3.1776682523445032
3.1918067426473358
3.1918067426473358
3.1878222114036876
3.166029938418133
3.1949737593145406
3.208834425968296
3.208834425968296
3.208834425968296
3.209649896440022
3.2312201707208317
3.2390310082755005
3.2302301907596607
3.2302301907596607
3.2302301907596607
3.22374086392087
3.219339459956951
3.219339459956951
3.219339459956951
3.1886345658059105
3.1886345658059105
3.198048479946938
3.2100362079234444
3.2100362079234444
3.2100362079234444
3.211966528494342
3.2101358654412815
3.2130179690624234
3.2091564148091787
3.2091564148091787
3.2091564148091787
3.2091564148091787
3.2282688269794204
3.233544659287638
3.234308953667567
3.2304264277055035
3.2304264277055035
3.2304264277055035
3.2355623724424896
3.250385438923591
3.232617649580029
3.232617649580029
3.224713109339272
3.224713109339272
3.224713109339272
3.2182160705222635
3.23435804397587
3.235868562484982
3.239197730728392
3.2362425610380874
3.222478636662204
3.222478636662204
3.222478636662204
3.215474357538424
3.215474357538424
3.215474357538424
3.2098979159174394
3.2098979159174394
3.2098979159174394
3.2098979159174394
3.2009088145036326
3.2009088145036326
3.184741685758567
3.184741685758567
3.184741685758567
3.18231244216626
3.1820909073263084
3.1820909073263084
3.211554124601362
3.1944530294617546
3.1944530294617546
3.1944530294617546
3.1948157222887605
3.1948157222887605
3.21057577424827
3.220261711186587
3.2199063248520794
3.220813937976827
3.2050139995933793
3.2079232072375987
3.2079232072375987
3.2079232072375987
3.21128954425254
3.2159235018873034
3.2159235018873034
3.2159235018873034
3.2159235018873034
3.2256576561162915
3.2274682753060584
3.2274682753060584
3.2274682753060584
3.207732356289718
3.207732356289718
3.207732356289718
3.207732356289718
3.2103652203474784
3.2103652203474784
3.2103652203474784
3.2103652203474784
3.2033135239270267
3.198852996884621
3.1859695917240023
3.1859695917240023
3.1895668881816768
3.1895668881816768
3.1895668881816768
3.172760029367432
3.2033299092744665
3.2033299092744665
3.1906167847061773
3.198918502248793
3.1981630749814025
3.1774681040180277
3.1774681040180277
3.1774681040180277
3.205329639660944
3.2175124021603643
3.20046069296908
3.20046069296908
3.197989235199639
3.185781008547043
3.1813246649217253
3.1719300928811442
3.171219670634625
3.180476008466285
3.188863201055718
3.1793603115079527
3.176591764106261
3.176591764106261
3.177536156480968
3.177536156480968
3.2142504173605633
3.1708247312644233
3.1708247312644233
3.189176661015943
3.189176661015943
3.2083572616160474
3.2057905489165988
3.2057905489165988
3.204498121231194
3.197828220332343
3.197828220332343
3.197828220332343
3.204672482114235
3.204672482114235
3.1951022243306517
3.1934658261250086
3.196370525761945
3.196370525761945
3.202048491236396
3.209754215567676
3.209754215567676
3.209754215567676
3.209754215567676
3.1768658636407094
3.150382330251663
3.1600493745903684
3.1643134589550197
3.179454662429396
3.1568140793199233
3.1568140793199233
3.1568140793199233
3.1659109724956584
3.171327590860561
3.1603391232673856
3.1603391232673856
3.1576389963631994
3.179999493842622
3.174071578024516
3.176123635987018
3.176123635987018
3.176123635987018
3.166333270773712
3.180957452098248
3.1574374579480176
3.1790706952569336
3.169849919881369
3.169849919881369
3.169849919881369
3.1604455328782217
3.171562132745721
3.1877244188511806
3.1877244188511806
3.1832819224923288
3.1830699881040383
3.1886954204039015
3.183320818355374
3.181030894859576
3.204280557763346
3.182224754829612
3.1868699438979333
3.1868699438979333
3.1888621291294337
3.1888621291294337
3.2082215700626215
3.208987989468602
3.2048486106247673
3.197909479151317
3.1972511128273404
3.1972511128273404
3.1972511128273404
3.1972511128273404
3.1998262071823467
3.1998262071823467
3.1998262071823467
3.203937388354873
3.203937388354873
3.197645448776003
3.1676870758482263
3.182058640541405
3.182058640541405
3.164172658413213
3.164172658413213
3.164172658413213
3.171587013687109
3.181124840456873
3.1780466593298393
3.1780466593298393
3.1582942420308346
3.1583830595984757
3.1583830595984757
3.1583830595984757
3.1625371825989967
3.1625371825989967
3.1625371825989967
3.1793347180679046
3.1818405908841982
3.1768343049797796
3.1768343049797796
3.1712044435370284
3.1712044435370284
3.136207468969083
3.160305198920943
3.1628997618325405
3.1628997618325405
3.1628997618325405
3.148325041239075
3.1423989640116394
3.136528332111993
3.136528332111993
3.136528332111993
3.1597155912082098
3.1730094776186526
3.1540236763013993
3.154669372906553
3.162590655060039
3.162590655060039
3.1849211549346306
3.1700222070032202
3.1653491680088486
3.1796137673290215
3.1796137673290215
3.1796137673290215
3.180308470965035
3.1978610820951716
3.1978610820951716
3.1697676516691455
3.1691372917970293
3.1691372917970293
3.1824977111697397
3.2005665089335937
3.192009877753948
3.192009877753948
3.2063364488676385
3.2063364488676385
3.1986560565124553
3.1961450031380174
3.1961450031380174
3.1961450031380174
3.210448396445085
3.212575187356882
3.1948351883215045
3.1799997824322133
3.180844737725424
3.167458729915566
3.1937978523877772
3.1937978523877772
3.1937978523877772
3.1744541042701755
3.1744541042701755
3.1710998425363535
3.1710998425363535
3.1710998425363535
3.178542671908102
3.174445634544519
3.174445634544519
3.174445634544519
3.1813304440222088
3.2104533140284177
3.2185296674223096
3.213241290628873
3.213241290628873
3.196571407475213
3.195863378011127
3.1927007805347145
3.182209444542215
3.182209444542215
3.1868183511882138
3.1868183511882138
3.1935607842768747
3.1935607842768747
3.1936698622344184
3.199233157905545
3.199233157905545
3.1926547419140645
3.1926547419140645
3.1926547419140645
3.1926547419140645
3.1926547419140645
3.2000257013476383
3.2000257013476383
3.2033086486049545
3.2217556030835435
3.217435586321354
3.217435586321354
3.217435586321354
3.217435586321354
3.217435586321354
3.2122262996589837
3.2210011565953707
3.210949751500863
3.210949751500863
3.210949751500863
3.210949751500863
3.210949751500863
3.222798859906541
3.2345287757416403
3.2144721143234167
3.2144721143234167
3.2144721143234167
3.2144721143234167
3.2108493445379995
3.210025118560505
3.198233870364668
3.194577126707986
3.194577126707986
3.194577126707986
3.1915907910985095
3.1915907910985095
3.1915907910985095
3.1915907910985095
3.195155097515942
3.1982586790589362
3.1982586790589362
3.1982586790589362
3.1982586790589362
3.1982586790589362
3.18221287770729
3.176431870936584
3.1809983912766513
3.174930886317688
3.174930886317688
3.1538066470537287
3.15019761570189
3.1401322606403506
3.1401322606403506
3.14427643791839
3.14427643791839
3.14427643791839
3.1559722985563394
3.1417557921619323
3.1417557921619323
3.13994600818564
3.13994600818564
3.13994600818564
3.13994600818564
3.150444498142673
3.150444498142673
3.1588638883339875
3.169290671763533
3.169290671763533
3.169290671763533
3.169290671763533
3.169290671763533
3.2013679329158395
3.1944684198128166
3.1944684198128166
3.180607667468393
3.180607667468393
3.180607667468393
3.180607667468393
3.180607667468393
3.180607667468393
3.180607667468393
3.180607667468393
3.189006884433707
3.172432480950862
3.1740310321910306
3.1740310321910306
3.1735282206156668
3.1735282206156668
3.17711107654199
3.17711107654199
3.17711107654199
3.1703394195229557
3.1703394195229557
3.1703394195229557
3.1894199219528714
3.1894199219528714
3.1894199219528714
3.1894199219528714
3.182558091323332
3.170553227248731
3.165631563120567
3.165631563120567
3.172545413307007
3.194744133014975
3.194744133014975
3.177377099706263
3.177377099706263
3.177377099706263
3.1785277164686505
3.1785277164686505
3.16595576562677
3.16595576562677
3.198185818068155
3.198185818068155
3.203681247718954
3.1865350743842096
3.2009272182034487
3.2009272182034487
3.2009272182034487
3.211288780262947
3.211288780262947
3.211288780262947
3.211288780262947
3.211288780262947
3.201806457104575
3.201806457104575
3.202780193879769
3.202780193879769
3.2016377594227117
3.2016377594227117
3.2016377594227117
3.2016377594227117
3.2100179164741687
3.2100179164741687
3.2100179164741687
3.204890544413431
3.204890544413431
3.197056297199709
3.2302947225508563
3.2302947225508563
3.228663748906257
3.2352423017205623
3.238810980661385
3.238810980661385
3.238810980661385
3.238810980661385
3.238810980661385
3.238810980661385
3.238810980661385
3.238810980661385
3.2367324832939564
3.2367324832939564
3.2367324832939564
3.240963242706213
3.220055999727712
3.220055999727712
3.2163566612370325
3.2163566612370325
3.206854335505142
3.206854335505142
3.206854335505142
3.206854335505142
3.206854335505142
3.2034407537775844
3.2034407537775844
3.2034407537775844
3.2034407537775844
3.2034407537775844
3.2034407537775844
3.21008058786154
3.2166304263499215
3.2166304263499215
3.2226103216963056
3.23348301641467
3.232770546492102
3.232770546492102
3.226262863131231
3.226262863131231
3.2368612223255475
3.221637312279399
3.221637312279399
3.221637312279399
3.2220593432501725
3.2220593432501725
3.2220593432501725
3.2220593432501725
3.2148069399170165
3.2148069399170165
3.225429200699133
3.2209130647762865
3.231393173835506
3.2137107765794877
3.211792616827211
3.211792616827211
3.211792616827211
3.211792616827211
3.211792616827211
3.2035545528467058
3.2020935140027613
3.202849149931993
3.199543921493194
3.199543921493194
3.1802597741213936
3.1802597741213936
3.1802597741213936
3.1680674464936067
3.1680674464936067
3.1824212330174126
3.1824212330174126
3.1824212330174126
3.1824212330174126
3.156609417705192
3.183391606933756
3.183391606933756
3.183391606933756
3.1689898055161114
3.1689898055161114
3.1689898055161114
3.1905809848830415
3.1779540290356683
3.182186450433521
3.182186450433521
3.182186450433521
3.182186450433521
3.182186450433521
3.182186450433521
3.182186450433521
3.182186450433521
3.178952994929539
3.178952994929539
3.178952994929539
3.1841663254466575
3.1604807013702225
3.1604807013702225
3.161785370389622
3.177031563329837
3.177031563329837
3.177031563329837
3.177031563329837
3.177031563329837
3.177031563329837
3.183773972663234
3.183773972663234
3.1941889056027475
3.1941889056027475
3.189051798552749
3.1747180102799186
3.157698518811423
3.157698518811423
3.157698518811423
3.151479061248224
3.1523268259416395
3.1523268259416395
3.1767387029888776
3.1767387029888776
3.1806334779053747
3.1826230674320963
3.190442729803222
3.1937135185290972
3.1703844129683425
3.171565760670493
3.171565760670493
3.1506108242012414
3.1506108242012414
3.1506108242012414
3.1541633230197736
3.1454075038861244
3.143388640461788
3.143388640461788
3.143388640461788
3.1395470796156397
3.146050203692679
3.164806231189484
3.17467085216005
3.163016903644746
3.1627480572534523
3.172206911143762
3.1721282637418113
3.1721282637418113
3.1721282637418113
3.1721282637418113
3.1721282637418113
3.1670068968791396
3.1670068968791396
3.1728551822446893
3.1776375637498293
3.1894284843607874
3.1894311534714097
3.1678286028997724
3.177317166567831
3.177317166567831
3.1673160242804377
3.1673160242804377
3.181181517942211
3.1792122738087647
3.186040814649142
3.174468663206766
3.174468663206766
3.1727475056219347
3.1727475056219347
3.1691543659552925
3.1691543659552925
3.1653344355239694
3.163234197619929
3.163234197619929
3.163234197619929
3.179761225882873
3.18851009321045
3.18851009321045
3.179188422418838
3.1549504907244024
3.166762536597074
3.166762536597074
3.169746798019094
3.169746798019094
3.169746798019094
3.14093079701368
3.148329818706961
3.145607851509807
3.152272777474206
3.160009874259725
3.160009874259725
3.1952189362755736
3.1952189362755736
3.1952189362755736
3.1952189362755736
3.1827708869866416
3.1827708869866416
3.188032579604006
3.1997573550289022
3.2016615707713054
3.2016615707713054
3.1822416402943032
3.2049104061971376
3.2148815634997585
3.2148815634997585
3.2017677965649045
3.2017677965649045
3.1908005563259403
3.1908005563259403
3.1908005563259403
3.1895256645076526
3.1895256645076526
3.1896677806827576
3.1896677806827576
3.1853247215533393
3.178917938050767
3.178917938050767
3.178917938050767
3.2048700157198833
3.221234532444528
3.221403410401097
3.2029852942548374
3.1926890122637235
3.1926890122637235
3.209535494269176
3.209535494269176
3.184466055774996
3.184466055774996
3.1943702004120524
3.1929846688134322
3.1799515769965314
3.1825914585446653
3.185967354739262
3.1782106630392906
3.181823000797997
3.1709032794727166
3.1964922653518912
3.189976696206145
3.1797860756479257
3.1762366366396297
3.1762366366396297
3.197667919015709
3.18067464058849
3.1880998883295124
3.1880998883295124
3.1818067173342954
3.1818067173342954
3.1818067173342954
3.1881107220214884
3.2076451208745658
3.204780244141688
3.209895541457142
3.1932749494107893
3.2229691904569235
3.219905497856061
3.219905497856061
3.219905497856061
3.219905497856061
3.231604305422273
3.209264832212395
3.209264832212395
3.193690967325147
3.192685495408733
3.1945328870031977
3.177089803932431
3.1843474158331535
3.1843474158331535
3.1843474158331535
3.1843474158331535
3.1843474158331535
3.181107052528039
3.181107052528039
3.1766803026013255
3.1798450364907174
3.1798450364907174
3.1798450364907174
3.1798450364907174
3.1798450364907174
3.1798450364907174
3.1947611169607604
3.2068376548787887
3.1762573993698333
3.1762573993698333
3.189959622080738
3.189959622080738
3.189959622080738
3.189959622080738
3.189959622080738
3.200223116645079
3.1986718995955457
3.1986718995955457
3.1986718995955457
3.178725117514415
3.1895657184723967
3.1895657184723967
3.187886942157315
3.187886942157315
3.187886942157315
3.1785515504124326
3.16743265088565
3.16743265088565
3.16743265088565
3.16743265088565
3.162069339318385
3.1584648114892757
3.1584648114892757
3.1636297353725866
3.1636297353725866
3.1636297353725866
3.1750634981307453
3.192205672137878
3.175032112396801
3.197966936940769
3.1991287395440797
3.1991287395440797
3.1569891633192184
3.166893442810957
3.1722238637339877
3.1722238637339877
3.1486948650468545
3.1606589016351223
3.1565466944821274
3.148311290028502
3.148311290028502
3.1529392811361188
3.1633142129249556
3.1548492656641103
3.1548492656641103
3.1536127580626663
3.1536127580626663
3.1536127580626663
3.161229916628721
3.1501254747342893
3.1488481244254727
3.1488481244254727
3.170496703075804
3.170496703075804
3.174108563795591
3.174108563795591
3.1895853341611375
3.1650237502004086
3.1755911206377854
3.182140184155611
3.182140184155611
3.182140184155611
3.178441988471071
3.1927444649391017
3.1941073673408575
3.1941073673408575
3.1941073673408575
3.187285285590795
3.2102283200324124
3.2000767341747043
3.204465984480829
3.204465984480829
3.204465984480829
3.204465984480829
3.204465984480829
3.204465984480829
3.204465984480829
3.204465984480829
3.204465984480829
3.192638533942992
3.1994971040940032
3.1887882944202763
3.1887882944202763
3.1876376223622698
3.176666575305072
3.176666575305072
3.1863280003575323
3.1515671705146566
3.1630698492417424
3.1630698492417424
3.1630698492417424
3.1630698492417424
3.1953954231080175
3.1953954231080175
3.197761319818378
3.194182055927692
3.194182055927692
3.194182055927692
3.194182055927692
3.1877434277455237
3.1877434277455237
3.2005308105732384
3.2005308105732384
3.199087913858812
3.2019447714755573
3.2088428716254205
3.2088428716254205
3.2136047023316037
3.223521623641125
3.225526312973797
3.2110028881326707
3.1930893605065327
3.1930893605065327
3.2040513147373693
3.2174375817737273
3.2174375817737273
3.2148569279751933
3.208103117668063
3.204680231834208
3.1927700620963466
3.1927700620963466
3.1927700620963466
3.1927700620963466
3.1927700620963466
3.1914785908943837
3.1896028886276504
3.1896028886276504
3.1896028886276504
3.1886681023685766
3.1886681023685766
3.1886681023685766
3.177441969991157
3.21258255238728
3.21258255238728
3.21258255238728
3.21232895160911
3.1843187623134392
3.1811835841888167
3.1779545796795015
3.1976033021870434
3.1976033021870434
3.1976033021870434
3.1976033021870434
3.1832801762356304
3.1832801762356304
3.1832801762356304
3.1852111579752775
3.211968725878978
3.2162771672243955
3.1763381277740272
3.1791959542534527
3.2001381477378836
3.200788928749395
3.1925044970189886
3.1883027793505936
3.1883027793505936
3.1817940154640074
3.1817940154640074
3.1817940154640074
3.1817940154640074
3.1817940154640074
3.1817940154640074
3.1817940154640074
3.1817940154640074
3.1456955335123973
3.146742836155753
3.1543112606425545
3.1416118519905343
3.1416118519905343
3.1519658912087007
3.1519658912087007
3.151276429486335
3.151276429486335
3.151276429486335
3.155374951556486
3.1495575767043795
3.1495575767043795
3.149987811205825
3.170236621451994
3.170236621451994
3.184475263326939
3.184475263326939
3.2046559202132086
3.2046559202132086
3.2046559202132086
3.188175319994451
3.183255169755395
3.183255169755395
3.1816020221166004
3.1816020221166004
3.1816020221166004
3.179132193984467
3.179132193984467
3.179132193984467
3.1729953668487725
3.1729953668487725
3.176830496070771
3.176830496070771
3.176830496070771
3.188698464697329
3.188698464697329
3.188486541906714
3.188486541906714
3.188486541906714
3.188486541906714
3.191228367759358
3.1967512709874932
3.1967512709874932
3.1967512709874932
3.19979693117697
3.19979693117697
3.2148272189967453
3.2148272189967453
3.2239021998284447
3.222155360470795
3.2236858574159615
3.2236858574159615
3.2204939468260836
3.2077300360569514
3.1765166322269516
3.2147126465271803
3.2147126465271803
3.2274366398110805
3.2092885403097235
3.2010758651162456
3.2140315719846466
3.2140315719846466
3.2140315719846466
3.2140315719846466
3.215993574088202
3.214412793212957
3.214412793212957
3.214412793212957
3.214412793212957
3.214412793212957
3.2012143673804245
3.1974452569725123
3.1974452569725123
3.1943648177757225
3.194386638559762
3.197675126198009
3.197738799007717
3.1842535086829318
3.1842535086829318
3.1842535086829318
3.196937213093104
3.214006393580803
3.2133088008473716
3.2133088008473716
3.190055580046269
3.1899252608750612
3.193600703802533
3.20108289788822
3.179081894984754
3.191336682130995
3.191336682130995
3.1843592788744646
3.1888809239744202
3.193313461620724
3.193313461620724
3.194115664297157
3.194115664297157
3.194115664297157
3.194115664297157
3.2130143940973888
3.205909376825339
3.205909376825339
3.205909376825339
3.2002216918074624
3.186219993909598
3.1678194640831663
3.1785961735644404
3.181574045210298
3.172884799654515
3.162375789606688
3.162375789606688
3.162375789606688
3.162375789606688
3.1681340042992994
3.172465269089127
3.172465269089127
3.1642511034720435
3.1642511034720435
3.1833753907508555
3.1919711149743977
3.193616955576449
3.193616955576449
3.1842999838830632
3.1842999838830632
3.1842999838830632
3.172424629415059
3.1668204858630253
3.168497918831552
3.168565835665149
3.1765505819857487
3.1765505819857487
3.187043416067661
3.187043416067661
3.198419890856433
3.198419890856433
3.198419890856433
3.194086112999042
3.194086112999042
3.2178184771335534
3.2222192537425713
3.2130789991368323
3.2130789991368323
3.2130789991368323
3.229698062742059
3.229698062742059
3.227640524927409
3.2126273084832
3.2333601268210788
3.219656209806738
3.219656209806738
3.215752319666508
3.2103513211571344
3.1923949418453317
3.2283960278325727
3.2283960278325727
3.237062951889025
3.245325927647967
3.2283738549628653
3.2372523109153764
3.2319604435521163
3.237047400253103
3.24586215872726
3.24586215872726
3.24586215872726
3.2190054282343565
3.2133399848686914
3.200713431833625
3.196931029295616
3.196931029295616
3.207320837842725
3.1908275696328663
3.2107848344784795
3.2107848344784795
3.2107848344784795
3.2107848344784795
3.205173074835991
3.216474723019836
3.216474723019836
3.1951571613271113
3.2046549310489656
3.2046549310489656
3.2046549310489656
3.1835808774141143
3.186265763713161
3.1878358981054506
3.1823593229845897
3.191304874599647
3.200554946901806
3.1989119529565015
3.1989119529565015
3.1881982697780096
3.2177112521248503
3.2158775588330553
3.2158775588330553
3.2158775588330553
3.2158775588330553
3.22786787054137
3.198747461167411
3.198747461167411
3.2162887508696567
3.196761084009479
3.196761084009479
3.191131742389127
3.191131742389127
3.176201542579113
3.176294648905478
3.1963908405774135
3.1963908405774135
3.1963908405774135
3.1963908405774135
3.198379130001543
3.198379130001543
3.2215454664606513
3.231770644937063
3.212264886774223
3.2053221700897754
3.2053221700897754
3.2053221700897754
3.2053221700897754
3.2053221700897754
3.2053221700897754
3.201558859867516
3.207377840558538
3.2276063169872447
3.214423620480487
3.215086641794858
3.2120460315746064
3.2129869795903057
3.1975437152071042
3.1975437152071042
3.1975437152071042
3.1990184832490867
3.1963701636888433
3.214875447804471
3.2035057952262913
3.202362444648442
3.202362444648442
3.202362444648442
3.202362444648442
3.2076006973259
3.201425300723557
3.205971082354781
3.1996977054659785
3.1996977054659785
3.1945141754480226
3.1945141754480226
3.1945141754480226
3.2053211649116617
3.1833356839292453
3.172992317016389
3.177265572075089
3.177265572075089
3.187859437840189
3.187859437840189
3.1907925896411906
3.1907925896411906
3.1907925896411906
3.1907925896411906
3.185640673415404
3.185640673415404
3.1730596076466084
3.1730596076466084
3.195949838554285
3.204913909109187
3.2120483551100603
3.2120483551100603
3.2120483551100603
3.1976326627470573
3.1976326627470573
3.1976326627470573
3.1976326627470573
3.172471182964505
3.1700941734769086
3.181772268142756
3.181772268142756
3.1626536044290288
3.1550519456636077
3.1550519456636077
3.1550519456636077
3.1550519456636077
3.1636558353203386
3.1636558353203386
3.1591556695921357
3.1591556695921357
3.1439345634219484
3.1439345634219484
3.1439345634219484
3.1439345634219484
3.1439345634219484
3.1439345634219484
3.1439345634219484
3.163009721340902
3.163009721340902
3.163009721340902
3.155443246437073
3.1346513896118786
3.1379193734575876
3.1379193734575876
3.1394181050260177
3.1442370777672477
3.1554569625714306
3.1678605623427845
3.1784806603359326
3.1524556878896552
3.1524556878896552
3.1587774720768063
3.1587774720768063
3.189870543284719
3.170021640752965
3.1716972077560084
3.175102076030862
3.175102076030862
3.1775848862734897
3.164646775315628
3.183881070747532
3.177725590200588
3.177725590200588
3.162001032718227
3.166683693660383
3.166683693660383
3.1865635144009565
3.1865635144009565
3.239815535693078
3.237750417251429
3.237750417251429
3.1974435911268464
3.1974435911268464
3.2071869356392866
3.2071869356392866
3.2071869356392866
3.2071869356392866
3.2071869356392866
3.2142458941037537
3.2255073997416566
3.2263357979610032
3.2263357979610032
3.2140372261052805
3.2140372261052805
3.212760320859667
3.2280013361676763
3.2280013361676763
3.2290030376650933
3.2290030376650933
3.2290030376650933
3.2290030376650933
3.2320105199540485
3.2243292927889806
3.2243292927889806
3.2243292927889806
3.2243292927889806
3.2243292927889806
3.2243292927889806
3.2243292927889806
3.2243292927889806
3.2317289816434145
3.2097060441009275
3.206069288755977
3.21920635239956
3.1997054786093266
3.1997054786093266
3.1997054786093266
3.216491240594357
3.216491240594357
3.1931261622950182
3.208458567723928
3.208458567723928
3.206416768671265
3.206416768671265
3.227725817426714
3.2266804955015216
3.231084560405428
3.231084560405428
3.231084560405428
3.233375709181932
3.2464362098477135
3.230416549495571
3.230416549495571
3.1984581483127146
3.203149571509469
3.203149571509469
3.2112268369046095
3.216166742301014
3.2266532489139492
3.2266532489139492
3.2266532489139492
3.2266532489139492
3.225378779351255
3.225378779351255
3.2288247048621397
3.2288247048621397
3.2288247048621397
3.2303374495504165
3.229712972134189
3.231872281893591
3.2200492675336574
3.2200492675336574
3.2290014418054733
3.2351988525557838
3.235489869415896
3.2166937371225997
3.2166937371225997
3.2200961182785237
3.2200961182785237
3.2200961182785237
3.1883018171046222
3.178060419132121
3.178060419132121
3.178060419132121
3.206302716499531
3.1854496544425377
3.1854496544425377
3.1854496544425377
3.2060379073553102
3.2060379073553102
3.2060379073553102
3.20826308907321
3.20826308907321
3.2136799383869508
3.2136799383869508
3.223985447862209
3.223985447862209
3.223985447862209
3.223985447862209
3.2270184794107037
3.2270184794107037
3.2270184794107037
3.227766060077373
3.2244705740314146
3.2244705740314146
3.2148839839038446
3.2148839839038446
3.2148839839038446
3.2148839839038446
3.2166163867733943
3.2138673736779593
3.1954763201501204
3.1883152793536755
3.1677614831785954
3.170254635772923
3.170254635772923
3.1906152359945614
3.184276898981127
3.184276898981127
3.184276898981127
3.176452187373079
3.1864502256611886
3.186755808452251
3.186755808452251
3.1842665545537505
3.1842665545537505
3.180671100699209
3.193127561533527
3.1878859338558745
3.2006762926922825
3.2006762926922825
3.2006762926922825
3.2021192536403946
3.2021192536403946
3.2045392505891503
3.2232945554855017
3.2232945554855017
3.2202673759042826
3.21053656321785
3.21053656321785
3.203866901306069
3.1980090886410735
3.1980090886410735
3.1884399651802524
3.2067241690255335
3.2067241690255335
3.1975449403309297
3.1975449403309297
3.1975449403309297
3.189844550496316
3.189844550496316
3.189844550496316
3.189844550496316
3.189844550496316
3.1697157368947764
3.160138294934261
3.160138294934261
3.176236008525044
3.1775385482462624
3.168751609761403
3.168751609761403
3.191838987754451
3.191838987754451
3.1958558413594536
3.1796077964097793
3.1796077964097793
3.176316170183142
3.17161978133164
3.1918512021420233
3.1958501204822576
3.2134933221442714
3.2101147828375924
3.2101147828375924
3.224302607469807
3.224302607469807
3.2226502851896153
3.2226502851896153
3.2199715560801017
3.2199715560801017
3.217154036646049
3.217154036646049
3.217154036646049
3.203589000750147
3.203589000750147
3.1974923524198657
3.1974923524198657
3.2016026941940954
3.2016026941940954
3.2016026941940954
3.2140544785286393
3.2077007057431675
3.2077007057431675
3.2051656533880992
3.2190006084846696
3.2190006084846696
3.1986198269591783
3.1986198269591783
3.204579961559339
3.204426446287431
3.1966766236331954
3.1966766236331954
3.1890882736781716
3.1890882736781716
3.196106864137965
3.1980190623552334
3.1928292467867103
3.1928292467867103
3.1748500191185243
3.166119767958152
3.1743919316486484
3.1743919316486484
3.1743919316486484
3.2099306143264945
3.2099306143264945
3.1902497125692313
3.2204137802517256
3.2204137802517256
3.2204137802517256
3.2204137802517256
3.2425926171575705
3.2425926171575705
3.237406763649505
3.2372939124934703
3.2372939124934703
3.2274277304083223
3.2274277304083223
3.2274277304083223
3.2274277304083223
3.2104816541190426
3.228148742262893
3.2272522391518557
3.2258340004724677
3.2258340004724677
3.2258340004724677
3.2320147686431726
3.2320147686431726
3.249881484821593
3.249881484821593
3.249881484821593
3.230338410001324
3.230338410001324
3.2395403719492863
3.247900093067204
3.247900093067204
3.2458986942868844
3.2458986942868844
3.2458986942868844
3.2458986942868844
3.2458986942868844
3.2501521396644484
3.229447210097425
3.229447210097425
3.212129500112002
3.212129500112002
3.1907034236984892
3.2117456763088295
3.206376872168257
3.2187142451104034
3.2187142451104034
3.2205181370671707
3.2126826819640453
3.2126826819640453
3.2126826819640453
3.2126826819640453
3.2057708529309346
3.2057708529309346
3.222410842283908
3.214849870048487
3.1984504537552976
3.200239162564804
3.1768254179802438
3.1768254179802438
3.1768254179802438
3.1815362087917265
3.197197065662047
3.2089064979417126
3.1904149569002676
3.204996174199495
3.1856829812192236
3.1832717392504453
3.1832717392504453
3.1840119221212406
3.2108665310526403
3.2108665310526403
3.2078857147986826
3.2078857147986826
3.196639250184095
3.204878325703887
3.210399046149675
3.1995663708647575
3.1995663708647575
3.1995663708647575
3.2099218234766727
3.1956896383723286
3.1946210360042566
3.188444832064678
3.207035596203561
3.207035596203561
3.179905565837838
3.179905565837838
3.1781282936816946
3.1781282936816946
3.167732490306665
3.169038860064792
3.1905248351288313
3.1905248351288313
3.185945310382908
3.174234237052024
3.181522375260392
3.1665182363580366
3.175038128944954
3.175038128944954
3.175038128944954
3.175038128944954
3.175038128944954
3.146938651220299
3.146938651220299
3.1695550017807608
3.1946124841331516
3.207860509124759
3.2082475077037547
3.2082475077037547
3.179569781709396
3.179569781709396
3.1829178701372314
3.1785307584848943
3.1785307584848943
3.189118145004492
3.1768168509469
3.1768168509469
3.177985088907126
3.177985088907126
3.177985088907126
3.198720887584814
3.198720887584814
3.2018352404043067
3.1877504484604384
3.185759262356846
3.1894911574667013
3.1894911574667013
3.1894911574667013
3.1894911574667013
3.1882578733419162
3.189704017937811
3.184563294968777
3.1794593915317657
3.1626816087270715
3.163143329900392
3.1750578498822852
3.1750578498822852
3.167247969729576
3.174319608180824
3.174319608180824
3.174319608180824
3.174319608180824
3.174319608180824
3.1634937789935123
3.178986770435521
3.178986770435521
3.1785810704859534
3.1785810704859534
3.1654062188303587
3.1488820576143173
3.16305457098965
3.16305457098965
3.154209887557995
3.1525658144940407
3.1525658144940407
3.1535666484547162
3.1799672297034443
3.1744088872771665
3.1619912899018305
3.1619912899018305
3.161682513509693
3.1821822381067624
3.1821822381067624
3.1821822381067624
3.1624952088587817
3.168526438616772
3.168526438616772
3.195817940445425
3.176569966169187
3.176569966169187
3.176569966169187
3.1701737205437497
3.169119853264306
3.168848906756428
3.170827299476485
3.170827299476485
3.191387277993195
3.191387277993195
3.1859341812287405
3.186182380647139
3.186182380647139
3.188120545188105
3.175770148650272
3.176267737840954
3.176267737840954
3.176267737840954
3.1665575969641706
3.1601603839930115
3.1601603839930115
3.1659157376050127
3.1659157376050127
3.1904462472995174
3.1904462472995174
3.2014467191098883
3.2014467191098883
3.2014467191098883
3.1899366134922627
3.2010024510809774
3.2010024510809774
3.202135791421209
3.174468401560161
3.174468401560161
3.174468401560161
3.1757725569388096
3.1757725569388096
3.1757725569388096
3.1757725569388096
3.1836369861658214
3.185702816770595
3.173615356117803
3.1935561394395977
3.1935561394395977
3.1847391706212274
3.1993327108592733
3.1904041689042124
3.1778943409724163
3.152702220233694
3.152702220233694
3.152702220233694
3.182896462074575
3.182896462074575
3.192915678054947
3.192915678054947
3.192663870432354
3.192663870432354
3.18695672732985
3.1736765897492285
3.212140685144106
3.195899242488238
3.188238267929666
3.1836617663957596
3.1836617663957596
3.1836617663957596
3.1836617663957596
3.1836617663957596
3.177247696062971
3.177247696062971
3.1904452606894087
3.1852525386944204
3.1852525386944204
3.1852525386944204
3.1852525386944204
3.1746050755039015
3.1746050755039015
3.193234699015081
3.200086488900322
3.199758609584832
3.1898503308016997
3.1898503308016997
3.1898503308016997
3.183380689171546
3.183380689171546
3.183380689171546
3.1801087475811816
3.166159519980894
3.19908933391073
3.1978752031948696
3.1950179189752745
3.1658063753835584
3.162787783256772
3.1589444633557835
3.1589444633557835
3.1589444633557835
3.1589444633557835
3.1589444633557835
3.1589444633557835
3.1589444633557835
3.1730255966910748
3.188420403777271
3.188420403777271
3.1659237414446606
3.176676639294566
3.176676639294566
3.1772093434257274
3.1772093434257274
3.1772093434257274
3.1772093434257274
3.185947943864992
3.180711972034826
3.1681992345327608
3.1681992345327608
3.1681992345327608
3.161818204264914
3.161818204264914
3.161818204264914
3.16271378041023
3.16271378041023
3.16271378041023
3.16271378041023
3.174332670217808
3.192786479328792
3.192786479328792
3.188044407881155
3.188044407881155
3.1956697128379683
3.189684778050894
3.177552624932693
3.177552624932693
3.1715344098494027
3.1715344098494027
3.1715344098494027
3.1751772198756476
3.1751772198756476
3.180320085105154
3.180320085105154
3.180320085105154
3.180320085105154
3.1963172591645383
3.1963172591645383
3.1963172591645383
3.195652185178893
3.195652185178893
3.1934015683076535
3.196234126578946
3.196234126578946
3.183778557977807
3.197456668612088
3.197456668612088
3.1886747641836886
3.1953390133227084
3.19745828553524
3.19745828553524
3.19745828553524
3.19745828553524
3.19745828553524
3.197357790166929
3.1833472824335125
3.1833472824335125
3.1555460626011906
3.1571098306432037
3.1892828399733677
3.1764035345448884
3.1665661078834013
3.178204964521711
3.192133463849046
3.1838056142566225
3.209916503523734
3.2032380691153595
3.2032380691153595
3.1929782578022428
3.187666579156441
3.203704004922045
3.203704004922045
3.2109505189393346
3.189841421962696
3.202406996099478
3.2018520091726153
3.196074680356368
3.192930541870348
3.192930541870348
3.1740154908162066
3.183692639498919
3.183692639498919
3.1938669350583293
3.2013813535048796
3.181231075084011
3.1982200818938185
3.1982200818938185
3.182847721287455
3.1901634074081264
3.205900625644468
3.1976456637231694
3.1976456637231694
3.1976456637231694
3.1976456637231694
3.1976456637231694
3.198451565555879
3.199717748944623
3.202376660516499
3.1928619885658187
3.1928619885658187
3.1928619885658187
3.1729735430785606
3.180590965085348
3.180590965085348
3.1901790960122836
3.1763184236128
3.1763184236128
3.1511474046420465
3.1859276401234715
3.1859276401234715
3.1859276401234715
3.1821890571165454
3.1821890571165454
3.1821890571165454
3.1725863329090718
3.1880331623895866
3.1844047066143744
3.1844047066143744
3.1844047066143744
3.1844047066143744
3.1822399430928776
3.174504495462877
3.177022152508144
3.177022152508144
3.177022152508144
3.180776581676598
3.1994803404638232
3.172871589600004
3.172871589600004
3.172871589600004
3.172871589600004
3.173451487399399
3.1869784449548426
3.1869784449548426
3.1869784449548426
3.1745066116843215
3.1648230674551714
3.1798139934909813
3.1798139934909813
3.195613949163627
3.195613949163627
3.1983276553134012
3.1983276553134012
3.195859132706718
3.195859132706718
3.1866899222278855
3.179686686454533
3.179686686454533
3.1878462605185143
3.174428732013764
3.174428732013764
3.1846607219519005
3.1846607219519005
3.1846607219519005
3.1898426652206537
3.167173383073833
3.161947608519412
3.203497651086759
3.2015004736884025
3.2015004736884025
3.1787400300774054
3.198483265786858
3.198483265786858
3.2056401608958036
3.2061043920560763
3.174315122572204
3.172795556563929
3.170792668348113
3.1680129271222244
3.1680129271222244
3.1680129271222244
3.1680010652902535
3.1680010652902535
3.183060707808188
3.183060707808188
3.183060707808188
3.16381701402013
3.164749909493383
3.164749909493383
3.164749909493383
3.164749909493383
3.164749909493383
3.164749909493383
3.164749909493383
3.168012334959106
3.168012334959106
3.168012334959106
3.166821304848088
3.167037508774442
3.17412771462766
3.1786953224664645
3.1786953224664645
3.1753637200374625
3.1753637200374625
3.1833066602295252
3.191017252450321
3.189691603370404
3.181794331415504
3.190795911475584
3.190795911475584
3.1989992889807084
3.1932839487483053
3.1932839487483053
3.1932839487483053
3.1932839487483053
3.1932839487483053
3.188906869542705
3.1858403773577293
3.1778633019014513
3.1778633019014513
3.1778633019014513
3.1778633019014513
3.1778633019014513
3.1694367246219075
3.164935791482851
3.1651833455730825
3.1583924607110196
3.1583924607110196
3.1551041760877188
3.166588310845615
3.166588310845615
3.186119948196226
3.1895505834469664
3.1625408918052518
3.1625408918052518
3.14733224535542
3.161388297029726
3.1764247778758583
3.163394433733473
3.163394433733473
3.1624215807317797
3.1718969053717547
3.1770907429892437
3.1867102416548674
3.1616045990352775
3.1616045990352775
3.1618588780359405
3.1655365008121956
3.1903503224909904
3.179279066779562
3.179279066779562
3.179279066779562
3.15981051539787
3.1588350608054108
3.1588350608054108
3.1588350608054108
3.174534078866476
3.174534078866476
3.174534078866476
3.1536185760039768
3.1667523790393375
3.173501490794534
3.192948959025332
3.209695002906047
3.2004781186330122
3.1934542623937956
3.1934542623937956
3.1934542623937956
3.1934542623937956
3.2101905880064106
3.2101905880064106
3.2101905880064106
3.1855220421461605
3.1855220421461605
3.187437788172675
3.187437788172675
3.185399944041815
3.185399944041815
3.17930743209432
3.193465442936021
3.2077264927863878
3.2068868882402795
3.2068868882402795
3.2068868882402795
3.2068868882402795
3.2068868882402795
3.2215114493743515
3.2213783246554395
3.2213783246554395
3.184006255453075
3.184006255453075
3.184006255453075
3.1940795890228983
3.1940795890228983
3.212125968648452
3.212125968648452
3.232584250617467
3.232584250617467
3.2157014554775527
3.220236298010998
3.220236298010998
3.220236298010998
3.220236298010998
3.221768493389089
3.221768493389089
3.221768493389089
3.221768493389089
3.2224709161088594
3.234710055507062
3.234710055507062
3.2324353418040883
3.2324353418040883
3.2324353418040883
3.2459465549763946
3.232287374617558
3.232287374617558
3.232287374617558
3.2189399946985393
3.2106649978023185
3.2106649978023185
3.209183137279878
3.209183137279878
3.209183137279878
3.209183137279878
3.175139578816663
3.175139578816663
3.175139578816663
3.183757557643695
3.1987930059374654
3.2184086724583003
3.2146692264913552
3.1898247488977924
3.1898247488977924
3.193342911918951
3.1888787572126973
3.194174279472652
3.201172090231524
3.201172090231524
3.201172090231524
3.201172090231524
3.1899244039758163
3.1928156526219205
3.187562580362094
3.1887618556775617
3.1723936780433157
3.1740674352901226
3.165707031485642
3.1987102257466113
3.1987102257466113
3.168164712887561
3.168164712887561
3.1848206412963336
3.1848206412963336
3.161576491076012
3.161576491076012
3.161576491076012
3.161576491076012
3.1724716415529994
3.190621852395029
3.190621852395029
3.1839566162528854
3.1839566162528854
3.1580967456864126
3.1640173524823507
3.1640173524823507
3.1640173524823507
3.1640173524823507
3.1640173524823507
3.169410589713785
3.1636572476829428
3.1636572476829428
3.1635480987469293
3.1635480987469293
3.1635480987469293
3.1663239495480053
3.1663239495480053
3.188252346373087
3.156448880742989
3.166390993644081
3.166390993644081
3.1890638471899897
3.1890638471899897
3.1782059113929813
3.1782059113929813
3.1675477993854564
3.1589552156484593
3.1782778355491885
3.1737404616783764
3.202888637736388
3.202888637736388
3.202888637736388
3.1838187438460577
3.1838187438460577
3.1778582048604083
3.1889546707981262
3.194356173494606
3.1859882172254106
3.1898611211026506
3.1898611211026506
3.1898611211026506
3.1979657711391507
3.1979657711391507
3.1979657711391507
3.181740315066882
3.181740315066882
3.184276787428723
3.184276787428723
3.184958177357239
3.174773658832563
3.1764847366490554
3.1764847366490554
3.165424499909207
3.16905278035512
3.1702635930946204
3.1702635930946204
3.164152274793878
3.168283515097139
3.168283515097139
3.198064380225262
3.198064380225262
3.198064380225262
3.198064380225262
3.198706819794363
3.2097121043918175
3.2097121043918175
3.2097121043918175
3.2325228819978724
3.2262628788421313
3.2262628788421313
3.2262628788421313
3.2262628788421313
3.2233309501152
3.2213266830544893
3.2055708491657926
3.2131900159797326
3.232879157127608
3.232879157127608
3.232879157127608
3.204343350406417
3.192912082055536
3.202179140256589
3.202179140256589
3.1997262586981834
3.234257739410432
3.23363118041155
3.23363118041155
3.1938695626237963
3.1983993868127927
3.210176280542819
3.210176280542819
3.210176280542819
3.210176280542819
3.2296004046422597
3.2296004046422597
3.2296004046422597
3.2296004046422597
3.232942992475388
3.2059420106006105
3.206890166101645
3.215621974999009
3.215621974999009
3.215621974999009
3.2057040127608905
3.199394939919877
3.199394939919877
3.199394939919877
3.227276983759682
3.2015775445077104
3.2264050055245357
3.219681841163805
3.219681841163805
3.2167409466787906
3.219415408478134
3.219415408478134
3.219415408478134
3.2140516313966097
3.217562088219142
3.217562088219142
3.217562088219142
3.2189615181269584
3.2145670834564255
3.223866814147574
3.2175948724757273
3.203134384412346
3.203134384412346
3.2045022897630515
3.2045022897630515
3.2045022897630515
3.2045022897630515
3.2045022897630515
3.2045022897630515
3.2080372705702986
3.2080372705702986
3.2080372705702986
3.2085366437970553
3.189362829777567
3.1971303562728717
3.196515137006632
3.199074648896395
3.211317398637581
3.224974924827714
3.224974924827714
3.2173804892685647
3.2173804892685647
3.2173804892685647
3.2263954205509378
3.2263954205509378
3.196053570700411
3.196053570700411
3.196053570700411
3.2102374724315297
3.196554724391872
3.196554724391872
3.2052092455457224
3.2052092455457224
3.1937038765846926
3.189785589687434
3.189785589687434
3.164047035088036
3.1876909022960125
3.1876909022960125
3.1876909022960125
3.1876909022960125
3.1876909022960125
3.1876909022960125
3.1876909022960125
3.186100174956135
3.1799607188567016
3.1894148943654588
3.1894148943654588
3.185693270485224
3.185693270485224
3.185693270485224
3.1847450280855796
3.1726797156674444
3.1726797156674444
3.1726797156674444
3.1726797156674444
3.1726797156674444
3.1852715657039847
3.1830607438074163
3.205746732308111
3.2011996475966895
3.1682998643393856
3.170066542902468
3.1640278731783487
3.1640278731783487
3.1575836136623714
3.1575836136623714
3.1525912287391735
3.1778755733281336
3.166328724918887
3.174216023639163
3.174216023639163
3.1578227969518506
3.158559447054567
3.1634115517517087
3.178117039134268
3.178117039134268
3.18246388689969
3.1881849955462154
3.187092636586045
3.179471751841576
3.1900288991928227
3.1900288991928227
3.1882478147402304
3.1721377211034616
3.182530802606585
3.169933134480806
3.158380223166088
3.197195368174186
3.195446572134351
3.195446572134351
3.195446572134351
3.206043570067089
3.1795469880896636
3.196873367135723
3.2068451627786803
3.2068451627786803
3.2068451627786803
3.2068451627786803
3.2068451627786803
3.2068451627786803
3.2068451627786803
3.2068451627786803
3.210453994669341
3.210453994669341
3.210453994669341
3.243371839910237
3.2474453322723122
3.2315299428398747
3.225175260876251
3.225175260876251
3.225175260876251
3.225175260876251
3.225175260876251
3.2336693305382425
3.2336693305382425
3.2336693305382425
3.2336693305382425
3.2336693305382425
3.225893610434832
3.225893610434832
3.218455711403346
3.218455711403346
3.206742487761983
3.215787968579469
3.1944364824856644
3.1944364824856644
3.1951563008135877
3.1648653115781102
3.1704515445097985
3.1704515445097985
3.186772533982063
3.1903887753809648
3.1903887753809648
3.1973452167623133
3.200512753496713
3.200512753496713
3.200512753496713
3.207772838617557
3.207772838617557
3.207772838617557
3.198259220009168
3.175463409763715
3.175463409763715
3.164433749107164
3.1808812062197895
3.1808812062197895
3.18655143583584
3.18655143583584
3.1958746922011945
3.1958746922011945
3.1907904911197718
3.1788348074857895
3.1855855490431186
3.1855855490431186
3.1855855490431186
3.1855855490431186
3.1738381162415386
3.149586751463876
3.1704756132739926
3.1704756132739926
3.1704756132739926
3.1704756132739926
3.1781961942942734
3.1906013230201014
3.1906013230201014
3.1649345783484564
3.154121819934336
3.154121819934336
3.1561214517063605
3.1561214517063605
3.160295174199664
3.160295174199664
3.187085579834296
3.187085579834296
3.200787989424004
3.1900333291228518
3.1983113546041695
3.1983113546041695
3.1983113546041695
3.1983113546041695
3.172903312177781
3.172989349105976
3.172989349105976
3.172989349105976
3.172989349105976
3.1783765299782143
3.2005981618470822
3.2069819379314164
3.2039601137317626
3.2039601137317626
3.223089139678612
3.223089139678612
3.233649725509057
3.227428301901875
3.213014875510588
3.1947241124760595
3.213246893832329
3.214458481862624
3.2163134954587176
3.2163134954587176
3.2213739057906845
3.2301117911100468
3.2301117911100468
3.2348649748056713
3.2248359414654746
3.2248359414654746
3.236285396857945
3.236285396857945
3.237805676572761
3.227148447801701
3.227148447801701
3.2296763564523596
3.20630702794924
3.20630702794924
3.20630702794924
3.1980316635252573
3.1980316635252573
3.1980316635252573
3.198629051827753
3.198629051827753
3.198629051827753
3.198629051827753
3.1971857099024787
3.1971857099024787
3.1857086639242973
3.1751091922308348
3.1751091922308348
3.1506253003905424
3.163638786691588
3.163638786691588
3.165472990795875
3.1729059983518173
3.164528598673528
3.173916217282116
3.172662367575979
3.172662367575979
3.1716018273457363
3.1676776143634373
3.1774457145169928
3.173427573330885
3.1673028767119478
3.1655380588317805
3.1858301164285776
3.1858301164285776
3.1565112958634236
3.148570897386058
3.148570897386058
3.148570897386058
3.148570897386058
3.148570897386058
3.148570897386058
3.148570897386058
3.138973706721055
3.1781639004254263
3.1781639004254263
3.1781639004254263
3.1781639004254263
3.205938073690158
3.205938073690158
3.1894261079109496
3.1894261079109496
3.1832716770013874
3.1823726816754196
3.1823726816754196
3.1823726816754196
3.1631379458087094
3.1631379458087094
3.1631379458087094
3.1789093151338705
3.182173037770783
3.182173037770783
3.1906185585938722
3.1906185585938722
3.203052646917832
3.189663572008586
3.1841718370998127
3.1841718370998127
3.194605401506395
3.199953783727381
3.1826523072477424
3.1793012789349633
3.1793012789349633
3.1793012789349633
3.1793012789349633
3.1793012789349633
3.1793012789349633
3.1998506390111987
3.1998506390111987
3.1998506390111987
3.1764617881298487
3.1764617881298487
3.1946830383314455
3.1946830383314455
3.1946830383314455
3.2092701707269056
3.2092701707269056
3.20200926585171
3.1773383169946112
3.1773383169946112
3.16834002636165
3.173341878177995
3.1993767991019633
3.2114989916549748
3.197579081874267
3.2051679409506892
3.1693065845148913
3.1693065845148913
3.1646101341699184
3.1646101341699184
3.1646101341699184
3.165079623548077
3.164787656444687
3.158296583023517
3.165648652683419
3.165648652683419
3.1849649011791827
3.1849649011791827
3.2262563949395595
3.2293985572870967
3.207539396180335
3.207539396180335
3.207539396180335
3.207539396180335
3.207539396180335
3.207539396180335
3.215209234489618
3.2259078039677944
3.2264046583642254
3.237720726076872
3.240073371027554
3.2393828262724553
3.2393828262724553
3.2375094542262253
3.2375094542262253
3.2375094542262253
3.2078573977100886
3.2078573977100886
3.2045751838112273
3.2045751838112273
3.2045751838112273
3.2045751838112273
3.231034711666335
3.1919752403307635
3.1851887092306987
3.1851887092306987
3.1851887092306987
3.1872057903511504
3.1872057903511504
3.1872057903511504
3.2115680049207573
3.2089317912147637
3.2047048625893146
3.1983692050148087
3.1983692050148087
3.1881238553067366
3.1967548940358808
3.1967548940358808
3.2015642372434217
3.202188797074789
3.209908252896407
3.209908252896407
3.2180358910811275
3.2180358910811275
3.197519135071633
3.1673148699373703
3.1673148699373703
3.1680654809342323
3.1888373878896186
3.1784282312463814
3.1784282312463814
3.1756655116989143
3.1756655116989143
3.185013379502545
3.1815209846515984
3.1815209846515984
3.1815209846515984
3.177853380404574
3.187863796785492
3.208160370269115
3.208160370269115
3.2153370352891426
3.1695170125622827
3.1695170125622827
3.1814267546233284
3.1912864120620545
3.1950871607490785
3.189076705030007
3.189076705030007
3.185454984558041
3.197228236420498
3.197228236420498
3.197228236420498
3.197228236420498
3.197228236420498
3.1788366605762963
3.1755779381259046
3.1975336932715335
3.1975336932715335
3.1975336932715335
3.1931512850059693
3.1931512850059693
3.1889588324911418
3.182917159753973
3.182917159753973
3.2007614426364377
3.183314664588933
3.183314664588933
3.1812402910638413
3.1865927132868084
3.189973766198524
3.189973766198524
3.189973766198524
3.1854384853071487
3.2002969724323056
3.2002969724323056
3.1869586909834817
3.2024000175303864
3.1754884090879667
3.1801901622572135
3.177211156619803
3.177211156619803
3.171868988293071
3.171868988293071
3.1899688650721063
3.1899688650721063
3.1899688650721063
3.188428593611643
3.1421639853097925
3.142104052382295
3.142104052382295
3.166164418437096
3.185572229142592
3.185572229142592
3.185572229142592
3.185572229142592
3.185572229142592
3.211144901699553
3.2083700402937327
3.212061922001655
3.212061922001655
3.220229026820658
3.194788044396269
3.194788044396269
3.1879488168731056
3.1879488168731056
3.2006574022245826
3.206831365034853
3.197127622173745
3.197127622173745
3.197127622173745
3.2058025880762404
3.2058025880762404
3.2057689923407082
3.2076487999882066
3.2076487999882066
3.2092794786478795
3.1983926182361833
3.2015256180079024
3.2015256180079024
3.2015256180079024
3.210252169607779
3.216832582100384
3.216832582100384
3.216832582100384
3.2102775056629307
3.1839104819246704
3.197695289010498
3.2082404405379292
3.1872165151432137
3.193653160764419
3.1815672897601597
3.177918488722189
3.1934037669219104
3.19421007179787
3.2152971002482773
3.2152971002482773
3.2152971002482773
3.2152971002482773
3.2152971002482773
3.2152971002482773
3.2184036230751607
3.2065062556163726
3.2066882286075065
3.2066882286075065
3.2066882286075065
3.2296857961558434
3.2296857961558434
3.2296857961558434
3.2138419668988933
3.2138419668988933
3.203015117889266
3.184515345585626
3.1827237871917884
3.1859135244694166
3.1859135244694166
3.180932105789717
3.180932105789717
3.181958379711067
3.181958379711067
3.1573185921395974
3.1573185921395974
3.1573185921395974
3.1620725855508653
3.161527750223291
3.1655186807646047
3.1680118811715463
3.1758650130923143
3.160962273781077
3.1608029152868053
3.162494493848033
3.1651837433828054
3.174628171558925
3.1784873552276194
3.1806917376886896
3.201705007435119
3.1822012816817815
3.187600286494789
3.1965250290254836
3.1965250290254836
3.1965250290254836
3.194119390089197
3.194119390089197
3.2020774313566407
3.182586300371164
3.179686640458808
3.190869415712971
3.188070115604055
3.221893147205267
3.221893147205267
3.216805732272606
3.2118107506454825
3.2118107506454825
3.2118107506454825
3.187985024011158
3.1611360008679243
3.179842952459871
3.1848394183354927
3.1838357236843033
3.1828055528657972
3.1828055528657972
3.177727448621419
3.170618244196622
3.170618244196622
3.170618244196622
3.1954531629968863
3.1954531629968863
3.1954531629968863
3.213276279473629
3.2046981950213054
3.1981628587827227
3.1979345127976218
3.1979345127976218
3.1979345127976218
3.1982118307937237
3.203112194152154
3.2056660088917903
3.2193744238803808
3.2193744238803808
3.2026753928314426
3.2026753928314426
3.194820329436284
3.1954957624490112
3.217753631650672
3.212318460422288
3.1970902100448524
3.1896811152328555
3.195501010769954
3.195501010769954
3.2041469044103867
3.2041469044103867
3.1864620241625454
3.1798061397376336
3.1798061397376336
3.182602066175548
3.182602066175548
3.182602066175548
3.182602066175548
3.1897496765104
3.1966672872985957
3.184085494896138
3.173753019517174
3.163313529329711
3.163313529329711
3.163313529329711
3.163313529329711
3.163313529329711
3.1869396042283586
3.1869396042283586
3.1869396042283586
3.184693148615784
3.190582067421917
3.190582067421917
3.1904884358029295
3.1675338002968583
3.1675338002968583
3.1675338002968583
3.1675338002968583
3.152219916043617
3.1587127251663176
3.1930892983662575
3.196728902666285
3.196728902666285
3.1784656159080016
3.1572085137162276
3.2134108833988617
3.1831986849105958
3.1831986849105958
3.1955511334688484
3.1955511334688484
3.164026445538559
3.164026445538559
3.1789422913320013
3.1789422913320013
3.1789422913320013
3.163145288756906
3.163145288756906
3.163145288756906
3.163145288756906
3.1514567454089484
3.1638995043044336
3.1875818981089203
3.1744156510042254
3.138402880066741
3.151845237578423
3.168228518651039
3.166520349998527
3.1965406626913704
3.1965406626913704
3.1654065418378767
3.174319735081325
3.2038218259847167
3.2038218259847167
3.195879810091258
3.1906318768728026
3.2035349038725895
3.185445368556708
3.2049043086079316
3.2043466747509135
3.2043466747509135
3.2043466747509135
3.210396555194271
3.192185888838451
3.192185888838451
3.192185888838451
3.192185888838451
3.192185888838451
3.176288741357608
3.176288741357608
3.188937825863252
3.2099575688623214
3.1968458157780155
3.217077402857252
3.18342060035394
3.18342060035394
3.1935922920874096
3.1698706452211964
3.1689725492198915
3.1689725492198915
3.1689725492198915
3.1815710559385413
3.18261915105882
3.1991749131407294
3.1950307127607496
3.1634904191171156
3.1634904191171156
3.1634904191171156
3.1634904191171156
3.1645719895411335
3.158088511424918
3.1791569521591865
3.1791569521591865
3.1791569521591865
3.1791569521591865
3.1791569521591865
3.1649079641877207
3.183599785766618
3.183599785766618
3.183599785766618
3.1810895085598343
3.1810895085598343
3.1810895085598343
3.1810895085598343
3.1674005284970774
3.1675268903546345
3.1675268903546345
3.186230750477814
3.186230750477814
3.176173167888236
3.1865409683226433
3.18066017612375
3.196965938083886
3.1869242793681374
3.198487584214689
3.202659373444171
3.202659373444171
3.1912019703026457
3.1912019703026457
3.184170743708866
3.184170743708866
3.184170743708866
3.184170743708866
3.194411337912057
3.194411337912057
3.1952314343718036
3.200542009182405
3.200542009182405
3.200542009182405
3.187208296636841
3.187208296636841
3.1608809756794978
3.1975180424445573
3.2017772607053874
3.1876892917771555
3.1876892917771555
3.182368241488621
3.172363977008014
3.172363977008014
3.169245452036654
3.171549068278394
3.1665464272820043
3.1665464272820043
3.188052269792596
3.16467231361889
3.1659681442224445
3.174180716065334
3.174180716065334
3.175866390919766
3.189577503060209
3.189577503060209
3.1931562786747887
3.1747212279001933
3.1933241552873257
3.1933241552873257
3.1933241552873257
3.1933241552873257
3.1933241552873257
3.176450625087323
3.176450625087323
3.176450625087323
3.1900909508239708
3.19321104538066
3.19321104538066
3.19321104538066
3.1870025926698027
3.208600246124457
3.208600246124457
3.208600246124457
3.208600246124457
3.208600246124457
3.208600246124457
3.2151943563331447
3.2151943563331447
3.2151943563331447
3.2151943563331447
3.2099518137854983
3.2099518137854983
3.199212490063664
3.199212490063664
3.199212490063664
3.194032921824802
3.194032921824802
3.192229384494466
3.192229384494466
3.192229384494466
3.192229384494466
3.192229384494466
3.216158959090967
3.1981098598638584
3.1981098598638584
3.1981098598638584
3.1981098598638584
3.184735647187318
3.2075327450839244
3.2030249866132863
3.1895451928069827
3.1859223891983084
3.203833526823666
3.2082784833399374
3.2082784833399374
