3.5997254809717094
3.5997254809717094
3.5997254809717094
3.5997254809717094
3.5997254809717094
3.5997254809717094
3.5997254809717094
3.5997254809717094
3.5997254809717094
3.5997254809717094
3.5997254809717094
3.5997254809717094
3.5997254809717094
3.5997254809717094
3.5997254809717094
3.5997254809717094
3.5997254809717094
3.5997254809717094
3.5997254809717094
3.5997254809717094
3.5997254809717094
3.5997254809717094
3.5997254809717094
3.5997254809717094
3.5997254809717094
3.5997254809717094
3.5997254809717094
3.5997254809717094
3.5997254809717094
3.5997254809717094
3.5997254809717094
3.5997254809717094
3.5997254809717094
3.5997254809717094
3.5997254809717094
3.5997254809717094
3.5997254809717094
3.5997254809717094
3.5997254809717094
3.5997254809717094
3.5997254809717094
3.5997254809717094
3.5997254809717094
3.5997254809717094
3.5997254809717094
3.5997254809717094
3.5997254809717094
3.5997254809717094
3.5997254809717094
3.5997254809717094
3.5997254809717094
3.5997254809717094
3.5997254809717094
3.5997254809717094
3.5997254809717094
3.5997254809717094
3.5997254809717094
3.5997254809717094
3.5997254809717094
3.5997254809717094
3.5997254809717094
3.5997254809717094
3.5997254809717094
3.5997254809717094
3.5997254809717094
3.5997254809717094
3.5997254809717094
3.5997254809717094
3.5997254809717094
3.5997254809717094
3.5997254809717094
3.5997254809717094
3.5997254809717094
3.5997254809717094
3.5997254809717094
3.5997254809717094
3.5997254809717094
3.5997254809717094
3.5997254809717094
3.5997254809717094
3.5997254809717094
3.5997254809717094
3.5997254809717094
3.5997254809717094
3.5997254809717094
3.5997254809717094
3.5997254809717094
3.5997254809717094
3.5997254809717094
3.5997254809717094
3.5997254809717094
3.5997254809717094
3.5997254809717094
3.5997254809717094
3.5997254809717094
3.5997254809717094
3.5997254809717094
3.5997254809717094
3.5997254809717094
3.5941335962795886
3.5942899413418075
3.5727278804280593
3.5591643270425863
3.5591643270425863
3.5591643270425863
3.5591643270425863
3.5591643270425863
3.5557664729954648
3.538612087261615
3.538612087261615
3.5359708706174926
3.530190368354937
3.4935068477872426
3.4935068477872426
3.493724823743755
3.486782652565555
3.472536042920941
3.472536042920941
3.455590007043409
3.440638539778274
3.4260353387855247
3.3972676970485787
3.3972676970485787
3.4118416454896803
3.4118416454896803
3.3914941225607693
3.3890651199815665
3.3922609243460697
3.3922609243460697
3.3922609243460697
3.3922609243460697
3.3678150073357163
3.3678150073357163
3.3678150073357163
3.3610731181058666
3.3610731181058666
3.3610731181058666
3.339015593904556
3.3505895912020334
3.3505895912020334
3.3505895912020334
3.3348098973483586
3.3555027843370233
3.3361653639983
3.3327328706298265
3.3327328706298265
3.3487956177595826
3.346643675845832
3.34044410663411
3.343738572594029
3.3547367727088173
3.3547367727088173
3.337472605737522
3.3562743138553897
3.3562743138553897
3.3562743138553897
3.3562743138553897
3.339102780023373
3.339102780023373
3.339102780023373
3.338755667441419
3.338755667441419
3.3519086024335447
3.3519086024335447
3.347709397861736
3.3421398657451165
3.3382473317855963
3.3025485508404295
3.2994033110592924
3.322156528506958
3.3064612229952695
3.3064612229952695
3.3064661176051446
3.2843530804299736
3.264452379593565
3.264452379593565
3.277847313557871
3.2828564932786546
3.2828564932786546
3.290275175676809
3.290275175676809
3.2911364950376867
3.2911364950376867
3.2954494057324233
3.2733897450300242
3.2770487648583604
3.270771197075773
3.276186509176983
3.2799993903109823
3.2557053035343313
3.279136233037336
3.279136233037336
3.2895755563798152
3.2895755563798152
3.292834781438908
3.269728466200936
3.2725053267758364
3.262279648878954
3.262279648878954
3.2768554962568612
3.2768554962568612
3.2891285119354334
3.2891285119354334
3.2923454750121235
3.2914160955194403
3.293259807944467
3.2821025180754475
3.2775598526894716
3.2775598526894716
3.273588149256071
3.275386715003619
3.267516801925494
3.284134354199039
3.2713630665136173
3.2699032139419457
3.2726756370990784
3.2675109743072297
3.2666700190402964
3.272943061904195
3.275197629440797
3.2763930227365567
3.262225859366761
3.267196649077317
3.268902522618638
3.268902522618638
3.2697468183643195
3.2697468183643195
3.295059772801288
3.295059772801288
3.295059772801288
3.286266815219525
3.286266815219525
3.286266815219525
3.320034331692197
3.299457384791858
3.2822679050314933
3.2822679050314933
3.2822679050314933
3.2845688208658235
3.287814056905173
3.279193403773646
3.2385538744361804
3.2527787055851056
3.251862211194697
3.281071132781427
3.2679102318722135
3.2679102318722135
3.264413834183688
3.270288882732414
3.270288882732414
3.2657358632035702
3.2657358632035702
3.2657358632035702
3.2657358632035702
3.2657358632035702
3.2657358632035702
3.254503043547588
3.240354834781059
3.240354834781059
3.240354834781059
3.240354834781059
3.240354834781059
3.240354834781059
3.2226440379719516
3.2226440379719516
3.225115914708167
3.225115914708167
3.2165414993933403
3.2107001606977814
3.2107001606977814
3.212959296988694
3.212959296988694
3.212959296988694
3.212297161261847
3.212297161261847
3.232980981942672
3.214997064865169
3.214997064865169
3.214997064865169
3.214997064865169
3.214997064865169
3.233791697012615
3.233791697012615
3.2072218001162804
3.202550124274823
3.202550124274823
3.202550124274823
3.225207846916396
3.225207846916396
3.196888008377548
3.196888008377548
3.196888008377548
3.204689253747074
3.197196184099064
3.197196184099064
3.197196184099064
3.2089278217807884
3.211626144842134
3.211626144842134
3.1949348038210807
3.2013719923333888
3.2147449820661063
3.2147449820661063
3.196476386275334
3.2117931606254513
3.2063645173188364
3.2063645173188364
3.212405053616013
3.212405053616013
3.212405053616013
3.2165272053117167
3.2165272053117167
3.2165272053117167
3.2246427870848833
3.2246427870848833
3.2343735233282507
3.2343735233282507
3.2386673560084747
3.2386673560084747
3.2386673560084747
3.2386673560084747
3.2386673560084747
3.2297341778826256
3.1987343807783586
3.1987343807783586
3.1918630240964556
3.1968963630011706
3.23289997107466
3.2536189284403227
3.240427714160839
3.2305385139516156
3.2010923709951995
3.2111255395924907
3.2117189760240956
3.2125708839111806
3.2190449690891807
3.219360614202739
3.237866082775935
3.237866082775935
3.237866082775935
3.237866082775935
3.237866082775935
3.2265381826348025
3.2265381826348025
3.222459511989445
3.2115191666495626
3.2407957660994726
3.2432118822045477
3.2432118822045477
3.237702248337522
3.229747834497397
3.2392160757728754
3.202679922877588
3.202679922877588
3.1978609803659515
3.1978609803659515
3.2171427132763366
3.228990958715689
3.2281697721882794
3.2281697721882794
3.2310720451071835
3.236367081299242
3.236367081299242
3.236367081299242
3.234826244635472
3.2687576050956504
3.273897347855517
3.2534640681737983
3.2534640681737983
3.2486157866100784
3.2486157866100784
3.2553612854991805
3.215819121185341
3.215819121185341
3.226780115298227
3.250119744509929
3.250119744509929
3.253830975105096
3.253830975105096
3.253830975105096
3.240031353579136
3.261926601344472
3.261926601344472
3.261926601344472
3.2568661174701754
3.260124645793585
3.260124645793585
3.2475111081228
3.2649786786785118
3.2442779270380244
3.2653985710242295
3.262955750991015
3.266085333136527
3.245600965745698
3.2647056640670766
3.2647056640670766
3.234532440258674
3.234532440258674
3.234532440258674
3.234532440258674
3.2572688469883935
3.2612437912652714
3.2612437912652714
3.2612437912652714
3.2612437912652714
3.2635485710468943
3.265144484349285
3.2445001158016975
3.247813685491123
3.247813685491123
3.2312444171668804
3.2312444171668804
3.225542227468912
3.225542227468912
3.22653164074131
3.218588842584147
3.218588842584147
3.2109377953965925
3.2109377953965925
3.2131350673375603
3.223179043435107
3.223179043435107
3.212614074501917
3.212614074501917
3.219484160393276
3.219484160393276
3.228689749288445
3.228689749288445
3.228689749288445
3.224350510735469
3.2086928761726985
3.2361366949979615
3.2361366949979615
3.2361366949979615
3.236479880295448
3.2528079817126496
3.248014030311958
3.250515825787168
3.2433805366210575
3.2262980410663067
3.20443066970601
3.2036684790874586
3.2216963974057395
3.2336420918645543
3.2282807814422187
3.2282807814422187
3.2529739116247347
3.2535743255969707
3.2460256278669752
3.2414286436601403
3.2289445402432984
3.2366828501186546
3.2366828501186546
3.23990559145676
3.2480578641107116
3.2480578641107116
3.2292544394355622
3.225256061042791
3.225256061042791
3.230346648453152
3.230346648453152
3.235178742529857
3.235178742529857
3.235178742529857
3.2379786056472937
3.255578041802719
3.255578041802719
3.222949193235197
3.222949193235197
3.2262778330912347
3.227496834988565
3.227496834988565
3.2411397723622066
3.2498085194057196
3.249825538624198
3.254177927846074
3.2272365369817333
3.2272365369817333
3.2029214578933165
3.2029214578933165
3.2029214578933165
3.2029214578933165
3.2046537539290325
3.1897168529382007
3.2069520315133047
3.2069520315133047
3.2069520315133047
3.222422674830836
3.222422674830836
3.216695135229013
3.216695135229013
3.2175261817123078
3.2175261817123078
3.2175261817123078
3.2353730817983006
3.2353730817983006
3.2353730817983006
3.224040600891052
3.224040600891052
3.235037685170047
3.2221581189582036
3.2221581189582036
3.205044246225943
3.1908296456912746
3.1908296456912746
3.1908296456912746
3.208110998584474
3.208110998584474
3.208110998584474
3.208110998584474
3.2108200746102367
3.2108200746102367
3.2108200746102367
3.2227329541977925
3.233380658173095
3.233380658173095
3.2429282308739804
3.2349805871146815
3.2349805871146815
3.2349805871146815
3.2349805871146815
3.2366908768337757
3.235671694035304
3.2361190132806117
3.2303880332000356
3.2303880332000356
3.235578335304622
3.243780132652346
3.2336228220158043
3.238651833855461
3.2229007074685923
3.2229007074685923
3.2229007074685923
3.2157828474501216
3.216213799610199
3.216213799610199
3.216213799610199
3.2254102883186113
3.2191821734670927
3.2191821734670927
3.2191821734670927
3.2191821734670927
3.2191821734670927
3.2249228825791048
3.2249228825791048
3.2249228825791048
3.2292263654971625
3.237946406211713
3.237946406211713
3.2401613582964996
3.2544432575202937
3.2544432575202937
3.2500343262745433
3.2500343262745433
3.2500343262745433
3.2500343262745433
3.2500343262745433
3.2500343262745433
3.234095680062457
3.234095680062457
3.2533815515157993
3.2402457755794494
3.2402457755794494
3.2402457755794494
3.2402457755794494
3.246305097984512
3.2423144318218533
3.2423144318218533
3.2423144318218533
3.229751495302512
3.229751495302512
3.225761768194225
3.2395790040992156
3.2395790040992156
3.2395790040992156
3.2416233330876896
3.2566783754676076
3.2566783754676076
3.2566783754676076
3.2566783754676076
3.2566783754676076
3.2566783754676076
3.2566783754676076
3.251670656817343
3.2496273454438085
3.2486479532022425
3.242645632239623
3.242645632239623
3.2431675114757557
3.2249437512063315
3.2249437512063315
3.227306330454112
3.227306330454112
3.2146745187606194
3.2146745187606194
3.234157073121388
3.2309810355792767
3.2309810355792767
3.2229911910753355
3.235530487163026
3.2508972950079578
3.2469363541424645
3.2356525790272506
3.2356525790272506
3.2402186826420154
3.2402186826420154
3.259829109901781
3.2448374508085123
3.2360557223463373
3.2269722465866715
3.225954228699206
3.2354298076614327
3.235064013983476
3.2313961644348854
3.2428758195916068
3.2452496015997387
3.253772059853958
3.275096625697854
3.2735883572249027
3.2597532432304663
3.2597532432304663
3.2386950622828974
3.22313490600922
3.22313490600922
3.2076084058919085
3.21997372774084
3.222993702780307
3.226558944203711
3.2433220480551213
3.2433220480551213
3.2433220480551213
3.2397791117858277
3.2397791117858277
3.256332685749884
3.256332685749884
3.256332685749884
3.256332685749884
3.256332685749884
3.256332685749884
3.273986702039053
3.273986702039053
3.273986702039053
3.2707692045730776
3.2712016815851204
3.2712016815851204
3.28763910403345
3.2933584596205914
3.2668280113961887
3.256446672388697
3.256446672388697
3.256446672388697
3.270844376900659
3.270844376900659
3.270844376900659
3.270844376900659
3.2704920788542955
3.2704920788542955
3.2704920788542955
3.2704920788542955
3.254345965401414
3.254345965401414
3.2576507936240344
3.2576507936240344
3.2681603325042548
3.2681603325042548
3.2681603325042548
3.2681603325042548
3.237583061403898
3.244318711084088
3.2582203397096294
3.2582203397096294
3.2812139056216507
3.277349697749231
3.277349697749231
3.2532418754950605
3.2664507440039925
3.2664507440039925
3.2664507440039925
3.279058200547934
3.2633988909209313
3.2633988909209313
3.2633988909209313
3.277018719137414
3.277018719137414
3.2916204220274876
3.2916204220274876
3.2916204220274876
3.278427471675235
3.278427471675235
3.2679406758310807
3.27602425883757
3.27602425883757
3.265811656456174
3.265811656456174
3.2674464703816435
3.2733009540706886
3.2768363395337587
3.271833386762079
3.271833386762079
3.244620870563801
3.2598006156259416
3.2598006156259416
3.2598006156259416
3.2564385074299658
3.2564385074299658
3.2564385074299658
3.2505016506635367
3.2778901652165775
3.296844740542914
3.2541722569909193
3.2541722569909193
3.267218855934601
3.267218855934601
3.267218855934601
3.267218855934601
3.258270745570721
3.258270745570721
3.258270745570721
3.258270745570721
3.223334673050696
3.223334673050696
3.237274338871637
3.2528088056472817
3.2528088056472817
3.2528088056472817
3.2528088056472817
3.2587950003666974
3.2587950003666974
3.262174940912707
3.262174940912707
3.2547079579447025
3.2477913145251462
3.2477913145251462
3.2477913145251462
3.2494447884106767
3.2494447884106767
3.2494447884106767
3.2494447884106767
3.2547466915599705
3.223203053014905
3.223203053014905
3.230125322172523
3.230125322172523
3.236444603446045
3.247381007667338
3.2590654942328796
3.2613060630271224
3.2613060630271224
3.2613060630271224
3.2622801546649907
3.2257323740444015
3.2620832704737226
3.2615803302498625
3.2738077028825563
3.2772994831566864
3.2772994831566864
3.2772994831566864
3.2781996153885724
3.2432459953544113
3.2432459953544113
3.259937325799253
3.2633458631558434
3.2593631538213925
3.2593631538213925
3.2593631538213925
3.2647184893494128
3.245596296132182
3.2464829485829627
3.2464829485829627
3.2408803790741607
3.265300499147628
3.2588465157617117
3.2672234180612687
3.2672234180612687
3.2802578033554854
3.2752603274216097
3.2752603274216097
3.285870784943237
3.265597843364104
3.262147854299567
3.2446939309488445
3.2446939309488445
3.264283656173832
3.2712318146808133
3.2802858839415836
3.2975448357612884
3.2696767466704184
3.2602786547450506
3.2517399504122295
3.249071408662078
3.249071408662078
3.2424190877983126
3.2389329862990746
3.2389329862990746
3.2389329862990746
3.233687942249472
3.253257874135177
3.2815336761541256
3.2832249242569
3.2832249242569
3.2774392199216185
3.2774392199216185
3.2720728623496824
3.2720728623496824
3.272673136657215
3.254716237542385
3.254716237542385
3.2663965917416133
3.2576905752388168
3.255612350487176
3.2569573590311585
3.2569573590311585
3.2569573590311585
3.25245334451429
3.2610899537564397
3.2601285119409376
3.2601285119409376
3.2386101405868915
3.2494164541275072
3.2494164541275072
3.2494164541275072
3.2663011307979426
3.264523964864557
3.2598569179282957
3.2598569179282957
3.2598569179282957
3.2598569179282957
3.2598569179282957
3.252988681702608
3.240472069198226
3.240472069198226
3.2716286099270753
3.2744412218850893
3.2761160299402556
3.2761160299402556
3.265069379481513
3.253059292965082
3.2718767654261356
3.250316221862678
3.2481161785064256
3.2514934398969983
3.2514934398969983
3.2413826126047227
3.2413826126047227
3.2413826126047227
3.250014540384759
3.2359301034526413
3.2359301034526413
3.2359301034526413
3.2282521714648476
3.2282521714648476
3.23001438443133
3.2355510227047604
3.2641286980620574
3.25347928359897
3.25347928359897
3.2523171719440245
3.2764555777538242
3.2764555777538242
3.2708083715981213
3.255966522858196
3.247278765561472
3.247278765561472
3.2313146088588405
3.2313146088588405
3.2472167872148705
3.2563878349801345
3.2377403841212975
3.2377403841212975
3.239878693806022
3.240804098012282
3.240804098012282
3.240804098012282
3.2504521570733362
3.2504521570733362
3.2504521570733362
3.2351550217278255
3.245342805251258
3.245342805251258
3.231417619498085
3.231417619498085
3.231417619498085
3.253867616784095
3.253867616784095
3.253867616784095
3.253867616784095
3.2564235740639877
3.2564235740639877
3.2488513154113705
3.2488513154113705
3.2566000621558526
3.2566000621558526
3.2358299669879744
3.2358299669879744
3.2176555761020267
3.2176555761020267
3.2176555761020267
3.2176555761020267
3.2297313076649603
3.2297313076649603
3.2479558398540758
3.251609920339125
3.251609920339125
3.251609920339125
3.2334707111001277
3.2228122128302723
3.2228122128302723
3.2209502981011826
3.2237077988821183
3.2237077988821183
3.2237077988821183
3.2366427218365073
3.239711642549917
3.225393309299936
3.2215992919536025
3.2216432678497973
3.2114776243898695
3.2114776243898695
3.23098139738094
3.2345525669810895
3.2313720096324423
3.2313720096324423
3.233162973575328
3.2378901961879856
3.2378901961879856
3.2337990021813514
3.2337990021813514
3.2337990021813514
3.2337990021813514
3.2295919988214092
3.233822200318609
3.242337673866933
3.2420994951632047
3.2420994951632047
3.2394319552487163
3.2316195496395244
3.200940602010228
3.200940602010228
3.198347751260904
3.1987873502601163
3.2047829055788464
3.210664869122499
3.210664869122499
3.210664869122499
3.1985569845402537
3.1985569845402537
3.1985569845402537
3.1985569845402537
3.2114497560163535
3.2114497560163535
3.21520711772119
3.204795105352191
3.2065450618703175
3.2065450618703175
3.2065450618703175
3.207071518278328
3.1945254759448107
3.1877353615056703
3.1877353615056703
3.18948287150363
3.222175271628301
3.2211170772192785
3.2211170772192785
3.2211170772192785
3.2211170772192785
3.2211170772192785
3.2088246909802334
3.2124822139703646
3.2124822139703646
3.2124822139703646
3.202112701997667
3.202112701997667
3.202112701997667
3.202112701997667
3.202112701997667
3.202112701997667
3.202112701997667
3.2450279405499174
3.2450279405499174
3.2450279405499174
3.2287157035212366
3.2409950520629707
3.2409950520629707
3.2599245320488315
3.2443824075333287
3.2328837514117046
3.250235415413713
3.238200216885792
3.238200216885792
3.2285872813530183
3.225872584744798
3.225872584744798
3.229270756292026
3.2387767975151074
3.266692990717573
3.266692990717573
3.266692990717573
3.2552511212055726
3.2348925519927723
3.2597299530760506
3.2597299530760506
3.2597299530760506
3.2597299530760506
3.2723803938272438
3.26031676236576
3.250447441838763
3.2664412776774814
3.2664412776774814
3.2664412776774814
3.2664412776774814
3.2732384415002973
3.2498253250864324
3.2498253250864324
3.2581161482291146
3.2356168194148878
3.2356168194148878
3.236509436114536
3.242615477908731
3.245013730142628
3.2496091190380643
3.2496091190380643
3.2496091190380643
3.2490599564819727
3.2490599564819727
3.2282600561655634
3.2437441741659767
3.267736552325905
3.267736552325905
3.26907818560291
3.279294740325804
3.231087030786589
3.231296050012973
3.231296050012973
3.2583300068225967
3.2583300068225967
3.2647716715077078
3.2569178739370686
3.273716591466776
3.273716591466776
3.273716591466776
3.273716591466776
3.273716591466776
3.273716591466776
3.2672840749219496
3.2581060062468614
3.250761210549414
3.250761210549414
3.250761210549414
3.257316818621828
3.2437902570645454
3.2550637308796264
3.2380439737717936
3.2283199386637382
3.239218480353584
3.239218480353584
3.234201080062574
3.2314270274500294
3.240990917469965
3.2175100323539962
3.2175100323539962
3.2175100323539962
3.2175100323539962
3.2175100323539962
3.2358879613347606
3.2358879613347606
3.2358879613347606
3.2260823755512678
3.246979167182533
3.2471280204930304
3.2508019785920834
3.2481399956920063
3.2481399956920063
3.2481399956920063
3.247882777203656
3.2274598712155727
3.2280785482439676
3.2439704603329687
3.2439704603329687
3.250655554798909
3.249993751079738
3.249993751079738
3.2468772272234356
3.2468772272234356
3.245027753461938
3.254895535431746
3.26446469476611
3.26446469476611
3.26446469476611
3.26446469476611
3.26446469476611
3.26446469476611
3.2687622864898866
3.2687622864898866
3.2687622864898866
3.253950081427806
3.255304244923627
3.255304244923627
3.261994235541948
3.2623655261875073
3.253551969366306
3.2472975574285408
3.2251600270086485
3.2432485738840393
3.247738639344709
3.249288400160177
3.232619879054445
3.2647616930440764
3.2642062284760724
3.250851845257579
3.246984863794238
3.2503233877208233
3.2503233877208233
3.236174577888748
3.2398480274783483
3.2398480274783483
3.2398480274783483
3.2205531565144856
3.220531923032318
3.2332548646819856
3.235222211622313
3.2605519252526
3.262569305849278
3.2658643130050327
3.2658643130050327
3.2683871987991595
3.2652466215735845
3.2821412689556535
3.2821412689556535
3.2821412689556535
3.263584218671001
3.2605203412975823
3.252117053801022
3.2743303079011947
3.297621762075078
3.292868425326995
3.2636011679768218
3.2754246412465062
3.2796535715863007
3.2796535715863007
3.2610854048043985
3.2610854048043985
3.2610854048043985
3.2634784278200417
3.247940983717105
3.247940983717105
3.239959134656062
3.239959134656062
3.239959134656062
3.239959134656062
3.239959134656062
3.239959134656062
3.239959134656062
3.239959134656062
3.239959134656062
3.2448078587252236
3.2219839371051417
3.2075866907234074
3.2180998944098347
3.2149885163740817
3.2067008347313717
3.214184787162539
3.2256038294146645
3.2256038294146645
3.2256038294146645
3.2256038294146645
3.2256038294146645
3.2256038294146645
3.2256038294146645
3.234252044805442
3.2661932205579265
3.2661932205579265
3.2661932205579265
3.2661932205579265
3.251419648302331
3.2439787316652064
3.243618121721953
3.243618121721953
3.2214004168082453
3.217515668572436
3.2385378995145104
3.2392757594902095
3.2615906565682544
3.2615906565682544
3.2615906565682544
3.260980990470386
3.2633421909214846
3.2633421909214846
3.2363699414075313
3.2405899356260823
3.2405899356260823
3.22985179499129
3.2337993413266433
3.2346876788199803
3.228483476927643
3.24896402181987
3.256389238281718
3.238127763732369
3.238127763732369
3.2354727556130114
3.231034575862581
3.237640386837345
3.221844100976161
3.238324702411416
3.2401460440244314
3.2387014760045623
3.2387014760045623
3.2387014760045623
3.2387014760045623
3.23337008948588
3.2540737240792796
3.237032928408729
3.237032928408729
3.2429820162569034
3.242021637524825
3.222663708772061
3.222663708772061
3.2263658973087836
3.2263658973087836
3.2202957258588865
3.226917723453911
3.226917723453911
3.226917723453911
3.219131730734006
3.219131730734006
3.219131730734006
3.2283349073143883
3.2422369132802773
3.243061046753945
3.243061046753945
3.243061046753945
3.2483936941827776
3.2483936941827776
3.2388087233285443
3.2364770977875703
3.2360255600924988
3.2469011749857057
3.2469011749857057
3.2469011749857057
3.2469011749857057
3.2265576804971303
3.2265576804971303
3.2303550572523334
3.233379791110179
3.233379791110179
3.2338135809567454
3.2338135809567454
3.23110089746135
3.2240227730577433
3.2240227730577433
3.2351936012820985
3.2351936012820985
3.2351936012820985
3.2351936012820985
3.2351936012820985
3.2351936012820985
3.225412700344823
3.2170661735039827
3.2170661735039827
3.234456575291199
3.234456575291199
3.2444070111139354
3.2444070111139354
3.227880137296967
3.2245039735898313
3.22971393585466
3.22971393585466
3.2093953531436394
3.2382692282393886
3.2477855619238856
3.2477855619238856
3.2294955593198362
3.2294955593198362
3.2294955593198362
3.234995508711953
3.234995508711953
3.215305608272457
3.215305608272457
3.215305608272457
3.201991137067953
3.2052255107485093
3.1994764876007964
3.1994764876007964
3.209580351541256
3.233940761989623
3.2394487194811212
3.228661789455064
3.228661789455064
3.228661789455064
3.228661789455064
3.240986655514643
3.240986655514643
3.238173636670822
3.238315211029565
3.243555269062857
3.245087357148092
3.245087357148092
3.2347190873873455
3.2347190873873455
3.2347190873873455
3.2347190873873455
3.2335855168168144
3.2335855168168144
3.218024133616326
3.218024133616326
3.218024133616326
3.236557040892308
3.2210866590219736
3.2318448124166346
3.225078603587327
3.2302424678042208
3.2302424678042208
3.2302424678042208
3.2302424678042208
3.2302424678042208
3.2302424678042208
3.2302424678042208
3.2302424678042208
3.2302424678042208
3.2444721566963888
3.2303549314450595
3.220600460988565
3.2356676172553724
3.2356676172553724
3.215121736540695
3.215121736540695
3.215121736540695
3.223384385487228
3.217018916454952
3.214999711090251
3.197675642861976
3.197675642861976
3.216148792163905
3.216148792163905
3.2267900582611833
3.2213314890837306
3.228685252040211
3.228685252040211
3.228685252040211
3.228685252040211
3.228685252040211
3.228685252040211
3.228685252040211
3.23460066975515
3.23460066975515
3.23460066975515
3.243079144533212
3.2268811940515403
3.2437827900547664
3.2437827900547664
3.258702955918705
3.258702955918705
3.258702955918705
3.260073288476286
3.260073288476286
3.260073288476286
3.260073288476286
3.260073288476286
3.260073288476286
3.2346207962882576
3.2346207962882576
3.2346207962882576
3.233739280350408
3.2322521378090228
3.2520905664261543
3.2520905664261543
3.2520905664261543
3.2520905664261543
3.2387511200781876
3.2416707411387162
3.2416707411387162
3.2416707411387162
3.2465767663976646
3.250695236412251
3.257779527381227
3.257779527381227
3.2656484457453323
3.2656484457453323
3.2656484457453323
3.2656484457453323
3.2656484457453323
3.243725662420532
3.243725662420532
3.232084562740301
3.232084562740301
3.232084562740301
3.232084562740301
3.232084562740301
3.232084562740301
3.232084562740301
3.232084562740301
3.232084562740301
3.21646939891371
3.2114997538385843
3.2302295039572275
3.247857830970591
3.247857830970591
3.248323778197244
3.221053912010687
3.1994193349058455
3.207162226207313
3.207162226207313
3.207162226207313
3.207162226207313
3.2389320981295855
3.2202719974436516
3.2202719974436516
3.2202719974436516
3.2252191844100677
3.2252191844100677
3.2252191844100677
3.2247195860647686
3.2069843393793436
3.2069843393793436
3.2069843393793436
3.2490656115957255
3.2490656115957255
3.2490656115957255
3.24035342179903
3.2255606576802265
3.226164686978133
3.2407709974432484
3.214219010066877
3.214219010066877
3.2238112349605235
3.2238112349605235
3.2238112349605235
3.2248477430075333
3.2248477430075333
3.2322878922580753
3.2322878922580753
3.2322878922580753
3.2322878922580753
3.2322878922580753
3.2322878922580753
3.2422315039035885
3.2422315039035885
3.2436467453884803
3.245543978365896
3.2432348702616576
3.2143807552847266
3.1892956415956215
3.193919143196281
3.1870614462955067
3.1870614462955067
3.1870614462955067
3.1856739154223273
3.1856739154223273
3.1897101791064397
3.1892602439710873
3.1892602439710873
3.1892602439710873
3.1892602439710873
3.186404648404174
3.201021361420401
3.200717857052523
3.200717857052523
3.200717857052523
3.19600839839456
3.2009459782784155
3.183760872141328
3.183760872141328
3.200763822042078
3.200763822042078
3.2137132224570446
3.2137132224570446
3.2019655544369563
3.2019655544369563
3.2019655544369563
3.2019655544369563
3.2019655544369563
3.199014890384552
3.199014890384552
3.199014890384552
3.2005172998326583
3.2005172998326583
3.22916802232588
3.22916802232588
3.22916802232588
3.22916802232588
3.245272787959688
3.2507848287698513
3.2507848287698513
3.2349594835972124
3.2487847466735715
3.251550693930916
3.251550693930916
3.2466568182514552
3.218055181378968
3.218055181378968
3.218055181378968
3.218055181378968
3.218055181378968
3.218055181378968
3.233077146525387
3.2451815303746097
3.2451815303746097
3.2451815303746097
3.2451815303746097
3.2451815303746097
3.2462108185678753
3.26166790233047
3.2443215901225035
3.2443215901225035
3.2443215901225035
3.2419543279438603
3.2419543279438603
3.2372326765926536
3.2551823107009037
3.233786442964684
3.233786442964684
3.2413582483539516
3.2322108287236593
3.2322108287236593
3.2322108287236593
3.2231430960194403
3.2231430960194403
3.219285524540058
3.2249139831674496
3.232566836093431
3.209889129368801
3.209889129368801
3.2308965633698086
3.2308965633698086
3.235468135474308
3.2417089406216886
3.2417089406216886
3.2351642801819547
3.2461168335481156
3.2461168335481156
3.244642715908564
3.2504233304038284
3.2379245309876077
3.2379245309876077
3.2379245309876077
3.236477176254648
3.236477176254648
3.2524358938010853
3.260112896019151
3.2584608296912534
3.2584608296912534
3.265849057238557
3.265849057238557
3.2534018444105453
3.2221828747506005
3.2221828747506005
3.238103875250181
3.238103875250181
3.2318128553268437
3.2318128553268437
3.24077897307158
3.24077897307158
3.2335219205884687
3.2335219205884687
3.2335219205884687
3.2335219205884687
3.2335219205884687
3.2335219205884687
3.235814977272281
3.235814977272281
3.2432113518093253
3.2432113518093253
3.2432113518093253
3.2432113518093253
3.2432113518093253
3.2432113518093253
3.236740397681652
3.208835969364927
3.2144330138815365
3.229667240211167
3.229667240211167
3.209502017906674
3.209043594575594
3.226798420199735
3.2189891717030403
3.231610988183107
3.246646546054832
3.2426213661564924
3.261084668220565
3.237907723440124
3.2548299248776638
3.236893119139609
3.236893119139609
3.236893119139609
3.236893119139609
3.2494905573506903
3.2494905573506903
3.2494905573506903
3.2494905573506903
3.2494905573506903
3.2649131866296326
3.263836070112772
3.2637696447005156
3.257524497430939
3.276787746045159
3.276787746045159
3.2643911779767327
3.2643911779767327
3.2717734727314265
3.2514849334178995
3.2464053231530374
3.238719080446842
3.2513949818653036
3.2513949818653036
3.267898322363726
3.243147942406308
3.243147942406308
3.250627428215755
3.2288330179963816
3.2288330179963816
3.2365643095753733
3.254271941922816
3.244509714243075
3.240755242777862
3.240755242777862
3.240755242777862
3.224552373340451
3.2435012311567326
3.2377227610897164
3.2332789720107082
3.2332789720107082
3.2368795060439437
3.2225935634452383
3.2225935634452383
3.2277414463305383
3.227496449129872
3.1939306989617293
3.1939306989617293
3.2154826265271166
3.224444791995435
3.2326917933124157
3.2367048666361913
3.2367048666361913
3.237402783029001
3.237402783029001
3.2370761927891585
3.2370761927891585
3.2370761927891585
3.2370761927891585
3.2605839897937083
3.223536521401569
3.2208296613709635
3.2208296613709635
3.2208296613709635
3.2162363922348933
3.249858286296517
3.2520187822595386
3.2373178401176896
3.2373178401176896
3.207269013301773
3.207269013301773
3.225499261713172
3.225499261713172
3.223191223820259
3.223191223820259
3.213784250515361
3.213784250515361
3.2231858074718627
3.2540581965682414
3.2540581965682414
3.2540581965682414
3.2645993969131246
3.258748403053742
3.2461667202971527
3.236136063064425
3.221137954354786
3.2432765043051472
3.257388594267699
3.257388594267699
3.233449952201694
3.250847656941451
3.250847656941451
3.247624132927961
3.235374345252371
3.235374345252371
3.235374345252371
3.235374345252371
3.2403660857264485
3.2403660857264485
3.209472544458452
3.209472544458452
3.209472544458452
3.2160857053838083
3.213769926720626
3.2130751613016
3.2130751613016
3.2130751613016
3.2250559315579594
3.2241074576653967
3.2303732352213963
3.2303732352213963
3.2458791878448205
3.255526771643459
3.253749377832284
3.253749377832284
3.253749377832284
3.253749377832284
3.2564841325918437
3.2564841325918437
3.2564841325918437
3.247059362315331
3.227046430699028
3.227046430699028
3.2151135368965926
3.2333016941290555
3.2333016941290555
3.250873848302874
3.246794054944047
3.2293044365291386
3.2288505331103674
3.2231402225886505
3.2336625387459197
3.2336625387459197
3.2324549281713457
3.2324549281713457
3.2324549281713457
3.239272226896968
3.239272226896968
3.218028968675217
3.2253577191120018
3.2253577191120018
3.245131866099882
3.241394897962632
3.241394897962632
3.2506393883387354
3.2506393883387354
3.25181534959129
3.2349923940467074
3.2433762595250637
3.2433762595250637
3.258061641591386
3.258061641591386
3.265925231299141
3.259948402388634
3.260766060456431
3.260766060456431
3.260766060456431
3.2262798033254114
3.255286420877269
3.255286420877269
3.255286420877269
3.255286420877269
3.2574395015473154
3.2574395015473154
3.2558972482747803
3.2294339265474927
3.2223674023757263
3.238393194307361
3.246927925071577
3.252077251831382
3.252077251831382
3.252077251831382
3.252077251831382
3.252077251831382
3.252077251831382
3.264367349289682
3.2609482840183484
3.2532713224571777
3.2532713224571777
3.2532713224571777
3.2532713224571777
3.2286041003398895
3.2286041003398895
3.2286041003398895
3.2286041003398895
3.2286041003398895
3.2291262506502685
3.2335131902025154
3.2388398196958126
3.238878758549747
3.2184633818009543
3.2221181759589816
3.232713118810966
3.2157776022430866
3.2150369566973933
3.2246023446350573
3.2388303049018248
3.2388303049018248
3.235768676153048
3.235768676153048
3.235768676153048
3.235768676153048
3.235768676153048
3.216365198261206
3.216365198261206
3.216365198261206
3.219165277977514
3.213024655048858
3.213024655048858
3.2052226772350463
3.232152188063532
3.230584512414403
3.230584512414403
3.2311291916606204
3.2311291916606204
3.220277594227698
3.2348690648600127
3.2348690648600127
3.241141976511721
3.2456687909830784
3.2429429973811867
3.2429429973811867
3.2488468838814573
3.2369602500138126
3.235100033485842
3.235100033485842
3.235100033485842
3.235100033485842
3.235100033485842
3.2575654612336082
3.2622523712284353
3.251309095519963
3.2679813186145896
3.2679813186145896
3.2679813186145896
3.2679813186145896
3.267828438517116
3.2648793923548296
3.2648793923548296
3.2648793923548296
3.256243837632882
3.256243837632882
3.256243837632882
3.261124935395229
3.261124935395229
3.261124935395229
3.2541644125448905
3.253492677965652
3.253492677965652
3.247433345804353
3.247433345804353
3.2295071446061066
3.220288671773851
3.220288671773851
3.1976528751854674
3.1976528751854674
3.204198802835541
3.203299808505302
3.2124762448736304
3.2124762448736304
3.2124762448736304
3.2124762448736304
3.2069663893589455
3.2186474183946348
3.2186474183946348
3.217082462172303
3.217082462172303
3.217082462172303
3.20815874525303
3.206880635368836
3.206880635368836
3.206880635368836
3.204240833310022
3.2127014349698353
3.2127014349698353
3.2127014349698353
3.2127014349698353
3.2127014349698353
3.217415875935939
3.2540795183269196
3.2657049430380938
3.260226702857545
3.260226702857545
3.2347901475607976
3.2526489438618196
3.257643488621523
3.2592322150705573
3.262351373787228
3.2395422620169536
3.248745034560926
3.248745034560926
3.2308054294873925
3.2308054294873925
3.191697744572581
3.196527452142568
3.196527452142568
3.210603210478805
3.210603210478805
3.210603210478805
3.2101738180834833
3.2128768958472107
3.216888592019162
3.216888592019162
3.216888592019162
3.226615685317995
3.213183485822336
3.213183485822336
3.213183485822336
3.213183485822336
3.213183485822336
3.2174538011021796
3.220498753391275
3.220498753391275
3.220498753391275
3.210148603938085
3.210148603938085
3.210148603938085
3.233763873879412
3.233763873879412
3.233763873879412
3.2251083625379287
3.2251083625379287
3.2251083625379287
3.2272639392465754
3.20787242651864
3.20787242651864
3.235945434010091
3.2176790962588226
3.2141450802281253
3.2141450802281253
3.2141450802281253
3.2141450802281253
3.195745220721375
3.195745220721375
3.2048770862987643
3.2048770862987643
3.2048770862987643
3.2048770862987643
3.2048770862987643
3.2172518915365047
3.2172518915365047
3.2206378954922075
3.215502837186574
3.215502837186574
3.2375953518476783
3.2375953518476783
3.2375953518476783
3.2375953518476783
3.2375953518476783
3.2375953518476783
3.2247957784760555
3.2465180367147566
3.2499217409899375
3.2353577339210537
3.2353577339210537
3.2353577339210537
3.2353577339210537
3.23361597502524
3.23361597502524
3.258899860078213
3.2637184621445328
3.231113661247273
3.2417182441423016
3.2347829410943882
3.2347829410943882
3.2347829410943882
3.240073865792523
3.2346271801712914
3.2193740225752085
3.219916627525624
3.237026401258012
3.233461295744402
3.233461295744402
3.217232208930278
3.220803805447889
3.227850083412937
3.227850083412937
3.252742157254513
3.2369412881087714
3.2369412881087714
3.254957326172626
3.2642588783056508
3.2531551603515396
3.2531551603515396
3.2531551603515396
3.2552914073093273
3.253370534963696
3.253370534963696
3.231026973927339
3.231026973927339
3.226083930690248
3.226083930690248
3.2254658143977113
3.2145316053599684
3.195242883049227
3.21762415745634
3.2079791467391314
3.202074814418236
3.1897198234487805
3.1897198234487805
3.1897198234487805
3.1897198234487805
3.1897198234487805
3.2056009347989525
3.2056009347989525
3.203363347082472
3.2027508835707903
3.2133821066684396
3.2133821066684396
3.2133821066684396
3.2133821066684396
3.2162901081595168
3.2162901081595168
3.224571144422341
3.224571144422341
3.224571144422341
3.224571144422341
3.222680258323799
3.222680258323799
3.1950675693015618
3.213638169584914
3.219309984449258
3.216949953862036
3.193821580308761
3.2154718029994926
3.2154718029994926
3.206445507983376
3.224104003556418
3.24067836334779
3.2619497220389624
3.2574004912711105
3.2524516968929595
3.2594136670520837
3.2594136670520837
3.253228896166557
3.2431369155301346
3.25274660808402
3.240849936185224
3.240849936185224
3.210423310730641
3.2128122545310043
3.2389469775447957
3.2389469775447957
3.2389469775447957
3.2389469775447957
3.2292760193168397
3.229657467504876
3.229657467504876
3.250572868705378
3.250572868705378
3.2395299524266976
3.2395299524266976
3.2404128458212083
3.243739652653253
3.273976750906707
3.273976750906707
3.273976750906707
3.2744855770837344
3.2744855770837344
3.279089067765893
3.2617804264854984
3.2578515790797846
3.2424761688837864
3.2480301665465316
3.2543615052403396
3.2515400217549573
3.2611388634989833
3.2611388634989833
3.2434341336070425
3.24021196371989
3.239876057274895
3.239876057274895
3.2227875294280803
3.2317953907758636
3.2447720861628535
3.2447720861628535
3.2245115881965236
3.229175908740441
3.2672759110736114
3.2464470239552274
3.2464470239552274
3.2464470239552274
3.2476691644252567
3.2238643188734177
3.232018433256528
3.2525836310199274
3.2525836310199274
3.2545298606994644
3.235199949763961
3.235199949763961
3.2444998426299465
3.2451202206809673
3.2451202206809673
3.2069794303732904
3.2234289433911227
3.2430784715135297
3.2388982962889843
3.22619802686794
3.22619802686794
3.22619802686794
3.235456228310146
3.235456228310146
3.2499788840729864
3.2499788840729864
3.2567901882651618
3.2365868533160387
3.2365868533160387
3.252452584791178
3.2518225053685432
3.2292844269241034
3.2321367139479964
3.2559268793707075
3.2559268793707075
3.227405681043878
3.222034377979154
3.2285337212820515
3.227972957203727
3.227972957203727
3.2363830645857643
3.2348750359661107
3.2348750359661107
3.2348127533543916
3.2431895221629663
3.2431895221629663
3.2431895221629663
3.2625509163387534
3.2503035486016905
3.2503035486016905
3.266825452313845
3.266825452313845
3.27041819999114
3.2781833699462233
3.2781833699462233
3.2781833699462233
3.282713347600796
3.267961393467862
3.267961393467862
3.239600749550434
3.224822608323676
3.2550925340617165
3.2550925340617165
3.2550925340617165
3.2550925340617165
3.2087599649662577
3.2087599649662577
3.2087599649662577
3.2396590400296037
3.24898356580635
3.24898356580635
3.2377094681329095
3.2377094681329095
3.2377094681329095
3.2377094681329095
3.2377094681329095
3.218534162243278
3.225250695496746
3.225250695496746
3.225250695496746
3.216615379645408
3.220321274138169
3.202973036138384
3.207344108824314
3.2124667356814256
3.212657453238031
3.212657453238031
3.226997707596815
3.226997707596815
3.2366304081098525
3.2366304081098525
3.2400021867478883
3.2400021867478883
3.2300154880657934
3.255098228326841
3.2532830114384708
3.2532830114384708
3.2343435819975843
3.2074691267464117
3.209789350584528
3.209789350584528
3.204088142103688
3.2347899537388876
3.2072163203844273
3.211329051203515
3.21225998150398
3.1892928775568223
3.198711166332263
3.200709870920532
3.200709870920532
3.196217959667241
3.2096517190132365
3.2096517190132365
3.221270623012529
3.221270623012529
3.221297131521933
3.221297131521933
3.2314534659945493
3.2314534659945493
3.2314534659945493
3.235623320614364
3.235623320614364
3.2569056343258165
3.2569056343258165
3.2569056343258165
3.260352820686425
3.2731723141265654
3.2731723141265654
3.2758809875379553
3.2758809875379553
3.2758809875379553
3.264499851221563
3.264499851221563
3.2526925478983313
3.262614397360946
3.2564513051652404
3.2541928737418506
3.240899462407546
3.240899462407546
3.2561114489201275
3.2482284137541133
3.2482284137541133
3.2482284137541133
3.240504053284364
3.240504053284364
3.240504053284364
3.2295830860073207
3.2356589082444995
3.2356589082444995
3.2356589082444995
3.2494225706105846
3.2494225706105846
3.2738270978901904
3.2454980062439738
3.2548461119430048
3.2548461119430048
3.245595015780947
3.2653194817374898
3.239203350936709
3.239203350936709
3.239203350936709
3.239203350936709
3.2182454654820245
3.226039854181955
3.239788354808912
3.239788354808912
3.238274438801002
3.2238045436561444
3.2238045436561444
3.2238045436561444
3.2238045436561444
3.2238045436561444
3.2238045436561444
3.2238045436561444
3.228061777252889
3.228061777252889
3.228061777252889
3.228061777252889
3.205302677706923
3.204420085257226
3.1981881690942875
3.206327272593747
3.206327272593747
3.2161035399559057
3.1949564952335683
3.1909067504600657
3.184998978937576
3.184998978937576
3.1859413796120895
3.1859413796120895
3.2106290639464423
3.21509111560281
3.21509111560281
3.2067984510413705
3.206240427054041
3.2172035824441556
3.2206341970089754
3.2206341970089754
3.1950947555008082
3.189469397163687
3.189469397163687
3.1946272628165775
3.1946272628165775
3.1946272628165775
3.1890342462248635
3.1857150085528914
3.191953289663447
3.191953289663447
3.191953289663447
3.1888193823785884
3.232016312797117
3.232016312797117
3.20848755799347
3.20848755799347
3.2057199400463317
3.2057199400463317
3.2057199400463317
3.2057199400463317
3.2057199400463317
3.216300986513674
3.223993868751792
3.221601424145347
3.2383496126785025
3.2424022133435164
3.2428935906350693
3.2428935906350693
3.2441660603300138
3.2441660603300138
3.2471966846942117
3.2471966846942117
3.252286348293407
3.2513553832344693
3.2513553832344693
3.2513553832344693
3.227248607911968
3.227248607911968
3.227248607911968
3.227248607911968
3.2242385346370916
3.230056963895097
3.225047568324072
3.225047568324072
3.225047568324072
3.225962585451827
3.2270458878511565
3.2270364888728604
3.2270364888728604
3.2270364888728604
3.2270364888728604
3.2270364888728604
3.2270364888728604
3.2270364888728604
3.2270364888728604
3.2179116957178375
3.223960143688309
3.216303675843482
3.2059554871230884
3.2059554871230884
3.2059554871230884
3.207881794828454
3.207881794828454
3.2367003894994077
3.2366671746838396
3.2115832696812365
3.2115832696812365
3.239258863196146
3.2659957952953227
3.2659957952953227
3.255311377816985
3.261281361046719
3.261281361046719
3.261281361046719
3.2703998008511146
3.2314734410431565
3.2242237601202954
3.229060484928456
3.2348812062020977
3.2371253745585635
3.2435056150378347
3.2435056150378347
3.2566380083617394
3.2566380083617394
3.257231183829978
3.241669996124108
3.2183059664288147
3.2111807206867033
3.229565370589764
3.2556808209351904
3.248745943442388
3.240483070445682
3.2500638013743393
3.2601917563449474
3.2601917563449474
3.2601917563449474
3.2393750069388574
3.2351468990369785
3.2351468990369785
3.2351468990369785
3.2468176820566583
3.2344238270547554
3.249556648201771
3.249556648201771
3.2667600500588994
3.2667600500588994
3.2210837996518316
3.2210837996518316
3.2343391520737748
3.2381930916019717
3.2381930916019717
3.2470734500298004
3.2470734500298004
3.2674087599666137
3.2674087599666137
3.2674087599666137
3.2477447435410514
3.2586115400893236
3.2556341506572646
3.2556341506572646
3.2556341506572646
3.238992248952901
3.238992248952901
3.238992248952901
3.2477189676145843
3.2284282022070783
3.245543789708986
3.257631225181805
3.257631225181805
3.257631225181805
3.228510309708215
3.2377896280270524
3.2377896280270524
3.230956674160432
3.230956674160432
3.259730726734127
3.259730726734127
3.268006369109498
3.2779232562697285
3.250409024040757
3.2300706141613955
3.2300706141613955
3.2300706141613955
3.2300706141613955
3.2317479924162527
3.229998596813304
3.229998596813304
3.229998596813304
3.229998596813304
3.2223425472053755
3.2223425472053755
3.2223425472053755
3.2311462994476483
3.2286412547009347
3.2286412547009347
3.2286412547009347
3.224561301184214
3.2291062501626424
3.2277543003270273
3.2277543003270273
3.2277543003270273
3.220068043083845
3.22138569286221
3.222002695956681
3.2363637691256204
3.2363637691256204
3.2313349388781316
3.2313349388781316
3.2313349388781316
3.2313349388781316
3.2299311574326075
3.2380371039937166
3.221471926065068
3.221471926065068
3.2339545316707943
3.2339545316707943
3.2339545316707943
3.2213935225973684
3.218593321649484
3.228221466393394
3.228221466393394
3.228221466393394
3.241705338212412
3.2363838185886897
3.239033650256391
3.230294246099935
3.2284278390330208
3.2284278390330208
3.250853234571767
3.250853234571767
3.250853234571767
3.250853234571767
3.250853234571767
3.269127249319519
3.281980563107964
3.281741302714921
3.281741302714921
3.2401854414782787
3.2401854414782787
3.2448269624450328
3.2463184444791766
3.2361604157306942
3.2547238696662055
3.2547238696662055
3.2512319224732935
3.2512319224732935
3.2512319224732935
3.2512319224732935
3.2512319224732935
3.2512319224732935
3.258430160751081
3.243079072852914
3.2574701893300064
3.2574701893300064
3.2438517058578693
3.2438517058578693
3.2438517058578693
3.2472859594057573
3.2343037206451912
3.2343037206451912
3.2343037206451912
3.2327659276357155
3.2327659276357155
3.2245182132270847
3.2245182132270847
3.229347581539848
3.260645585560267
3.2578723380400496
3.2578723380400496
3.2436324249214006
3.2436324249214006
3.2386237926117074
3.256484964358713
3.2738219235447694
3.2738219235447694
3.267593969983227
3.264903834713956
3.264903834713956
3.2609326555556217
3.2503224963281947
3.2608491613754285
3.2608491613754285
3.2608491613754285
3.28975988169107
3.28975988169107
3.3016594185119565
3.274621972263188
3.25505364690848
3.2681420805363044
3.245072153959042
3.2378149317913394
3.222879876584754
3.2306331478185517
3.2306331478185517
3.2306331478185517
3.227968166467997
3.227968166467997
3.2329862896617088
3.2522819921135935
3.2522819921135935
3.2611416460250315
3.2611416460250315
3.2546015254719927
3.2623366005474588
3.2476598936075076
3.2476598936075076
3.2476598936075076
3.247998033632315
3.244561320557722
3.2469654372203536
3.2469654372203536
3.258025538600126
3.258025538600126
3.2312940981196427
3.2232979231276344
3.223532575242986
3.2307008859540924
3.2307008859540924
3.245783157116065
3.245783157116065
3.245783157116065
3.245783157116065
3.245783157116065
3.2428209355558777
3.2329684776952785
3.2329684776952785
3.2329684776952785
3.239570788858551
3.2496396209701786
3.2496396209701786
3.2496396209701786
3.2325238203259623
3.2325238203259623
3.23697206900097
3.23697206900097
3.241489363091379
3.241489363091379
3.2418748396678594
3.235898296929482
3.235898296929482
3.235898296929482
3.235898296929482
3.2245695005129655
3.230137004930293
3.2311099967933767
3.2311099967933767
3.2167853975022687
3.2235415610397133
3.2188439075966886
3.2188439075966886
3.2188439075966886
3.227567345694554
3.227567345694554
3.227567345694554
3.2138170070416896
3.2360369972506464
3.230884168606803
3.2372001799776022
3.2372001799776022
3.2333776741151743
3.2333776741151743
3.238896005320785
3.238896005320785
3.238896005320785
3.221917441934633
3.2008715851413867
3.2008715851413867
3.2014104942931976
3.2079212229365175
3.19697321908762
3.19697321908762
3.1880931922916598
3.1880931922916598
3.19231170199828
3.19231170199828
3.1947107557061982
3.2316082033200195
3.2353895579459335
3.203449908937499
3.2152624062500537
3.2496384885425313
3.2144244163438467
3.2144244163438467
3.1871931443199655
3.1871931443199655
3.1871931443199655
3.2174076284968516
3.2206937769049153
3.243462627236335
3.2279784854478257
3.2043251205890524
3.227079999082442
3.227079999082442
3.2380101090775324
3.2380101090775324
3.2380101090775324
3.247992033554053
3.247992033554053
3.242840349823995
3.245686522740317
3.2509864589174917
3.2509864589174917
3.255707412899065
3.255707412899065
3.254045644840302
3.254045644840302
3.2738046226859723
3.2738046226859723
3.2884013522762716
3.2884013522762716
3.2771929190741944
3.2652167315318166
3.2652167315318166
3.2747485109504377
3.272421272620869
3.272421272620869
3.2675210887536563
3.2675210887536563
3.2597725851668145
3.2597725851668145
3.285191225531383
3.271799448292612
3.2761725100136094
3.265829843604347
3.265829843604347
3.2627151950352715
3.2627151950352715
3.2680460384824843
3.2680460384824843
3.270436589937973
3.270436589937973
3.270436589937973
3.270436589937973
3.2606680789858697
3.2551352226319685
3.2419204117848777
3.2415620673121737
3.2415620673121737
3.2548472220095515
3.2548472220095515
3.2548472220095515
3.2548472220095515
3.2548472220095515
3.2284948159098166
3.221385930912663
3.221385930912663
3.2497968815052394
3.230122415538949
3.230122415538949
3.230122415538949
3.230122415538949
3.230122415538949
3.217695959245493
3.2161368743964247
3.2161368743964247
3.2161368743964247
3.2161368743964247
3.2147674928576278
3.2147674928576278
3.211382195548135
3.211846669622195
3.2243240817042196
3.203552852796889
3.2043340615155906
3.184821724869156
3.181018471204474
3.181018471204474
3.1906053902427907
3.1906053902427907
3.1857372672991855
3.184051637395335
3.184051637395335
3.184051637395335
3.1836764686442587
3.1836764686442587
3.1836764686442587
3.187249084850344
3.187249084850344
3.186376157218624
3.1880838298970002
3.2386678576674495
3.2386678576674495
3.226073311642443
3.2244299312534737
3.221732076774302
3.2293670785312982
3.2358307441342284
3.2485454198030066
3.239418197356402
3.220147774138591
3.214218572624544
3.2424554097450518
3.2370320975737816
3.234108263060739
3.2289842791021006
3.23681946368202
3.23681946368202
3.23681946368202
3.23681946368202
3.23681946368202
3.2402150721592506
3.2497879290945813
3.2315760748425526
3.2367997856423125
3.2484679739383133
3.230072656413068
3.249501183750027
3.2414864662884986
3.2414864662884986
3.2414864662884986
3.2414864662884986
3.210885497066975
3.2052673542713483
3.2058367378035313
3.2058367378035313
3.2058367378035313
3.2207518997884104
3.2440678172594692
3.2385091462800886
3.2233412740408087
3.2233412740408087
3.2233412740408087
3.2233412740408087
3.220093509485519
3.220906732722295
3.2301263911702005
3.2463871118574557
3.2516412900935663
3.2516412900935663
3.224964083818685
3.2353544279005453
3.230664372614613
3.230664372614613
3.2343368172606484
3.2343368172606484
3.2343368172606484
3.2343368172606484
3.2547966369053767
3.263622263452087
3.260389596829334
3.235932605235741
3.235932605235741
3.235932605235741
3.235932605235741
3.235932605235741
3.2463910368794657
3.2463910368794657
3.2463910368794657
3.2463910368794657
3.2610121071953135
3.242234960296133
3.2507461549496344
3.2557537990752814
3.244087740107229
3.2354922416507805
3.2462314328140516
3.230437647050804
3.230437647050804
3.230437647050804
3.256236437919577
3.256236437919577
3.256236437919577
3.265714363857407
3.249113120632969
3.24040880530895
3.24040880530895
3.248460578751839
3.2467311317560372
3.2469123111361453
3.2469123111361453
3.257203111967308
3.242557461915138
3.2564375557781706
3.2365983944937358
3.2365983944937358
3.2365983944937358
3.2332604994277583
3.2332604994277583
3.2332604994277583
3.2477524991000744
3.2419319838095975
3.227201155546139
3.1918293542142124
3.2041789243870666
3.2041789243870666
3.2041789243870666
3.201415156843404
3.201415156843404
3.201415156843404
3.2047146651323835
3.2103635075449213
3.2103635075449213
3.213886144443652
3.2176484582764724
3.2176484582764724
3.2176484582764724
3.2228806511210486
3.2333569633639736
3.2333569633639736
3.2271561262897137
3.219919883908445
3.214192372701423
3.214192372701423
3.219145586025443
3.2238410286440886
3.2229492782188176
3.2229492782188176
3.233119637009403
3.247670059275954
3.247670059275954
3.2346552022102277
3.235786246167355
3.2619388975477683
3.254523417002842
3.256968324350299
3.25905426839277
3.25905426839277
3.2544502008251865
3.231655215248879
3.231655215248879
3.231655215248879
3.231655215248879
3.231655215248879
3.256143897595309
3.2586685914069484
3.258228495974517
3.258228495974517
3.2513266952281255
3.2513266952281255
3.2614248336508043
3.2466903079677096
3.237404180441959
3.237404180441959
3.2456440065172623
3.241220253184325
3.2385365627812126
3.2344750179753357
3.2344750179753357
3.2344750179753357
3.2255965861380544
3.2255965861380544
3.226361508058202
3.2299338868035306
3.236876027659078
3.236876027659078
3.245170136879707
3.2263110389369016
3.2253687895431007
3.2253687895431007
3.2253687895431007
3.194191171932097
3.1940335636671326
3.1940335636671326
3.203332705910073
3.203332705910073
3.2279784354502534
3.2225402802417875
3.2225402802417875
3.220521859463316
3.220521859463316
3.220521859463316
3.220521859463316
3.220521859463316
3.2360866689079484
3.228050144602912
3.221256289339827
3.1916708709008854
3.203021483371584
3.191170623848366
3.2214948263509937
3.2049791169648576
3.1994785789923954
3.206677842074932
3.2027409703449488
3.2402428059473496
3.2402428059473496
3.2362604282573333
3.2117935410737477
3.220604930651378
3.2126629457675437
3.2115776916756675
3.2215177040699845
3.2215177040699845
3.2299045690337347
3.2299045690337347
3.225840739423031
3.223176741072691
3.2053940474937797
3.2121863650708438
3.2121863650708438
3.2230629911280677
3.228934446249695
3.2373986834734403
3.2267202813910263
3.214924495332151
3.2122853331914674
3.2122853331914674
3.2219397290460616
3.2219397290460616
3.2219397290460616
3.2219397290460616
3.2357699491167273
3.229045236190055
3.248636997762059
3.241326719446869
3.2466308460723465
3.2466308460723465
3.236645894730788
3.2324508396703195
3.2324508396703195
3.2324508396703195
3.238760225537814
3.238760225537814
3.2229378584849457
3.2348506835972524
3.248108625871264
3.248108625871264
3.245748471478573
3.2385921091510896
3.2385921091510896
3.2416036288683454
3.2429704635338363
3.2429704635338363
3.2583670848425763
3.2583670848425763
3.278251092113135
3.2685965221763182
3.2685965221763182
3.2679228361721027
3.244764686405435
3.2412652055485034
3.2412652055485034
3.2412652055485034
3.2448165100790427
3.2479976528763954
3.2479976528763954
3.2664399795383026
3.2759936022064218
3.272733573687174
3.269353229930354
3.263420976110561
3.2363682512901897
3.2352161253654095
3.2352161253654095
3.2352161253654095
3.229812398855656
3.243608956901669
3.243608956901669
3.236439672837941
3.236439672837941
3.2378910229039173
3.233002535273505
3.232283879906841
3.239221797106466
3.2249736948496817
3.2132802568057737
3.2212435910145945
3.231687739695047
3.2391896359781733
3.2376836017733157
3.233005712929062
3.24121864788975
3.24121864788975
3.24121864788975
3.24121864788975
3.24121864788975
3.24121864788975
3.269981342576631
3.269981342576631
3.2573532467857174
3.2573532467857174
3.2573532467857174
3.244620112568539
3.2442834752478382
3.2442834752478382
3.2442834752478382
3.243180921231295
3.250469282690971
3.2472682333326692
3.245859753376337
3.245859753376337
3.245859753376337
3.272544785610528
3.272544785610528
3.272544785610528
3.272544785610528
3.2694484165220015
3.2657146653359925
3.2661705283539253
3.2661705283539253
3.2661705283539253
3.2661705283539253
3.2661705283539253
3.2661705283539253
3.296696229898561
3.303755064837802
3.281042819132793
3.281042819132793
3.281042819132793
3.2746899807370395
3.2746899807370395
3.2750645828763316
3.2750645828763316
3.2750645828763316
3.264198889126058
3.242387264966712
3.242387264966712
3.242387264966712
3.221844238762278
3.221844238762278
3.217491097661522
3.2317591876161122
3.220240978367957
3.220240978367957
3.237986344446593
3.228170294727964
3.2382493845256937
3.2497198732679036
3.2497198732679036
3.2497198732679036
3.2400293046587336
3.233524863137046
3.233524863137046
3.233524863137046
3.251663112036609
3.251663112036609
3.251663112036609
3.251663112036609
3.251663112036609
3.2355387148606534
3.2355387148606534
3.2355387148606534
3.2355387148606534
3.2293538227409786
3.2293538227409786
3.2293538227409786
3.2267708632516072
3.2129499396224834
3.2129499396224834
3.2129499396224834
3.2129499396224834
3.2129499396224834
3.230285990686467
3.2240386723730867
3.2361510211866165
3.2183492105363047
3.2299159314043715
3.2314347057175645
3.2314347057175645
3.2314347057175645
3.242898844568334
3.221786478128866
3.221786478128866
3.208388088228299
3.22279679952831
3.2281068778602795
3.2490371427967775
3.2490371427967775
3.2490371427967775
3.2561297598870063
3.2546700626484064
3.2449706103927944
3.244233703941169
3.244233703941169
3.2458487510619314
3.270735353344364
3.276207318989268
3.263062488141754
3.263062488141754
3.2649928369581755
3.2649928369581755
3.241316810409601
3.2333195575857827
3.2333195575857827
3.2333195575857827
3.2144554560802923
3.2212693741541845
3.230935705133788
3.2457606804624084
3.251255165020712
3.250615789430833
3.250615789430833
3.250615789430833
3.250615789430833
3.250615789430833
3.250615789430833
3.2478857021356644
3.23432243050465
3.23432243050465
3.23432243050465
3.23432243050465
3.23432243050465
3.23432243050465
3.23432243050465
3.23432243050465
3.23432243050465
3.233581464333338
3.233581464333338
3.2398977751348035
3.2349191059102504
3.2349191059102504
3.2349191059102504
3.238513211821313
3.238513211821313
3.238513211821313
3.238513211821313
3.238513211821313
3.2522913234551245
3.2509352598422305
3.2509352598422305
3.2509352598422305
3.2509352598422305
3.242239753530939
3.235541807077295
3.245640757593126
3.229342273177044
3.2316035237181113
3.2316035237181113
3.2316035237181113
3.222924715956739
3.229814112069486
3.2298624787554098
3.190112271769411
3.2255755492715226
3.214723125993751
3.214723125993751
3.214723125993751
3.2101511691094315
3.2037861809156434
3.2037861809156434
3.2037861809156434
3.2037861809156434
3.190205721388174
3.21456267672902
3.21456267672902
3.2100593239636708
3.2029242020712614
3.2029242020712614
3.198426244399847
3.2100811515906016
3.194848770353042
3.1908367130655773
3.1945276021219744
3.2240373535393854
3.2181629053163956
3.2181629053163956
3.224507805071951
3.2256886680745236
3.222053951336451
3.225160014147546
3.225160014147546
3.225160014147546
3.217172198934019
3.217172198934019
3.217172198934019
3.2324202310186356
3.2324202310186356
3.2568308548777094
3.2503749314438304
3.2556895769061107
3.2666121445059195
3.2666121445059195
3.2814005029241398
3.2956680108171073
3.2897089013698673
3.2897089013698673
3.267291105213931
3.258152670857272
3.2537642409717273
3.2563052978558917
3.2563052978558917
3.2482682048649583
3.2384420825157147
3.2265438199896597
3.24490620669037
3.2196226940181396
3.2218622945034103
3.2218622945034103
3.2198855944620006
3.227741181345325
3.227741181345325
3.227741181345325
3.2250147184766895
3.224216758119538
3.224216758119538
3.2279344152157634
3.205996091217524
3.200877145032387
3.200877145032387
3.2000109599479396
3.2000109599479396
3.216615892697369
3.216615892697369
3.2332880932146684
3.228477418924764
3.228477418924764
3.225084813109643
3.2324975994024454
3.1915441681916636
3.1744924036220583
3.1744924036220583
3.1744924036220583
3.2014800371611805
3.2014800371611805
3.2014800371611805
3.1956560634584084
3.195227896821459
3.196031113700008
3.196031113700008
3.2051302505159027
3.202610879889998
3.218632099021976
3.2062066048939437
3.2062066048939437
3.2062066048939437
3.2158701490243655
3.2166775158983816
3.2166775158983816
3.2166775158983816
3.199791245360975
3.2052548129443275
3.2052548129443275
3.195279015472028
3.200242118274543
3.194801970621473
3.194801970621473
3.208286255644967
3.208286255644967
3.208286255644967
3.208286255644967
3.208286255644967
3.2123174227139644
3.2123174227139644
3.2251202187935473
3.2255139853893904
3.248051753387975
3.233242064290312
3.257434420940315
3.261561179063821
3.281253404941382
3.281253404941382
3.2790781687982387
3.267473503112114
3.270827951543574
3.270827951543574
3.251772321151724
3.268590443079525
3.268590443079525
3.270662321194828
3.282508427230556
3.2634621011904983
3.2570019184047987
3.257709174300523
3.2565227756654065
3.2536667215490525
3.2652948580960652
3.251652737372538
3.2499432144687392
3.254768277057672
3.241167452586918
3.244106947840142
3.244106947840142
3.2536891290626437
3.2482484326694023
3.245530057069815
3.245530057069815
3.249365643050831
3.249365643050831
3.2467727613482054
3.2646378717530147
3.251973114668703
3.251973114668703
3.2376907148420475
3.2506560986928794
3.2506560986928794
3.251923329079123
3.2305306886014358
3.2491988648479695
3.239076640649242
3.2336999379075615
3.2453284060335883
3.2338558088124127
3.234678498077708
3.234678498077708
3.234678498077708
3.2400798393986805
3.2446907084936445
3.2446907084936445
3.2466137234439674
3.2485181382227686
3.254399538294447
3.254399538294447
3.2536544863992067
3.2841764892184426
3.2841764892184426
3.2841764892184426
3.2741464470827064
3.2741464470827064
3.2664560373628655
3.262600067092124
3.239872917068147
3.239872917068147
3.239872917068147
3.239872917068147
3.2472275449499657
3.2472275449499657
3.2472275449499657
3.2472275449499657
3.2453114222847215
3.250366957862862
3.2620420896605595
3.2511472160560846
3.2464956554384616
3.2497090911616064
3.2497090911616064
3.2497090911616064
3.2497090911616064
3.2497090911616064
3.2469553473074955
3.2639154911853843
3.2639154911853843
3.253290769269666
3.216404874044732
3.2060557691983
3.2095147874838332
3.2095147874838332
3.22281080810554
3.22281080810554
3.2364440904139804
3.2364440904139804
3.2364440904139804
3.2364440904139804
3.2342548858939217
3.2342548858939217
3.2342548858939217
3.2383362225412387
3.2356948196436797
3.2356948196436797
3.2386915599784682
3.2206618385580463
3.234458191859547
3.231491769389564
3.208510913270454
3.208510913270454
3.208510913270454
3.2043579105322952
3.2298118278938803
3.2111517049757907
3.2458007021605173
3.2309317959432438
3.2071859472968365
3.2071859472968365
3.209799469883123
3.209425023103672
3.2267422580594314
3.237967899653011
3.2235908374756974
3.234598594372762
3.247398899379352
3.254716666745945
3.273012555271437
3.273012555271437
3.273012555271437
3.273012555271437
3.2800649485489073
3.2806609901688373
3.2565255258688044
3.250507593118763
3.2341556684151858
3.229736537039592
3.229736537039592
3.229736537039592
3.229736537039592
3.269364525476502
3.2445326958751792
3.235347882042361
3.235347882042361
3.248249483413836
3.248249483413836
3.248249483413836
3.239989442673353
3.2147169240926736
3.2147169240926736
3.2077941144609152
3.2108891448444337
3.2108891448444337
3.2108891448444337
3.2108891448444337
3.2108891448444337
3.223261452482463
3.223261452482463
3.21619198004457
3.218065860624007
3.2135035777359593
3.2226845759895526
3.2240684506112363
3.2240684506112363
3.2240684506112363
3.2240684506112363
3.2240684506112363
3.2450245309813517
3.235371245400665
3.2447256402660525
3.204500167647518
3.2012838970849464
3.19497376655411
3.19497376655411
3.2399731103242133
3.234368095307157
3.2448965559893135
3.231381653436844
3.231381653436844
3.231381653436844
3.231381653436844
3.231381653436844
3.2353840582873588
3.2608681734791336
3.267299515550208
3.2510022793903754
3.2592129304235726
3.2425949530748626
3.2425949530748626
3.241450677268336
3.2287818587821397
3.2287818587821397
3.2281423536916027
3.2280301273951513
3.2280301273951513
3.2280301273951513
3.2280301273951513
3.237347548447352
3.237347548447352
3.2329065446514167
3.232111365517226
3.230413135666279
3.238256533286151
3.242075662416017
3.242075662416017
3.2163435046691187
3.204232414550376
3.2072234089508216
3.1995025297520834
3.1995025297520834
3.1995025297520834
3.1995025297520834
3.2131760434811127
3.2131760434811127
3.2365655247038774
3.2365655247038774
3.2202749845753216
3.2227454019496085
3.2227454019496085
3.2187118309690517
3.2187118309690517
3.2178912418853027
3.20114787401792
3.206095824534909
3.2286524947670188
3.2286524947670188
3.2286524947670188
3.2299801840864375
3.21372530323313
3.2299133406736074
3.2273389998670896
3.231666700890011
3.231666700890011
3.2464154558662575
3.2344390047061355
3.2344390047061355
3.2623796291464426
3.2623796291464426
3.2488252987820037
3.2488252987820037
3.2488252987820037
3.2311077358461002
3.2230040806643525
3.2368633732968966
3.234072548609218
3.2199446214601406
3.2199446214601406
3.239336378550804
3.2165761144461325
3.2374929736537066
3.248272063036299
3.248272063036299
3.249832317727779
3.249832317727779
3.249832317727779
3.249832317727779
3.249832317727779
3.2461999925091836
3.2461999925091836
3.2189533961404084
3.2148700783709105
3.2148700783709105
3.2148700783709105
3.2148700783709105
3.2148700783709105
3.2148700783709105
3.209793480854891
3.209793480854891
3.209793480854891
3.209793480854891
3.209793480854891
3.232006695319454
3.237755490194336
3.230970826285396
3.212276197406416
3.212276197406416
3.212276197406416
3.223823635751474
3.205275544989391
3.2068167533708065
3.2144168959607256
3.2298647270633323
3.2298647270633323
3.2298647270633323
3.246779962028756
3.2515760465775565
3.2627240623853386
3.2627240623853386
3.2627240623853386
3.26096953147738
3.255124890308193
3.2489715129855115
3.2489715129855115
3.254511318711351
3.244185335100088
3.244185335100088
3.244185335100088
3.259686685368598
3.257226254596296
3.245125807282579
3.245125807282579
3.239563370889519
3.239563370889519
3.239563370889519
3.2453833095068325
3.259103139870925
3.259103139870925
3.2472030586652485
3.2472030586652485
3.2472030586652485
3.222418958284268
3.224687803846798
3.2505285075512096
3.2505285075512096
3.252673252999853
3.252108020146343
3.252108020146343
3.252108020146343
3.2797326411261003
3.2725974068562778
3.2720160369507223
3.273951803403814
3.2556954063669394
3.269180229669883
3.2631354268727826
3.2631354268727826
3.2631354268727826
3.2631354268727826
3.253895608289873
3.24594094040672
3.247341246440771
3.247341246440771
3.2520082436316127
3.2458688564509734
3.2458688564509734
3.2458688564509734
3.2458688564509734
3.2457574027460416
3.229699767664461
3.251208431499131
3.255184683107889
3.2439399797763873
3.2301233193013554
3.2395950378652114
3.2327782647187076
3.2359564972371833
3.2359564972371833
3.225266033189293
3.225266033189293
3.225266033189293
3.233663559236667
3.2302454146845148
3.237023637075495
3.237023637075495
3.2440082715987333
3.2440082715987333
3.2440082715987333
3.2485705992253644
3.2485705992253644
3.2485705992253644
3.227651582306854
3.233592139578246
3.216701394816613
3.192921548775965
3.192921548775965
3.187142895142412
3.1951157696522277
3.2050218867291154
3.2050218867291154
3.2050218867291154
3.2050218867291154
3.2131273293435574
3.179634779671497
3.179634779671497
3.2284609585725397
3.2424076720529187
3.2318957760397
3.2318957760397
3.2256176990546734
3.2256176990546734
3.2256176990546734
3.2163807582084063
3.209007194966896
3.209007194966896
3.209007194966896
3.237533381059065
3.2302717866343893
3.201024633829709
3.201024633829709
3.211153502696454
3.211153502696454
3.211153502696454
3.211153502696454
3.2217012669175364
3.2327221326631235
3.2327221326631235
3.2327221326631235
3.2327221326631235
3.233862111573287
3.238918169258971
3.245431522296223
3.245431522296223
3.245185355664922
3.245185355664922
3.2487115820207597
3.2487115820207597
3.2606423337667887
3.2594608649362065
3.2518211358965
3.2590379207585536
3.236108279041884
3.236108279041884
3.236108279041884
3.236108279041884
3.236108279041884
3.236108279041884
3.236108279041884
3.236108279041884
3.236108279041884
3.2291321597507494
3.2148680731462305
3.216664295271645
3.222912110652851
3.2181190141557057
3.2155123913429375
3.2325825157941956
3.2325825157941956
3.2525504525028532
3.233694797764549
3.2275917295928513
3.239118739438348
3.239118739438348
3.239118739438348
3.2363599395953644
3.2363599395953644
3.2363599395953644
3.2372912241469347
3.2501286685970943
3.2501286685970943
3.233560335159044
3.239087798389264
3.2176366453973224
3.2176366453973224
3.2176366453973224
3.2459943214851634
3.2459943214851634
3.2355456268921556
3.223965898912892
3.223965898912892
3.239402348598194
3.239402348598194
3.231850052397692
3.231850052397692
3.2324288816239637
3.2682192800816567
3.263385140337982
3.2590863389920113
3.2590863389920113
3.2590863389920113
3.2234555200984234
3.2234555200984234
3.2234555200984234
3.2234555200984234
3.2234555200984234
3.2234555200984234
3.2234555200984234
3.2264113266715957
3.2264113266715957
3.2141903787800175
3.2090252053588153
3.216819801559907
3.216819801559907
3.2371614762785414
3.2479347318859557
3.2479347318859557
3.2481450931940614
3.2481450931940614
3.244694703519179
3.2428943117956055
3.2428943117956055
3.239587955177465
3.2306951343982777
3.227073213457031
3.227073213457031
3.2329479091305986
3.232902552660626
3.2389174500699367
3.2389174500699367
3.2373537872483866
3.223132690863646
3.2413025647355
3.2413025647355
3.2530190257497535
3.2530190257497535
3.2530190257497535
3.2528014982165776
3.2373343202095715
3.222641134135446
3.210847975895937
3.210847975895937
3.222455062385625
3.223472078000562
3.2575496951512775
3.267456651673621
3.2452296955960307
3.2358081746400327
3.269526457986474
3.269526457986474
3.269526457986474
3.2647950736670803
3.2647950736670803
3.2647950736670803
3.262550863533162
3.2774102731161787
3.279676247311521
3.275536181236688
3.2694998507084527
3.238923771251749
3.2584107289298747
3.2584107289298747
3.2622297788300387
3.25765744162033
3.25765744162033
3.25765744162033
3.2421219063213735
3.249549431254785
3.249549431254785
3.2345591390743835
3.245375263351419
3.245375263351419
3.2556730915349403
3.233287355077276
3.2411609833025543
3.246749349779999
3.246749349779999
3.2352117533208276
3.253218160948115
3.240868284596914
3.2305326311029745
3.2305326311029745
3.250254876094539
3.250254876094539
3.250254876094539
3.250254876094539
3.2595371478425834
3.2595371478425834
3.2595371478425834
3.2456896526781254
3.2483134184875326
3.2661522362638067
3.2661522362638067
3.2661522362638067
3.256289162251976
3.2604665649033144
3.2573430622062802
3.2811616095666962
3.2811616095666962
3.2592118553998817
3.254237331357336
3.254237331357336
3.2440673727736007
3.2440673727736007
3.2440673727736007
3.2440673727736007
3.2533407107533145
3.2533407107533145
3.2533407107533145
3.2533407107533145
3.2533407107533145
3.262192060930506
3.277923130569192
3.277923130569192
3.262563479545582
3.2717085791686245
3.2717085791686245
3.2717085791686245
3.27555133704854
3.2531054556502452
3.252231147117589
3.252231147117589
3.2391610595429454
3.2648849514583187
3.2648849514583187
3.2648849514583187
3.2648849514583187
3.2562679023431538
3.249572257440995
3.2679972331055733
3.252880245976731
3.243903043691449
3.243903043691449
3.2517648092919558
3.2517648092919558
3.2387679979890858
3.2387679979890858
3.2387679979890858
3.2387679979890858
3.2387679979890858
3.2583637798341503
3.2436153447473353
3.2436153447473353
3.2436153447473353
3.2436153447473353
3.2696781758194633
3.2696781758194633
3.255438693110169
3.2522513132167017
3.2414244986318588
3.2414244986318588
3.2481077317963267
3.2506613095445895
3.2506613095445895
