3.564617662862026
3.564617662862026
3.564617662862026
3.564617662862026
3.564617662862026
3.564617662862026
3.564617662862026
3.564617662862026
3.564617662862026
3.564617662862026
3.564617662862026
3.564617662862026
3.564617662862026
3.564617662862026
3.564617662862026
3.564617662862026
3.564617662862026
3.564617662862026
3.564617662862026
3.564617662862026
3.564617662862026
3.564617662862026
3.564617662862026
3.564617662862026
3.564617662862026
3.564617662862026
3.564617662862026
3.564617662862026
3.564617662862026
3.564617662862026
3.564617662862026
3.564617662862026
3.564617662862026
3.564617662862026
3.564617662862026
3.564617662862026
3.564617662862026
3.564617662862026
3.564617662862026
3.564617662862026
3.564617662862026
3.564617662862026
3.564617662862026
3.564617662862026
3.564617662862026
3.564617662862026
3.564617662862026
3.564617662862026
3.564617662862026
3.564617662862026
3.564617662862026
3.564617662862026
3.564617662862026
3.564617662862026
3.564617662862026
3.564617662862026
3.564617662862026
3.564617662862026
3.564617662862026
3.564617662862026
3.564617662862026
3.564617662862026
3.564617662862026
3.564617662862026
3.564617662862026
3.564617662862026
3.564617662862026
3.564617662862026
3.564617662862026
3.564617662862026
3.564617662862026
3.564617662862026
3.564617662862026
3.564617662862026
3.564617662862026
3.564617662862026
3.564617662862026
3.564617662862026
3.564617662862026
3.564617662862026
3.564617662862026
3.564617662862026
3.564617662862026
3.564617662862026
3.564617662862026
3.564617662862026
3.564617662862026
3.564617662862026
3.564617662862026
3.564617662862026
3.564617662862026
3.564617662862026
3.564617662862026
3.564617662862026
3.564617662862026
3.564617662862026
3.564617662862026
3.564617662862026
3.564617662862026
3.5569830824284527
3.5219969148999257
3.5219969148999257
3.5182098415363066
3.5201396416057342
3.512271969109404
3.504618286879484
3.4962043328077477
3.499352204989033
3.499352204989033
3.4831248708925346
3.4386546335749024
3.437601300301264
3.453416158866741
3.4325319558226894
3.4325319558226894
3.4228152431881695
3.3977363119013715
3.3977363119013715
3.3977363119013715
3.38942071958516
3.38942071958516
3.38942071958516
3.3727105608115466
3.3580039352580244
3.352725490253487
3.342024392990679
3.3302870700446476
3.3208157931333586
3.310899729915732
3.310899729915732
3.310899729915732
3.310899729915732
3.310899729915732
3.3021351516374637
3.3021351516374637
3.3021351516374637
3.3021351516374637
3.298685538006998
3.268150673902119
3.272126903717594
3.2707611443989646
3.2707611443989646
3.276299430068381
3.2619553205008995
3.2618896571439566
3.2618896571439566
3.2618896571439566
3.2691682228913552
3.2691682228913552
3.2691682228913552
3.260954826850073
3.27576575885893
3.2837039819997926
3.2837039819997926
3.2837039819997926
3.265667453969867
3.265667453969867
3.265667453969867
3.265667453969867
3.274946591099674
3.2907685183111743
3.2907685183111743
3.2875148038667605
3.268503884889412
3.253404471088885
3.253404471088885
3.253404471088885
3.250521898932309
3.245952896164221
3.2554215260584463
3.257672349014813
3.257672349014813
3.257672349014813
3.2541850851740737
3.2541850851740737
3.2558398913196633
3.2558398913196633
3.2634553482758584
3.2634553482758584
3.265967200292847
3.2617186193922585
3.2617186193922585
3.2617186193922585
3.2617186193922585
3.2617186193922585
3.2617186193922585
3.2617186193922585
3.2617186193922585
3.2784098433629905
3.2784098433629905
3.2784098433629905
3.2784098433629905
3.2784098433629905
3.2791382736766073
3.2832564612713107
3.2832564612713107
3.283521526652346
3.286477162858103
3.286477162858103
3.286477162858103
3.286477162858103
3.2860245622459145
3.2860245622459145
3.291488934041434
3.291488934041434
3.2945107388365877
3.2773758197431127
3.272000191987106
3.2727248924493804
3.284140746009963
3.284140746009963
3.2517730918923786
3.2581024615097176
3.2581024615097176
3.2669619458124615
3.296550649494169
3.296550649494169
3.294577260098659
3.3014120110595737
3.3014120110595737
3.2952981303160436
3.2952981303160436
3.2952981303160436
3.2952981303160436
3.2952981303160436
3.3057634629943333
3.3022891934465464
3.3022891934465464
3.3137769146268012
3.3240572150925645
3.296530738362546
3.296530738362546
3.304578005388136
3.266407566028791
3.252871820477492
3.252871820477492
3.252871820477492
3.252871820477492
3.250720087437858
3.250198362133147
3.237781406143077
3.2247095249125284
3.2247095249125284
3.2247095249125284
3.226207844209313
3.226207844209313
3.2313017318182413
3.2313017318182413
3.2471173748172113
3.2471173748172113
3.240753830339417
3.2258884037373647
3.2243329241506853
3.2312235059176886
3.2312235059176886
3.2312235059176886
3.2312235059176886
3.2312235059176886
3.2294458457952846
3.2532619858546274
3.2457300007314394
3.2457300007314394
3.2640170506473702
3.2592287713068937
3.261749433719915
3.261749433719915
3.261749433719915
3.261749433719915
3.261749433719915
3.261749433719915
3.261749433719915
3.261749433719915
3.261749433719915
3.261749433719915
3.2431895939213597
3.2393952867052462
3.2392727942287447
3.2392727942287447
3.227222397144216
3.2194556126468745
3.242082081635427
3.242082081635427
3.250472218993875
3.250472218993875
3.2523833232169266
3.2523833232169266
3.2523833232169266
3.2664504410973443
3.268119597969043
3.2707623353993065
3.271988529163701
3.2448029280907726
3.2647163190262485
3.2647163190262485
3.2647163190262485
3.243673679869636
3.243673679869636
3.239596183978547
3.269292311836909
3.298766534199398
3.2932324416351464
3.2932324416351464
3.3024285948039216
3.3024285948039216
3.3085895005021126
3.300800845065883
3.2994953728848633
3.2994953728848633
3.2743114257781083
3.2743114257781083
3.2743114257781083
3.264500134348042
3.264500134348042
3.264500134348042
3.264500134348042
3.270018315320875
3.293672320077847
3.293672320077847
3.293672320077847
3.293672320077847
3.293672320077847
3.293672320077847
3.274906400794688
3.255558209498647
3.2548344004873715
3.2554569189992635
3.262462844743944
3.262462844743944
3.262462844743944
3.2715716084701905
3.2452751161689326
3.251777345484114
3.27266665732049
3.275587811120182
3.275587811120182
3.2731224303966266
3.265104893074366
3.265104893074366
3.265104893074366
3.2585048857604275
3.268260133991585
3.268260133991585
3.2739117543173806
3.2739117543173806
3.2546176440804326
3.2546176440804326
3.2646803557002353
3.2646803557002353
3.248734756277232
3.247603382763972
3.2609232223322793
3.2609232223322793
3.2609232223322793
3.255167363310239
3.272256996724773
3.259663895652371
3.259663895652371
3.259663895652371
3.259663895652371
3.244109930679935
3.249179964865998
3.262492224525148
3.262492224525148
3.246509911180027
3.2569173222410135
3.2569173222410135
3.307653723047749
3.2874433616490255
3.27089383341519
3.2999252318565406
3.2999252318565406
3.2842851611689268
3.2842851611689268
3.2810465380565668
3.284112344587821
3.2803869643569645
3.2959451653917973
3.288876553030289
3.304999454434216
3.304999454434216
3.304999454434216
3.304999454434216
3.300378814151845
3.2886885315523258
3.299772268049489
3.312556041387792
3.3092115007913714
3.2987321665032554
3.2884469344240284
3.284271571146404
3.284271571146404
3.29931377297346
3.29931377297346
3.29931377297346
3.29931377297346
3.3146970434968566
3.294782824788615
3.3028037914277513
3.286167056748825
3.2787214148321557
3.285078853733117
3.285078853733117
3.279754905629053
3.2680133033022356
3.266641037476093
3.2525072777681996
3.2525072777681996
3.2525072777681996
3.259545553476418
3.242015787899978
3.242015787899978
3.242015787899978
3.242015787899978
3.242015787899978
3.242015787899978
3.242233956146338
3.2496610256439924
3.2496610256439924
3.2496610256439924
3.2496610256439924
3.221776966671762
3.221776966671762
3.2223502769721604
3.2223502769721604
3.2274615227226944
3.2274615227226944
3.2274615227226944
3.215585110591896
3.215585110591896
3.215585110591896
3.215585110591896
3.2255855939156066
3.2255855939156066
3.2255855939156066
3.2255855939156066
3.2255855939156066
3.2255855939156066
3.2357347274864483
3.2357347274864483
3.243436489869616
3.243436489869616
3.2398991789517964
3.238226370385065
3.2352106084625127
3.241554518031794
3.241554518031794
3.247338771178701
3.247338771178701
3.247338771178701
3.2637079503652813
3.245370029681894
3.245370029681894
3.2371701461033373
3.239547517380941
3.238555735911343
3.251906847088566
3.259897457039037
3.259897457039037
3.262442501413948
3.262442501413948
3.262442501413948
3.2476822758027084
3.2476822758027084
3.2476822758027084
3.222933926115237
3.2232103195254864
3.2232103195254864
3.2334390428161055
3.216964827740845
3.216964827740845
3.216964827740845
3.216964827740845
3.235571606305926
3.235571606305926
3.2365943552677914
3.243426991438917
3.243426991438917
3.232741281772925
3.2224254990985997
3.236378505643708
3.2331281778875627
3.248904358359755
3.2465618801284704
3.2465618801284704
3.2465618801284704
3.233233747292922
3.2493334233040363
3.2493334233040363
3.251118583528018
3.2674886857943553
3.2674886857943553
3.2674886857943553
3.2674886857943553
3.279861905886624
3.2674237255268404
3.2631700806614017
3.259678705554374
3.2594018599213563
3.26719734562961
3.2785503500793904
3.2785503500793904
3.2785503500793904
3.2672739551445042
3.24760699246526
3.2588203595667573
3.2480447181308345
3.277900328584094
3.260115037678104
3.260115037678104
3.2510361168511794
3.2510361168511794
3.2510361168511794
3.233991499781937
3.2270657302698615
3.224198296526256
3.224198296526256
3.236468208297307
3.236468208297307
3.236468208297307
3.228473046764486
3.228473046764486
3.236677879059837
3.241629534934157
3.2482352336477778
3.2482352336477778
3.2482352336477778
3.2542739982538973
3.2314720150947385
3.227412203037435
3.239162952498296
3.251036798046129
3.260859428442448
3.260859428442448
3.2525110763378757
3.2405636886992
3.2241976418231295
3.231692273932304
3.241344497487842
3.2444280626152158
3.2460112428144794
3.2278723549298123
3.2278723549298123
3.2484363214655607
3.222977759503065
3.222977759503065
3.227693691816945
3.227693691816945
3.227693691816945
3.219368649870144
3.2205979753058283
3.2205979753058283
3.2205979753058283
3.2205979753058283
3.2205979753058283
3.2213277617680007
3.2213277617680007
3.2320987484009103
3.2320987484009103
3.2332462051017616
3.2332462051017616
3.2392028991350665
3.229424860909553
3.229424860909553
3.24411420094728
3.24411420094728
3.24411420094728
3.2517483950363726
3.246167656510939
3.2716823318623915
3.2716823318623915
3.2572759615273403
3.256401113324147
3.2443336413804507
3.2443336413804507
3.236694188376891
3.255774398470354
3.255774398470354
3.2360764052899382
3.2290112110078426
3.2290112110078426
3.2290112110078426
3.2286362478742014
3.2286885391165394
3.2286885391165394
3.247215175988612
3.274540218041462
3.2537106315937527
3.2537106315937527
3.2538724439615145
3.2538724439615145
3.2538724439615145
3.2538724439615145
3.260411578214204
3.268023534942798
3.2625507368205944
3.2625507368205944
3.2625507368205944
3.2595509014000683
3.2595509014000683
3.255500484707301
3.267522544188168
3.2690835049766647
3.2673680615546155
3.2673680615546155
3.2673680615546155
3.263423772006515
3.2642102115524936
3.2642102115524936
3.2649596776918375
3.2834750202129634
3.2834750202129634
3.286880284862555
3.297512702319801
3.297512702319801
3.297512702319801
3.2990214964731197
3.2990214964731197
3.2990214964731197
3.279805820860146
3.2637160218673973
3.2630789448160975
3.2615364748728957
3.2615364748728957
3.2723663096241533
3.2645190219077747
3.2645190219077747
3.2645190219077747
3.2645190219077747
3.258848903530522
3.2837436355448233
3.2714484045415735
3.3070406734151767
3.3070406734151767
3.3070406734151767
3.3070406734151767
3.3070406734151767
3.307131040121204
3.2788138527885384
3.251766090953329
3.2760206165155656
3.2781526136478933
3.277508296604572
3.278527258238333
3.2682573077877266
3.2624219018750025
3.253243833483601
3.263898630138003
3.253399921222806
3.242206303813883
3.2648971527444455
3.2569601896283844
3.2576854703621407
3.233742275317031
3.233742275317031
3.233742275317031
3.2392850411878413
3.2321273776456043
3.2321273776456043
3.2321273776456043
3.2321273776456043
3.2321273776456043
3.2321273776456043
3.2382052867153073
3.2596420176076886
3.272661820790644
3.254095354680536
3.252185618559058
3.252185618559058
3.2548483454155073
3.2548483454155073
3.2548483454155073
3.2548483454155073
3.2548483454155073
3.2548483454155073
3.258608192374202
3.254846904255746
3.2528092326188927
3.253897276964467
3.260027927322914
3.2604205874458807
3.2585337210976575
3.2664003541501594
3.272307558183761
3.272307558183761
3.272307558183761
3.242521035807673
3.242521035807673
3.242521035807673
3.242521035807673
3.2457922507985217
3.2457922507985217
3.2457922507985217
3.254973673033928
3.276115500207206
3.280389971458115
3.2547670333193044
3.2547670333193044
3.2700954771060267
3.2700954771060267
3.2700954771060267
3.259692400632027
3.270631188055851
3.2722707528481174
3.28832489204652
3.2689926194553762
3.261100220621999
3.2550443742509225
3.2485486315264653
3.2485486315264653
3.2638825989590368
3.2650336412684915
3.2578274306061923
3.255033174707261
3.2678730208226723
3.268587938043836
3.2752523281008337
3.2780337922150875
3.2660156349403815
3.2660156349403815
3.2452928235205225
3.2452928235205225
3.2452928235205225
3.2452928235205225
3.246074600593082
3.2548748167411334
3.2629472420776935
3.2629472420776935
3.2629472420776935
3.2629472420776935
3.289309818126306
3.282374946437451
3.2340916483028295
3.249062417577218
3.258599110920935
3.253328871468086
3.2483411396033373
3.2468887966937494
3.2337156796347797
3.2337156796347797
3.2296039409453607
3.2296039409453607
3.2296039409453607
3.2296039409453607
3.2328138043775203
3.2328138043775203
3.2550767852027214
3.254130089874911
3.254130089874911
3.2462093882552314
3.226688763963405
3.226688763963405
3.235622980982701
3.235622980982701
3.2492313281351013
3.2492313281351013
3.2492313281351013
3.2325693887088383
3.2325693887088383
3.2099675293048078
3.2099675293048078
3.210437786095001
3.2374014500289205
3.2374014500289205
3.221970755507416
3.221970755507416
3.221970755507416
3.2092534313444627
3.2092534313444627
3.2096619604818843
3.2123749653999085
3.2468236677632385
3.2300856593821967
3.226343170548506
3.226343170548506
3.2167343978228318
3.2167343978228318
3.2300998394300757
3.2309644122656587
3.2309644122656587
3.2283914459591423
3.2283914459591423
3.249103183686537
3.26893972543361
3.26893972543361
3.2702766896378614
3.265373994271651
3.265373994271651
3.259046850133177
3.259046850133177
3.260129700972865
3.244379862249249
3.244379862249249
3.2523090053456585
3.2523090053456585
3.2523090053456585
3.2523090053456585
3.2523090053456585
3.2523090053456585
3.2583276168944133
3.2764039051366276
3.2764039051366276
3.2764039051366276
3.2764039051366276
3.2764039051366276
3.2597348925312772
3.281577144430089
3.281577144430089
3.281577144430089
3.281577144430089
3.281577144430089
3.2786516121935394
3.2786516121935394
3.297644214214539
3.2995771865447807
3.2922806022733213
3.283939742363739
3.298079889951838
3.2865452300253124
3.298408977289572
3.298408977289572
3.286799545755097
3.286799545755097
3.2867598984737643
3.2867598984737643
3.2797612207357494
3.2680221555079356
3.2502871716216104
3.247589544097631
3.2622018054479636
3.2563990681982693
3.2528687326202843
3.259017776121573
3.2527503724667874
3.2527503724667874
3.235502619798466
3.235502619798466
3.235502619798466
3.2364483768380214
3.270889111843704
3.231544061059828
3.2622590603018984
3.271460970404248
3.2641628591375524
3.2641628591375524
3.2738800007292
3.2575128068194745
3.2575128068194745
3.2575128068194745
3.2518412915514565
3.228431709684482
3.228431709684482
3.228431709684482
3.2341423274141
3.2453193630614114
3.2453193630614114
3.2453193630614114
3.246356624939339
3.246356624939339
3.246356624939339
3.246356624939339
3.246356624939339
3.2559293402038563
3.2559293402038563
3.2559293402038563
3.2714118064059683
3.2714118064059683
3.271333512023142
3.2820809803626454
3.2820809803626454
3.29497748596069
3.2865716864871897
3.2727476389449444
3.2727476389449444
3.294194320586588
3.294194320586588
3.2800935845961057
3.2800935845961057
3.2800935845961057
3.2800935845961057
3.2800935845961057
3.285015282050371
3.285015282050371
3.285015282050371
3.2852207197767984
3.2903100565075873
3.2903100565075873
3.289663848784957
3.29766741817921
3.304776455629598
3.304776455629598
3.304776455629598
3.304776455629598
3.2958077576898663
3.2958077576898663
3.2843998335820834
3.2999923406378153
3.2882001129892084
3.291560682091692
3.290390421135936
3.277184501019182
3.273915440287024
3.2824161663498543
3.2824161663498543
3.2824161663498543
3.285429621821203
3.285429621821203
3.285429621821203
3.285429621821203
3.285429621821203
3.2965592976253
3.287855411298698
3.296520515972526
3.296520515972526
3.299320128502797
3.299320128502797
3.299320128502797
3.3050553537025973
3.307508195986387
3.307508195986387
3.307508195986387
3.307508195986387
3.309627304916208
3.3011150787858687
3.3011150787858687
3.310004156367174
3.310004156367174
3.2832109944965286
3.2839142967827906
3.2821607086609528
3.2821607086609528
3.2777991906490787
3.2777991906490787
3.2777991906490787
3.2777991906490787
3.2777991906490787
3.29735316790249
3.302328124035705
3.293990882087577
3.282542269813515
3.282542269813515
3.282542269813515
3.276431321338402
3.286077745953418
3.2986156680474013
3.2986156680474013
3.2835261991393394
3.2825896877587146
3.2834924430639933
3.2942854351902215
3.2967670925568515
3.2967670925568515
3.300527762500754
3.2863435481380807
3.310862477723428
3.2983191586789733
3.2983191586789733
3.284887241696486
3.2828173258512807
3.2828173258512807
3.2828173258512807
3.281387884082957
3.271363584705089
3.2693959607110403
3.272667232821887
3.278858669163213
3.278858669163213
3.2469002626668733
3.253209489852599
3.253209489852599
3.2506878989174335
3.2699589343121658
3.2699589343121658
3.268034962116544
3.279029510636871
3.2574231040564947
3.2574231040564947
3.2707231643379995
3.2631915371868194
3.2660173883815236
3.2660173883815236
3.2660173883815236
3.2660173883815236
3.2705427057344
3.265734668780718
3.265734668780718
3.265734668780718
3.265734668780718
3.2661864608105784
3.2661864608105784
3.2661864608105784
3.2724260958242892
3.284776032003748
3.2680594323224046
3.2549833230789447
3.2736482321301468
3.2756953303605925
3.264407661212798
3.2655534574564196
3.2677874441190093
3.2677874441190093
3.253756115108568
3.253756115108568
3.253756115108568
3.253756115108568
3.2668955509974498
3.287811119419749
3.287811119419749
3.287811119419749
3.2595862524109904
3.2595862524109904
3.2595862524109904
3.2595862524109904
3.2595862524109904
3.2595862524109904
3.2595862524109904
3.2595862524109904
3.2595862524109904
3.2761186533807747
3.2654134669103536
3.2806653359637914
3.2806653359637914
3.2806653359637914
3.2806653359637914
3.2873167482855785
3.2873167482855785
3.2873167482855785
3.289914911165665
3.279525137682818
3.279525137682818
3.279525137682818
3.2725190802142565
3.2725190802142565
3.2725190802142565
3.27681366365736
3.27681366365736
3.27681366365736
3.2513666167714166
3.2640107342488793
3.2753808889366165
3.285288614877476
3.2673779832096357
3.2876412563784743
3.2876412563784743
3.3075986531956922
3.3075986531956922
3.3075986531956922
3.2939033679291345
3.2825582377463913
3.2825582377463913
3.266083911117593
3.2754018168037913
3.2754018168037913
3.244330846774838
3.2503898229866093
3.2503898229866093
3.2503898229866093
3.2503898229866093
3.2503898229866093
3.2503898229866093
3.2613175796843255
3.2613175796843255
3.2613175796843255
3.2613175796843255
3.2613175796843255
3.2613175796843255
3.2648638188009276
3.2648638188009276
3.2620544616288876
3.2620544616288876
3.2620544616288876
3.2388025963404434
3.2388025963404434
3.2388025963404434
3.2439916205123516
3.2398606929509484
3.266045917650389
3.249660435809816
3.2420360273387763
3.2420360273387763
3.2420360273387763
3.2556905246543364
3.2325038121638014
3.2421002188758483
3.220125479785971
3.2305287416251285
3.2305287416251285
3.2305287416251285
3.2300418643417763
3.237698734080604
3.237698734080604
3.237698734080604
3.237698734080604
3.271118547858289
3.271118547858289
3.271118547858289
3.2530880386268897
3.2530880386268897
3.2530880386268897
3.274371907526281
3.274371907526281
3.274371907526281
3.253280008779331
3.259032962165878
3.259032962165878
3.2720224031861695
3.2720224031861695
3.2720224031861695
3.265843673136654
3.265843673136654
3.263318510143311
3.29157271281152
3.29157271281152
3.271257501806337
3.265709056603304
3.2617706106270035
3.2790701704061136
3.2558564907388257
3.2558564907388257
3.2558564907388257
3.246396965042736
3.2549407101541017
3.2549407101541017
3.2397395118981436
3.2623745137415114
3.2381065969060376
3.2504400955056965
3.241491621683609
3.249277179327771
3.249277179327771
3.249277179327771
3.249277179327771
3.249277179327771
3.244439824273611
3.267524113437788
3.2642666618883145
3.2642666618883145
3.2642666618883145
3.2266026690889182
3.244841429465255
3.244841429465255
3.25277171614455
3.2578423623995327
3.252395384045022
3.252395384045022
3.2588871954289265
3.2588871954289265
3.258448820584007
3.271829088973925
3.266095197270342
3.266095197270342
3.266095197270342
3.279145682221024
3.268067504100399
3.268067504100399
3.268067504100399
3.259759041435261
3.2404146970295176
3.2488034163045283
3.261853305256968
3.261853305256968
3.2719297880649694
3.2719297880649694
3.2853932077722714
3.297817829558115
3.2846898250758856
3.3103322352229867
3.3103322352229867
3.3103322352229867
3.3103322352229867
3.3195258396677207
3.3195258396677207
3.295898890209141
3.3112403180214294
3.304412190296696
3.30120855630644
3.30120855630644
3.30120855630644
3.30120855630644
3.311836025292473
3.311836025292473
3.311836025292473
3.311836025292473
3.29674845836059
3.29674845836059
3.29674845836059
3.29674845836059
3.29674845836059
3.29674845836059
3.29674845836059
3.2913298325339797
3.287284093419699
3.287284093419699
3.287284093419699
3.3149478460357216
3.3175028718261714
3.3092373478672847
3.3076167356226738
3.3146487421290294
3.325578145091297
3.2878690964179755
3.294199930639433
3.294199930639433
3.2845464887069933
3.2685837855674684
3.2877031851416354
3.2847083237809844
3.2847083237809844
3.279575021186504
3.279575021186504
3.287789556440082
3.287789556440082
3.287789556440082
3.287789556440082
3.2988163776442794
3.2988163776442794
3.3099629200680236
3.3099629200680236
3.3102906602283175
3.3102906602283175
3.288367580794052
3.288367580794052
3.288367580794052
3.288367580794052
3.288367580794052
3.288367580794052
3.2657221047245137
3.2657221047245137
3.25434219131504
3.253893408588309
3.253893408588309
3.250561553202232
3.2483833635202504
3.2483833635202504
3.2483833635202504
3.256684572860198
3.256684572860198
3.2724793393817238
3.2724793393817238
3.2672533263850054
3.2672533263850054
3.2621012338740756
3.2615999575314394
3.259352377753804
3.2795669520375004
3.27920727499157
3.27920727499157
3.2559788752980943
3.2559788752980943
3.2559788752980943
3.2616550694036954
3.2616550694036954
3.2616550694036954
3.2616550694036954
3.2616550694036954
3.259009201745404
3.259009201745404
3.268358012218003
3.268358012218003
3.268358012218003
3.249572493098482
3.249572493098482
3.25082583341707
3.25082583341707
3.25082583341707
3.235774580257353
3.235774580257353
3.2462948981038884
3.2521941034119557
3.238601968308331
3.238601968308331
3.238601968308331
3.238601968308331
3.238601968308331
3.238601968308331
3.238601968308331
3.238601968308331
3.238601968308331
3.2555999847519725
3.2518204395116745
3.244663509810693
3.244663509810693
3.244663509810693
3.270991993788112
3.2751494328937882
3.2751494328937882
3.261756367253658
3.271900253631317
3.267219934648037
3.267219934648037
3.267219934648037
3.261935611423241
3.2672038363553604
3.2672038363553604
3.2767267921053835
3.286853477186806
3.2754753215288455
3.2754753215288455
3.2682886583029545
3.2682886583029545
3.2727136019330807
3.2727136019330807
3.2727136019330807
3.280534302956201
3.275857511284587
3.275857511284587
3.275857511284587
3.2942971740312212
3.3026202751078166
3.2983513485707077
3.2983513485707077
3.2983513485707077
3.2983513485707077
3.3041242563851454
3.3041242563851454
3.3046443449090313
3.302514178500293
3.294942428423553
3.3234575930369816
3.3234575930369816
3.3234575930369816
3.30352007748804
3.304340677739574
3.3283773727924566
3.3339967633793273
3.324045944370605
3.3329219826101135
3.3329219826101135
3.334273516581606
3.334273516581606
3.3304906250237662
3.3286656867659894
3.3286656867659894
3.324089804343168
3.324089804343168
3.324089804343168
3.3064987605655745
3.3064987605655745
3.3064987605655745
3.3064987605655745
3.3064987605655745
3.314305204737727
3.313032324130644
3.313032324130644
3.313032324130644
3.305561531461099
3.305561531461099
3.305561531461099
3.3024066909930734
3.3024066909930734
3.3024066909930734
3.293034454646323
3.287021846228225
3.287021846228225
3.2865661807052162
3.2610801151895927
3.2714260642177297
3.2952957454521465
3.2952957454521465
3.2952957454521465
3.2981173562386368
3.2981173562386368
3.2981173562386368
3.2981173562386368
3.252537298585993
3.267846099073375
3.267846099073375
3.267846099073375
3.267846099073375
3.2573282902851393
3.2573282902851393
3.2573282902851393
3.26300769344401
3.259015557586569
3.259015557586569
3.259015557586569
3.2447507715985267
3.2447507715985267
3.2305090372818293
3.2579843824797066
3.2542722297258933
3.2474656006672324
3.2629115212571196
3.2682309803275573
3.2682309803275573
3.2777171792700637
3.2849658377744726
3.2784903509389465
3.2784903509389465
3.2784903509389465
3.2784903509389465
3.2638515357695677
3.2638515357695677
3.2638515357695677
3.2638515357695677
3.2638515357695677
3.271863927914512
3.271863927914512
3.2686980860652826
3.2579199650246586
3.2548027669905357
3.2548027669905357
3.2548027669905357
3.267589969062408
3.2784586733562295
3.287544735303439
3.287544735303439
3.287544735303439
3.294229852055415
3.294229852055415
3.2977688438163266
3.270928818364482
3.2901474328178115
3.296814063648546
3.296814063648546
3.278157758216834
3.278157758216834
3.278157758216834
3.281730428777384
3.278512571206343
3.2754859504557188
3.2627333082298695
3.2627333082298695
3.2627333082298695
3.2627333082298695
3.274148479804841
3.274148479804841
3.2807892622573074
3.276621489474684
3.276621489474684
3.276621489474684
3.276621489474684
3.276621489474684
3.2743093546390187
3.2921581713012875
3.2840553686605616
3.285260006352343
3.285386251913424
3.285386251913424
3.2856024830232338
3.29621090628014
3.29621090628014
3.29621090628014
3.2927070576941047
3.2927070576941047
3.2687420538177037
3.267882382588941
3.2873646836194066
3.2873646836194066
3.2763924448055084
3.269667093626281
3.2856123010884746
3.2935204421991915
3.2585881956335148
3.2585881956335148
3.2657137757009704
3.2657137757009704
3.2704873752509322
3.2704873752509322
3.284441063038733
3.2622864413797217
3.2622864413797217
3.2763631447269876
3.260327287726662
3.2590354406219393
3.248099021086569
3.248099021086569
3.248099021086569
3.2493434747818095
3.2502788729519163
3.250370542509807
3.253291647068229
3.243789736818298
3.243789736818298
3.243789736818298
3.2642870360668548
3.2642870360668548
3.2642870360668548
3.270722792658177
3.2698233298336294
3.2698233298336294
3.2811344104766516
3.2811344104766516
3.2811344104766516
3.2811344104766516
3.2811344104766516
3.2811344104766516
3.2955961899216173
3.3035311523997644
3.2990398056822974
3.2990398056822974
3.2797185370814117
3.2796415911172163
3.2907591836234897
3.2780373238317475
3.263034746074905
3.263034746074905
3.260231239232479
3.2489263311253365
3.2495759814948033
3.2701315254254566
3.2701315254254566
3.2701315254254566
3.242417148908603
3.242417148908603
3.233932666618756
3.233932666618756
3.233932666618756
3.233932666618756
3.2534904733205137
3.230816260999194
3.2478552663830436
3.247328256687365
3.247328256687365
3.236150792317452
3.236150792317452
3.236150792317452
3.236150792317452
3.218571950485772
3.2436451807354647
3.2409864072818104
3.2409864072818104
3.2409864072818104
3.2409864072818104
3.2409864072818104
3.2433005718180024
3.2433005718180024
3.2433005718180024
3.2433005718180024
3.2433005718180024
3.2322935991531163
3.2322935991531163
3.2322935991531163
3.209632606704603
3.209632606704603
3.2193725688661363
3.2193725688661363
3.2234801936597868
3.2234801936597868
3.239934695589757
3.245356902195831
3.245024439337769
3.245024439337769
3.2241714001375885
3.2415580068228036
3.22748554745375
3.242989858411868
3.2281875871043635
3.2571490004924772
3.2571490004924772
3.2510107595140707
3.259390093740803
3.259390093740803
3.259390093740803
3.259390093740803
3.2579823850242233
3.2579823850242233
3.2579823850242233
3.276946539807379
3.2563991709520255
3.2547641566107597
3.2661841944058745
3.2661841944058745
3.2661841944058745
3.236982088287429
3.236982088287429
3.2310749323493724
3.2310749323493724
3.229692388332659
3.204341691385575
3.219168563970014
3.2130053144264723
3.2028769399379153
3.2271951878315455
3.228222593450579
3.228222593450579
3.2257923813610745
3.2202232571543186
3.219208791100671
3.219208791100671
3.219208791100671
3.219208791100671
3.2109674935933183
3.2194128396509245
3.2194128396509245
3.2247997949360485
3.2247997949360485
3.22320741529079
3.2397919761697698
3.2397919761697698
3.2397919761697698
3.2586159282860376
3.2567122861672186
3.2567122861672186
3.2567122861672186
3.2567122861672186
3.2558903196537075
3.2591027624560627
3.264963674962077
3.2558337273008955
3.2558337273008955
3.2516031080471928
3.2516031080471928
3.2684047857951426
3.2684047857951426
3.2684047857951426
3.248789022969835
3.248789022969835
3.2605693343726494
3.2850138698021425
3.2818605270263363
3.2818605270263363
3.2899976539701146
3.2899976539701146
3.2899976539701146
3.2899976539701146
3.2808316715115846
3.2808316715115846
3.318003047091888
3.299121753054167
3.299121753054167
3.2949327898899807
3.2949327898899807
3.2949327898899807
3.3009707969884876
3.310825787728915
3.310825787728915
3.309154426558579
3.2883768340946276
3.2883768340946276
3.2886195954681123
3.2969991445751656
3.2849322414847393
3.2650451066793185
3.2650451066793185
3.2650451066793185
3.26384235859325
3.26384235859325
3.26384235859325
3.26384235859325
3.2603166059308237
3.283152494843655
3.2962820876738657
3.2973210398590833
3.2885390971161974
3.2885390971161974
3.2782946107551667
3.3036261068666093
3.3036261068666093
3.3036261068666093
3.3036261068666093
3.3036261068666093
3.290545783431707
3.290545783431707
3.290545783431707
3.290545783431707
3.290545783431707
3.2956828397422786
3.2956828397422786
3.2696018970709364
3.2696018970709364
3.2696018970709364
3.260788538784798
3.2568472236261323
3.2568472236261323
3.2568472236261323
3.262715291183201
3.2398264076592787
3.2398264076592787
3.223513341761054
3.223513341761054
3.2319577911734343
3.2171287359958916
3.2310032640494555
3.1930824087893
3.1878664254134317
3.1878664254134317
3.193484304694559
3.2012404964599415
3.2078558453228925
3.207267260841929
3.1997621462811057
3.1997621462811057
3.183663484621323
3.1943171110147377
3.193570729906386
3.1904913860220603
3.2018862102314194
3.2018862102314194
3.1976946091007057
3.2107906987776618
3.219874071782012
3.219874071782012
3.2146847443137316
3.1955202586932723
3.193007831753862
3.1942436814746755
3.1982924822008387
3.1924383713886932
3.2049537998004256
3.1830290980303593
3.2021822536981794
3.195045204723829
3.1802973756623723
3.187913084989841
3.195121353024251
3.2016271906625513
3.194112953705417
3.194112953705417
3.2410139825831714
3.2476464595609116
3.2476464595609116
3.2361791401389497
3.2361791401389497
3.2361791401389497
3.224466142748893
3.227718809650782
3.2229606200961767
3.234386830791931
3.234386830791931
3.2499098329103395
3.223698270553515
3.221685840743952
3.221685840743952
3.249303510468026
3.256096472295474
3.2535543496168566
3.246567201491736
3.219570612426904
3.219570612426904
3.219570612426904
3.215949019233922
3.2551456067947866
3.2551456067947866
3.252299319195225
3.249330718715916
3.249330718715916
3.249979124438391
3.249979124438391
3.247468409747345
3.247468409747345
3.237624138276819
3.237624138276819
3.237624138276819
3.2629812289862614
3.2629812289862614
3.263576305900771
3.263576305900771
3.272408905838288
3.272408905838288
3.273770940456303
3.273770940456303
3.284387861997104
3.284387861997104
3.2898404835799524
3.3016307274608967
3.3016307274608967
3.3016307274608967
3.3016307274608967
3.299027832480919
3.299027832480919
3.299027832480919
3.290218159844502
3.290218159844502
3.2911043695108706
3.2911043695108706
3.278374103305865
3.2649567647324624
3.2649567647324624
3.2649567647324624
3.2649567647324624
3.2649567647324624
3.27619693590232
3.2616031497598788
3.2524655939368827
3.2552771530426767
3.2552771530426767
3.2552771530426767
3.2764755244357477
3.2764755244357477
3.2764755244357477
3.261826699670547
3.277461713964053
3.2707300352910855
3.240831990191495
3.240831990191495
3.240831990191495
3.240831990191495
3.2388832757531776
3.2388832757531776
3.2404610165018433
3.2404610165018433
3.2404610165018433
3.2309708639855663
3.230646734356781
3.230646734356781
3.230646734356781
3.230646734356781
3.2455146897114826
3.255198981903147
3.255198981903147
3.255198981903147
3.2812060563948418
3.2871296276042465
3.2871296276042465
3.2803765507089158
3.2803765507089158
3.2803765507089158
3.3028224251344387
3.3028224251344387
3.3064018637127255
3.3064018637127255
3.3064018637127255
3.3064018637127255
3.292621078032947
3.292621078032947
3.279989814696277
3.279989814696277
3.279989814696277
3.279989814696277
3.2800779709787724
3.2800779709787724
3.2800779709787724
3.2867027954454264
3.2867027954454264
3.2995842394139663
3.302290693680541
3.302290693680541
3.29385433186534
3.2931655857688473
3.2931655857688473
3.2931655857688473
3.295296507152491
3.295296507152491
3.2765289274265363
3.2786644816711887
3.2864501661806855
3.2864501661806855
3.2864501661806855
3.3078036026281255
3.312989064926021
3.312989064926021
3.312989064926021
3.312989064926021
3.312989064926021
3.306903045589505
3.306903045589505
3.3140904749741074
3.3211744979549738
3.2966424425967213
3.2993780176473817
3.299081928425863
3.299081928425863
3.2727306649461423
3.2727306649461423
3.2717239154934354
3.266959609245277
3.266959609245277
3.266959609245277
3.266959609245277
3.2936553337762033
3.2981499292640257
3.2981499292640257
3.2981499292640257
3.2593191467457743
3.2869711122047627
3.2927002261648077
3.300250238816858
3.2957367243871145
3.2957367243871145
3.257064361691041
3.257064361691041
3.27767140166432
3.27767140166432
3.266448265892006
3.266448265892006
3.2706033682104763
3.2706033682104763
3.2706033682104763
3.2706033682104763
3.272220952571762
3.272220952571762
3.272220952571762
3.2815105860126237
3.2815105860126237
3.2815105860126237
3.2672174322796947
3.2493984844227826
3.2625029402530723
3.2417888404439665
3.2417888404439665
3.2428579209577717
3.2428579209577717
3.2428579209577717
3.2428579209577717
3.2428579209577717
3.248957946319743
3.27006306667786
3.2682788515016696
3.2682788515016696
3.2682788515016696
3.2452035894819975
3.2585772573053386
3.2585772573053386
3.2585772573053386
3.2585772573053386
3.2585772573053386
3.255521161713263
3.2618044128607773
3.2618044128607773
3.2618044128607773
3.2429828742466764
3.2429828742466764
3.2429828742466764
3.247575258188302
3.247575258188302
3.247575258188302
3.24182021078923
3.2416929778443793
3.2416929778443793
3.25996631524681
3.25996631524681
3.262765288222985
3.254701869233469
3.2714381981879708
3.2869220180139833
3.272005873258452
3.2631511079624094
3.2842485805249884
3.2842485805249884
3.263408825657357
3.263408825657357
3.263408825657357
3.2739746370624094
3.2739746370624094
3.2859512991691906
3.279333228838615
3.3124905743893094
3.31771001383212
3.288161434477816
3.288161434477816
3.2941657728388214
3.2941657728388214
3.2941657728388214
3.277262426959963
3.29209644138632
3.29209644138632
3.2989938279981956
3.296897879557307
3.296897879557307
3.2851864575727006
3.2851864575727006
3.2888295002015413
3.2600231185446797
3.2612610608229433
3.247390409701515
3.2587785608243522
3.262366213444997
3.262366213444997
3.268251867593374
3.268251867593374
3.268251867593374
3.268251867593374
3.268251867593374
3.268251867593374
3.2568664348049032
3.2568664348049032
3.2568664348049032
3.2568664348049032
3.256282757173212
3.2658208005876523
3.2658208005876523
3.2502069775580305
3.248029225182703
3.248029225182703
3.2534548629509157
3.2466778794190714
3.2613820941883627
3.2607802250737064
3.2607802250737064
3.2607802250737064
3.2607802250737064
3.2521442573718575
3.2521442573718575
3.2460837585780062
3.2454868392059915
3.2454868392059915
3.2392341519426555
3.2344326906097653
3.2344326906097653
3.2344326906097653
3.2294867963826643
3.2294867963826643
3.2294867963826643
3.2294867963826643
3.2294867963826643
3.2331062094663174
3.2331062094663174
3.2331062094663174
3.2331062094663174
3.2331062094663174
3.2334997012232756
3.2235132502845927
3.2235132502845927
3.2416915868243605
3.2227818547685847
3.2227818547685847
3.2227818547685847
3.229680763681638
3.2454918963390225
3.225023022744173
3.2310195674539464
3.2310195674539464
3.2310195674539464
3.2310195674539464
3.249938764488873
3.2632646731941755
3.2638766180003165
3.247445065484657
3.2228164808898296
3.2669009858144076
3.256623867820345
3.236194478745982
3.2340107669815543
3.2357213186798415
3.2357213186798415
3.2357213186798415
3.2734889657395634
3.264285184491567
3.264285184491567
3.264285184491567
3.250260721017867
3.250260721017867
3.250260721017867
3.260459265099409
3.260459265099409
3.260459265099409
3.260459265099409
3.260459265099409
3.260459265099409
3.269611552844491
3.267101219289355
3.272121041017795
3.2669814011661633
3.2669814011661633
3.2669814011661633
3.2669814011661633
3.2425079357462887
3.2425079357462887
3.247091360824099
3.247091360824099
3.2613239422827673
3.2431289046715737
3.2510439231848376
3.2510439231848376
3.257685453037414
3.2578309730621844
3.2578309730621844
3.2578309730621844
3.243652825015938
3.249585890786941
3.2720728169928783
3.265486150624087
3.251725939331546
3.2551696986495333
3.25729591486687
3.25729591486687
3.249922604222161
3.249922604222161
3.2480738294794484
3.2480738294794484
3.2721317250152047
3.261576563543726
3.257516122230152
3.265369133426318
3.2856175837958004
3.2861875638570885
3.2861875638570885
3.3024910258818734
3.3024910258818734
3.3024910258818734
3.3024910258818734
3.3024910258818734
3.31431587444649
3.31431587444649
3.302781316743203
3.2999518744211707
3.2999518744211707
3.2940720376786583
3.294849738449036
3.294849738449036
3.294849738449036
3.2880198756906904
3.2751814875794407
3.2751814875794407
3.276947382541565
3.2742734106548776
3.2742734106548776
3.2686891814882846
3.2686891814882846
3.277202486652566
3.2793550897669967
3.2793550897669967
3.2782563801393683
3.2808753640034327
3.2648235487079784
3.2648235487079784
3.2628218419650765
3.2507021623272423
3.2507021623272423
3.2460000996168628
3.2460000996168628
3.2460000996168628
3.2435536856600478
3.2435536856600478
3.211802321697422
3.2317102041560237
3.2317102041560237
3.244506143327037
3.244506143327037
3.2370946682099397
3.2370946682099397
3.2485101290573586
3.2485101290573586
3.2448002418647004
3.217985468931745
3.229828214409881
3.229828214409881
3.229828214409881
3.229828214409881
3.250012704484086
3.251428897521082
3.251428897521082
3.26383065008716
3.26383065008716
3.26383065008716
3.26383065008716
3.26383065008716
3.269980725185932
3.2797415776129153
3.2797415776129153
3.264121619161107
3.2744873138833968
3.2579893707572247
3.2618685758378607
3.252126358473951
3.247400748111878
3.2492081835546034
3.245490200046948
3.245490200046948
3.245490200046948
3.2548294738746835
3.2575859247378744
3.2493321425352244
3.2493321425352244
3.2493321425352244
3.2590927642628604
3.2573176436200453
3.2350768754869534
3.2495859033558925
3.2495859033558925
3.2616954193138157
3.2616954193138157
3.2616954193138157
3.2616954193138157
3.283250696556202
3.2824901960763007
3.2824901960763007
3.2824901960763007
3.2780775059605474
3.2979491709154636
3.2850127353330008
3.2850127353330008
3.295384078309148
3.2998089748239123
3.2978231445228094
3.2978231445228094
3.3058216576716504
3.295595808348149
3.2767902812245397
3.2767902812245397
3.2767902812245397
3.2767902812245397
3.276393786296828
3.276393786296828
3.276393786296828
3.2628364279553472
3.254030819587298
3.2675732040726237
3.2675732040726237
3.26556942313926
3.2740239054005915
3.2718507372849817
3.2718507372849817
3.285682471041522
3.285682471041522
3.267020149229938
3.267020149229938
3.267020149229938
3.2826113392806255
3.268422315896433
3.268422315896433
3.268422315896433
3.268422315896433
3.261681360571605
3.256029083579828
3.251512708545561
3.251512708545561
3.2538507886423855
3.2242531139747026
3.2290761751261337
3.2373738470624547
3.2356839348236073
3.2297021912633257
3.2268507507742434
3.217722660344307
3.2288106893795434
3.23255659847257
3.2337933247946
3.225881998918204
3.234359594886061
3.233571928283433
3.231824855064595
3.231824855064595
3.231824855064595
3.231824855064595
3.231824855064595
3.231824855064595
3.2147038644725354
3.218691337055931
3.2236769847770574
3.215275504105072
3.2221529708011265
3.2221529708011265
3.2221529708011265
3.2221529708011265
3.221537116327574
3.221537116327574
3.221537116327574
3.221537116327574
3.225508633103216
3.24084397447978
3.24084397447978
3.2396439279248073
3.246744156133943
3.24136447124557
3.2213270231370044
3.2213270231370044
3.2213270231370044
3.2394464718333307
3.2394464718333307
3.2301583093068125
3.2423399629168563
3.2487388947183096
3.2631164591886455
3.273412111773167
3.255491495551052
3.251218938334038
3.2512372459341
3.2512372459341
3.239979867511824
3.2446853635310964
3.2341404373502263
3.2341404373502263
3.232838747860381
3.2568813444946962
3.2568813444946962
3.2568813444946962
3.2412308135419736
3.2472120051438544
3.2472120051438544
3.2472120051438544
3.263665682655492
3.2764909268984193
3.2655173367262034
3.262015362393003
3.2629346178158793
3.2629346178158793
3.2629346178158793
3.2754148248819015
3.2476753697903566
3.228771205798491
3.228771205798491
3.2527848376904993
3.2298475157517643
3.2298475157517643
3.2298475157517643
3.2298475157517643
3.2274016383634216
3.2334612816492636
3.2334612816492636
3.2435356352498994
3.2346197044999463
3.2383144778689266
3.25261676766942
3.25261676766942
3.2471456219257204
3.2471456219257204
3.239492353964533
3.25429301618332
3.25429301618332
3.25429301618332
3.25429301618332
3.25429301618332
3.2492378191560127
3.2492378191560127
3.2526613424004167
3.2330342034958983
3.2554306753574562
3.2454903440222513
3.246425953413597
3.2482866797848335
3.2218788823143565
3.2218788823143565
3.2182772746219004
3.2182772746219004
3.2288996002133232
3.2288996002133232
3.2288996002133232
3.2288996002133232
3.2288996002133232
3.237425708485926
3.225943007419045
3.225943007419045
3.2070350798124045
3.2057434223186534
3.2173695419182313
3.2173695419182313
3.2173695419182313
3.2216364114425833
3.2216364114425833
3.2216364114425833
3.2216364114425833
3.2216364114425833
3.2202222835256764
3.2202222835256764
3.2125223329864414
3.2178915768666236
3.2465824091730577
3.2521401316169425
3.2521401316169425
3.2521401316169425
3.2521401316169425
3.255181961742684
3.255181961742684
3.255181961742684
3.2503695274904882
3.2511998573986816
3.2502725345879155
3.2502725345879155
3.2502725345879155
3.238239382256365
3.238239382256365
3.235307055830114
3.247088765963188
3.255530355099184
3.2660702116087226
3.2642166312868657
3.2642166312868657
3.2642166312868657
3.267457322829251
3.26423211112703
3.2573156794355276
3.2443046118289787
3.2443046118289787
3.269524206451164
3.2502228601322893
3.238533759362925
3.238533759362925
3.238533759362925
3.215881286735922
3.222063666910639
3.224742022095142
3.2234588013818133
3.228514884955071
3.230359616596933
3.2426497826353695
3.2355431626933084
3.2486781433788483
3.2486781433788483
3.2486781433788483
3.2486781433788483
3.2431670117345464
3.2573306420441517
3.2473880028130755
3.2620121143411835
3.2620121143411835
3.2446254156618526
3.2446254156618526
3.2446254156618526
3.2440002788041298
3.2440002788041298
3.2440002788041298
3.246339562944428
3.2505222311742523
3.253093515607157
3.253093515607157
3.2505528549899756
3.2517665694172657
3.2615532204648914
3.2615532204648914
3.2615532204648914
3.2615532204648914
3.2615532204648914
3.2615532204648914
3.247226836102578
3.247226836102578
3.2543174040670344
3.2479310911161896
3.25139515971799
3.255526534031552
3.2393277662458737
3.2352108692744763
3.2593680600319273
3.2593680600319273
3.2593680600319273
3.2593680600319273
3.2594210401649213
3.229609165108141
3.215090401664758
3.227692810796216
3.2283394129135496
3.2248975555247505
3.2248975555247505
3.225638970921345
3.225638970921345
3.225638970921345
3.252431574437171
3.2447211946800523
3.2416423239481436
3.2469473058686353
3.2229207681710803
3.2229207681710803
3.22807612549703
3.22807612549703
3.2391862653576062
3.2391862653576062
3.2391862653576062
3.249584580575069
3.240263100854626
3.240263100854626
3.240263100854626
3.240263100854626
3.2491611120561736
3.2714352811982774
3.2554305064809927
3.2375218810199633
3.2375218810199633
3.2533926644305224
3.255321947257059
3.267294136888948
3.267294136888948
3.257819902747844
3.257819902747844
3.257819902747844
3.257819902747844
3.257819902747844
3.257819902747844
3.2473863069231212
3.2661957916261195
3.2661957916261195
3.2661957916261195
3.2661957916261195
3.268581544171882
3.268581544171882
3.26889269429299
3.2799778371897577
3.2799778371897577
3.254966416008805
3.254966416008805
3.254966416008805
3.251132330216277
3.259420206069506
3.2432000687224933
3.2572281068316813
3.2572281068316813
3.26554308862383
3.268979669180681
3.2803351722932583
3.2735094397133624
3.276614769806304
3.276614769806304
3.293751972607013
3.2713572349484594
3.259283124314797
3.264182523121744
3.267422653068138
3.2496635991843243
3.2404173509867387
3.2404173509867387
3.2404173509867387
3.2404173509867387
3.2529244624476585
3.233752243505081
3.2295100738367624
3.2283578182744246
3.2283578182744246
3.2418615244107563
3.2418615244107563
3.241326098891627
3.2496618964783925
3.2252351768592504
3.2252351768592504
3.2252351768592504
3.256872358441704
3.256872358441704
3.256872358441704
3.2463829652612257
3.2472326363892896
3.2472326363892896
3.244482981183831
3.232772337010279
3.2567203595580363
3.242211460856775
3.228643200133506
3.216675829696076
3.216675829696076
3.232148742483636
3.2340495690266002
3.2337659670294223
3.241339613674234
3.241339613674234
3.241339613674234
3.241339613674234
3.2393763917330527
3.255835659645612
3.255835659645612
3.2480522456916474
3.268015680562701
3.268015680562701
3.2616332577269014
3.2616332577269014
3.268294532877852
3.268294532877852
3.268294532877852
3.253918104935427
3.253918104935427
3.24432034442191
3.24432034442191
3.24432034442191
3.240638256362073
3.234231119926909
3.234231119926909
3.248568669052307
3.248568669052307
3.248568669052307
3.2438038068438377
3.2438038068438377
3.2648462815826416
3.2648462815826416
3.2648462815826416
3.2648462815826416
3.2665631575624516
3.2665631575624516
3.2740645406807825
3.2624359149426945
3.287056911379842
3.235318119360374
3.235318119360374
3.235318119360374
3.235318119360374
3.2310430258728524
3.2310430258728524
3.2291334838467174
3.2363121892055133
3.232093798313014
3.222914881599821
3.222914881599821
3.222914881599821
3.2317579536788976
3.2317579536788976
3.231162280272245
3.231162280272245
3.231162280272245
3.197473423919176
3.197473423919176
3.1938164462856466
3.2255710512199043
3.236741726763318
3.2293266969828105
3.2236849132641425
3.216541095031135
3.216541095031135
3.216541095031135
3.216541095031135
3.2251478973607175
3.225297582297216
3.2135483578422357
3.2135483578422357
3.2135483578422357
3.2443152259181254
3.2313038964169802
3.2498285919824568
3.2503430660158568
3.2445049122290923
3.213725309815937
3.213725309815937
3.2014859967722
3.2051016860702943
3.2130836383807555
3.2130836383807555
3.2130836383807555
3.224892374730126
3.224892374730126
3.2062761552119174
3.2062761552119174
3.2062761552119174
3.2062761552119174
3.223528320559375
3.222796733999927
3.2136309356393884
3.226279755998135
3.2228627489278088
3.241294420931027
3.2423495315679975
3.2497411674721985
3.2253709804860624
3.2253709804860624
3.229907906172601
3.241162626916713
3.2462151781049995
3.2462151781049995
3.237415278026102
3.2361652649601997
3.2361652649601997
3.2361652649601997
3.251543287865625
3.277268892135178
3.277268892135178
3.270302067708797
3.2606436477622656
3.2606436477622656
3.2792652948861565
3.2586499136299873
3.2586499136299873
3.2844422292309576
3.2700294618461028
3.2658953166584515
3.2600164663497613
3.2454848727481456
3.2454848727481456
3.2611156229879397
3.2611156229879397
3.2611156229879397
3.2611156229879397
3.2611156229879397
3.2541561354406388
3.2548304081341284
3.2548304081341284
3.2548304081341284
3.2548304081341284
3.2548304081341284
3.2536144359109853
3.2536144359109853
3.2536144359109853
3.257574087772502
3.257331794708228
3.257331794708228
3.257331794708228
3.2640834440910447
3.2523604170389255
3.275961177589622
3.2612219122500465
3.2521087415255123
3.2521087415255123
3.2521087415255123
3.2521087415255123
3.2521087415255123
3.2521087415255123
3.2434248196918083
3.246316653934774
3.2620994312541067
3.2279892294785917
3.2279892294785917
3.2279892294785917
3.2413540412681576
3.245538402741051
3.259964917964544
3.2316474852887453
3.2316474852887453
3.2316474852887453
3.2383417838110646
3.224868466071253
3.2351287789986247
3.2351287789986247
3.244408372156227
3.244408372156227
3.243037804775064
3.243037804775064
3.243037804775064
3.2402213736274215
3.2402213736274215
3.2273128749631876
3.2273128749631876
3.2320525048328412
3.206718811888787
3.215534023443272
3.215534023443272
3.2301884565016743
3.23166371906915
3.23166371906915
3.23166371906915
3.23166371906915
3.2174093008265796
3.2174093008265796
3.2174093008265796
3.22684323148891
3.22684323148891
3.230075884671278
3.2229740904313515
3.2229740904313515
3.2229740904313515
3.2168707302084267
3.2178091737604375
3.2178091737604375
3.216841288019008
3.2279823602149675
3.2279823602149675
3.2279823602149675
3.2279823602149675
3.225763851596517
3.225763851596517
3.226288447153282
3.224477892377627
3.224477892377627
3.2404981073545063
3.2404981073545063
3.2404981073545063
3.2404981073545063
3.2384538773520983
3.2384538773520983
3.219418450454897
3.2440189676681133
3.224599429148144
3.2330398173622354
3.2330398173622354
3.2330398173622354
3.258635104102045
3.2567787146202107
3.2567787146202107
3.2682867328186282
3.268749516948127
3.268749516948127
3.268749516948127
3.268749516948127
3.268749516948127
3.268749516948127
3.268749516948127
3.2724651450501034
3.2724651450501034
3.2724651450501034
3.251961415578664
3.251961415578664
3.251961415578664
3.251961415578664
3.2504708790519214
3.2504708790519214
3.2504708790519214
3.2527431717848945
3.249343680135631
3.2627236910278667
3.268663504165524
3.268663504165524
3.268663504165524
3.268663504165524
3.239564367797031
3.2305920703264612
3.2170077841885045
3.215506253536474
3.215506253536474
3.2151513898930557
3.224880653872313
3.224880653872313
3.222633840046678
3.222633840046678
3.2311066313281924
3.2311066313281924
3.2311066313281924
3.2311066313281924
3.229959855820959
3.229959855820959
3.229959855820959
3.245074737187905
3.22540137755913
3.238811927912835
3.238811927912835
3.238811927912835
3.2299524345145905
3.2151943221213353
3.2151943221213353
3.234938802980627
3.2492488285134313
3.243967385345803
3.243967385345803
3.2493814086566832
3.2493814086566832
3.2482809122391947
3.246287938193574
3.246287938193574
3.2448026569257764
3.2448026569257764
3.243938981341862
3.2300423841925845
3.2300423841925845
3.2300423841925845
3.251240015373881
3.251240015373881
3.255229224735184
3.255229224735184
3.255229224735184
3.255229224735184
3.255229224735184
3.2432632568753608
3.2432632568753608
3.241262978607303
3.241262978607303
3.2283303636758536
3.232289446840031
3.2429687518081094
3.2429687518081094
3.2429687518081094
3.2429687518081094
3.2429687518081094
3.2670826418449788
3.2670826418449788
3.2612151619807426
3.2539782594851463
3.2539782594851463
3.266241265991167
3.257820444246814
3.245754902049052
3.277720223066155
3.277720223066155
3.277720223066155
3.267001571935579
3.278921365227074
3.278921365227074
3.278921365227074
3.2554725614619127
3.2724315467674834
3.2724315467674834
3.2724315467674834
3.2724315467674834
3.2724315467674834
3.266120057650745
3.2585574579080947
3.2585574579080947
3.25133865370971
3.24418056249063
3.25566880025256
3.25566880025256
3.25566880025256
3.2641002979541214
3.2631555934313163
3.2434878574970027
3.217561798267408
3.220849138830394
3.220849138830394
3.2321745287705728
3.252152429594101
3.252152429594101
3.252152429594101
3.252152429594101
3.2510476628844085
3.2334526088995994
3.2334526088995994
3.2317277048596362
3.2317277048596362
3.228772448983184
3.2494774097475583
3.2431516921514083
3.2431516921514083
3.24203110807166
3.24203110807166
3.252982388914704
3.236082414069508
3.255392152145948
3.228850702551923
3.2443122085630436
3.2465904705910003
3.252091494540933
3.23397907818492
3.23397907818492
3.23397907818492
3.219357034954903
3.2333767882253084
3.2356942469455334
3.229338781745057
3.250330623782831
3.230418003399663
3.230418003399663
3.2450974158903354
3.2450974158903354
3.2450974158903354
3.248568510721212
3.2309253989969453
3.218821224664595
3.2065883872824754
3.1981819100389854
3.1949736319195714
3.205771739143548
3.205771739143548
3.2305731588685624
3.2134891977860423
3.2413776917660404
3.2413776917660404
3.240540550835438
3.248170344760018
3.248170344760018
3.2580097245735895
3.264904210548578
3.264904210548578
3.26903284258845
3.2550306599294467
3.232578272698194
3.232578272698194
3.21055625471776
3.2356588610838393
3.2419151667504864
3.2419151667504864
3.2419151667504864
3.2288545627673253
3.2285563378915154
3.2333811202184974
3.2333811202184974
3.24181358529959
3.244732259233987
3.2392160922181805
3.233408028098584
3.2316816561425
3.2302651498603834
3.231688557591432
3.231688557591432
3.231688557591432
3.2152965288982736
3.2462620607990216
3.2462620607990216
3.2378301725569547
3.2371639247695785
3.2371639247695785
3.2423795069346477
3.2423795069346477
3.2533954973252843
3.2512483952852644
3.24767142585004
3.24767142585004
3.24767142585004
3.2451837364364775
3.2451837364364775
3.2630714163327923
3.2527765249396596
3.243043136546969
3.243043136546969
3.243043136546969
3.253731910436521
3.253731910436521
3.253731910436521
3.252440605880298
3.266684706618148
3.267276631307311
3.280568032251883
3.280568032251883
3.280568032251883
3.280568032251883
3.280568032251883
3.280729494124373
3.280729494124373
3.281824266911749
3.2928148421180627
3.2761463248699383
3.2761463248699383
3.2899931632320407
3.2899931632320407
3.2899931632320407
3.2912309706921543
3.270110310371994
3.2558677252468367
3.268999663914173
3.268999663914173
3.2548173198491592
3.2655890837421184
3.2655890837421184
3.250243315745453
3.267452537217802
3.265270844981415
3.2828087855471155
3.2596125217279592
3.2590623844171014
3.2548178713868996
3.2548178713868996
3.2522722787600347
3.2522722787600347
3.2522722787600347
3.2606566279798583
3.263090230835163
3.280580358403495
3.280580358403495
3.280580358403495
3.280580358403495
3.280580358403495
3.27570167246787
3.2810145022266677
3.2810145022266677
3.2810145022266677
3.2810145022266677
3.2810145022266677
3.2810145022266677
3.28118786628548
3.2682155606478087
3.2756897699342264
3.2552566911992162
3.2552566911992162
3.261101043817089
3.276202588452391
3.2730012133721167
3.2510821543032424
3.266599685258791
3.266599685258791
3.2484909864145757
3.2484909864145757
3.2484909864145757
3.2484909864145757
3.2484909864145757
3.2484909864145757
3.2484909864145757
3.2484909864145757
3.2484909864145757
3.2484909864145757
3.250502019937302
3.250502019937302
3.2494307618577944
3.2494307618577944
3.2494307618577944
3.249518616186281
3.2336392893662644
3.2404672905699274
3.238500313592489
3.254820714416746
3.2533612916647328
3.2533612916647328
3.2395075332004777
3.2395075332004777
3.2395075332004777
3.2395075332004777
3.2395075332004777
3.2395075332004777
3.2395075332004777
3.2315682640043186
3.2080399993356155
3.217956778922992
3.217956778922992
3.230269397424484
3.2330892294368736
3.2348222179075576
3.2515348186551187
3.2515348186551187
3.2377813390271357
3.2377813390271357
3.244914054333759
3.244914054333759
3.240859048648922
3.2611644853595707
3.253692396366638
3.253692396366638
3.253692396366638
3.25217583255235
3.267189886609658
3.256696522245142
3.258502958479846
3.2430614593248777
3.2699763517767106
3.2699763517767106
3.2820183875477014
3.2632882375888568
3.2632882375888568
3.2425498525603866
3.2425498525603866
3.2425498525603866
3.2425498525603866
3.2425498525603866
3.2425498525603866
3.2425498525603866
3.2443047195751444
3.2443047195751444
3.244161017124919
3.257985954340031
3.257985954340031
3.267959048981505
3.279836792453141
3.279836792453141
3.2831117726406074
3.2831117726406074
3.24877262964604
3.24877262964604
3.2397965407229017
3.2404486477669305
3.2477428718262003
3.2400143741157663
3.239430932094901
3.239430932094901
3.2173212162425373
3.2272893550587547
3.2293323421856313
3.2293323421856313
3.232169765097065
3.232169765097065
3.247747057914059
3.234248391934959
3.234248391934959
3.2339302370466725
3.2339302370466725
3.2339302370466725
3.2339302370466725
3.2339302370466725
3.2339302370466725
3.235009369304685
3.235009369304685
3.235009369304685
3.235009369304685
3.2320641931771865
3.232470678057271
3.232470678057271
3.232470678057271
3.212368089444045
3.2262432870003357
3.2262432870003357
3.223618945740289
3.223618945740289
3.223618945740289
3.2272526712302856
3.2272526712302856
3.2523067351514494
3.236642388021651
3.2330030751421885
3.225340904240958
3.2432550337099895
3.2432550337099895
3.248822160616374
3.254785046447575
3.257348470920158
3.257348470920158
3.2469892446733377
3.238699287132427
3.238699287132427
3.2380037771374095
3.259213513936331
3.259213513936331
3.259213513936331
3.250757070335721
3.250757070335721
3.250757070335721
3.276439490549691
3.276439490549691
3.2642088393670248
3.2385170993209855
3.2364995873071405
3.2364995873071405
3.249504351558603
3.2488341149196898
3.2488341149196898
3.2488341149196898
3.2488341149196898
3.235060993522037
3.250510689519473
3.2627663811103225
3.276680051050306
3.276680051050306
3.2573958086495036
3.2573958086495036
3.2533867400355505
3.263871913765933
3.252178914069385
3.2534725713436203
3.243192173768683
3.243192173768683
3.239507569212778
3.2418524830440005
3.2546422599995286
3.2546422599995286
3.2546422599995286
3.240424797599085
3.243687630354431
3.243687630354431
3.2475937872502936
3.247911039243684
3.247911039243684
3.247926031678526
3.2400509587829314
3.2173439377113886
3.2174882052576894
3.2174882052576894
3.2174882052576894
3.208039373758538
3.208039373758538
3.2207167531509375
3.218775056169453
3.218775056169453
3.2358963473182762
3.2358963473182762
3.2358963473182762
3.236014211589838
3.2525563752815407
3.2473195319907844
3.2346572312472377
3.2346572312472377
3.2346572312472377
3.2346572312472377
3.2346572312472377
3.2352450481166004
3.2423028059142136
3.242393320368845
3.242393320368845
3.242393320368845
3.242393320368845
3.2436101749611654
3.2436101749611654
3.2543497908498784
3.28495317465227
3.282468089153475
3.3058014681192054
3.3058014681192054
3.3058014681192054
3.282352357255334
3.282902557277129
3.278181342868563
3.2696609500518394
3.2696609500518394
3.2634164121305047
3.2735583488349818
3.263512700591623
3.2382139434942894
3.2382139434942894
3.26047527966003
3.26047527966003
3.2518057852516895
3.2457490998724063
3.2410032713137538
3.246710506376968
3.25078995515794
3.2515718031802043
3.262763644720012
3.262763644720012
3.2609374271950893
3.277359291923732
3.277359291923732
3.2757628020587015
3.2757628020587015
3.2812835826759783
3.2812835826759783
3.2666387320353096
3.2666387320353096
3.2669416346253715
3.2740088494761683
3.2740088494761683
3.2740088494761683
3.2698527782253546
3.2668786228217384
3.2668786228217384
3.2785233459872023
3.2785233459872023
3.289476530967084
3.289476530967084
3.2783939498551224
3.2571049483695065
3.2571049483695065
3.262032883101491
3.2682470092857585
3.2682470092857585
3.2537449167367423
3.2420365550997636
3.2405489165404076
3.234148832814916
3.2508996327045243
3.2508996327045243
3.2508996327045243
3.2508996327045243
3.2424825853913912
3.2562889928647762
3.2562889928647762
3.2562889928647762
3.2562889928647762
3.2562889928647762
3.2562889928647762
3.2505159705546096
3.279520644015686
3.2465665103192274
3.2371820197698877
3.2208712159882387
3.226217121178446
3.2470620438031754
3.2382898559119395
3.250900946973076
3.250900946973076
3.250900946973076
3.2508574848074123
3.2508574848074123
3.2508574848074123
3.275384123893903
3.2739253826402686
3.2605400601622763
3.2743189017850614
3.2741282952396054
3.2766196366291442
3.2942724602470648
3.3029823485882894
3.295023898371866
3.3075299213822555
3.2998823400526662
3.2998823400526662
3.2998823400526662
3.2998823400526662
3.290581941462309
3.287263011517611
3.287263011517611
3.2884424205465455
3.2884424205465455
3.2649474384747794
3.2694724857334947
3.2694724857334947
3.2694724857334947
3.293579311890659
3.293579311890659
3.293579311890659
3.3021945171487657
3.3021945171487657
3.31159328605704
3.327277572252967
3.3257995267907865
3.3257995267907865
3.3257995267907865
3.3097343497634926
3.3321981220158516
3.3321981220158516
3.3321981220158516
3.327501831363802
3.3302407986629543
3.3302407986629543
3.300285792937327
3.2819660854425345
3.276615920524152
3.2802173760487574
3.2802173760487574
3.2838593686046718
3.291419019686513
3.2986876139967634
3.291119929932538
3.291119929932538
3.289555146008265
3.278257294754633
3.292213904454728
3.2974427060257545
3.299294246912009
3.299294246912009
3.3175633933041637
3.3175633933041637
3.308771651601426
3.31621385134446
3.31621385134446
3.31621385134446
3.3002251843653636
3.3002251843653636
3.2937563714808507
3.310931531660273
3.313291198649255
3.313291198649255
3.3073482605260667
3.315639861154362
3.3043633294061254
3.3170772730941342
3.3251060045417598
3.331211629130843
3.331211629130843
3.331211629130843
3.355643761303511
3.355788442274144
3.323621903309337
3.3041369119300192
3.3136171327211006
3.303462226336942
3.303462226336942
3.303462226336942
3.290915419552217
3.290915419552217
3.290915419552217
3.2668856569331535
3.2788601614842583
3.2788601614842583
3.3092035678339546
3.3092035678339546
3.3092035678339546
3.2873924623160025
3.2867337168193935
3.2867337168193935
3.278460749390419
3.292514522897278
3.292514522897278
3.292514522897278
3.276782311219789
3.271743382239027
3.271743382239027
3.271743382239027
3.2778931563802702
3.2778931563802702
3.282894575275852
3.277363351076424
3.277363351076424
3.301983692189708
3.3074366510944775
3.285411094811643
3.285411094811643
3.293429669205503
3.290137449340067
3.290137449340067
3.293178157883673
3.293178157883673
3.293178157883673
3.297537531361774
3.297537531361774
3.2807241146143644
3.28054050908803
3.272040951160815
3.272040951160815
3.273092346084282
3.273092346084282
3.273092346084282
3.263619897661781
3.2751925768337187
3.2568244586385764
3.242522460580672
3.256552733183796
3.256552733183796
3.256552733183796
3.266331627312567
3.2673312051761942
3.2599193553785746
3.2599193553785746
3.258117673043957
3.259937067803858
3.259937067803858
3.259937067803858
3.2186548910878834
3.224012699710264
3.224012699710264
3.224012699710264
3.224012699710264
3.224012699710264
3.24305275428612
3.230442877534716
3.2600731861074776
3.252317101575209
3.2537917515143824
3.233928215637719
3.240817911183805
3.2301740309762286
3.2301740309762286
3.2302932028098135
3.2436401774325616
3.24371284988715
3.24371284988715
3.2423697684032073
3.246781881963379
3.237414538689623
3.237414538689623
3.2362652450928566
3.2362652450928566
3.2362652450928566
3.2304872168268313
3.218833800184066
3.2314235435445053
3.2314235435445053
3.225691470623804
3.225691470623804
3.2170161261896983
3.2164574383812985
3.2164574383812985
3.203553975270024
3.2415017183259653
3.249897155148541
3.249897155148541
3.2237860577383612
3.2428350512698736
3.2428350512698736
3.2428350512698736
3.2293609500440135
3.2293609500440135
3.2293609500440135
3.2293609500440135
3.234871608355662
3.239115867088301
3.239115867088301
3.252405919775475
3.253480003528759
3.2498103865037615
3.249184088356311
3.249184088356311
3.2506580947982755
3.2506580947982755
3.275081832921078
3.270642839241965
3.270642839241965
3.259471465598638
3.2481927755375084
3.2444501510638695
3.2444501510638695
3.2444501510638695
3.2444501510638695
3.243131333690039
3.2582301668829086
3.2582301668829086
3.2582301668829086
3.2582301668829086
3.2582301668829086
3.2582301668829086
3.248521294817083
3.2410517241392567
3.257028729907501
3.2481267493829846
3.2481267493829846
3.2501948040933275
3.2501948040933275
3.2501948040933275
3.2539127777569234
3.26049902195586
3.26049902195586
3.26049902195586
3.2467963627097225
3.2340120241473786
3.2340120241473786
3.2340120241473786
3.238745722019115
3.2549336001829556
3.2456098113741025
3.2452625364737906
3.256779297374569
3.256779297374569
3.254757253496557
3.254757253496557
3.2424254451847934
3.247507258888238
3.251412548573139
3.251412548573139
3.251412548573139
3.258866317120166
3.2609477944440948
3.2609477944440948
3.2481089121546316
3.2481089121546316
3.2481089121546316
3.248904448056837
3.248904448056837
3.248904448056837
3.2500334676161464
3.2519101477784425
3.2648355348033196
3.2648355348033196
3.2485719565009132
3.232656683312614
3.232656683312614
3.232656683312614
3.23695948065706
3.23695948065706
3.249310817558201
3.249310817558201
3.2616197423173596
3.2616197423173596
3.2616197423173596
3.2667299429909047
3.2544034697404287
3.2579130006307837
3.2579130006307837
3.2579130006307837
3.2579130006307837
3.252768635394785
3.252768635394785
3.2600814589359883
3.2600814589359883
3.2942302505906564
3.3015451705928083
3.3042213172113803
3.294226204238261
3.294226204238261
3.294226204238261
3.2697344891587727
3.278094216755075
3.274167234612933
3.2719581555868995
3.2719581555868995
3.280668266973678
3.287481868813764
3.287481868813764
3.287481868813764
3.287481868813764
3.287481868813764
3.30848809252218
3.30848809252218
3.30848809252218
3.30848809252218
3.30848809252218
3.30848809252218
3.2895218625492317
3.282318984242143
3.282318984242143
3.282318984242143
3.267143962251681
3.256822902661568
3.256822902661568
3.261584789048465
3.261584789048465
3.2463969916844193
3.2463969916844193
3.24689391820301
3.2830305188682383
3.2830305188682383
3.2828543347080408
3.269458359645198
3.269458359645198
3.269458359645198
3.269458359645198
3.269458359645198
3.277694475758166
3.277694475758166
3.2882368952840912
3.290652967341759
3.290652967341759
3.290652967341759
3.3019189563507174
3.3019189563507174
3.2594363998784286
3.2805121301843103
3.2805121301843103
3.2773364896725194
3.2773364896725194
3.2644864266409828
3.272469959892648
3.2657834761456432
3.2657834761456432
3.270173175065836
3.2764538876693567
3.2764538876693567
3.2764538876693567
3.2764538876693567
3.2655932302112762
3.251698789865778
3.251863347540439
3.2736790125278277
3.266596535984997
3.2822140197124776
3.2822140197124776
3.2616239706171557
3.2616239706171557
3.265871804060627
3.265871804060627
3.2746250974711804
3.2746250974711804
3.285559044890006
3.285559044890006
3.285559044890006
3.2782599941340833
3.264405821989017
3.264405821989017
3.270575504360882
3.2716751270574735
3.2716751270574735
3.2716751270574735
3.314266435788979
3.317583681627074
3.306698063598244
3.300704790833681
3.2948242412144286
3.2886690229217246
3.2886690229217246
3.2886690229217246
3.2886690229217246
3.2886690229217246
3.2886690229217246
3.2886690229217246
3.2886690229217246
3.2886690229217246
3.2886690229217246
3.2886690229217246
3.2886690229217246
3.291625350907789
3.2940784035708015
3.2940784035708015
3.2940784035708015
3.2996300569413437
3.2963892205842265
3.2764948490388663
3.2885111454879947
3.2875466436849305
3.2859306036351046
3.2859306036351046
3.2859306036351046
3.286555639078672
3.286555639078672
3.285653200283978
3.285653200283978
3.285653200283978
3.2842940405327523
3.2767892644415695
3.2767892644415695
3.275069404572932
3.275069404572932
3.275069404572932
3.275069404572932
3.267023850346456
3.267023850346456
3.267023850346456
3.2842227700252726
3.2842227700252726
3.2842227700252726
3.2709097265071634
3.275291955711552
3.2915687976113666
3.2915687976113666
3.2915519703040843
3.2852799179459615
3.2668630588713805
3.2668630588713805
3.2684575611981788
3.2684575611981788
3.2601887041626565
3.2501173897300824
3.2721333135297943
3.2884111108015435
3.283922303143443
3.273844419246036
3.273844419246036
3.2779600026758633
3.2848872271807212
3.2786465248250423
3.2786465248250423
3.272862051816575
3.2689262535672987
3.2689262535672987
3.2689262535672987
3.2689262535672987
3.2689262535672987
3.2495840610477806
3.2723578444806165
3.2723578444806165
3.2723578444806165
3.259226088830493
3.259226088830493
3.259226088830493
3.244784485128317
3.244784485128317
3.2531304441631543
3.2715352448377564
3.2684332124944917
3.2684332124944917
3.2654075221010164
3.2654075221010164
3.2561818875803445
3.2428609686342487
3.2428609686342487
3.2403463918086004
3.2403463918086004
3.2452765665731036
3.2452765665731036
3.2452765665731036
3.2452765665731036
3.2452765665731036
3.2493780962696417
3.2476699780450966
3.2488002818839887
3.2538289472406814
3.2538289472406814
3.2538289472406814
3.2698399543987646
3.272052551433533
3.272052551433533
3.272052551433533
3.280882147285684
3.2825568355191934
3.284810183969315
3.2692133842688946
3.2692133842688946
3.2791423044344077
3.2767533250623773
3.2724737249770595
3.2724737249770595
3.2724737249770595
3.2724737249770595
3.2724737249770595
3.2699707531962003
3.2699707531962003
3.255386817018356
3.255386817018356
3.255386817018356
3.256199570994608
3.256199570994608
3.256199570994608
3.25884103812812
3.25884103812812
3.256641042147536
3.2696660247822846
3.2696660247822846
3.2696660247822846
3.2600403489440595
3.271870136045034
3.271870136045034
3.271870136045034
3.262261636526361
3.2702252325890244
3.2702252325890244
3.2895980503010263
3.27515192721633
3.27515192721633
3.2852217693853767
3.295517288724939
3.295517288724939
3.326185269717004
3.326185269717004
3.326185269717004
3.334087107791814
3.3346842835390844
3.3346842835390844
3.3441595428044844
3.3112112506818097
3.3112112506818097
3.3112112506818097
3.3112112506818097
3.3112112506818097
3.2857712269411317
3.2857712269411317
3.3136013102327295
3.2932919639397498
3.298618151182059
3.2992635689137635
3.3368125643677327
3.3368125643677327
3.3368125643677327
3.3096053430609125
3.3096053430609125
3.334130208800417
3.3242243017129884
3.3274858450178746
3.3274858450178746
3.332175824629774
3.332175824629774
3.326299935302012
3.330482147588345
3.3212729388478923
3.2889433011544527
3.289438428053882
3.289438428053882
3.289438428053882
3.2963922454075427
3.2955260019644097
3.2955260019644097
3.2758696567432595
3.2758696567432595
3.286412112314556
3.286412112314556
3.286412112314556
3.286412112314556
3.2954501244997885
3.2907406794337595
3.2907406794337595
3.286565709218163
3.286565709218163
3.298972738879024
3.3025340559907876
3.3025340559907876
3.307107339345774
3.2742169038261633
3.2742169038261633
3.274352306258407
3.2780647847330453
3.2707128436886603
3.279949302879043
3.279949302879043
3.2884283457971626
3.2754797704253966
3.2754797704253966
3.2754797704253966
3.2494885454846214
3.2494885454846214
3.2662635307267394
3.2662635307267394
3.281927398490935
3.2709272915731753
3.290274783540555
3.290274783540555
3.290274783540555
3.2873181397260884
3.2911086812362673
3.2913277530928324
3.293737391964997
3.295974468990004
3.286180453367627
3.286180453367627
3.271332797302887
3.271332797302887
3.276170971915963
3.283060492195674
3.2719163056192047
3.2719163056192047
3.2542959229847184
3.2542959229847184
3.2542959229847184
3.2542959229847184
3.265359500520457
3.244194027166786
3.244194027166786
3.2556217459248185
3.2511238401758904
3.277804996967352
3.2803196478762904
3.2803196478762904
3.2803196478762904
3.2803196478762904
3.2687043444125865
3.2705845816392367
3.2705845816392367
3.2705845816392367
3.2705845816392367
3.2768838672194427
3.2768838672194427
3.2768838672194427
3.298439740149553
3.298439740149553
3.263553571828719
3.2524768108517295
3.2524768108517295
3.2284416585664064
3.2416895902249974
3.2416895902249974
3.2565311727814206
3.277677254493876
3.275199629682951
3.275199629682951
3.2877896285767596
3.2671387757621475
3.2671387757621475
3.2671387757621475
3.2795954129540483
3.2870938600660864
3.2870938600660864
3.242025093169314
3.240876475734131
3.241262891907595
3.2652110124710667
3.2898933175966536
3.2898933175966536
3.304398801617903
3.287486620423916
3.287486620423916
3.287486620423916
3.309812432397889
3.2941638453973123
3.2941638453973123
3.305427067359416
3.305427067359416
3.305427067359416
3.299615443563346
3.275776710066866
3.275776710066866
3.2890911235994884
3.2890911235994884
3.2572719852577032
3.2572719852577032
3.2572719852577032
3.2572719852577032
3.2635963465669087
3.2454714567820644
3.2398752739864034
3.227209540532217
3.252635264176581
3.229191278441878
3.232818194585934
3.235900742002313
3.235900742002313
3.2474533886799954
3.2481672483631754
3.2592427854810424
3.2592427854810424
3.26523377574702
3.26523377574702
3.2637574146937394
3.2547545568766347
3.2547545568766347
3.2547545568766347
3.2547545568766347
3.2547545568766347
3.2547545568766347
3.2554237312349645
3.2554237312349645
3.2549106217854678
3.256905494557678
3.264575090799387
3.264575090799387
3.245561511628524
3.2544482083499813
3.2544482083499813
3.2566522437819274
3.2566522437819274
3.2566522437819274
3.2566522437819274
3.2566522437819274
3.2354444356844674
3.274403252963194
3.274403252963194
3.274403252963194
3.2975918611052957
3.2921413169703033
3.267131863305936
3.2639745161531186
3.2639745161531186
3.2639745161531186
3.2639745161531186
3.2639745161531186
3.2639745161531186
3.2418321153190126
3.2418321153190126
3.2418321153190126
3.2352920334830846
3.2502225815747137
3.2502225815747137
3.245930152939936
3.2439421045215364
3.2439421045215364
3.2439421045215364
3.2505331705689837
3.2505331705689837
3.272624657068611
3.272624657068611
3.2834223537697733
3.2856300800996365
3.3016739766966725
3.2998713451045787
3.306857948447389
3.306857948447389
3.306857948447389
3.306857948447389
3.3136530483320747
3.3136530483320747
3.3136530483320747
3.3082976576219703
3.2990582620311293
3.3023510473775666
3.302554026920076
3.287989197281119
3.287989197281119
3.279075617916332
3.279075617916332
3.279075617916332
3.2612075166799492
3.2612075166799492
3.2605294399712963
3.2605294399712963
3.2579430407130525
3.2721608844752454
3.2632502150579485
3.2727170400156163
3.2727170400156163
3.2977027796517815
3.300854530290865
3.300854530290865
3.2838028568308633
3.282043239456652
3.291362390906408
3.291362390906408
3.2603128616499597
3.2575886505969827
3.2575886505969827
3.2575886505969827
3.2575886505969827
3.2849322925708027
3.278448396967789
3.278448396967789
3.278448396967789
3.292245716164838
3.292245716164838
3.28837883614318
3.28880391174463
3.2729712648592186
3.2729712648592186
3.264264667140366
3.264264667140366
