3.641232092440565
3.641232092440565
3.641232092440565
3.641232092440565
3.641232092440565
3.641232092440565
3.641232092440565
3.641232092440565
3.641232092440565
3.641232092440565
3.641232092440565
3.641232092440565
3.641232092440565
3.641232092440565
3.641232092440565
3.641232092440565
3.641232092440565
3.641232092440565
3.641232092440565
3.641232092440565
3.641232092440565
3.641232092440565
3.641232092440565
3.641232092440565
3.641232092440565
3.641232092440565
3.641232092440565
3.641232092440565
3.641232092440565
3.641232092440565
3.641232092440565
3.641232092440565
3.641232092440565
3.641232092440565
3.641232092440565
3.641232092440565
3.641232092440565
3.641232092440565
3.641232092440565
3.641232092440565
3.641232092440565
3.641232092440565
3.641232092440565
3.641232092440565
3.641232092440565
3.641232092440565
3.641232092440565
3.641232092440565
3.641232092440565
3.641232092440565
3.641232092440565
3.641232092440565
3.641232092440565
3.641232092440565
3.641232092440565
3.641232092440565
3.641232092440565
3.641232092440565
3.641232092440565
3.641232092440565
3.641232092440565
3.641232092440565
3.641232092440565
3.641232092440565
3.641232092440565
3.641232092440565
3.641232092440565
3.641232092440565
3.641232092440565
3.641232092440565
3.641232092440565
3.641232092440565
3.641232092440565
3.641232092440565
3.641232092440565
3.641232092440565
3.641232092440565
3.641232092440565
3.641232092440565
3.641232092440565
3.641232092440565
3.641232092440565
3.641232092440565
3.641232092440565
3.641232092440565
3.641232092440565
3.641232092440565
3.641232092440565
3.641232092440565
3.641232092440565
3.641232092440565
3.641232092440565
3.641232092440565
3.641232092440565
3.641232092440565
3.641232092440565
3.641232092440565
3.641232092440565
3.641232092440565
3.6237188109324237
3.5943444836819647
3.590448439605452
3.590448439605452
3.590448439605452
3.590448439605452
3.5788441771244353
3.5788441771244353
3.5788441771244353
3.5788441771244353
3.5663965761843874
3.5663965761843874
3.5663965761843874
3.5281589672459797
3.518545549983255
3.518545549983255
3.518545549983255
3.518545549983255
3.518545549983255
3.518545549983255
3.5029735769154824
3.5029735769154824
3.5029735769154824
3.4651466416284826
3.4651466416284826
3.4651466416284826
3.465724069791428
3.472065485276423
3.4732323972066825
3.4732323972066825
3.4732323972066825
3.4785314757983494
3.4785314757983494
3.481262875112391
3.4610431374004844
3.4505465591656606
3.4505465591656606
3.4505465591656606
3.4505465591656606
3.4505465591656606
3.419536773591404
3.3808330175531065
3.3920978139298796
3.3920978139298796
3.3844316794636105
3.3809954578675407
3.350958597791735
3.343893273633418
3.368314546590146
3.3758611761570547
3.3758611761570547
3.3758611761570547
3.37148280147006
3.3811956282888587
3.3811956282888587
3.3826119844184697
3.3840151506358103
3.3840151506358103
3.3597844193332587
3.3427149888666414
3.3382817938225786
3.3382817938225786
3.308657483893899
3.308657483893899
3.323790899979394
3.296243071919135
3.296243071919135
3.296243071919135
3.2822526444913733
3.283235185891848
3.283235185891848
3.283235185891848
3.272304625261231
3.272304625261231
3.3012788295751894
3.2693354149461835
3.2693354149461835
3.2693354149461835
3.2693354149461835
3.2722969703197586
3.2722969703197586
3.2722969703197586
3.2722969703197586
3.282140871698514
3.2861353632470127
3.2861353632470127
3.286924584584593
3.286924584584593
3.281709688870584
3.281709688870584
3.281709688870584
3.2472600085484236
3.2354877972106983
3.234911373134488
3.2410773799423342
3.2493220001621403
3.258665797725583
3.245148814320394
3.245148814320394
3.2388281497114346
3.264675908300316
3.264675908300316
3.267094693446561
3.2643245627855126
3.259103408262125
3.2495872579223986
3.2468530479627002
3.2468530479627002
3.2468530479627002
3.249780686519277
3.249780686519277
3.249780686519277
3.249780686519277
3.23680091893207
3.2117460098342465
3.2361541544368726
3.2460711279806995
3.2460711279806995
3.254057756737732
3.254057756737732
3.2306265092281468
3.258627138292878
3.258627138292878
3.274969627136308
3.274969627136308
3.244331535806449
3.244331535806449
3.2528209255902754
3.2528209255902754
3.2528209255902754
3.2528209255902754
3.2528209255902754
3.271099860347906
3.271099860347906
3.2675089604018006
3.271487508494082
3.267491412029171
3.2714240146137703
3.2574818372019423
3.2574818372019423
3.2574818372019423
3.250875181490411
3.250875181490411
3.250875181490411
3.2506732445342235
3.2632441413653837
3.2632441413653837
3.2632441413653837
3.2543404611248863
3.2660716234347142
3.2716491658263327
3.2716491658263327
3.2716491658263327
3.2716491658263327
3.2716491658263327
3.2716491658263327
3.2728777034197076
3.2728777034197076
3.2728777034197076
3.2718928747211082
3.2718928747211082
3.2837987231498706
3.2677295478789827
3.2475547148730635
3.2475547148730635
3.2446466848905446
3.2446466848905446
3.2446466848905446
3.2560520617938717
3.2560520617938717
3.2560520617938717
3.2195844104954516
3.205261622770874
3.205261622770874
3.2041402667971774
3.2041402667971774
3.217837491606882
3.2262686825883646
3.2349389455838997
3.2349389455838997
3.236302711313176
3.236302711313176
3.2343866465722027
3.232578393562559
3.2405410774266756
3.2290978921875864
3.2290978921875864
3.2290978921875864
3.2290978921875864
3.230368726133461
3.2213385928928715
3.2240313858331504
3.2212185041674677
3.2212185041674677
3.2212185041674677
3.2204254106704355
3.2280269982527505
3.2101399331964173
3.192647679010928
3.192647679010928
3.192647679010928
3.20901488665937
3.20901488665937
3.208672328662372
3.2149907590774167
3.2149907590774167
3.2157046808860135
3.2157046808860135
3.2157046808860135
3.2519963296428105
3.2519963296428105
3.2157141599765815
3.2157141599765815
3.219946129727978
3.203364605672117
3.197368738987733
3.205545317789475
3.205545317789475
3.2177905121508967
3.22597277773736
3.1986553670571305
3.2087334941570136
3.218157483147759
3.1975195173371787
3.1975195173371787
3.2161517067276266
3.2161517067276266
3.203243838976914
3.203243838976914
3.203243838976914
3.1996969852426105
3.1996969852426105
3.1996969852426105
3.1996969852426105
3.1996969852426105
3.1876957643213704
3.1876957643213704
3.197320018723118
3.1928828438428023
3.1928828438428023
3.1928828438428023
3.199905438783075
3.199905438783075
3.199905438783075
3.199905438783075
3.2146168344460007
3.2146168344460007
3.2146168344460007
3.2213311051574327
3.2082053326582676
3.197513386822488
3.197513386822488
3.183104981107316
3.202871877834408
3.202871877834408
3.1920310924570003
3.185577316616169
3.1970616183977927
3.1970616183977927
3.1970616183977927
3.1970616183977927
3.197376389544792
3.197376389544792
3.196078177010127
3.196078177010127
3.180513026955802
3.180513026955802
3.179092033122533
3.1807230629911896
3.1807230629911896
3.1807230629911896
3.1807230629911896
3.1807230629911896
3.187641503475737
3.187641503475737
3.1769592943295595
3.1769592943295595
3.1553966998735494
3.1512935212015094
3.1529058219300254
3.1529058219300254
3.1524426637791882
3.1498694678520285
3.1619449564985342
3.1528662469836766
3.184735618185325
3.2052667931570094
3.2052667931570094
3.2052667931570094
3.1975476307729918
3.195934481198427
3.2052987869607783
3.2052987869607783
3.1991055024061805
3.2075987035332707
3.2145762967635676
3.2104834676035043
3.216822805460967
3.216822805460967
3.216822805460967
3.195322196719653
3.1958361000351876
3.2140247392891905
3.224401031092683
3.224401031092683
3.2103026736361757
3.2168553193565033
3.2168553193565033
3.2232589338876854
3.1907025051061386
3.1907025051061386
3.1840852681314584
3.1932239842913774
3.197262380739674
3.207196633376242
3.207196633376242
3.213942461248359
3.213942461248359
3.213942461248359
3.213942461248359
3.213942461248359
3.213942461248359
3.21064826077241
3.2074755872553333
3.2074755872553333
3.229518943448522
3.2232890487933465
3.2274956173882514
3.2274956173882514
3.2274956173882514
3.230680951374401
3.2232634136125675
3.2232634136125675
3.2170512551419628
3.2170512551419628
3.2170512551419628
3.211293845700916
3.1917025358687168
3.209001633553523
3.2390902381707423
3.2384488671714013
3.211313510786174
3.211313510786174
3.214877723770854
3.21907147992942
3.21907147992942
3.2087228255091396
3.21003210213651
3.199415517907328
3.2082481383373764
3.2151002805624347
3.1894502717686426
3.2257660447974748
3.2277778906500476
3.19653970549089
3.215143055842202
3.215143055842202
3.215143055842202
3.218771736945413
3.2112743808956052
3.20907960180655
3.2363071168183946
3.2461439461358363
3.2355544359166886
3.2355544359166886
3.2499678573165185
3.2499678573165185
3.2499678573165185
3.2062905209505175
3.2062905209505175
3.218518148863133
3.2207085004918943
3.194392317177331
3.194392317177331
3.194392317177331
3.212982344859273
3.212982344859273
3.203091110654465
3.188222832203586
3.198165226491848
3.198165226491848
3.2063259632856056
3.1954481641774883
3.186270042297061
3.186270042297061
3.1907631432381933
3.1717719398237554
3.1669599814853364
3.1656041821090484
3.158214569151889
3.1823925083704214
3.1823925083704214
3.173115312536462
3.1626974363137723
3.1698738191685685
3.1698738191685685
3.1698738191685685
3.1816891501896603
3.1816891501896603
3.178904058575022
3.189000525100421
3.1744331286871232
3.1905002234728297
3.1905002234728297
3.1905002234728297
3.1710063813418135
3.177340644478174
3.193581199282397
3.193581199282397
3.180033083166004
3.1737002047913228
3.1737002047913228
3.1868100378387942
3.1868100378387942
3.164873547789005
3.164873547789005
3.176820008406612
3.1856554693453742
3.202869222944533
3.1942669275267592
3.1942669275267592
3.172532622211365
3.1778520919275306
3.1778520919275306
3.1778520919275306
3.1778520919275306
3.1778520919275306
3.1615261638905987
3.133698899132018
3.13487113082071
3.13487113082071
3.1455161559502343
3.1455161559502343
3.1612131485931734
3.165939229853141
3.1580789422638995
3.1580789422638995
3.1616878783850466
3.1616878783850466
3.1791743715693963
3.1974578386443477
3.184051747049114
3.178159517460942
3.1890764205268844
3.1702708527297045
3.1954186008007355
3.1934883397374634
3.1874957263843626
3.1943962885250565
3.2116817871585397
3.2116817871585397
3.2116817871585397
3.2209616017458944
3.2209616017458944
3.2209616017458944
3.217409576634468
3.217409576634468
3.217409576634468
3.2145064282263665
3.227696218753017
3.227696218753017
3.2028578259233482
3.209695145764423
3.209695145764423
3.209695145764423
3.209695145764423
3.202635622609207
3.1897330547795226
3.208948255953496
3.208948255953496
3.186809424259079
3.186809424259079
3.186809424259079
3.1522905050159715
3.183708813071706
3.183708813071706
3.183708813071706
3.183708813071706
3.191911621402184
3.2030259050315077
3.2030259050315077
3.2033708965434635
3.1789229110170174
3.1792339681796506
3.1792339681796506
3.1792339681796506
3.17917008810199
3.1903339590434263
3.1903339590434263
3.1903339590434263
3.1944319910439107
3.1881774102171745
3.182661790425053
3.190906057826291
3.190906057826291
3.182799832371977
3.1856039329150745
3.1856039329150745
3.195899968864813
3.1782706246411765
3.199401185530818
3.199401185530818
3.2046841654866434
3.2046841654866434
3.199601120071898
3.201604379479035
3.213158345568518
3.213158345568518
3.197937503113616
3.2022438214107796
3.2022438214107796
3.2022438214107796
3.1976086480846995
3.1976086480846995
3.1976086480846995
3.208479618241303
3.208479618241303
3.2101501332001368
3.2250235278399106
3.207570432887492
3.207570432887492
3.207570432887492
3.207570432887492
3.197848627979556
3.2001785410283627
3.2001785410283627
3.2001785410283627
3.1865329872395
3.190417170843842
3.190417170843842
3.2030799897113993
3.2030799897113993
3.191850806047607
3.191850806047607
3.179181011467607
3.179181011467607
3.221022511789424
3.221022511789424
3.2154767561312094
3.2154767561312094
3.2154767561312094
3.230019997278214
3.2359900668944275
3.2112060690042528
3.209284261158463
3.234698341627883
3.221678422379793
3.20310394461326
3.20310394461326
3.20310394461326
3.2210320685042118
3.211788396275271
3.217482262675804
3.217482262675804
3.195386716113666
3.2189287569626517
3.201838850402634
3.216358388669585
3.216358388669585
3.216358388669585
3.2344502857514326
3.23176997250545
3.23176997250545
3.23176997250545
3.23176997250545
3.23176997250545
3.226423315125263
3.226423315125263
3.2235918905561074
3.2235918905561074
3.2235918905561074
3.2235918905561074
3.197910793386084
3.2117333231137994
3.2117333231137994
3.2167955508743247
3.2167955508743247
3.2167955508743247
3.211857885648611
3.2205881469671245
3.2252783570858914
3.2161312639171102
3.2347352992956084
3.2347352992956084
3.2347352992956084
3.2270120499768393
3.2289313774943684
3.2289313774943684
3.224444049404034
3.2157719386961157
3.2157719386961157
3.209809171405727
3.21342693162791
3.21342693162791
3.2287411404021276
3.238273182596592
3.269095246804825
3.2584454012926436
3.2539628058192513
3.2505429945665494
3.2637988910176805
3.2473055633636205
3.2473055633636205
3.2473055633636205
3.2563552526877535
3.2634037709396586
3.267309217469708
3.2498802271335547
3.2639171992419107
3.253633105328507
3.2564694710024953
3.201727260270009
3.201727260270009
3.1863513960700134
3.1863513960700134
3.1863513960700134
3.1863513960700134
3.1863513960700134
3.212729301021954
3.212729301021954
3.206168294260206
3.2195923547977325
3.2162381557170696
3.2162381557170696
3.221254643620339
3.2015602999072
3.17910041382673
3.1806008937117323
3.1806008937117323
3.1806008937117323
3.182411537403786
3.182411537403786
3.179556372841009
3.179556372841009
3.1765634750163763
3.181089264050215
3.181089264050215
3.181089264050215
3.173199862070432
3.173199862070432
3.173199862070432
3.1699604905456833
3.1806866432852043
3.1806866432852043
3.1806866432852043
3.1806866432852043
3.1728982902428813
3.1728982902428813
3.168928621928696
3.1714133355624434
3.1714133355624434
3.1688584966238045
3.159100332381431
3.1774582775565188
3.1774582775565188
3.1733339368900126
3.176697213393526
3.180463752938228
3.1734448890368943
3.1734448890368943
3.173895761800585
3.173895761800585
3.1932409733834586
3.1792206308605664
3.192758600426427
3.192758600426427
3.192758600426427
3.1988420912750097
3.1988420912750097
3.1930900111873304
3.1930900111873304
3.1930900111873304
3.180587590874466
3.180587590874466
3.180587590874466
3.180587590874466
3.180587590874466
3.1858388038859373
3.204263647958304
3.192561316303799
3.1949446693632697
3.1949446693632697
3.1949446693632697
3.189071792782499
3.167829999826326
3.187331166820246
3.187331166820246
3.18299624836344
3.1872800100126506
3.185979341494509
3.191179876739557
3.1956965942066087
3.2199216129040398
3.2199216129040398
3.2199216129040398
3.2199216129040398
3.2199216129040398
3.2145944571065104
3.205733623481923
3.205733623481923
3.218495344442394
3.218495344442394
3.2151370138555078
3.2151370138555078
3.2151370138555078
3.2151370138555078
3.2027080782361694
3.1795364741618046
3.1795364741618046
3.2130268576315317
3.205214493146325
3.2117823468843656
3.217885995974801
3.210010180422561
3.210010180422561
3.210010180422561
3.210010180422561
3.2080686070944457
3.2080686070944457
3.204320952493709
3.204320952493709
3.2413908216406266
3.2413908216406266
3.2413908216406266
3.2472924434103687
3.2258819794817004
3.2258819794817004
3.2258819794817004
3.224116618198609
3.224116618198609
3.224116618198609
3.227814526726226
3.199276600709948
3.2033043134569295
3.215195106101485
3.2166335844331804
3.2166335844331804
3.2057473062735826
3.220941301713941
3.220534285837105
3.223294433074269
3.224786943348944
3.2229693002064317
3.2229693002064317
3.2229693002064317
3.2229693002064317
3.2229693002064317
3.2286810858861728
3.225759752667918
3.225759752667918
3.2261594075986757
3.219472642513708
3.219472642513708
3.219472642513708
3.227821440042681
3.218104511796783
3.218104511796783
3.206941565496908
3.206941565496908
3.204384686837458
3.211478832094675
3.1874899258846945
3.1859242897439186
3.1859242897439186
3.190356632292109
3.1884305898031573
3.1884305898031573
3.1884305898031573
3.1884305898031573
3.1884305898031573
3.1854184283693425
3.1854184283693425
3.1854184283693425
3.1854184283693425
3.1854184283693425
3.1854184283693425
3.180982157414319
3.180982157414319
3.1916009099849876
3.207624078084746
3.188610808745066
3.188610808745066
3.188610808745066
3.208676728407551
3.2036721829714105
3.2036721829714105
3.2036721829714105
3.2036721829714105
3.2076383102897266
3.2076383102897266
3.2216756065581325
3.2216756065581325
3.2179233379888337
3.2179233379888337
3.225326367499204
3.225326367499204
3.2269607984539426
3.228619372796723
3.228619372796723
3.228619372796723
3.228619372796723
3.228619372796723
3.228619372796723
3.250273673038272
3.250273673038272
3.2409162135446214
3.2409162135446214
3.22977034616726
3.2364793658245716
3.2364793658245716
3.2364793658245716
3.2364793658245716
3.2364793658245716
3.215947497197751
3.244824322015726
3.244824322015726
3.2313048070672536
3.2313048070672536
3.2313048070672536
3.2313048070672536
3.2313048070672536
3.2245466247107903
3.2226865864416077
3.2226865864416077
3.2226865864416077
3.209535407360663
3.201306229107323
3.2013018089207264
3.1886157190144635
3.1886157190144635
3.1886157190144635
3.1886157190144635
3.1886157190144635
3.192188256110574
3.1979146398218794
3.2048560511717565
3.183120258013853
3.183120258013853
3.1947628765172573
3.1947628765172573
3.2035987842716764
3.1928106587770704
3.1960218560094664
3.1927112652013228
3.1927112652013228
3.2119829763078833
3.2119829763078833
3.2119829763078833
3.2221704227295875
3.223557061531726
3.20612403470719
3.20612403470719
3.20612403470719
3.20612403470719
3.2302110141450315
3.2168069614972117
3.2168069614972117
3.2096065869836683
3.2096065869836683
3.2096065869836683
3.2096065869836683
3.202567911709654
3.202567911709654
3.2058590151182607
3.2058590151182607
3.2058590151182607
3.2038513328093274
3.2038513328093274
3.2038513328093274
3.2038513328093274
3.196873617884429
3.1898220456003297
3.2117048213417863
3.207928973784385
3.207928973784385
3.207928973784385
3.207928973784385
3.2092659462236397
3.200201599636742
3.200201599636742
3.200201599636742
3.200201599636742
3.192795239193009
3.192795239193009
3.1976598202955513
3.2082596114738497
3.2082596114738497
3.214744821953264
3.214744821953264
3.2036031910347607
3.194726280295466
3.188819996555961
3.188819996555961
3.188819996555961
3.188819996555961
3.170633889779735
3.170633889779735
3.170633889779735
3.170633889779735
3.170633889779735
3.179953266805855
3.18894402576148
3.1784130953496663
3.1784130953496663
3.1784130953496663
3.178983436523738
3.178983436523738
3.1648292675183045
3.1444451640227924
3.1444451640227924
3.1444451640227924
3.1558418649019395
3.1558418649019395
3.1558418649019395
3.1683414407217305
3.1673811447598132
3.1673811447598132
3.2116594595806975
3.2163389744478987
3.2206543985752076
3.2020025815796846
3.195476229063472
3.1938796369413036
3.1938796369413036
3.1938796369413036
3.211683840953341
3.215436066687568
3.188936339216887
3.188936339216887
3.1936907110525268
3.1975484908786407
3.1870349817110997
3.1816831169525437
3.178437104948067
3.1912875330964323
3.1912875330964323
3.1953303947501013
3.1953303947501013
3.1953303947501013
3.170244464926348
3.1781041135763557
3.1631060111983818
3.1861398402638854
3.1861398402638854
3.1812581329532765
3.1812581329532765
3.1812581329532765
3.191003030388713
3.191003030388713
3.198638597332541
3.198638597332541
3.198638597332541
3.198638597332541
3.198638597332541
3.202469665577886
3.174886557826109
3.1588968376265183
3.1588968376265183
3.1647371528532737
3.1647371528532737
3.1646010973067225
3.1646010973067225
3.1735241561390253
3.2011962493284933
3.194481078806016
3.197312620433052
3.197312620433052
3.194203233358101
3.1829165290859853
3.202837784368567
3.182075854549192
3.182075854549192
3.201738937617347
3.1852648794550467
3.1827180703117355
3.1827180703117355
3.1827180703117355
3.1786524381704844
3.193938467617166
3.212652372634186
3.190237306089044
3.190237306089044
3.192866610788287
3.192866610788287
3.192866610788287
3.217955437287823
3.2174069563480936
3.2183751771767177
3.2165846644886678
3.2165846644886678
3.1879509115608444
3.1879509115608444
3.1851138264351326
3.1851138264351326
3.1851138264351326
3.1851138264351326
3.175580242476367
3.175580242476367
3.175580242476367
3.175580242476367
3.1914434756844665
3.1914434756844665
3.1914434756844665
3.1868286974845947
3.177118801811548
3.177118801811548
3.177118801811548
3.177118801811548
3.177118801811548
3.2078246084250974
3.200128131399746
3.1989040536719804
3.2029160116458693
3.2029160116458693
3.2007842211994895
3.2007842211994895
3.2007842211994895
3.2007842211994895
3.1891972803499358
3.1891972803499358
3.172291450568144
3.172291450568144
3.169582876253564
3.1784374730021954
3.1784374730021954
3.1784374730021954
3.1784374730021954
3.1784325517780707
3.192611914888241
3.1693302904018865
3.193254739130621
3.175954861411196
3.175954861411196
3.1806712606187544
3.1664603645317513
3.1876103350854152
3.1892780723371557
3.1892780723371557
3.2042895248114363
3.215225214767891
3.215225214767891
3.2129939822433973
3.2131371104065423
3.2103560555117627
3.2103560555117627
3.2064252404850477
3.213094760020125
3.204193693255843
3.230629586982811
3.230629586982811
3.230629586982811
3.201039409546972
3.201039409546972
3.210547850286875
3.210547850286875
3.210547850286875
3.2077340660277174
3.198454316139057
3.198454316139057
3.206150857478379
3.176023666938756
3.177973066036337
3.194287673153214
3.194287673153214
3.2009879738451055
3.2009879738451055
3.2110418402159144
3.2110418402159144
3.2110418402159144
3.190073270196904
3.190073270196904
3.190073270196904
3.194558695435043
3.185277932296154
3.1911832651099035
3.1947731862618283
3.1947939407457633
3.172728734699669
3.172728734699669
3.171976687503788
3.171976687503788
3.171976687503788
3.159193865504163
3.159193865504163
3.159193865504163
3.1608343585029046
3.1608343585029046
3.1608343585029046
3.1652942793497743
3.1652942793497743
3.1652942793497743
3.1621973303581
3.1708383658224144
3.175021322585412
3.175021322585412
3.175021322585412
3.175021322585412
3.1635106928228445
3.1324877813482765
3.116030299990576
3.116030299990576
3.1225130269102457
3.1419033908630625
3.1419033908630625
3.150437454545734
3.16240655819401
3.17622856162455
3.17622856162455
3.173724353782511
3.173724353782511
3.173724353782511
3.1710720755882487
3.1696924823378065
3.144063607942233
3.144063607942233
3.144063607942233
3.144063607942233
3.1720730095893357
3.17573843107522
3.17573843107522
3.19275624073314
3.2064907657320085
3.206061341332453
3.189970877349133
3.1833873764511713
3.1880220640849206
3.190659291412188
3.1855537345448837
3.1855537345448837
3.178622312392129
3.178622312392129
3.178380346291685
3.180491637155515
3.188316957376114
3.1635848583669897
3.1750211507879027
3.1854382274991377
3.188447598150661
3.1928779499601085
3.1928779499601085
3.2001382577157735
3.194777897024132
3.194777897024132
3.194777897024132
3.191441340290423
3.191441340290423
3.2009709376739974
3.2009709376739974
3.2124821648599085
3.2113215558534782
3.2177916391241475
3.2052235963201574
3.2152320941606405
3.2125919214043437
3.232566677190429
3.226258411461085
3.2274575730646466
3.23560459001001
3.2079124001891643
3.2064199450223385
3.2064199450223385
3.1914448697618565
3.1914448697618565
3.200333461857799
3.200333461857799
3.200333461857799
3.170928535711372
3.170928535711372
3.16610229765693
3.155029964553513
3.155029964553513
3.155029964553513
3.155029964553513
3.155029964553513
3.155029964553513
3.1528740879442947
3.1677755647150017
3.1804648843273386
3.1804648843273386
3.207628102129924
3.212913285548209
3.212913285548209
3.203736482993174
3.1969886796075624
3.1969886796075624
3.1969886796075624
3.1969886796075624
3.183565799993374
3.183347769170952
3.194263431827785
3.187469676086909
3.187469676086909
3.1634897010759033
3.1744957289988154
3.1744957289988154
3.2005271259756425
3.2005271259756425
3.200846356658873
3.1792826039893276
3.162309390815669
3.162309390815669
3.160035493675512
3.160035493675512
3.1622379606477793
3.137053989466534
3.153632620995953
3.145777720537121
3.150788449751193
3.1551857217761388
3.1650221775661995
3.172282429269672
3.1774194856078575
3.1774194856078575
3.1774194856078575
3.1774194856078575
3.1774194856078575
3.1774194856078575
3.1693123283381985
3.1773577388703584
3.1787070014224565
3.1791115465269093
3.1697260449059104
3.15714111457837
3.166247136280779
3.1476516318649916
3.171418149867068
3.171418149867068
3.176611341966973
3.1916952880765885
3.1916952880765885
3.1916952880765885
3.1916952880765885
3.1798592378034205
3.183108635890032
3.180750938505156
3.2102292753862
3.1960083321959107
3.1983024877618713
3.1861827338308335
3.1861827338308335
3.210387310238265
3.195754707982638
3.1809397737697136
3.182697673351468
3.1775394230527483
3.1840177855760428
3.158611091640083
3.158611091640083
3.1529415413077198
3.147455385607574
3.1435238337206486
3.142336631948234
3.185448160407963
3.185448160407963
3.185448160407963
3.1957410011941154
3.1957410011941154
3.192744776404252
3.191695484363337
3.2026874933716574
3.2026874933716574
3.2026874933716574
3.202090116023234
3.204056399022068
3.19509182022345
3.1706764815486173
3.174468553633887
3.174468553633887
3.174468553633887
3.180001067583
3.180001067583
3.1870581194350143
3.1870581194350143
3.2031394225948358
3.1915853097569626
3.193174930392614
3.202501818545665
3.202501818545665
3.194409360509327
3.1932351642322847
3.216131774296272
3.216131774296272
3.2165884847177373
3.2165884847177373
3.2165884847177373
3.215108222094602
3.215108222094602
3.2041491431592974
3.2041491431592974
3.2041491431592974
3.2041491431592974
3.173412535814901
3.181352784297926
3.1972413394759553
3.1972413394759553
3.1972413394759553
3.198962801720474
3.1999600521247054
3.1999600521247054
3.2023372169171997
3.191487958482294
3.192581938665444
3.192581938665444
3.192581938665444
3.192581938665444
3.192581938665444
3.18185988092162
3.1894211375369905
3.2005718280291386
3.190161081015364
3.190161081015364
3.1919900117491653
3.1757397989520464
3.1820667551969133
3.1855774031087063
3.1801387670788643
3.1766192698582603
3.210815762380517
3.202291234407789
3.202291234407789
3.202291234407789
3.205839335784656
3.21272366936318
3.21272366936318
3.21272366936318
3.206347046105706
3.211618587380653
3.1914832963059716
3.1914832963059716
3.1914832963059716
3.186095242644845
3.186095242644845
3.186095242644845
3.1713088706885717
3.1791053136276153
3.171018480695009
3.171018480695009
3.171018480695009
3.188359946955723
3.188359946955723
3.1984767565106846
3.1984767565106846
3.1984767565106846
3.1856816728036494
3.1801178587353984
3.181566335963654
3.16282830877257
3.172326963309765
3.172326963309765
3.1779890873158365
3.1779890873158365
3.1789893219891034
3.1552969741810886
3.1702288029096866
3.1702288029096866
3.1702288029096866
3.1739068387536906
3.1700420580090984
3.154098235076462
3.164035114055291
3.1636080141967504
3.1843073975643668
3.1739750486430256
3.166959739899279
3.1625130926017073
3.1585584177769013
3.1683936394289303
3.1683936394289303
3.1714923333867007
3.1693948923901023
3.1693948923901023
3.175831314947176
3.183380624688339
3.183380624688339
3.172057697747336
3.172057697747336
3.172057697747336
3.17413578349281
3.1774747458726624
3.1774747458726624
3.181836732474955
3.1838962900131746
3.1777918274569763
3.1663755655857764
3.1708596602841017
3.1708596602841017
3.1773942495454106
3.1773942495454106
3.1801145042942283
3.183058035255452
3.183058035255452
3.187062269982582
3.2159685380663596
3.1960619487154345
3.1960619487154345
3.195562809293719
3.1856955567252223
3.2036876470361784
3.1995872804074827
3.200987305116745
3.196948615077309
3.1913022111068394
3.1913022111068394
3.186523208024771
3.1784762186987785
3.1784762186987785
3.1784762186987785
3.1784762186987785
3.199238030992507
3.1798776458358593
3.1798776458358593
3.1926336512996216
3.174087281035269
3.174087281035269
3.1796182078098303
3.1796182078098303
3.1796182078098303
3.1789969148556265
3.1789969148556265
3.1726192607269437
3.1726192607269437
3.1726192607269437
3.1699346311347356
3.1749116068992764
3.1939091283021477
3.1939091283021477
3.1891366009907327
3.1666266174878324
3.1666266174878324
3.1666266174878324
3.1666266174878324
3.1666266174878324
3.16229380967736
3.1571964402541117
3.157910882007833
3.157910882007833
3.157910882007833
3.1732570746865973
3.172631750425807
3.172631750425807
3.1761784295117366
3.1783978277594573
3.1783978277594573
3.1827624238632524
3.1648086318954607
3.1648086318954607
3.152510158312613
3.152510158312613
3.171354171223998
3.171354171223998
3.171354171223998
3.1693556991900924
3.1764512768263065
3.1659864138677056
3.1773568402727146
3.155151460934588
3.160001718954656
3.1733768563343507
3.1733768563343507
3.1683895933635724
3.1683895933635724
3.1683895933635724
3.174140380681194
3.174140380681194
3.1952081499061844
3.1935963854489913
3.192830407265047
3.193271887554965
3.193271887554965
3.1893825804296627
3.1865172830415136
3.1865172830415136
3.1865172830415136
3.1865172830415136
3.1865172830415136
3.1882182296437622
3.1882182296437622
3.199947765967831
3.199947765967831
3.199947765967831
3.1693597633062223
3.1693597633062223
3.1693597633062223
3.1693597633062223
3.1753806119951866
3.1921603859189647
3.1603514618485984
3.1674208454179156
3.1987157996074904
3.1675753178107433
3.1836286505893407
3.1836286505893407
3.168939339623751
3.1452394456954997
3.16572637390925
3.16572637390925
3.1597882089495517
3.1498730174715543
3.1480348704264234
3.131973324476557
3.1446524202368664
3.1429608938801645
3.1429608938801645
3.1439171826722907
3.1466026284939876
3.1466026284939876
3.1466026284939876
3.1466026284939876
3.1466026284939876
3.1466026284939876
3.1565845861351147
3.1565845861351147
3.1756977518626046
3.187197426865584
3.1889732917660174
3.1889732917660174
3.1889732917660174
3.178888365452882
3.171727228595834
3.187642841500488
3.187440815205658
3.187440815205658
3.187440815205658
3.187440815205658
3.177460511620524
3.177460511620524
3.1770670985647786
3.1763200376745657
3.1763200376745657
3.1823079386612614
3.1823079386612614
3.19495661739013
3.19495661739013
3.1846076822328797
3.1845244672551276
3.1845244672551276
3.2038272708670097
3.1965560048997124
3.1965560048997124
3.1965560048997124
3.19679198600575
3.195725474969227
3.195725474969227
3.195725474969227
3.195725474969227
3.1800789198288264
3.1789681186660905
3.1789681186660905
3.1789681186660905
3.1789681186660905
3.1975308241794047
3.1975308241794047
3.1975308241794047
3.183844945786084
3.1720815910820006
3.1763926211725515
3.1763926211725515
3.1763926211725515
3.1791086906078045
3.1782528768029414
3.192717381123965
3.202786108995388
3.2133471025978824
3.199308197679058
3.1843930955332147
3.175618146131454
3.1925403019000997
3.1925403019000997
3.1725796413798992
3.1849591117944125
3.1849591117944125
3.1979059357886106
3.180337056338011
3.1607500928739
3.1994836595076745
3.1994836595076745
3.20155162415194
3.20155162415194
3.20155162415194
3.20782917302931
3.1978739619359455
3.1952329264858275
3.1952329264858275
3.1680488643627815
3.1680488643627815
3.147853672497412
3.147853672497412
3.1486312804480296
3.14837180270622
3.1513921528326843
3.158854191806731
3.172042981881818
3.1485308471284483
3.155124541232948
3.159733260463801
3.159733260463801
3.1636304796688015
3.15192894591607
3.15192894591607
3.1458045002892185
3.1657658066081615
3.172576271848957
3.161453132836046
3.1677480460693666
3.1685821421060596
3.1842666112910845
3.175371291702214
3.177743992466564
3.177743992466564
3.186054447474133
3.165663300559681
3.165663300559681
3.165663300559681
3.165663300559681
3.169533254622735
3.169533254622735
3.17334393482444
3.17334393482444
3.196030798981756
3.196030798981756
3.179778671727297
3.149595086981483
3.162888556734837
3.1544681398373067
3.176138029252415
3.176138029252415
3.156857647733604
3.1658869012334763
3.194165750749072
3.1864455226271073
3.1864455226271073
3.165681630899549
3.165681630899549
3.165681630899549
3.189983545425542
3.189983545425542
3.181758016039588
3.181758016039588
3.200858135518085
3.1836181567890267
3.1836181567890267
3.1898085194627765
3.1898085194627765
3.1898085194627765
3.1898085194627765
3.1897324544262333
3.1897324544262333
3.1897324544262333
3.1897324544262333
3.2003494741177962
3.2003494741177962
3.2003494741177962
3.208133884643214
3.208133884643214
3.1935107201718895
3.19052839350138
3.19052839350138
3.176827116752885
3.1801470963747454
3.192393823047189
3.1932975656283107
3.1662332097020194
3.1786668453405675
3.1819556921222736
3.1819556921222736
3.1819556921222736
3.1689919545892353
3.18935309661613
3.184066081538949
3.184066081538949
3.184066081538949
3.164477001024678
3.1561667219105747
3.1561667219105747
3.1561667219105747
3.1561667219105747
3.1528824990302904
3.1767306424639865
3.1767306424639865
3.1797130686439954
3.1797130686439954
3.1797130686439954
3.1797130686439954
3.1797130686439954
3.1797130686439954
3.1561979187034988
3.1495417692684704
3.1436821147668175
3.1436821147668175
3.1858394531448075
3.1502302238313344
3.1602952693513533
3.1602952693513533
3.1593775672407016
3.160721365331541
3.1571368465864103
3.1367109553577706
3.163966327167376
3.163966327167376
3.1812540882388336
3.1812540882388336
3.1979821083162046
3.1979821083162046
3.1979821083162046
3.2024188887693397
3.2024188887693397
3.2007600542997885
3.2007600542997885
3.1912964227678273
3.1946020109575834
3.1813972396007166
3.187078973533135
3.187078973533135
3.215389676991983
3.215389676991983
3.184483447491331
3.1863333835057768
3.1863333835057768
3.1863333835057768
3.1863333835057768
3.168946961664641
3.168946961664641
3.1868503233461962
3.1868503233461962
3.1868503233461962
3.194468287899711
3.194468287899711
3.204463237688404
3.204463237688404
3.2073169424569965
3.218876634757521
3.2251671382641316
3.2251671382641316
3.222437275530249
3.2438932539130825
3.2438932539130825
3.2438932539130825
3.2438932539130825
3.2438932539130825
3.2438932539130825
3.224905226764243
3.211581820923504
3.211581820923504
3.1824945281669472
3.1824945281669472
3.1975639553069715
3.1975639553069715
3.208986743244475
3.208986743244475
3.208986743244475
3.192296934858077
3.1913668918862914
3.197194470822292
3.197194470822292
3.183322299753449
3.183322299753449
3.183322299753449
3.183322299753449
3.183322299753449
3.183322299753449
3.183322299753449
3.183322299753449
3.183322299753449
3.183322299753449
3.184121181082101
3.188736021267306
3.208924949347707
3.208924949347707
3.208924949347707
3.195449258862859
3.1955786436346107
3.1955786436346107
3.1955786436346107
3.1955786436346107
3.1955786436346107
3.16500847065059
3.153918342616448
3.1602706800492513
3.163769045166947
3.163769045166947
3.178211905621707
3.1863945503134685
3.1871627857232396
3.1871627857232396
3.1987462897905887
3.1987462897905887
3.1987462897905887
3.190834693133752
3.190834693133752
3.190834693133752
3.1931498045847606
3.1931498045847606
3.1931498045847606
3.1931498045847606
3.2100405757383887
3.2100405757383887
3.2100405757383887
3.2100405757383887
3.2100405757383887
3.2100405757383887
3.2088166337794766
3.2088166337794766
3.199508236740653
3.1864690234040323
3.2107920222567303
3.2107920222567303
3.201680975576635
3.2332995778499805
3.2332995778499805
3.2209633089000205
3.2327098842199153
3.2327098842199153
3.2327098842199153
3.2327098842199153
3.206037839591622
3.192345330124439
3.192345330124439
3.192345330124439
3.18478268739234
3.185061110575202
3.185061110575202
3.185061110575202
3.1890851619055356
3.1890851619055356
3.2164279351090785
3.224700353871629
3.23505000612834
3.240085459488009
3.228745310813511
3.228745310813511
3.2147446376887987
3.2147446376887987
3.2147446376887987
3.2240901565938027
3.2240901565938027
3.2240901565938027
3.223650872866713
3.223650872866713
3.201801034852931
3.201801034852931
3.201801034852931
3.201801034852931
3.201801034852931
3.201801034852931
3.201801034852931
3.190313243354621
3.228338514150363
3.237232859673261
3.2075693453771374
3.2075693453771374
3.2066444364754667
3.2100002685762132
3.185095456203217
3.2203954911739388
3.2203954911739388
3.2203954911739388
3.226281345910056
3.216631889611768
3.216631889611768
3.216631889611768
3.209659289353635
3.1985390207914555
3.1985390207914555
3.2015146042152405
3.2235875451245932
3.2261699941442816
3.2261699941442816
3.2261699941442816
3.2261699941442816
3.234636645861855
3.219382897852281
3.2109929897163614
3.219807208272414
3.2369038158092134
3.2271927694859577
3.215432810786393
3.215432810786393
3.215432810786393
3.215432810786393
3.21247811028647
3.224034810391562
3.224034810391562
3.224034810391562
3.216353206188289
3.216353206188289
3.2208370293668707
3.2208370293668707
3.222394456385946
3.2239330146303824
3.220255475207244
3.2117171112625806
3.189916533772172
3.2143992634416714
3.180094398532893
3.217312488695825
3.217312488695825
3.2109528516530563
3.216162795330921
3.1855082883239167
3.2079189520326863
3.215224592813562
3.215224592813562
3.2082466143136554
3.2082466143136554
3.1985812265910343
3.199818508012201
3.2246186924009286
3.1883049908518593
3.1883049908518593
3.2041318278106425
3.2041318278106425
3.1917435222443182
3.1997127338838895
3.202250646134838
3.199071345071407
3.1753963833913077
3.1753963833913077
3.20365775452838
3.1997546794292955
3.1997546794292955
3.1997546794292955
3.218191801685103
3.19429289987344
3.195855454689131
3.195855454689131
3.1768138854713697
3.1748341249435197
3.192627903004602
3.185017263962167
3.185017263962167
3.1913986302702004
3.203455959332086
3.1877242149269502
3.1877242149269502
3.1665859712747157
3.169498799875569
3.169498799875569
3.169498799875569
3.177966774507728
3.198463113201417
3.198463113201417
3.198463113201417
3.1989968813053795
3.1902827570353667
3.1783279464475487
3.184015259737064
3.186886743163339
3.1928002662820356
3.1928002662820356
3.2158790753512396
3.2031783056894
3.2031783056894
3.2031783056894
3.2031783056894
3.225603204088554
3.225603204088554
3.225603204088554
3.2084084477778596
3.202870432507245
3.2120117533806187
3.2195502111091954
3.219794689924045
3.222772752042355
3.2170427780335302
3.2170427780335302
3.2182850318166567
3.2197015947826193
3.2197015947826193
3.226832696332436
3.2239499401159804
3.2206419643320245
3.2147320740816308
3.2147320740816308
3.199325682518799
3.199325682518799
3.199325682518799
3.2234961266098994
3.2156504295148296
3.2156504295148296
3.2156504295148296
3.2156504295148296
3.2156504295148296
3.2166099455182793
3.2166099455182793
3.210341623375418
3.223641904009513
3.223641904009513
3.229847305384758
3.229847305384758
3.229847305384758
3.229847305384758
3.229847305384758
3.220341655995832
3.2211174519333925
3.2157144239299633
3.229292670642958
3.228345245229032
3.220693175444941
3.209029868555339
3.209029868555339
3.209029868555339
3.18337055185683
3.1795252019397253
3.167279702758272
3.1756605952353167
3.183406135384164
3.1981700954823005
3.1981700954823005
3.1981700954823005
3.188160755226008
3.188160755226008
3.1803664619778704
3.194445682105206
3.194445682105206
3.194445682105206
3.188798054059567
3.188798054059567
3.1974318167613944
3.1974318167613944
3.205783837240068
3.205783837240068
3.2071164988472916
3.207304384457426
3.220546635781635
3.220546635781635
3.2387278333039555
3.2387278333039555
3.2375523522748173
3.2375523522748173
3.212908331348731
3.247518486052231
3.258554484939498
3.258554484939498
3.2623951731804586
3.2739249620414435
3.250214256934069
3.250214256934069
3.2394280848634565
3.217135739917487
3.217135739917487
3.229389894225783
3.21872662176886
3.2075085615394197
3.221537771859706
3.2321986292838676
3.2185443676398378
3.2185443676398378
3.2185443676398378
3.214416470219533
3.214416470219533
3.2190900084432714
3.2190900084432714
3.2190900084432714
3.225008613374132
3.225008613374132
3.2039119625304284
3.2250599057951814
3.2250599057951814
3.2250599057951814
3.20281759761471
3.1854521722215985
3.1854521722215985
3.1854521722215985
3.17699185422506
3.17699185422506
3.17699185422506
3.1972038181394073
3.1699593084903364
3.182824148426259
3.1920232293902813
3.1987664079595564
3.1987664079595564
3.1797102502553733
3.1797102502553733
3.16024227671926
3.1646445632683995
3.1646445632683995
3.183618508816552
3.1997553991669014
3.2184120558224887
3.225886276118779
3.208888998148354
3.1905183343433925
3.198050854964219
3.198050854964219
3.198050854964219
3.1957017176149844
3.218864805339168
3.218864805339168
3.217426428948263
3.2218239126572423
3.2218239126572423
3.2218239126572423
3.196083640532778
3.197843295624471
3.197843295624471
3.1995750631322744
3.196405364770206
3.2090068266376774
3.2090068266376774
3.2090068266376774
3.2065824115202424
3.2145245541033787
3.2125290998343097
3.214956910273876
3.214956910273876
3.214956910273876
3.214956910273876
3.225217031035585
3.19523708060047
3.19523708060047
3.1912654546464774
3.1912654546464774
3.1912654546464774
3.2094093618770976
3.2094093618770976
3.209490121736088
3.209490121736088
3.2250603720307467
3.2467942375008016
3.2467942375008016
3.2370103056816597
3.2288371480679796
3.2288371480679796
3.2288371480679796
3.246063554328001
3.246063554328001
3.2353485287986894
3.2208198801952004
3.2208198801952004
3.2208198801952004
3.211032089293002
3.2143846010078687
3.2258113949836535
3.2324433060792934
3.2324433060792934
3.2324433060792934
3.231223357659303
3.2294146166479107
3.1912687308490635
3.1912687308490635
3.1912687308490635
3.190905747959342
3.209627365115345
3.1900862095349574
3.1838522133006566
3.1838522133006566
3.1701790125943825
3.1701790125943825
3.170247863697597
3.170247863697597
3.170247863697597
3.176406699990902
3.1489411309464366
3.1517198804240816
3.148186331186931
3.148186331186931
3.148186331186931
3.147979938278472
3.1588214914540096
3.1588214914540096
3.1588214914540096
3.1588214914540096
3.141316778563461
3.1788247847271167
3.1788247847271167
3.1788247847271167
3.1788247847271167
3.1512882398960733
3.1512882398960733
3.149627283661043
3.1528628789506143
3.160979680042672
3.161116241445708
3.161116241445708
3.161116241445708
3.161116241445708
3.168767780724898
3.168767780724898
3.197059405352227
3.197059405352227
3.1911653410443095
3.1911653410443095
3.1679971711488286
3.1858807107712273
3.1858807107712273
3.195322698414486
3.187013600009468
3.187013600009468
3.1795357676267457
3.1749408524380884
3.1749408524380884
3.157297644669786
3.1755982919811623
3.171633842864391
3.171633842864391
3.165878966787978
3.158217962324116
3.166041001628062
3.166041001628062
3.157999288923244
3.157999288923244
3.157999288923244
3.157999288923244
3.1341347721906554
3.1556763199227396
3.1556763199227396
3.160174308351368
3.1634182448631676
3.1634182448631676
3.16183045399948
3.16183045399948
3.1645279169178426
3.1645279169178426
3.1645279169178426
3.18731275725613
3.18731275725613
3.18731275725613
3.18731275725613
3.177634159055556
3.1680868611713486
3.1691595766508827
3.1683454002592724
3.164265528567966
3.164265528567966
3.164265528567966
3.126569859013066
3.1312440353759903
3.125337718079633
3.125229819153904
3.1328871377467475
3.143607262511941
3.1494372015940133
3.1481285039190947
3.160623597090369
3.1836746290019104
3.1836746290019104
3.1836746290019104
3.1836746290019104
3.188921202219763
3.1764217740828142
3.1764217740828142
3.195730009225126
3.195730009225126
3.2188680295416887
3.2188680295416887
3.203787044727951
3.203787044727951
3.1981651840264806
3.194662077205956
3.194662077205956
3.1911176223112454
3.1875061102621656
3.170498679226097
3.170498679226097
3.193099524398835
3.193099524398835
3.1916999394234393
3.197884643725261
3.200512990151099
3.1999772774472097
3.1959878782047
3.1959878782047
3.197741938848884
3.1954214147806423
3.1954214147806423
3.1954214147806423
3.1954214147806423
3.199054627752507
3.1949529611478464
3.2023794781184067
3.2023794781184067
3.2023794781184067
3.1803700182489103
3.174830001405999
3.1824853459403593
3.1824853459403593
3.1824853459403593
3.1824853459403593
3.1824853459403593
3.1824853459403593
3.1747563551974536
3.1747563551974536
3.1747563551974536
3.173149248114054
3.1678819698131315
3.1678819698131315
3.1678819698131315
3.1678819698131315
3.1506042308428275
3.1528061616967054
3.140002361930207
3.140002361930207
3.1371554966545223
3.121767661088422
3.141045322452596
3.130826223302497
3.1240955706958045
3.130512440833764
3.130512440833764
3.1378092679656064
3.1509139748908503
3.1509139748908503
3.1509139748908503
3.1509139748908503
3.1509139748908503
3.163512055208049
3.163512055208049
3.163512055208049
3.1595734926823273
3.1595734926823273
3.169070518381289
3.159926306104755
3.159926306104755
3.1642841074793346
3.1642841074793346
3.1682340634893387
3.1682340634893387
3.1682340634893387
3.1682340634893387
3.188879127403535
3.1832845797309823
3.174526589500724
3.174526589500724
3.174526589500724
3.1733348867680053
3.167008341014097
3.167008341014097
3.167008341014097
3.1516485811880877
3.1516485811880877
3.1593025650532076
3.186259671994538
3.186259671994538
3.193036458708393
3.195136273231543
3.195136273231543
3.195136273231543
3.195136273231543
3.1674195510029812
3.1563995441008794
3.1563995441008794
3.1630553771688703
3.1807553911992748
3.1852329058901794
3.1987284427608813
3.187931931992548
3.187931931992548
3.1916672727587576
3.1864268395417294
3.1853870671851205
3.1853870671851205
3.1853870671851205
3.2128996468379265
3.222487839884262
3.215399967477991
3.2270559942334174
3.2270559942334174
3.2270559942334174
3.2270559942334174
3.2129153639189005
3.2129153639189005
3.2109218720120687
3.2109218720120687
3.1869406956984396
3.1869406956984396
3.1869406956984396
3.1869406956984396
3.204051688236167
3.208201733687495
3.208764930794819
3.2134537613356557
3.2195709334167684
3.211892723991262
3.211892723991262
3.211892723991262
3.211892723991262
3.212530242581988
3.2022246980803657
3.2070529640306975
3.215885358579687
3.217297038919531
3.2236492375471992
3.2236492375471992
3.2236492375471992
3.2103142337446764
3.1989881529414865
3.1764710134984884
3.1780889793645355
3.183864742325285
3.183864742325285
3.182908393157138
3.182908393157138
3.182908393157138
3.2146442760842833
3.2146442760842833
3.226644601341736
3.226644601341736
3.2074958174005626
3.2025612137343695
3.1949270008603854
3.1949270008603854
3.1949270008603854
3.20438300582746
3.20438300582746
3.20438300582746
3.20438300582746
3.209247384826685
3.2067500587546367
3.208203022044956
3.1964363292452584
3.1964363292452584
3.1910063183263935
3.194156173863914
3.203012460521011
3.2111561021797197
3.207898359148506
3.2048589302449253
3.2075018711001264
3.2075018711001264
3.1935549244530774
3.1989877090190264
3.204401989912645
3.204401989912645
3.204401989912645
3.204401989912645
3.204401989912645
3.179684880135678
3.178909487311562
3.1941301540011113
3.1941301540011113
3.189921212858282
3.202574428661792
3.1777805298904527
3.1736008241339717
3.1736008241339717
3.1736008241339717
3.1736008241339717
3.174318162180141
3.2042535212984156
3.181544660165242
3.181544660165242
3.187098938086827
3.1872119135748886
3.173647096383182
3.173647096383182
3.1751206242441232
3.1751206242441232
3.1751206242441232
3.191001688602397
3.1935807607896995
3.193949239664475
3.2247485122729778
3.2247485122729778
3.2220066948949286
3.2220066948949286
3.2220066948949286
3.2237500235882917
3.2237500235882917
3.227530661207051
3.227530661207051
3.184781553494444
3.1950667862025064
3.2028378561112594
3.196509143900935
3.1871326936485547
3.1871326936485547
3.1871326936485547
3.191817518411554
3.203595560943081
3.203595560943081
3.206060491433337
3.2107632724673367
3.188790632824175
3.2118681284278665
3.198162240921776
3.198162240921776
3.198162240921776
3.198162240921776
3.2010881892431016
3.2010881892431016
3.1858059285001126
3.1858059285001126
3.1808158725095748
3.1808158725095748
3.1808158725095748
3.1808158725095748
3.1808158725095748
3.186690488093104
3.1902197946054414
3.1845394866599275
3.1691859065279386
3.1845183829610457
3.1845183829610457
3.1845183829610457
3.184616258833256
3.1767066185825725
3.1770221031361916
3.179899752925485
3.194954646708413
3.1861493990576975
3.1861493990576975
3.178029591354311
3.178029591354311
3.1961903875468853
3.1920441530303525
3.1920441530303525
3.1920441530303525
3.1986250532123166
3.1753492098803484
3.196167425032785
3.195030515193897
3.195030515193897
3.187245805016679
3.177081800494645
3.177081800494645
3.177907230209416
3.177907230209416
3.177907230209416
3.172965697185251
3.172965697185251
3.172965697185251
3.175568621537562
3.175568621537562
3.175568621537562
3.2044083479685392
3.2071415723554964
3.2071415723554964
3.2071415723554964
3.202762553061605
3.194411491897127
3.194411491897127
3.1825203586751463
3.1825203586751463
3.1953587432142325
3.1953587432142325
3.1953587432142325
3.1953587432142325
3.1908003607939466
3.1820467834500485
3.1820467834500485
3.163536175997351
3.1583271418972583
3.1583271418972583
3.171797083641586
3.165270352949262
3.1836092234130877
3.179031284507999
3.179031284507999
3.187845252521915
3.1923627558901497
3.1923627558901497
3.2024507486778324
3.2024507486778324
3.2003133158846087
3.215689621666642
3.215689621666642
3.2196717887365005
3.2196717887365005
3.2196717887365005
3.2196717887365005
3.2170042097540543
3.2170042097540543
3.2170042097540543
3.2251750453606003
3.2288404236246393
3.2288404236246393
3.2288404236246393
3.2288404236246393
3.2288404236246393
3.1929676214138953
3.1958171502082497
3.1958171502082497
3.1958171502082497
3.191767786531517
3.172312790267512
3.1655950378215856
3.1527625196007802
3.1527625196007802
3.17631790184239
3.169311189878876
3.1755528706529077
3.1755528706529077
3.1923006266068246
3.1923006266068246
3.179872219379531
3.1642904100945546
3.143357295679456
3.165635786101478
3.1846595608737918
3.1708599546398464
3.16259501918737
3.1726535824132145
3.1881864447617305
3.180519496784383
3.1793573899338092
3.161641383236057
3.161641383236057
3.161641383236057
3.161641383236057
3.1523175272941093
3.1523175272941093
3.160229172174346
3.1609130254553146
3.1609130254553146
3.167728014372928
3.167728014372928
3.163831494356602
3.1712201365914545
3.1712201365914545
3.1542422956436424
3.1542422956436424
3.1542422956436424
3.1542422956436424
3.1542422956436424
3.1542422956436424
3.16926757301543
3.165684945359835
3.1620694318700924
3.1726791991939964
3.1668229490965705
3.1665115665720442
3.1574185638271945
3.159640671216887
3.1593575774944553
3.1593575774944553
3.1593575774944553
3.186070716792337
3.192469347344972
3.1762070870815324
3.1762070870815324
3.174750919519415
3.174750919519415
3.174750919519415
3.1722523446485633
3.169986846675831
3.169986846675831
3.197534058941716
3.197534058941716
3.197534058941716
3.185487596516382
3.185487596516382
3.185487596516382
3.216750626121805
3.216750626121805
3.2227859606038947
3.2227859606038947
3.2227859606038947
3.2227859606038947
3.2227859606038947
3.215352242690475
3.215352242690475
3.215352242690475
3.2231305627045486
3.2231305627045486
3.235415534105476
3.217940074004822
3.2027349165238537
3.2060354485658826
3.2060354485658826
3.2181115302224113
3.2181115302224113
3.2181115302224113
3.2181115302224113
3.2181115302224113
3.2181115302224113
3.2181115302224113
3.2181115302224113
3.2034037685259196
3.2034037685259196
3.2034037685259196
3.2034037685259196
3.2034037685259196
3.180010187403595
3.1900051240081377
3.1900051240081377
3.1900051240081377
3.191202822672061
3.1829142796064893
3.1829142796064893
3.1856792534838454
3.174742123692027
3.174742123692027
3.156890560644694
3.156890560644694
3.1648605337809963
3.181857331556533
3.181857331556533
3.1796296321037048
3.157777629907217
3.157777629907217
3.157777629907217
3.163774497361329
3.176662682221159
3.176662682221159
3.176662682221159
3.1774780289705675
3.1720900804476315
3.2069523320235014
3.2122489026015444
3.2122489026015444
3.239800339136316
3.239800339136316
3.239800339136316
3.239800339136316
3.239800339136316
3.2217050110816428
3.2217050110816428
3.2217050110816428
3.2176284276118934
3.2129151303800954
3.194525585811042
3.2207245041618773
3.2207245041618773
3.215528981814806
3.215528981814806
3.215528981814806
3.2013535596005998
3.2013535596005998
3.2013535596005998
3.187821024855252
3.1643897852263074
3.160537542960113
3.160537542960113
3.1767008216083172
3.1767008216083172
3.151731312135806
3.151731312135806
3.1604703570724317
3.166143539079419
3.1588874281158423
3.1671034853065008
3.1671034853065008
3.1671034853065008
3.1568939856266733
3.160539417916616
3.165300140763136
3.165300140763136
3.182728617694412
3.187073530101904
3.187073530101904
3.187073530101904
3.187073530101904
3.187073530101904
3.187073530101904
3.180695794710229
3.180695794710229
3.1792046506618337
3.1792046506618337
3.1792046506618337
3.1792046506618337
3.1792046506618337
3.1673565522057476
3.1673565522057476
3.1913891812203103
3.1913891812203103
3.1867187517963678
3.165129938114317
3.165129938114317
3.165129938114317
3.165129938114317
3.165129938114317
3.165129938114317
3.171805642570099
3.171805642570099
3.171805642570099
3.171805642570099
3.171805642570099
3.183599822801999
3.183599822801999
3.183599822801999
3.183599822801999
3.183599822801999
3.183599822801999
3.183599822801999
3.183599822801999
3.183599822801999
3.1828184602787886
3.205495938310507
3.1998652410940673
3.19796429200939
3.207359186054042
3.200952890403712
3.200952890403712
3.199474010970345
3.199474010970345
3.1913776631010706
3.1866475161716017
3.1871531385303586
3.1871531385303586
3.1832949718231642
3.1832949718231642
3.1986688268937082
3.186028287783938
3.186028287783938
3.2136895837342276
3.2136895837342276
3.2136895837342276
3.209229841581443
3.21558752578332
3.21558752578332
3.200180214460028
3.1780087638124943
3.158078474559495
3.158078474559495
3.158078474559495
3.158078474559495
3.1756648808182217
3.1756648808182217
3.1756648808182217
3.1887712197716347
3.1768419333482636
3.1768419333482636
3.183903455717732
3.1898650470579266
3.1898650470579266
3.18958149096882
3.1798128369601457
3.1798128369601457
3.18970641557458
3.17969960656844
3.1879763571437647
3.1879763571437647
3.1879763571437647
3.173397451384334
3.207325404596054
3.213912295064273
3.226389842611893
3.226389842611893
3.2228249146639314
3.2190603902935813
3.2314099520169215
3.2241777391697437
3.248595127501005
3.244588997971199
3.244588997971199
3.244588997971199
3.2459600119102303
3.2435602970238633
3.2269284916318535
3.221898000686937
3.2416526375323786
3.2430037215856737
3.2430037215856737
3.2348231923764987
3.232113542702143
3.1903523389976334
3.204568519414447
3.204568519414447
3.2096496227329574
3.207980462683904
3.184341135488116
3.2103873788072343
3.2050259557655765
3.2050259557655765
3.2050259557655765
3.232462557940397
3.232462557940397
3.232462557940397
3.2272782520151955
3.2272782520151955
3.2053147881679247
3.2053147881679247
3.2062978847279475
3.2062978847279475
3.201443101161077
3.201443101161077
3.201443101161077
3.201443101161077
3.2076521162129863
3.2142006084768857
3.2142006084768857
3.2142006084768857
3.2142006084768857
3.211859661828578
3.211859661828578
3.211859661828578
3.211859661828578
3.21575710662568
3.210894663691312
3.2146236281922635
3.2146236281922635
3.2146236281922635
3.2146236281922635
3.1877596096485004
3.1877596096485004
3.1877596096485004
3.1877596096485004
3.1753099614140425
3.1741447593528243
3.1741447593528243
3.1618389253560726
3.1641309940127513
3.1861374224755177
3.1861374224755177
3.2005089619895175
3.1940982342417685
3.182909716214227
3.1788927283106343
3.1943957923627933
3.163586990467016
3.1656175643202435
3.1656175643202435
3.169738724972943
3.1740766504884603
3.1740766504884603
3.1684784092610214
3.1823229894729943
3.1823229894729943
3.1657161832107064
3.1635093932560214
3.1635093932560214
3.1635093932560214
3.1802989953987835
3.181535507663529
3.1715024171493496
3.1946902820667753
3.2086882590472783
3.2159345088019204
3.2159345088019204
3.2068153094353296
3.2068153094353296
3.2063125273488797
3.2237335583150455
3.2292453907344343
3.2292453907344343
3.2292453907344343
3.2135580824800036
3.2135580824800036
3.2020396170514216
3.2020396170514216
3.2025896120816064
3.2128144925585205
3.199266740505535
3.19532207280578
3.1901236316448482
3.2078041750662063
3.1904562516593553
3.1904562516593553
3.204588419177034
3.2064286686043464
3.210621190357758
3.210621190357758
3.207634265655892
3.207064689804061
3.1927626684526214
3.1927626684526214
3.1927626684526214
3.1927626684526214
3.1927626684526214
3.1651806640840103
3.1651806640840103
3.1651806640840103
3.1622874708860946
3.1622874708860946
3.1622874708860946
3.1622874708860946
3.18006446429628
3.191799583616284
3.2052130155136034
3.2052130155136034
3.195393419162596
3.195393419162596
3.195393419162596
3.195393419162596
3.195393419162596
3.1905108187916547
3.1978751215275723
3.190793162602661
3.190793162602661
3.190793162602661
3.190793162602661
3.190793162602661
3.176384253720385
3.2011799529452323
3.193863280230335
3.193863280230335
3.178964186880925
3.178964186880925
3.204107653080214
3.204107653080214
3.2034446195329673
3.2065879419697807
3.2065879419697807
3.2065879419697807
3.183246210432379
3.1790364531295974
3.1790364531295974
3.1745017756742073
3.181872452341964
3.1765004782200217
3.181182100998057
3.181182100998057
3.179183632705675
3.1740065490748752
3.1740065490748752
3.1928813230264543
3.1968991212034834
3.200939751806608
3.1957202806295033
3.1683541217144273
3.2042125216738113
3.1881819860368217
3.1731865782762707
3.193090526707481
3.193090526707481
3.1578455316631393
3.1578455316631393
3.1481616312182448
3.164251060157679
3.15794025670898
3.18215260838792
3.1766801238690703
3.1766801238690703
3.189354310973056
3.179698356675035
3.1805841088965763
3.1805841088965763
3.1439785170414307
3.1439785170414307
3.1439785170414307
3.1553199892802724
3.1372525348877818
3.157066813833227
3.157066813833227
3.157066813833227
3.175777052138323
3.155491327276178
3.1571328010995523
3.147911496691234
3.1464930188557285
3.138924078647444
3.1664485508890747
3.1981476983367534
3.1981476983367534
3.1981476983367534
3.2069688639094265
3.2254465642873225
3.2254465642873225
3.232352218320034
3.248885864524949
3.222617467255681
3.219936216364342
3.1961951574112737
3.2144533123709005
3.2034883740387126
3.2034883740387126
3.2018781810859562
3.1891793390267145
3.180879540078518
3.180879540078518
3.1717354865430427
3.1537441030973508
3.188564341196568
3.182687783609008
3.182687783609008
3.182687783609008
3.182687783609008
3.1770750539780956
3.1674354542750778
3.161671468865033
3.1645807793505965
3.1645807793505965
3.1610664586618773
3.1610664586618773
3.155609224134436
3.193423848323905
3.193423848323905
3.2050358877572735
3.2050358877572735
3.2050358877572735
3.198532820804571
3.2135824933282344
3.201048860918948
3.2098646408577833
3.2098646408577833
3.1949373709176507
3.199912335349001
3.199912335349001
3.178987783862443
3.183740388425716
3.186307946188372
3.186307946188372
3.186307946188372
3.2055758338924867
3.2055758338924867
3.2143692726463926
3.2079792949020622
3.2079792949020622
3.212468911811537
3.212468911811537
3.213244091925883
3.213244091925883
3.2153652298717343
3.2153652298717343
3.2153652298717343
3.2357111134454497
3.2357111134454497
3.229115831279631
3.2369105824213116
3.225586521717977
3.231522606807954
3.2233155627473535
3.2233155627473535
3.2233155627473535
3.2334304410600434
3.2334304410600434
3.2419350462046364
3.2419350462046364
3.2436405671276223
3.2436405671276223
3.233520663380692
3.233520663380692
3.233520663380692
3.233520663380692
3.233520663380692
3.2009216163987158
3.187803983673071
3.196923602761908
3.196923602761908
3.196923602761908
3.2067780138941355
3.2067780138941355
3.1931929622412234
3.1988780629472946
3.1988780629472946
3.2003542585452758
3.2003542585452758
3.216761698137099
3.2117621987969347
3.2117621987969347
3.2117621987969347
3.2117621987969347
3.2136279320910703
3.212205763487831
3.2314987644319384
3.2190267087880535
3.2190267087880535
3.2190267087880535
3.2190267087880535
3.2190267087880535
3.2140874891771696
3.2140874891771696
3.2145362993591764
3.2145362993591764
3.183276878537001
3.1854361620689984
3.1659780631594967
3.1659780631594967
3.1659780631594967
3.1787861917274944
3.1751814951845794
3.1751814951845794
3.1751814951845794
3.1751814951845794
3.1751814951845794
3.1756678619114727
3.1756678619114727
3.1622764923231386
3.1622764923231386
3.1745583999502642
3.1745583999502642
3.1745583999502642
3.1756519998646477
3.1797504880372025
3.1797504880372025
3.1811965518319725
3.1811965518319725
3.1811965518319725
3.191941515953895
3.194089940912518
3.2022361211179
3.1888740837085154
3.1818192625487436
3.215671670918712
3.215671670918712
3.215671670918712
3.215671670918712
3.215671670918712
3.2292708938618198
3.2292708938618198
3.2292708938618198
3.2292708938618198
3.2253634610206836
3.2296095323067164
3.2296095323067164
3.235019564972912
3.235019564972912
3.2476865114694986
3.2476865114694986
3.2392908516325676
3.210741448336387
3.2108678842030307
3.2108678842030307
3.2108678842030307
3.2108678842030307
3.206760177019613
3.2052335410773085
3.2052335410773085
3.201003297026545
3.1965677675261954
3.2032565866884144
3.2032565866884144
3.187993694780563
3.187993694780563
3.1990264311042704
3.194372702801417
3.182141790920841
3.177434555599915
3.178740453263732
3.1830057240632827
3.1830057240632827
3.1830057240632827
3.1830057240632827
3.1874835061262714
3.1966233071341086
3.1966233071341086
3.17276693967855
3.1778960423432494
3.18737563402194
3.177518850038593
3.177518850038593
3.1574740035846878
3.1700113462418074
3.19538807436208
3.171222019573313
3.176946747672015
3.2094057288632616
3.2078473444607587
3.1933628514093626
3.1758703507827653
3.1758703507827653
3.1758703507827653
3.1731543383600322
3.1824282259517687
3.16622779359685
3.16622779359685
3.1668319192925654
3.192490695307993
3.194920335783417
3.204343380891953
3.204343380891953
3.1998141265397835
3.1984732912510094
3.1838806409710547
3.1661929115598353
3.1649456038908528
3.157719072432952
3.163950190801678
3.163950190801678
3.1456642678915894
3.1456642678915894
3.1654752469204204
3.1704921551426932
3.1704921551426932
3.159034180271049
3.1597049997238
3.1711799015090247
3.1802133981264094
3.171046710405866
3.1774440937412876
3.177963065625891
3.177963065625891
3.171890658454737
3.171890658454737
3.171890658454737
3.1697586998301417
3.152570894576389
3.152570894576389
3.1585294476910377
3.157582028466499
3.157582028466499
3.187024695922976
3.187931357090446
3.187931357090446
3.187931357090446
3.187931357090446
3.199521003080581
3.2023029471394606
3.1819676521361635
3.1819676521361635
3.1819676521361635
3.186557123812106
3.1906643726354442
3.1906643726354442
3.1884348722694984
3.194618227411167
3.1843990181708053
3.1846783786858404
3.1846783786858404
3.187565065719236
3.175023050752612
3.175023050752612
3.175023050752612
3.1810267044355536
3.191564183159567
3.1892061380454084
3.1892061380454084
3.1892061380454084
3.1892061380454084
3.1892061380454084
3.1892061380454084
3.1947247469562936
3.1947247469562936
3.180047470822199
3.1683723451158894
3.1683723451158894
3.1795695863801323
3.1795695863801323
3.1870797011269025
3.1870797011269025
3.1870797011269025
3.1793171666862263
3.178765808113789
3.188935005966366
3.188935005966366
3.190525363775063
3.17115724541163
3.17115724541163
3.194795560551679
3.1996611425587265
3.1996611425587265
3.1996611425587265
3.1905160933777
3.195671197220131
3.192177794634241
3.192177794634241
3.2023300440696283
3.2087805203255146
3.2087805203255146
3.2063576231892963
3.2063576231892963
3.2151761750864427
3.2151761750864427
3.194156992126815
3.194156992126815
3.187772377626064
3.187772377626064
3.182260085070486
3.2044781397174495
3.1954511201312843
3.203617376690855
3.203617376690855
3.218149334787251
3.210399191543303
3.2126315008467117
3.2126315008467117
3.211713439549418
3.199785616678151
3.199785616678151
3.199785616678151
3.215324396148467
3.215324396148467
3.214578976907967
3.214578976907967
3.214578976907967
3.214578976907967
3.214578976907967
3.20696901383855
3.178436627106802
3.1681632949920555
3.1680863177541596
3.1680863177541596
3.166577082926353
3.166577082926353
3.18842830199065
3.18842830199065
3.211693910116929
3.170974919608417
3.170974919608417
3.158913532301012
3.187134979631216
3.187134979631216
3.187134979631216
3.187134979631216
3.187134979631216
3.1881614662923616
3.1854801357595637
3.1854801357595637
3.1854801357595637
3.189889965501015
3.189889965501015
3.1883502768649308
3.188713381346734
3.188713381346734
3.202506040970623
3.202506040970623
3.2151078013515844
3.1957481900203457
3.1957481900203457
3.1957481900203457
3.1957481900203457
3.1957481900203457
3.2134996060186913
3.1903690463842667
3.1903690463842667
3.1818067240404133
3.1953697254433315
3.168414528284271
3.150847891746202
3.1575614594770807
3.1575614594770807
3.165527317271643
3.1673093605017963
3.169906524765179
3.198021735806706
3.2056561058209465
3.2017716196482024
3.188837418917605
3.2010667967922912
3.1908935848224718
3.212260473200135
3.212260473200135
3.2058158564681043
3.1895076112956624
3.1889322900318553
3.1889322900318553
3.1967628940421258
3.1967628940421258
3.1967628940421258
3.1752260481631884
3.2027054444891827
3.2188364343596754
3.2023478743059863
3.1994589341661914
3.1994589341661914
3.1994589341661914
3.2045189689140705
3.2048857783244418
3.2021955698664843
3.2021955698664843
3.21080024797093
3.207126038907757
3.207126038907757
3.210453259437553
3.210453259437553
3.210453259437553
3.210453259437553
3.1781073757566096
3.1781073757566096
3.1781073757566096
3.1800944403105533
3.1800944403105533
3.1800944403105533
3.2001133688762367
3.2001133688762367
3.2001133688762367
3.1976840478400645
3.1976840478400645
3.198988207316716
3.198988207316716
3.198988207316716
3.2096158902843746
3.200033810029641
3.1952327847208264
3.1952327847208264
3.1952327847208264
3.1952327847208264
3.1952327847208264
3.205554383611609
3.2081384376563626
3.212662383868859
3.215118229353344
3.2154061522594475
3.2154061522594475
3.219420859152578
3.2036697815672213
3.2036697815672213
3.1800512064582653
3.1851314862551483
3.211705773942036
3.2096160152865565
3.2153907410493763
3.2112413750499322
3.2112413750499322
3.210914432723211
3.199729436336203
3.2003589080777757
3.2003589080777757
3.2003589080777757
3.2080786073186176
3.2080786073186176
3.212927829638665
3.212927829638665
3.2150490298950265
3.2093956464059796
3.2405246381143322
3.231030455223533
3.231030455223533
3.22885725236156
3.22885725236156
3.218541553045066
3.218541553045066
3.2159233285360087
3.230834773505286
3.234742674545535
3.2375044491659706
3.2375044491659706
3.2375044491659706
3.245308028271075
3.2391952463703
3.2391952463703
3.2391952463703
3.2372195293705115
3.2159909740748898
3.2159909740748898
3.2159909740748898
3.2069817123125746
3.2069817123125746
3.2069817123125746
3.2069817123125746
3.2010999658758945
3.2010999658758945
3.2069878604353432
3.2124402563700136
3.2124402563700136
3.210972556232716
3.220687800906681
3.2263375674794665
3.2263375674794665
3.2263375674794665
3.2263375674794665
3.2263375674794665
3.226368958769283
3.226368958769283
3.226368958769283
3.226368958769283
3.2204295304763386
3.216551847808971
3.2132244116926856
3.1916761265523643
3.199018387526666
3.1834263870082933
3.203072639753972
3.2042093383667796
3.20840966304722
3.2038342710696854
3.2038342710696854
3.193664668409676
3.193664668409676
3.194983602775382
3.194983602775382
3.193207220172162
3.193207220172162
3.208521136186864
3.2211567520490267
3.2211567520490267
3.1881715397130326
3.2037901699728875
3.2217346594990626
3.2217346594990626
3.215250743041814
3.1998333375722257
3.203950298244336
3.203950298244336
3.1996353588674045
3.200384896087607
3.1981704779255455
3.1688240914907966
3.1688240914907966
3.1756460335811574
3.170113423393506
3.170113423393506
3.148428737724611
3.148428737724611
3.174071618864759
3.174071618864759
3.1918853602307538
3.1918853602307538
3.1803383704195283
3.180584014581425
3.180584014581425
3.180584014581425
3.1626167850330926
3.176857739417776
3.1844041688622404
3.1844041688622404
3.16665382770672
3.16665382770672
3.1815925544151122
3.1980527698220724
3.1980527698220724
3.1980527698220724
3.1957792026979774
3.179111432947397
3.1964288767064257
3.193585930662348
3.1952446546301365
3.2078751127470673
3.2219022145582663
3.200077602553076
3.1819703480657964
3.1787778667426294
3.1787778667426294
3.1787778667426294
3.1787778667426294
3.1787778667426294
3.1824697311533594
3.210405557686232
3.2185399945685464
3.204057396830724
3.1990914382047797
3.18528250146391
3.18528250146391
3.18528250146391
3.1691579954291242
3.1691579954291242
3.170261320037582
3.170261320037582
3.158946326044197
3.158946326044197
3.1665571756105537
3.1597765351586466
3.15220195955034
3.15220195955034
3.15220195955034
3.169323912924392
3.163257326405235
3.163257326405235
3.1391051670913286
3.1546089129635506
3.151460526274535
3.151460526274535
3.1648502408375174
3.1539600954378386
3.1536205912770643
3.1659054847412946
3.1659054847412946
3.148519099616308
3.1612052316683137
3.166509525829764
3.1686368876820454
3.203741991848462
3.203741991848462
3.209552665856286
3.208171442034275
3.2064859738929896
3.2064859738929896
3.2064859738929896
3.188905169324786
3.196174240866963
3.196174240866963
3.181681904747902
3.194703851535052
3.194703851535052
3.194703851535052
3.186393850167821
3.1892199683332234
3.180407271298901
3.180407271298901
3.180407271298901
3.190386912862336
3.1880852615182995
3.1880852615182995
3.1825229104219503
3.1948658309341775
3.1948658309341775
3.192789189596269
3.2041844928036323
3.2041844928036323
3.2041844928036323
3.2095567519504637
3.2127907862770035
3.2059858987294314
3.191668390525209
3.191668390525209
3.191668390525209
3.191668390525209
3.1928954668920917
3.1802713617433453
3.182536756154505
3.178065827254318
3.188205155961611
3.188205155961611
3.18722877045192
3.18722877045192
3.1905354352495885
3.1905354352495885
3.1905354352495885
3.1905354352495885
3.1843514226795318
3.1750955508358496
3.1750955508358496
3.1750955508358496
3.1750955508358496
3.1750955508358496
3.1725145233910386
3.1807625586128534
3.1807625586128534
3.1850920387254193
3.163902377385058
3.1841474569852957
3.147649868853183
3.1621663975382632
3.173201524585781
3.173201524585781
3.173201524585781
3.173201524585781
3.1662033516833605
3.187660325707789
3.182808589899551
3.182808589899551
3.182808589899551
3.185009436272129
3.185009436272129
3.1847633798239263
3.1706996348320238
3.1706996348320238
3.1595452531171717
3.1679106252279445
3.178681758042293
3.1940851548230644
3.1940851548230644
3.1940851548230644
3.1889648262661447
3.1889648262661447
3.1889648262661447
3.1900694085055195
3.1909039509269603
