3.4528269788811916
3.4528269788811916
3.4528269788811916
3.4528269788811916
3.4528269788811916
3.4528269788811916
3.4528269788811916
3.4528269788811916
3.4528269788811916
3.4528269788811916
3.4528269788811916
3.4528269788811916
3.4528269788811916
3.4528269788811916
3.4528269788811916
3.4528269788811916
3.4528269788811916
3.4528269788811916
3.4528269788811916
3.4528269788811916
3.4528269788811916
3.4528269788811916
3.4528269788811916
3.4528269788811916
3.4528269788811916
3.4528269788811916
3.4528269788811916
3.4528269788811916
3.4528269788811916
3.4528269788811916
3.4528269788811916
3.4528269788811916
3.4528269788811916
3.4528269788811916
3.4528269788811916
3.4528269788811916
3.4528269788811916
3.4528269788811916
3.4528269788811916
3.4528269788811916
3.4528269788811916
3.4528269788811916
3.4528269788811916
3.4528269788811916
3.4528269788811916
3.4528269788811916
3.4528269788811916
3.4528269788811916
3.4528269788811916
3.4528269788811916
3.4528269788811916
3.4528269788811916
3.4528269788811916
3.4528269788811916
3.4528269788811916
3.4528269788811916
3.4528269788811916
3.4528269788811916
3.4528269788811916
3.4528269788811916
3.4528269788811916
3.4528269788811916
3.4528269788811916
3.4528269788811916
3.4528269788811916
3.4528269788811916
3.4528269788811916
3.4528269788811916
3.4528269788811916
3.4528269788811916
3.4528269788811916
3.4528269788811916
3.4528269788811916
3.4528269788811916
3.4528269788811916
3.4528269788811916
3.4528269788811916
3.4528269788811916
3.4528269788811916
3.4528269788811916
3.4528269788811916
3.4528269788811916
3.4528269788811916
3.4528269788811916
3.4528269788811916
3.4528269788811916
3.4528269788811916
3.4528269788811916
3.4528269788811916
3.4528269788811916
3.4528269788811916
3.4528269788811916
3.4528269788811916
3.4528269788811916
3.4528269788811916
3.4528269788811916
3.4528269788811916
3.4528269788811916
3.4528269788811916
3.4528269788811916
3.4528269788811916
3.457600504042302
3.457600504042302
3.4845310465296477
3.4845310465296477
3.47675131330403
3.47675131330403
3.4703191330315972
3.4703191330315972
3.4703191330315972
3.4619668105755137
3.45681269461305
3.45681269461305
3.45681269461305
3.434747583044375
3.434747583044375
3.4187167583357136
3.397994725460276
3.397994725460276
3.392566034386029
3.395165877890324
3.395165877890324
3.3769371361322293
3.3769371361322293
3.3769371361322293
3.347226321413358
3.3457263382989324
3.332671350703547
3.3313979212849074
3.3313979212849074
3.313929130737282
3.342482197277578
3.342482197277578
3.342482197277578
3.342482197277578
3.342482197277578
3.3289401803291767
3.305089996716459
3.3166194290377944
3.3166194290377944
3.3045118182068682
3.3161634757850784
3.2881433531381097
3.2824058420465763
3.264711086890752
3.2586814244790827
3.282832786487705
3.282832786487705
3.282832786487705
3.309662386848014
3.309662386848014
3.309662386848014
3.309662386848014
3.310674044732758
3.310674044732758
3.2796092348758363
3.2918890357874693
3.2921886055612397
3.2921886055612397
3.2921886055612397
3.2921886055612397
3.2949818251792022
3.2906985131854376
3.2939997642377405
3.2915526518391243
3.2915526518391243
3.2865982338450532
3.2865982338450532
3.2865982338450532
3.2865982338450532
3.298365523378376
3.298365523378376
3.298365523378376
3.316308682665405
3.316308682665405
3.316308682665405
3.316308682665405
3.316308682665405
3.307911351282958
3.307911351282958
3.2938342072364826
3.2938342072364826
3.27517536404048
3.27517536404048
3.27517536404048
3.27517536404048
3.2643808796389635
3.2643808796389635
3.2837257763119583
3.2837257763119583
3.2837257763119583
3.2837257763119583
3.2837257763119583
3.2837257763119583
3.2626143138336086
3.2626143138336086
3.2626143138336086
3.26433603018146
3.2692476319568944
3.2692476319568944
3.265338972010769
3.2699713010293014
3.2699713010293014
3.2686007951568463
3.2686007951568463
3.2434784070410707
3.2434784070410707
3.2434784070410707
3.2434784070410707
3.2434784070410707
3.253852978644455
3.251243140573558
3.251243140573558
3.251243140573558
3.251243140573558
3.251243140573558
3.2603186923751126
3.2603186923751126
3.2603186923751126
3.2627558626151765
3.266541356895873
3.266541356895873
3.243125903993541
3.2224334203329326
3.2382451992988193
3.2236124186269137
3.2236124186269137
3.2236124186269137
3.2423142913029728
3.2409818883049555
3.2409818883049555
3.2664709083216175
3.2688108256701867
3.2638288955446852
3.263929237290897
3.263929237290897
3.262529219955815
3.262529219955815
3.2680453054122443
3.2477791666511298
3.2511382500460773
3.238950038158459
3.209568634304456
3.2200756202137453
3.2200756202137453
3.2200756202137453
3.232274078492097
3.232274078492097
3.232274078492097
3.2249824608078983
3.236798296502537
3.229098391050025
3.229098391050025
3.230851225357864
3.253356931964201
3.2585400304626733
3.2585400304626733
3.2585400304626733
3.2585400304626733
3.2517120528644337
3.2517120528644337
3.2517120528644337
3.2517120528644337
3.2517120528644337
3.226984564496739
3.226984564496739
3.2392755495578727
3.2392755495578727
3.2392755495578727
3.2392755495578727
3.2392755495578727
3.248041116917555
3.248041116917555
3.233979054154406
3.2279881759245814
3.216098157305722
3.20129682260464
3.236125406793971
3.2319407817602817
3.2319407817602817
3.2319407817602817
3.2319407817602817
3.232542999338311
3.2348751992730467
3.233573148442042
3.233573148442042
3.2256733424549693
3.2316573424436177
3.2316573424436177
3.2316573424436177
3.2316573424436177
3.2316573424436177
3.2353802788517805
3.2353802788517805
3.227442370389534
3.227442370389534
3.227442370389534
3.2253461951520968
3.217312808474043
3.2170252421263834
3.2170252421263834
3.2045651612344868
3.2079352694591923
3.2150521501237725
3.2150521501237725
3.2150521501237725
3.2308735782891387
3.235868360019325
3.235868360019325
3.235868360019325
3.235868360019325
3.2491983062605114
3.2491983062605114
3.2552584923332093
3.2616330604987027
3.2616330604987027
3.2616330604987027
3.2616330604987027
3.2616330604987027
3.2438592752705433
3.2438592752705433
3.2466893196833255
3.2498893048870303
3.2498893048870303
3.252061861479107
3.24095128713097
3.2550878687679745
3.2550878687679745
3.2550878687679745
3.2743564774161533
3.260962637541691
3.2562362087576804
3.2562362087576804
3.2544895796018025
3.254393267326306
3.242654173831877
3.242654173831877
3.2400892619390462
3.2463495128408923
3.2463495128408923
3.2432414046733182
3.2507083851384713
3.2507083851384713
3.2507083851384713
3.24233272972939
3.24233272972939
3.24233272972939
3.232653980669068
3.24028500926669
3.24028500926669
3.24028500926669
3.2379259328040413
3.2315079905347504
3.2315079905347504
3.2347665385141666
3.244113294661131
3.2421512524690153
3.2421512524690153
3.240040007387194
3.251461836083331
3.2538058852785583
3.2538058852785583
3.238154561420572
3.238154561420572
3.238154561420572
3.238154561420572
3.249721159665658
3.2590214780147577
3.2370545376686755
3.254399249700143
3.254399249700143
3.254399249700143
3.254399249700143
3.2504084331267555
3.2504084331267555
3.258843982261065
3.258843982261065
3.258843982261065
3.2729018524602846
3.2691276711954247
3.2510332823190615
3.2373562215509155
3.2665807491451115
3.2626739457877116
3.2626739457877116
3.2570902574859186
3.248415301642949
3.2359622650894875
3.2309751095860886
3.238955671985942
3.2355700964914735
3.2355700964914735
3.2355700964914735
3.2260586571743564
3.237665405055192
3.237665405055192
3.2228640073715877
3.2228640073715877
3.2228640073715877
3.2075661994862124
3.2075661994862124
3.2094731791309443
3.2094731791309443
3.2446830037806147
3.238202202005916
3.238202202005916
3.228193381675972
3.214426340330054
3.2098978015528767
3.2098978015528767
3.2098978015528767
3.2095121513344593
3.1993037407349427
3.1993037407349427
3.1993037407349427
3.1993037407349427
3.1983876766556896
3.1983876766556896
3.1983876766556896
3.1983876766556896
3.1992119620550823
3.1992119620550823
3.2053110915853558
3.2238060192032294
3.2380155507896196
3.2380155507896196
3.2523325896020614
3.2597466007548883
3.2597466007548883
3.2597466007548883
3.24780324230742
3.24780324230742
3.228532059135443
3.228532059135443
3.228532059135443
3.2167759382762
3.2080952948753367
3.225370248476639
3.218052038664085
3.239770518717802
3.2343841224406975
3.2343841224406975
3.2343841224406975
3.2317677616306932
3.2062878388712304
3.2393117756729475
3.2393117756729475
3.2393117756729475
3.2286338830444827
3.2316278943332355
3.221299764707821
3.221299764707821
3.2286663797302797
3.2236425786318765
3.2236425786318765
3.2236425786318765
3.2345509896676257
3.240525666010785
3.2274699534875886
3.233725119555762
3.233725119555762
3.233725119555762
3.2364074741720574
3.23406210865797
3.23406210865797
3.2443486642269646
3.2443486642269646
3.2443486642269646
3.2443486642269646
3.2532631572116553
3.2522557574415862
3.261090697349622
3.254333062367039
3.238050278923901
3.234611232906897
3.234611232906897
3.2271003181910505
3.2154103231852575
3.2268472958847965
3.227372013158461
3.219511235803388
3.219511235803388
3.216404732202462
3.2183416583516458
3.2183416583516458
3.218152474954641
3.211924391479082
3.2176928111777157
3.205226366000367
3.1945446769936265
3.195373085118013
3.195373085118013
3.195373085118013
3.209678524314401
3.2229319573008057
3.1947865101170017
3.1982990636917994
3.1982990636917994
3.1982990636917994
3.1899628027579143
3.197561481783298
3.195485022313185
3.211410281372252
3.2127851872394455
3.2199018011343767
3.206935719452526
3.211652678124503
3.211652678124503
3.2277539769470622
3.220314043056503
3.213457980634444
3.244905594607004
3.2475694294776725
3.2551318399085285
3.2581818098654627
3.2513044085568215
3.2513044085568215
3.2348298146485934
3.2412512475703674
3.2412512475703674
3.240238978935481
3.252528874979232
3.2714056498895365
3.2636857192602857
3.253042941472353
3.253042941472353
3.240166679768219
3.240166679768219
3.240166679768219
3.261753694988134
3.261543991475758
3.261543991475758
3.261543991475758
3.2522880887139216
3.2366544519371026
3.2186165708825145
3.2186165708825145
3.201347476426349
3.201347476426349
3.201347476426349
3.201347476426349
3.216221821798934
3.216221821798934
3.218888473072529
3.229137039367612
3.229137039367612
3.229137039367612
3.2446104341480773
3.2491460088298463
3.241033706778598
3.1937936348016613
3.209946167280509
3.209946167280509
3.209946167280509
3.1964823487941945
3.2242934504911043
3.2242934504911043
3.239003829053749
3.2511176855682624
3.2260011286046053
3.2260011286046053
3.2371274474592395
3.233704210657147
3.2302647994757074
3.234602527130081
3.234602527130081
3.234602527130081
3.234602527130081
3.234602527130081
3.2181043801025018
3.2181043801025018
3.2181043801025018
3.2189877717344615
3.2189877717344615
3.2189877717344615
3.2189877717344615
3.2189877717344615
3.2189877717344615
3.2095877660895034
3.2095877660895034
3.209453412509002
3.209453412509002
3.2168904341981253
3.2168904341981253
3.2169884114516476
3.2169884114516476
3.2169884114516476
3.2064327168205984
3.2198039342692
3.2198039342692
3.219762181432648
3.2162342777352757
3.214562515426618
3.214562515426618
3.214562515426618
3.2234724602152083
3.236469334213472
3.23202937259544
3.2397091602604147
3.220070930426408
3.2261880727138394
3.2302394464081954
3.2302394464081954
3.2302394464081954
3.2302394464081954
3.2302394464081954
3.234240774166972
3.2590526680091254
3.257682180670538
3.257682180670538
3.245231026820428
3.258590898654978
3.2498126824768936
3.238182657659595
3.238182657659595
3.2209460837567976
3.2209460837567976
3.2518449263630806
3.2518449263630806
3.246422512303051
3.246422512303051
3.246581852068265
3.246581852068265
3.246581852068265
3.240699852951651
3.240699852951651
3.240699852951651
3.240699852951651
3.228346812573496
3.228346812573496
3.246613009440631
3.2666092341428254
3.2666092341428254
3.2666092341428254
3.2666092341428254
3.2666092341428254
3.2666092341428254
3.2464636968547955
3.2464636968547955
3.2464636968547955
3.2464636968547955
3.2464636968547955
3.2407508788437247
3.256331639444741
3.256331639444741
3.2368252493918788
3.234397500893451
3.2428616374337196
3.2160434861281333
3.2325163311678002
3.235511667577811
3.235511667577811
3.2532767492111914
3.2418050977813357
3.259783006500175
3.264914330699908
3.2511178578404336
3.2553942905297197
3.2553942905297197
3.2726673066845677
3.2492897347419745
3.2492897347419745
3.2634866737685586
3.2634866737685586
3.257830296496627
3.2705661782894877
3.2705661782894877
3.247081448222974
3.26974303259532
3.2670829958518914
3.2670829958518914
3.2600115984927176
3.2600115984927176
3.277184798027451
3.264684730455534
3.2659367965152897
3.254921065529809
3.2457930220483813
3.2219752435275844
3.2447717147919075
3.239468523541247
3.239468523541247
3.2462347311955346
3.2462347311955346
3.22575276628659
3.22575276628659
3.2271051431522686
3.2234610018006444
3.2256807262646405
3.2256807262646405
3.2076464500767985
3.2101518007745917
3.209231198543362
3.209231198543362
3.1966007116475943
3.191903201746477
3.191903201746477
3.191903201746477
3.191903201746477
3.193403589828177
3.2109241633098393
3.2109241633098393
3.2109241633098393
3.231880921495768
3.21919971481612
3.232550281088864
3.2277971487312866
3.2277971487312866
3.2277971487312866
3.2277971487312866
3.2277971487312866
3.2237514252871216
3.2129917732960847
3.19967387652943
3.198294765925574
3.196412126356985
3.1923511817105887
3.193842408799193
3.198151546771273
3.198151546771273
3.198151546771273
3.209345300296272
3.208747552585557
3.2118910617876333
3.241121257563614
3.254730542858442
3.254730542858442
3.271449019450077
3.270038219763735
3.270038219763735
3.270038219763735
3.271130158122788
3.274523496318393
3.244511925111945
3.249753585443222
3.2363315538231094
3.23420368829298
3.2402701058922085
3.2402701058922085
3.2402701058922085
3.244785049030182
3.244785049030182
3.244785049030182
3.232265343205661
3.232915056540184
3.232915056540184
3.232915056540184
3.2392493823151303
3.2392493823151303
3.2246951203216048
3.2246951203216048
3.2108248413267235
3.2395930870839873
3.2197114799369233
3.2197114799369233
3.2197114799369233
3.239762871719693
3.239679466578085
3.239506277672653
3.2074783868740684
3.2074783868740684
3.2074783868740684
3.2074783868740684
3.199638328553494
3.205885750473961
3.193122663485836
3.2086636637180503
3.208593415315617
3.208593415315617
3.1936577251165894
3.19665988108979
3.19665988108979
3.19665988108979
3.213863386248502
3.216793281010384
3.216793281010384
3.216793281010384
3.210371433477879
3.210371433477879
3.210371433477879
3.210371433477879
3.229423049823783
3.229423049823783
3.2495777688541776
3.2604873289763296
3.2604873289763296
3.264432411898195
3.2739883996097636
3.2739883996097636
3.2739883996097636
3.2768565195603907
3.270333946739152
3.270333946739152
3.270333946739152
3.2898690722563506
3.2898690722563506
3.300056846705574
3.300056846705574
3.300056846705574
3.285453347250128
3.285453347250128
3.285453347250128
3.285453347250128
3.2838257329143654
3.2859953340465218
3.2859953340465218
3.2859953340465218
3.280645602541316
3.283451138702054
3.2862758801257668
3.2877352306767134
3.3010406938925185
3.2782079532851065
3.2782079532851065
3.266977051217396
3.2681499704247927
3.2681499704247927
3.2681499704247927
3.270154692134591
3.270154692134591
3.270154692134591
3.270154692134591
3.275571464845799
3.275571464845799
3.275571464845799
3.275571464845799
3.2697957324852567
3.268993591093481
3.2736545555681476
3.256374074829112
3.280771836365092
3.26197995655326
3.26197995655326
3.259227730644138
3.2791169536077263
3.2791169536077263
3.265652499377339
3.265652499377339
3.268541412425673
3.265245396200693
3.264727388053596
3.264727388053596
3.264727388053596
3.24685289437031
3.255326944279531
3.255326944279531
3.2733759760869776
3.2733759760869776
3.2733759760869776
3.2351705168714955
3.2351705168714955
3.268657658387898
3.268657658387898
3.268657658387898
3.268657658387898
3.2627114136928994
3.2667421779673176
3.2667421779673176
3.273842669120515
3.273842669120515
3.273842669120515
3.278124516339716
3.2777178935223485
3.2777178935223485
3.2777178935223485
3.2777178935223485
3.289361130179864
3.278456221660642
3.298246802492414
3.298246802492414
3.285144260284637
3.285144260284637
3.285144260284637
3.292150348430756
3.292150348430756
3.292150348430756
3.292150348430756
3.292150348430756
3.2883784645512892
3.2883784645512892
3.303881957271226
3.303881957271226
3.303881957271226
3.303881957271226
3.2959880347553154
3.2959880347553154
3.2959880347553154
3.2959880347553154
3.3329051227915634
3.3329051227915634
3.310253692153795
3.310253692153795
3.3100997506422765
3.281939937846039
3.2861074607326213
3.2725745815385165
3.274333287406455
3.274333287406455
3.2611561739135424
3.2611561739135424
3.2611561739135424
3.2611561739135424
3.2611561739135424
3.251814643543934
3.251814643543934
3.251814643543934
3.2392472154766083
3.2310915296468337
3.2327708393768555
3.2327708393768555
3.2234914733939757
3.2234914733939757
3.2165070863486136
3.2178944220550236
3.2204593388647584
3.2204593388647584
3.216512866588043
3.202895289029163
3.202895289029163
3.205660213099694
3.2058358215719407
3.211389741497073
3.211389741497073
3.21863874242336
3.2391467266803917
3.231542416259984
3.241451295961183
3.241451295961183
3.219878687184278
3.229055428071471
3.229055428071471
3.231845110211892
3.231845110211892
3.2436030050525293
3.250316809442836
3.250316809442836
3.250316809442836
3.250316809442836
3.251051502587896
3.251051502587896
3.251906265575641
3.2379389815563684
3.2379389815563684
3.2379389815563684
3.2379389815563684
3.2364821604159286
3.2184838740927213
3.2184838740927213
3.2184838740927213
3.2160782544819337
3.2188788490580693
3.207121404120621
3.213694120424124
3.213694120424124
3.210543970439101
3.2071750945158586
3.1970459269396216
3.200912022867852
3.200912022867852
3.189133585214443
3.191743494811838
3.191743494811838
3.1976645561910386
3.2067895848921966
3.2067895848921966
3.215047522767144
3.215047522767144
3.224083567016113
3.224083567016113
3.224083567016113
3.224083567016113
3.224083567016113
3.205605344281699
3.205605344281699
3.205605344281699
3.2193327341919007
3.2193327341919007
3.240055627952909
3.240055627952909
3.2496617649423625
3.2496617649423625
3.2496617649423625
3.2542813525200582
3.2542813525200582
3.24426168369463
3.2368405738662247
3.230986024460763
3.2270935463052055
3.2270935463052055
3.2270935463052055
3.246766500279636
3.246766500279636
3.247882686825635
3.2266440463714345
3.2266440463714345
3.2266440463714345
3.2234972551345833
3.2474417395700903
3.2474417395700903
3.2619551744529627
3.273379826975032
3.252961786073328
3.2637568654795768
3.2637568654795768
3.2478596117998326
3.2631384794930494
3.277843564083402
3.272308675384885
3.272308675384885
3.272308675384885
3.258827167040599
3.258827167040599
3.2434515106179553
3.230702265535535
3.230702265535535
3.22543331205646
3.2415866728109712
3.256147582808436
3.256147582808436
3.261071772783504
3.261071772783504
3.267427461149614
3.274477468308655
3.274477468308655
3.266780775889616
3.266780775889616
3.266780775889616
3.2618543872577157
3.260039882969207
3.260039882969207
3.2797854217148985
3.280481451868441
3.280481451868441
3.2790300419457776
3.2761440309969285
3.249894723261137
3.249894723261137
3.249894723261137
3.249894723261137
3.2547567931546397
3.2396636135638994
3.2531492155792243
3.254805829166279
3.254805829166279
3.254805829166279
3.254805829166279
3.2652170792878596
3.2652170792878596
3.2404200806194585
3.240108056011438
3.234256502009792
3.2219385804538803
3.2219385804538803
3.2219385804538803
3.209190529037552
3.209190529037552
3.2213336129973027
3.211571219440277
3.1982743233278295
3.2012344897189284
3.214648414231705
3.2245043351614466
3.2245043351614466
3.2245043351614466
3.243017812067563
3.242750943128304
3.242750943128304
3.241729178248558
3.2431789255394694
3.2431789255394694
3.249527455197091
3.2560008808047183
3.2560008808047183
3.2089902140555684
3.2089902140555684
3.2089902140555684
3.2089902140555684
3.2089902140555684
3.2128605393533527
3.2128605393533527
3.2128605393533527
3.217026943387761
3.2174088075583342
3.2433565310768047
3.244532263712186
3.2447413916167
3.23412614567989
3.2090032935906168
3.2090032935906168
3.214458879506549
3.214458879506549
3.2193904891800784
3.215871374939484
3.229728499294865
3.229728499294865
3.229424067282132
3.2320236303563457
3.2320236303563457
3.2320236303563457
3.2274638333062824
3.2274638333062824
3.241840235796144
3.227169241904759
3.2146697566107543
3.21471015734643
3.21471015734643
3.2171504061190452
3.219741942755779
3.2243441272163333
3.247100359603062
3.2639220784294207
3.2639220784294207
3.241995354213252
3.241995354213252
3.2487189114749784
3.2487189114749784
3.218262322010259
3.2271762780924074
3.2271762780924074
3.2271762780924074
3.2271762780924074
3.228120523793731
3.2283902768729207
3.2283902768729207
3.2283902768729207
3.2283902768729207
3.2283902768729207
3.2316002322660715
3.2316002322660715
3.238776859725856
3.238776859725856
3.2344933363269233
3.224756436972989
3.2365271493591794
3.2576617254783593
3.2631347386179614
3.2622687153856234
3.2622687153856234
3.2506135415364277
3.2456399480846874
3.261557524462843
3.261557524462843
3.264060625561196
3.264060625561196
3.2616752476666644
3.267518234258738
3.264777451931366
3.2606204666560044
3.2606204666560044
3.2606204666560044
3.2816824942314353
3.2816824942314353
3.2816824942314353
3.2667224997960207
3.290105736173699
3.290105736173699
3.25911237652187
3.25911237652187
3.25911237652187
3.2704812831295764
3.2712923275857344
3.2712923275857344
3.257613374916896
3.22606504152508
3.242850309248795
3.2444164458412614
3.257047336022585
3.2495116766766854
3.2495116766766854
3.21215649900405
3.21215649900405
3.2416674532642538
3.2416674532642538
3.2469275160070445
3.260338958268746
3.260338958268746
3.2628784747285495
3.2628784747285495
3.2628784747285495
3.2628784747285495
3.2596847041428245
3.2553741472571276
3.2553741472571276
3.2553741472571276
3.2553741472571276
3.259900297662948
3.2656906542797306
3.253806601243412
3.253806601243412
3.2576325190616764
3.2414865266461126
3.2457377727745107
3.2457377727745107
3.2457377727745107
3.238176795881286
3.2394220739064097
3.2291660927944066
3.2382526105499077
3.2410507012199483
3.2352266710959263
3.2352266710959263
3.233044386355093
3.233044386355093
3.2504165794706408
3.219076982794391
3.219076982794391
3.219076982794391
3.252840889032143
3.252840889032143
3.252840889032143
3.252840889032143
3.252840889032143
3.252840889032143
3.247062927133303
3.247062927133303
3.247062927133303
3.247062927133303
3.2475162383556953
3.2488865912647444
3.2488865912647444
3.230278605593519
3.229469634628098
3.219212211097332
3.219212211097332
3.242587798339326
3.242587798339326
3.242587798339326
3.242587798339326
3.2641329683559173
3.2641329683559173
3.2641329683559173
3.2641329683559173
3.2641329683559173
3.2641329683559173
3.2641329683559173
3.2641329683559173
3.247525136986596
3.276967721906495
3.271559750421033
3.257191546941038
3.2517227637431763
3.247297696825254
3.246901823889598
3.246901823889598
3.2483070334174298
3.2483070334174298
3.247565010530231
3.247565010530231
3.23227971732452
3.2597219173632768
3.2594495106836825
3.2594495106836825
3.2594495106836825
3.2594495106836825
3.2594495106836825
3.2625039002845493
3.2625039002845493
3.2625039002845493
3.252860709587212
3.244330184307934
3.2411780942244093
3.2510616496767377
3.2592678107145616
3.2592678107145616
3.2592678107145616
3.2592678107145616
3.2592678107145616
3.2592678107145616
3.2592678107145616
3.2592678107145616
3.2492031251506877
3.2492031251506877
3.2494693971500794
3.2390534925758576
3.2390534925758576
3.2348562905500544
3.2348562905500544
3.2348562905500544
3.238314799694013
3.25616526393829
3.25616526393829
3.25616526393829
3.25616526393829
3.25616526393829
3.25616526393829
3.25616526393829
3.2566164488482587
3.25936563604559
3.25936563604559
3.25936563604559
3.2561847786325067
3.2561847786325067
3.264328240134569
3.298875977174125
3.252232109048657
3.28023077909351
3.2453906282907337
3.2326165344225815
3.2446870419786804
3.2446870419786804
3.2571576323523708
3.239975318209412
3.2374725574144314
3.242759165619605
3.2580623856893856
3.2493243877914626
3.238601060992202
3.238601060992202
3.238601060992202
3.2310658621963793
3.2310658621963793
3.2310658621963793
3.2310658621963793
3.2310658621963793
3.2310658621963793
3.2269521626711657
3.2269521626711657
3.2269521626711657
3.2248723964827306
3.2248723964827306
3.2248723964827306
3.2474478417800374
3.266379598459671
3.253602878353462
3.266594432101269
3.266594432101269
3.2521043309808464
3.2616145645892316
3.2434810443623046
3.2434810443623046
3.2434810443623046
3.22563141156309
3.22563141156309
3.2424589136461552
3.2421868375916456
3.2387038246329443
3.2387038246329443
3.2387038246329443
3.259573137574
3.2512780164318733
3.228268608883824
3.228268608883824
3.2237580948018536
3.2453494453977827
3.2453494453977827
3.247818205378661
3.232815601674074
3.233394708311403
3.233394708311403
3.233394708311403
3.2353741018544504
3.2265523215728287
3.2234409282476904
3.2436158369511334
3.270954861361927
3.255532363637721
3.255532363637721
3.245850833658898
3.245850833658898
3.271551583204315
3.276653635583995
3.275660328947423
3.282463156173371
3.2675309429881243
3.2675309429881243
3.2759212699402003
3.2759212699402003
3.260320015413621
3.2514869030826365
3.2514869030826365
3.2514869030826365
3.266615974443621
3.263368845984099
3.264710019766139
3.264710019766139
3.2642914833091825
3.259326598191067
3.259326598191067
3.2531069566504964
3.258215769812539
3.3020438186189787
3.2807009266756926
3.2901667707598317
3.298964576605947
3.298964576605947
3.298964576605947
3.298964576605947
3.306233706187401
3.309025779590014
3.2871023897480467
3.2871023897480467
3.285687723012263
3.2852241828581787
3.2852241828581787
3.2964165989881105
3.28128635751362
3.28128635751362
3.2695911712764696
3.2695911712764696
3.267249470832784
3.267249470832784
3.2692194290707635
3.2822515221670523
3.2822515221670523
3.2584487496582564
3.256231092908684
3.2528604426855448
3.2502307087819435
3.2265875479625197
3.2498874450116464
3.2498874450116464
3.2457558078913307
3.2457558078913307
3.223154955806613
3.234611684993512
3.234611684993512
3.2323674321959057
3.2309005815883887
3.2261141675788574
3.2261141675788574
3.2261141675788574
3.2278480991725584
3.223111853757198
3.2288600646785413
3.2288600646785413
3.2305638923255273
3.232169788784463
3.2214552959788483
3.2503874471036767
3.2542543039566345
3.2571715842040825
3.2555409500455252
3.2667290906310904
3.2667290906310904
3.255097937362852
3.2595759266600863
3.2595759266600863
3.2595759266600863
3.2595759266600863
3.2595759266600863
3.2595759266600863
3.2361954946589915
3.2361954946589915
3.2330456078761625
3.2330456078761625
3.2330456078761625
3.212170938763186
3.212170938763186
3.212170938763186
3.270219621295299
3.256684115409973
3.258076955247388
3.258076955247388
3.2420811801974088
3.2420811801974088
3.2420811801974088
3.2476898161229775
3.262884458704752
3.2597459066084538
3.2597459066084538
3.2597459066084538
3.2490599550936046
3.2490599550936046
3.2490599550936046
3.2490599550936046
3.2521797555845504
3.2587431446852704
3.2587431446852704
3.2492643054060464
3.2492643054060464
3.240670889680371
3.251083839184989
3.256816234838246
3.256816234838246
3.2263592227508826
3.2424852509376256
3.2552145429371695
3.2552145429371695
3.2552186131609337
3.2552186131609337
3.2580176217287216
3.2757880612272343
3.26609107981282
3.249850402883018
3.257374478717582
3.2780400438952007
3.2767027092177363
3.2636377850727016
3.259536943037917
3.239497117604618
3.2288360613944853
3.2288360613944853
3.2288360613944853
3.229527065582144
3.228563496110433
3.2504052633928273
3.239844569396612
3.239844569396612
3.2284203820148694
3.2145750432857834
3.2145750432857834
3.2258224212035214
3.2258224212035214
3.2258224212035214
3.2202505994297463
3.2202505994297463
3.2202505994297463
3.2345668063702577
3.2345668063702577
3.2345668063702577
3.2345668063702577
3.2411475113060506
3.2411475113060506
3.243343256033368
3.233769260558778
3.2294875329226618
3.241949600581416
3.241949600581416
3.246219496613663
3.246219496613663
3.231243037998996
3.231243037998996
3.2184846015586124
3.2297849093441946
3.2297849093441946
3.2234044546693035
3.2192432534420328
3.23584185157749
3.233885259912894
3.233885259912894
3.2261808776069874
3.208699167342399
3.208367161298912
3.208367161298912
3.2107411337503446
3.207768189984249
3.2159785925000963
3.248824253696115
3.248824253696115
3.248824253696115
3.248824253696115
3.248824253696115
3.2501416977489552
3.2501416977489552
3.2501416977489552
3.2501416977489552
3.2501416977489552
3.280254853566247
3.280254853566247
3.270994339785356
3.2446945568514654
3.2446945568514654
3.248454274771842
3.248454274771842
3.233507595595933
3.241957580531593
3.241957580531593
3.241957580531593
3.2417176536936396
3.2417176536936396
3.2398903764776783
3.2404448247892317
3.2404448247892317
3.2386189982342946
3.2034466322018713
3.216936285268308
3.220672142949734
3.2293773595622186
3.217382016938586
3.240549401851648
3.2267085071567143
3.2328966582654632
3.2430353953868947
3.228906042460805
3.228906042460805
3.228906042460805
3.228906042460805
3.228906042460805
3.228906042460805
3.228906042460805
3.228906042460805
3.228906042460805
3.2285897358970503
3.2285897358970503
3.2285897358970503
3.242742178746832
3.242742178746832
3.242742178746832
3.2423815370062243
3.2423815370062243
3.244801194760172
3.244801194760172
3.243911152738027
3.2529942554417923
3.2529942554417923
3.281618797865152
3.2637979700136612
3.2545584393649807
3.246577252061258
3.246577252061258
3.246577252061258
3.246577252061258
3.270425001328927
3.267909892867116
3.267909892867116
3.276562114458878
3.276562114458878
3.2732371122007637
3.2422248720813793
3.2422248720813793
3.2367227176703066
3.270991140798467
3.2707104355322487
3.2707104355322487
3.2707104355322487
3.2707104355322487
3.255282070986153
3.255282070986153
3.255282070986153
3.255282070986153
3.255282070986153
3.2608861972549383
3.2608861972549383
3.25251207829787
3.2431260734328338
3.2431260734328338
3.2431260734328338
3.2438418940779536
3.2399190324679625
3.2399190324679625
3.2497406508991262
3.2497406508991262
3.2497406508991262
3.2309074370136366
3.2379791609829285
3.232287644182579
3.2309408408310185
3.2257550715672942
3.2175476819397364
3.2175476819397364
3.2175476819397364
3.2175476819397364
3.2175476819397364
3.2141509220809934
3.2141509220809934
3.2141509220809934
3.193112873230063
3.2208275175704872
3.2144326707212354
3.2453556959911696
3.2140744905371483
3.2140744905371483
3.2140744905371483
3.186895079097099
3.186895079097099
3.196691363191126
3.206382406071379
3.1960416239700846
3.1960416239700846
3.214353860487765
3.2330706407733953
3.2395602293625823
3.2395602293625823
3.2395602293625823
3.2395602293625823
3.232825861763559
3.232825861763559
3.2243879280783485
3.204103529649409
3.2168916919499075
3.2502647451078355
3.230957947958578
3.239294937003747
3.2116172661979223
3.2116172661979223
3.2116172661979223
3.2116172661979223
3.2116172661979223
3.2116172661979223
3.204607531111228
3.2086434016753858
3.2086434016753858
3.2132851082093903
3.2157310766427996
3.2157310766427996
3.222168433575635
3.222168433575635
3.222168433575635
3.222168433575635
3.2435481592719633
3.2435481592719633
3.2435481592719633
3.230358813302414
3.230358813302414
3.2264267553947055
3.2323424536052627
3.2414136642725424
3.2414136642725424
3.2414136642725424
3.2258759390826803
3.229427696985437
3.219801266549063
3.212247931039728
3.212247931039728
3.212247931039728
3.242226489111978
3.268176873525661
3.268176873525661
3.268176873525661
3.268176873525661
3.2614734590256385
3.2614734590256385
3.2454364358051135
3.2107629646872717
3.2107629646872717
3.2111299702692153
3.219421806009948
3.219421806009948
3.219421806009948
3.2119985906104884
3.2119985906104884
3.2119985906104884
3.2119985906104884
3.219488801432166
3.232359948396391
3.228371180060211
3.2429750125107675
3.2429750125107675
3.2525507637019575
3.232577937223625
3.2413301063793996
3.2413301063793996
3.2413301063793996
3.2257352054976995
3.2257352054976995
3.231472513299016
3.225868504335981
3.225868504335981
3.225868504335981
3.225868504335981
3.215686037333636
3.2119713604644864
3.2119713604644864
3.217616855583068
3.2287756476046243
3.2374673250082795
3.230208255590189
3.230208255590189
3.230208255590189
3.230208255590189
3.261520487827264
3.261520487827264
3.264134338148791
3.264134338148791
3.264134338148791
3.2841528560709934
3.275866689649168
3.275866689649168
3.275866689649168
3.2592074980522527
3.270469185124723
3.249513578312855
3.249513578312855
3.2494837002995465
3.2503803912356988
3.268862978921631
3.2581775786304155
3.2581775786304155
3.2581775786304155
3.2581775786304155
3.243244027342358
3.238451542612816
3.257968523551535
3.2537060031270104
3.254847563609386
3.253036538877825
3.2399886243521308
3.2515105843692895
3.2515105843692895
3.236607710255698
3.2415163214821434
3.236426955621638
3.236426955621638
3.2170490371283957
3.2170490371283957
3.2106133081082358
3.236864496123535
3.225849773651782
3.225849773651782
3.2112805205438817
3.2112805205438817
3.2112805205438817
3.2140383436768794
3.2140383436768794
3.2140383436768794
3.2127446253644787
3.2215167610219595
3.222236986137663
3.214158252032791
3.2201681934740978
3.2309578620998716
3.2309578620998716
3.244019712070783
3.244019712070783
3.261604190339901
3.261604190339901
3.261604190339901
3.256049077374831
3.2591398345633245
3.270818425839232
3.2447395583961574
3.2447395583961574
3.2387572929882498
3.2233768561309932
3.2233768561309932
3.215735976080352
3.222972734360427
3.2336956549070863
3.2336956549070863
3.2336956549070863
3.201277587907374
3.216174907051963
3.2362360571996303
3.2326732692998186
3.215380064616855
3.2343779216289756
3.24910156130155
3.24910156130155
3.24910156130155
3.2565591946691805
3.2565591946691805
3.2565591946691805
3.2565591946691805
3.2565675439305477
3.2675451766527854
3.25332563350139
3.25332563350139
3.2499249977262052
3.2381291073943097
3.264168918699036
3.264168918699036
3.264168918699036
3.261255154480818
3.245029849688307
3.245029849688307
3.2471627669559617
3.2576610621017252
3.2576610621017252
3.2576610621017252
3.262997954893289
3.262997954893289
3.249767322211846
3.259592290675217
3.259592290675217
3.259592290675217
3.259592290675217
3.259592290675217
3.2681408575968405
3.2755776026529912
3.269615584137485
3.258134802592323
3.2628907901409043
3.256181303697539
3.256181303697539
3.2556226655440357
3.234976628588187
3.2328810569579556
3.2328810569579556
3.2345502577747376
3.2395620446772466
3.244500629028732
3.253073874793632
3.2372457221997335
3.2513659424472787
3.2431632630856875
3.2431632630856875
3.2567563084221707
3.2567563084221707
3.247177487124995
3.2512860865454876
3.2414155010429595
3.2414155010429595
3.2425216262177217
3.237343162860225
3.237343162860225
3.229663756661134
3.2329011380867017
3.2329011380867017
3.22860848601804
3.218385937951128
3.230699396572305
3.230699396572305
3.230699396572305
3.230699396572305
3.2268460863925195
3.2255412257720666
3.2255412257720666
3.228103687876563
3.2326036962994116
3.2436498042951363
3.2436498042951363
3.2436498042951363
3.273924160189236
3.273620439498077
3.267955854226741
3.2814145812484896
3.2814145812484896
3.2814145812484896
3.2937523621714893
3.2937523621714893
3.282478216245165
3.282478216245165
3.290469068756442
3.3106645330493554
3.3106645330493554
3.294104831782549
3.294104831782549
3.294104831782549
3.294104831782549
3.284007133918023
3.2677805370370216
3.301819579851274
3.301819579851274
3.301819579851274
3.2951530617206153
3.2834027560031074
3.2566529576194063
3.2591388921722
3.2591388921722
3.2736033391534924
3.2694179695880448
3.307661433472093
3.307661433472093
3.294991983938935
3.294991983938935
3.295029024175049
3.2872203274014336
3.2887626481965735
3.2887626481965735
3.2887626481965735
3.285736520606665
3.285736520606665
3.3084687883281534
3.3128304924020733
3.2804670076077547
3.2804670076077547
3.2804670076077547
3.2804670076077547
3.296473965418741
3.296473965418741
3.2759103036935677
3.267602385649949
3.267602385649949
3.267602385649949
3.2772063263632027
3.2772063263632027
3.2855727341621246
3.2855727341621246
3.2855727341621246
3.2855727341621246
3.27535377413549
3.2719914375536945
3.273705792282165
3.249105113353091
3.253919949995149
3.253919949995149
3.227149883996598
3.227149883996598
3.2582665627295144
3.248467081168259
3.248467081168259
3.248467081168259
3.248467081168259
3.226825993374485
3.2128238764563064
3.2167109802280405
3.2167109802280405
3.2167109802280405
3.24155024870186
3.24155024870186
3.24155024870186
3.2253513915934144
3.2253513915934144
3.2074482902401757
3.2074482902401757
3.222151681686902
3.2284664321114045
3.2286289915299844
3.2336163612825968
3.2336163612825968
3.2336163612825968
3.2284256275209016
3.2109835096898185
3.2109408301245916
3.211926631779065
3.2203330114539757
3.2203330114539757
3.2203330114539757
3.2203330114539757
3.238361510757073
3.233059385447778
3.233059385447778
3.233059385447778
3.233059385447778
3.2340216114653715
3.2476820800582855
3.2356128204939156
3.250391580188082
3.2444936343367368
3.2444936343367368
3.237356852928361
3.237356852928361
3.239041661793771
3.268582474625552
3.258670640732232
3.2488351559002533
3.2395163390547803
3.2335710548248495
3.2502162839605315
3.2502162839605315
3.240119063013495
3.259588654843622
3.261276835032023
3.2311377349913393
3.2311377349913393
3.2311377349913393
3.2533649231518047
3.2624677116948764
3.2624677116948764
3.2717661494194417
3.2717661494194417
3.2717661494194417
3.2461009760083614
3.2461009760083614
3.2461009760083614
3.235740613964191
3.235740613964191
3.239156498064987
3.2282975703289005
3.2282975703289005
3.240731054927678
3.2325923667443006
3.2325923667443006
3.2325923667443006
3.227890584834021
3.227294418247624
3.2134237433815307
3.244454996645737
3.2355803683565765
3.234286993940926
3.2355607399762802
3.2380331089946854
3.266499855084121
3.2742210168456953
3.2742210168456953
3.2742210168456953
3.2657485569541107
3.2350640019376593
3.2350640019376593
3.250272715061088
3.250272715061088
3.250272715061088
3.256366862694386
3.256366862694386
3.2526215141591086
3.254182383944555
3.254600077159074
3.2390549171229575
3.2390549171229575
3.250416352035599
3.250416352035599
3.248506155515514
3.228431745328983
3.240767307268019
3.240767307268019
3.242521072789334
3.242521072789334
3.2432549812833473
3.2432549812833473
3.236307984377495
3.236307984377495
3.2357242080622104
3.2357242080622104
3.2357242080622104
3.2428024008426712
3.2186457190550892
3.215068145258693
3.229650101881348
3.2285147156252543
3.2285147156252543
3.186893528489326
3.2096964262854915
3.2096964262854915
3.2127444621337022
3.2168027188214365
3.23300523702712
3.2392493112899734
3.2368951045595753
3.252420305059988
3.252420305059988
3.2329211643187716
3.2329211643187716
3.2329211643187716
3.2329211643187716
3.2588194733014184
3.2210931192409418
3.2210931192409418
3.2210931192409418
3.2210931192409418
3.2271815162010813
3.2271815162010813
3.2535529166009014
3.248806108419959
3.244207860853668
3.255585746553045
3.260058331874848
3.260058331874848
3.260058331874848
3.246444522029225
3.2506340233645616
3.2542065473343595
3.2542699602397342
3.25656124034211
3.2771059551592723
3.2620592313758774
3.25712720526407
3.240043139785206
3.240043139785206
3.2405151795379665
3.2257848538356817
3.2257848538356817
3.2447134157476505
3.2537351054350494
3.254501923071087
3.234443036089473
3.234443036089473
3.2407248932737835
3.2407248932737835
3.2407248932737835
3.2327286011702316
3.2279154464467
3.2279154464467
3.2285917634994012
3.235315975222304
3.235315975222304
3.235315975222304
3.235315975222304
3.235315975222304
3.235315975222304
3.235315975222304
3.238334430338214
3.2640016510316006
3.2640016510316006
3.2644590818942327
3.257632876871968
3.2664677728059637
3.26803022341383
3.26803022341383
3.26803022341383
3.26803022341383
3.2605891197721033
3.2614924587666967
3.2715836668376457
3.2788010108641945
3.2818149134695807
3.2747017899028283
3.2744439659636644
3.2744439659636644
3.2732647386184492
3.2732647386184492
3.2732647386184492
3.2702256531977865
3.2702256531977865
3.2638247850288384
3.2482801840876037
3.260052243444948
3.260052243444948
3.2515316301903194
3.2564860357271788
3.2564860357271788
3.2647700892575497
3.2830788377955025
3.2830788377955025
3.2919342910135536
3.2919342910135536
3.282933612309788
3.282933612309788
3.2944978250413652
3.2944978250413652
3.282220029641818
3.282220029641818
3.2661952139542145
3.2879830662886835
3.2670336033686747
3.269117286190677
3.269117286190677
3.2456512940913624
3.258982369277249
3.267429788713626
3.267429788713626
3.267429788713626
3.257634185861896
3.272573708113338
3.273781840373282
3.2734768810939583
3.2734768810939583
3.2875987997039458
3.2759531594494447
3.2538419773361023
3.264056115350569
3.264056115350569
3.243726411300461
3.243726411300461
3.243726411300461
3.243726411300461
3.243726411300461
3.24643949984382
3.2650206988641504
3.2718345138270784
3.266031580167139
3.253440895278165
3.2488957907436857
3.2488957907436857
3.2488957907436857
3.2488957907436857
3.265212642851069
3.265212642851069
3.2731452388506197
3.255579269323203
3.255579269323203
3.256615091623865
3.2544718407074065
3.2544718407074065
3.250440634832281
3.244955398947368
3.2462616431452838
3.2462616431452838
3.2462616431452838
3.244569948800409
3.25280309875023
3.2520209366785213
3.2379540297840177
3.2379540297840177
3.2514123965427215
3.2390256679881784
3.233531899313661
3.238487131588565
3.238487131588565
3.2483522644855882
3.2483522644855882
3.2310393397217334
3.2437348206445553
3.2240349085522806
3.2240349085522806
3.2240349085522806
3.2369276930591817
3.2197801063037255
3.2197801063037255
3.207658370569597
3.207658370569597
3.201631072263589
3.201631072263589
3.201631072263589
3.201631072263589
3.1985049275990765
3.2251421862893306
3.2251421862893306
3.2251421862893306
3.2265031009295866
3.235141608466885
3.235141608466885
3.235141608466885
3.235141608466885
3.2434422548277646
3.2455459031407945
3.2620577395609796
3.2536907239601645
3.2536907239601645
3.2536907239601645
3.2472463150423954
3.2501438580361017
3.2501438580361017
3.254901407851976
3.2482810709571113
3.2482810709571113
3.2535161719873114
3.248718853544825
3.2494434411680153
3.2494434411680153
3.2494434411680153
3.2494434411680153
3.272887047657377
3.272887047657377
3.272887047657377
3.277188854321415
3.277188854321415
3.245009823082291
3.245009823082291
3.245009823082291
3.245009823082291
3.265653803890728
3.2781481619369193
3.2781481619369193
3.283441592632226
3.225506630367052
3.2153958867012715
3.2153958867012715
3.2305381548206853
3.2305381548206853
3.2366781765368824
3.2366781765368824
3.2286203612570894
3.2315804628989553
3.2296167616845977
3.2473319035074852
3.2463061262416053
3.2463061262416053
3.2463061262416053
3.2463061262416053
3.2463061262416053
3.2463061262416053
3.2503413293415724
3.2417244480442533
3.2417244480442533
3.2417244480442533
3.244804551745398
3.253019042738566
3.2538026039557817
3.263596112426667
3.263596112426667
3.2651690942399805
3.2680995808206474
3.2680995808206474
3.2680995808206474
3.267706515085022
3.270791992303307
3.270791992303307
3.270791992303307
3.2665489913174492
3.2665489913174492
3.2604264066233526
3.255334075963868
3.275034923648795
3.2647026603349114
3.271120580698436
3.268215978969397
3.268215978969397
3.2336382403774353
3.235055530737412
3.235055530737412
3.232046619411524
3.232046619411524
3.2241826082063114
3.2241826082063114
3.2241826082063114
3.2390879111732898
3.2390879111732898
3.2078395957816426
3.199750906375017
3.199750906375017
3.213155092004149
3.2141566704570876
3.2141566704570876
3.2467757777746096
3.2467757777746096
3.2467757777746096
3.242541468181852
3.244708693199421
3.244708693199421
3.244708693199421
3.244708693199421
3.238811465987538
3.243985224142846
3.2641285926991874
3.2641285926991874
3.253864669998929
3.253864669998929
3.253864669998929
3.259621428488925
3.259621428488925
3.259621428488925
3.259621428488925
3.2674563589455343
3.2674563589455343
3.275953212610686
3.2746731926901993
3.2713942519085357
3.2570719107021615
3.268548309580236
3.2481562090917557
3.2481562090917557
3.2481562090917557
3.2481562090917557
3.263281920956319
3.284647727413424
3.256702645698963
3.256702645698963
3.248964317405379
3.248964317405379
3.248964317405379
3.2445518637657345
3.2445518637657345
3.239748882779727
3.263507772148738
3.288032845844011
3.2772727938627417
3.2772727938627417
3.27103473059108
3.2655954719804567
3.2655954719804567
3.243306652916129
3.243306652916129
3.2590629847884225
3.2590629847884225
3.247197724877973
3.2463499504542295
3.2515423961757857
3.256307756494874
3.2610383081152285
3.2610383081152285
3.2610383081152285
3.2610383081152285
3.256031849435172
3.256031849435172
3.256031849435172
3.256031849435172
3.256031849435172
3.256031849435172
3.243165908961178
3.243165908961178
3.2596721543146745
3.2553424231676615
3.24671095502647
3.2467928186702295
3.2467928186702295
3.2467928186702295
3.233593196268367
3.240408726377246
3.240408726377246
3.2522731519600785
3.2522731519600785
3.263023328369432
3.262440132622025
3.262440132622025
3.2314940157476144
3.2314940157476144
3.2314940157476144
3.259882412377267
3.259882412377267
3.263303565804844
3.263303565804844
3.2542186679043748
3.2542186679043748
3.2542186679043748
3.27372198300466
3.292754460141295
3.251523411340727
3.251523411340727
3.251523411340727
3.251523411340727
3.251523411340727
3.2544761033838507
3.2544761033838507
3.255928717492902
3.255928717492902
3.255928717492902
3.2572407830002175
3.2661745827130972
3.2661745827130972
3.2661745827130972
3.2661745827130972
3.2661745827130972
3.269251690677937
3.2671775428404124
3.2586132287896263
3.2586132287896263
3.2586132287896263
3.2586132287896263
3.2430956716531827
3.263767444151146
3.250597748948982
3.250597748948982
3.250597748948982
3.250597748948982
3.250597748948982
3.250597748948982
3.2530194337189666
3.2530194337189666
3.249281213914098
3.249281213914098
3.249281213914098
3.249281213914098
3.2636835543411653
3.259012150595732
3.253404837837513
3.22962135982901
3.22962135982901
3.22962135982901
3.2338803991749976
3.2338803991749976
3.2338803991749976
3.2338803991749976
3.226012780584927
3.226012780584927
3.226012780584927
3.2297365645097935
3.2297365645097935
3.2270766396762145
3.2437951340017723
3.246060619869004
3.267813730471883
3.267813730471883
3.267813730471883
3.240175108404747
3.240175108404747
3.2299888571345168
3.2393118420694442
3.2327365432339707
3.2327365432339707
3.233760993280492
3.253441451441135
3.2408527397328197
3.2408527397328197
3.244402297495974
3.2462599912623786
3.2521396341457707
3.2465178432046637
3.2465178432046637
3.2465178432046637
3.237655269796708
3.2152807190126658
3.2153150259207552
3.2153150259207552
3.2205906554250623
3.234602367020378
3.234602367020378
3.235264090647391
3.2250124246324017
3.2250124246324017
3.2250124246324017
3.2258318595817226
3.2258318595817226
3.2258318595817226
3.23170933487711
3.237955924946527
3.221551726249552
3.229111109979958
3.229111109979958
3.2104780166026767
3.234376366168529
3.234376366168529
3.229722582932572
3.229722582932572
3.234258511708837
3.2285663545608987
3.2285663545608987
3.231502599503719
3.2305452284722738
3.249049505630963
3.2532692116562254
3.2532692116562254
3.2532692116562254
3.219273010882553
3.2330883331571205
3.2330883331571205
3.2321587131937886
3.2321587131937886
3.2321587131937886
3.252709118585055
3.252709118585055
3.2695609744782956
3.2455239698342795
3.2455239698342795
3.2309441731639
3.2309441731639
3.2309441731639
3.2275497972835
3.2092220356201273
3.235222292117719
3.235222292117719
3.206659176346396
3.206659176346396
3.2167567186213657
3.220370839772338
3.241117949003662
3.2336239726822646
3.2370246555766022
3.258795847834464
3.2563420325699575
3.2563420325699575
3.2563420325699575
3.2563420325699575
3.262315515481361
3.262315515481361
3.262315515481361
3.261518333317829
3.2513788669261974
3.2513788669261974
3.246576888385637
3.246576888385637
3.246576888385637
3.246576888385637
3.2354729668917854
3.2266622146460704
3.2392950301625345
3.2550201416948514
3.228117842697076
3.228117842697076
3.2190264231211216
3.2190264231211216
3.2190264231211216
3.20683753853116
3.190051775140874
3.1964901666151695
3.2173103145895836
3.2173103145895836
3.2109599375313103
3.2109599375313103
3.2109599375313103
3.212691410143885
3.213671059264195
3.207168940684537
3.207168940684537
3.1983537230525143
3.1983537230525143
3.1929211582303108
3.2169214691740757
3.2169214691740757
3.2169214691740757
3.230559934998678
3.223032415828906
3.2400528190690134
3.2400528190690134
3.2400528190690134
3.2400528190690134
3.2284031269267652
3.227024638069535
3.240981321823745
3.2352870215171685
3.21508758119765
3.216513663925489
3.203112144267412
3.1867414997583254
3.185029050386294
3.186576478402914
3.189721142758022
3.188324369147364
3.188324369147364
3.188324369147364
3.188324369147364
3.188324369147364
3.185233396827689
3.1815572115613504
3.176610871205054
3.19396013048712
3.218804524411949
3.2311394376996625
3.2382261993628108
3.2382261993628108
3.237840756115612
3.237840756115612
3.231488076851743
3.2291373151333387
3.2291373151333387
3.232601956255978
3.232601956255978
3.232601956255978
3.2308097831630764
3.221399581467808
3.221399581467808
3.221399581467808
3.2279807747311895
3.2279807747311895
3.2279807747311895
3.2184775794491114
3.2184775794491114
3.21166858470832
3.21166858470832
3.21166858470832
3.2156929909616254
3.1963883117684198
3.202728685237477
3.202728685237477
3.202728685237477
3.214479744660988
3.214479744660988
3.2226276742794195
3.2226276742794195
3.2407528441194007
3.2407528441194007
3.2407528441194007
3.252389165225671
3.2550662255580205
3.235962591930569
3.235962591930569
3.235962591930569
3.235962591930569
3.235962591930569
3.2279880109013135
3.2279880109013135
3.2170384220362007
3.2316361080599045
3.236411006204493
3.2413710694805378
3.2219291430845933
3.2076833826150715
3.2076833826150715
3.2347567932343
3.22556619483759
3.22556619483759
3.222891528462775
3.240681473709707
3.226151181040231
3.2334854500285073
3.220442943267294
3.220442943267294
3.241177891945661
3.225158108109426
3.225158108109426
3.2185390546984967
3.2094740261902066
3.1993204381493743
3.1993204381493743
3.228149027116879
3.242087382620317
3.2286130394385393
3.241481612298659
3.2507044895774753
3.2507044895774753
3.2507044895774753
3.2507044895774753
3.255060087409758
3.255060087409758
3.2206215667194353
3.2206215667194353
3.22458105417934
3.22458105417934
3.227876502397226
3.227876502397226
3.2242815694246882
3.2242815694246882
3.214438180269934
3.214438180269934
3.214438180269934
3.2115854689995413
3.2176477060142648
3.2394322932044095
3.253066173172401
3.237910972718714
3.2500023688987354
3.249618306193009
3.249618306193009
3.249618306193009
3.2334912612918822
3.232862551980742
3.2232573890889413
3.215779794981607
3.2469095664139784
3.2384723932617248
3.2369605004331845
3.2259118163677285
3.227154535674555
3.227603139110354
3.2166015940684227
3.232070803263534
3.2346681239011534
3.2346681239011534
3.2346681239011534
3.2551381037076252
3.2397242692910035
3.2572155333368604
3.2572155333368604
3.2572155333368604
3.245756005035975
3.245756005035975
3.2552559292322885
3.2552559292322885
3.2402552381415934
3.2402552381415934
3.2240126441283716
3.2339033562840807
3.2162800891466676
3.218230916087225
3.235570170325568
3.235570170325568
3.230123725758193
3.230123725758193
3.2070675214480193
3.201166484604907
3.201166484604907
3.201166484604907
3.1887794789656083
3.216988133576062
3.216988133576062
3.2237245565041923
3.252016140439659
3.2678379434988427
3.2458087122172232
3.2458087122172232
3.2318194420037964
3.2481831297978183
3.2481831297978183
3.2481831297978183
3.2481831297978183
3.249405579762886
3.269492704407142
3.2674439820850494
3.2674439820850494
3.2674439820850494
3.2646567764262646
3.2764841037630283
3.2683605191415217
3.2683605191415217
3.27101147753259
3.2714944753750417
3.2714944753750417
3.275026801221754
3.273297683129871
3.273297683129871
3.273297683129871
3.2855297896589377
3.2855297896589377
3.2844692477524324
3.264971644708502
3.2764012200410755
3.2764012200410755
3.2764012200410755
3.272432248271016
3.272432248271016
3.272432248271016
3.272432248271016
3.272432248271016
3.26330761683695
3.2584410395942314
3.2584410395942314
3.2528831866882606
3.252443309940839
3.2460842205195743
3.2447969143596493
3.2447969143596493
3.2447969143596493
3.2447969143596493
3.2447969143596493
3.223969836887971
3.223969836887971
3.223969836887971
3.223969836887971
3.223969836887971
3.223969836887971
3.2507838701400877
3.2508902470185452
3.2508902470185452
3.246876967610714
3.246876967610714
3.246876967610714
3.246876967610714
3.2249576268070466
3.230550660108699
3.230550660108699
3.230550660108699
3.230550660108699
3.230550660108699
3.232411646806928
3.2228822963260795
3.2215357799654805
3.228583290906068
3.228583290906068
3.2239136863713522
3.2239136863713522
3.211705832877179
3.2297418409245195
3.23176565848969
3.2339749470635737
3.2339749470635737
3.242835172643776
3.220650621850041
3.2087493080845806
3.2292594905985283
3.2292594905985283
3.2292594905985283
3.2397005072543994
3.2609613382436344
3.261469671279152
3.2538240916355856
3.2504334408583087
3.2504334408583087
3.2504334408583087
3.2687939984629537
3.2632132009867427
3.2305598188824862
3.2305598188824862
3.2305598188824862
3.2305598188824862
3.2358052693522956
3.2358052693522956
3.2358052693522956
3.2358052693522956
3.2371308078061305
3.2371308078061305
3.2371308078061305
3.2371308078061305
3.2371308078061305
3.2371308078061305
3.2400181240256747
3.2409948558404285
3.244597221524681
3.244597221524681
3.244597221524681
3.244597221524681
3.248450437037498
3.248450437037498
3.2663322928462986
3.267769923308763
3.267769923308763
3.253833146156941
3.249417094993998
3.2429088943873214
3.2429088943873214
3.2238185065154603
3.2127255215328345
3.2298470427004466
3.2298470427004466
3.2298470427004466
3.2298470427004466
3.2298470427004466
3.2298470427004466
3.2392176036646667
3.2275973824647513
3.217822284792819
3.217822284792819
3.2364464728406164
3.242596148201616
3.242596148201616
3.2361767298817385
3.2604519084639962
3.2604519084639962
3.2604519084639962
3.2382734283120174
3.2382734283120174
3.223601732806777
3.223601732806777
3.225969524552563
3.214769758477884
3.204849162623741
3.204849162623741
3.1933711771232685
3.1933711771232685
3.2059816150479192
3.186536749670123
3.186536749670123
3.1891356167649336
3.211700402848067
3.211700402848067
3.211700402848067
3.211700402848067
3.211700402848067
3.2007538878803934
3.2007538878803934
3.202323766141571
3.1749263208251364
3.210116663392093
3.210116663392093
3.210116663392093
3.210116663392093
3.210116663392093
3.210116663392093
3.201081279675543
3.201081279675543
3.201081279675543
3.201081279675543
3.201081279675543
3.201081279675543
3.201081279675543
3.201081279675543
3.204406042698378
3.209691486754335
3.2188180402571995
3.204891010279361
3.204891010279361
3.207036331689518
3.207036331689518
3.207036331689518
3.207036331689518
3.207036331689518
3.207036331689518
3.2090020729473427
3.2090020729473427
3.2090020729473427
3.2130595728826545
3.2130595728826545
3.2134353860674048
3.215055578913233
3.2313516959628203
3.2198576006602027
3.2198576006602027
3.2143810314541086
3.2366623376005297
3.234209060760588
3.248944788793759
3.252226365238715
3.252226365238715
3.2141817095188605
3.238463061278124
3.238463061278124
3.238463061278124
3.262074393636141
3.262074393636141
3.283039173640547
3.283039173640547
3.2582039010307895
3.2582039010307895
3.2582039010307895
3.2494531802852618
3.2494531802852618
3.245365524856047
3.241324344065085
3.25996742318032
3.25996742318032
3.2483860199368917
3.2299600836067675
3.2271490834171606
3.2271490834171606
3.2271490834171606
3.2450808186517692
3.2309785140300322
3.2309785140300322
3.2342699950636904
3.2342699950636904
3.240091444085068
3.2286180523398675
3.2286180523398675
3.2382008037167296
3.236000746522004
3.236000746522004
3.236000746522004
3.236000746522004
3.240849442221315
3.2342958912547655
3.2342958912547655
3.2510240138535815
3.2510240138535815
3.2510240138535815
3.2337750073263742
3.2337750073263742
3.2337750073263742
3.2337750073263742
3.2493312066918794
3.267208561420808
3.267208561420808
3.267208561420808
3.2745323512355435
3.27384612379967
3.2773932862952386
3.276719489029475
3.276719489029475
3.2657850122705887
3.241797514785533
3.273336911576652
3.24750477982703
3.24750477982703
3.2639171341087256
3.2639171341087256
3.2639171341087256
3.2639171341087256
3.2639171341087256
3.2639171341087256
3.262683791750371
3.2743137060373244
3.2630665056321266
3.281637228305682
3.287708474072858
3.287708474072858
3.2749966409921427
3.2749966409921427
3.2749966409921427
3.270282586525988
3.2850228179986978
3.2850228179986978
3.248066405888548
3.260110508503773
3.260110508503773
3.260110508503773
3.2377586521399273
3.244654466851132
3.244654466851132
3.244654466851132
3.246130356917361
3.246130356917361
3.246130356917361
3.246130356917361
3.252321906062232
3.2409002470036095
3.240383578112269
3.236367918408014
3.237147633504848
3.237147633504848
3.237147633504848
3.2472454085813434
3.2472454085813434
3.2472454085813434
3.2450656360456684
3.2450656360456684
3.2304653179317193
3.24562733181766
3.24562733181766
3.24562733181766
3.24562733181766
3.229190405038661
3.229190405038661
3.2230635869468656
3.231343901814457
3.2123848349068878
3.2129985737882354
3.2070010760080145
3.2176207405032744
3.2176207405032744
3.2176207405032744
3.2284098449197782
3.2324605921726035
3.2280333027716974
3.2280333027716974
3.2225181431800114
3.2225181431800114
3.241567573636527
3.241120849342515
3.232935077226279
3.2265404616298543
3.2265404616298543
3.2265404616298543
3.2265404616298543
3.2314015767774333
3.2314015767774333
3.2314015767774333
3.2314015767774333
3.2314015767774333
3.2314015767774333
3.2314015767774333
3.2314015767774333
3.2205642795818297
3.2219933986344884
3.2316866647634126
3.2160588525733287
3.2205572531893694
3.2014561440212845
3.231588214707487
3.231588214707487
3.2205095057840354
3.237591622221404
3.2307830277229503
3.2381603188723225
3.2381603188723225
3.2381603188723225
3.2381603188723225
3.2381603188723225
3.2381603188723225
3.2381603188723225
3.2381603188723225
3.2381603188723225
3.2363271299970044
3.2403731208448394
3.23944327172525
3.23944327172525
3.23944327172525
3.23944327172525
3.234415708833779
3.234415708833779
3.2192553515429654
3.2192553515429654
3.2192553515429654
3.2177080554682997
3.233987395041219
3.2506325644005045
3.2506325644005045
3.2506325644005045
3.240962610531157
3.235987021059435
3.235987021059435
3.235776794911002
3.235776794911002
3.2099760046692545
3.2099760046692545
3.2099760046692545
3.2099760046692545
3.22111260535743
3.227694239174611
3.2227101991560962
3.2227101991560962
3.2346899926402797
3.2299864444964874
3.2299864444964874
3.2299864444964874
3.2299864444964874
3.2413295232509522
3.2413295232509522
3.252582137532103
3.252582137532103
3.2432349021367126
3.269346724116326
3.24933537525897
3.263329265828089
3.263329265828089
3.2386933940726297
3.2386933940726297
3.2386933940726297
3.2386933940726297
3.230186159191406
3.2259256943190224
3.2259256943190224
3.215447057105045
3.215447057105045
3.218559395046825
3.218559395046825
3.225015623841964
3.223492263202577
3.2097268851765994
3.2097268851765994
3.2079014760195554
3.2173932560375214
3.209757837200231
3.238671675357675
3.229501665314643
3.2211560052235964
3.2211560052235964
3.221742032527378
3.2206767906481955
3.2206767906481955
3.232719937474865
3.2479867384127625
3.2479867384127625
3.2521904445871788
3.2521904445871788
3.244148679115971
3.244148679115971
3.244148679115971
3.2516795061649097
3.2430354341853116
3.2430354341853116
3.2430354341853116
3.2562000836661382
3.2562000836661382
3.2562000836661382
3.2562000836661382
3.2380265505044865
3.2380265505044865
3.247672262654226
3.2569740970526904
3.2525069436255016
3.2525069436255016
3.2428416140538254
3.2428416140538254
3.2296338409523133
3.2296338409523133
3.233697716880141
3.242755428110939
3.2440034977586385
3.274689719013024
3.274689719013024
3.274689719013024
3.265970556609507
3.2519889419722934
3.243279302588112
3.262767472086733
3.262767472086733
3.262767472086733
3.262767472086733
3.2489661596203523
3.238060225200264
3.238060225200264
3.237092860525547
3.237092860525547
3.231608745489719
3.258015591938779
3.258015591938779
3.258015591938779
3.2492897088045067
3.2492897088045067
3.2512888529604935
3.2512888529604935
3.2512888529604935
3.2512888529604935
3.2525579187015876
3.2394013713823178
3.24440007960405
3.241403513857076
3.245402339805811
3.249838988960591
3.2212583602037546
3.2212583602037546
3.2212583602037546
3.2212583602037546
3.2212583602037546
3.2212583602037546
3.239336642394186
3.239336642394186
3.239336642394186
3.239336642394186
3.239336642394186
3.239336642394186
3.2558076576682486
3.2558076576682486
3.2558076576682486
3.2558076576682486
3.227340874468947
3.232114390714398
3.232114390714398
3.2377417687347028
3.221197983690202
3.2212084717041596
3.232851950714135
3.254016563785253
3.2493359029895124
3.2588630900695743
3.258669286537457
3.258669286537457
3.2385750884845645
3.2385750884845645
3.2337717401595563
3.2337717401595563
3.2337717401595563
3.2337717401595563
3.239798182670805
3.235730657207823
3.235730657207823
3.235730657207823
3.2184292972831168
3.2147745421173357
3.2468368644027232
3.2468368644027232
3.2468368644027232
3.2503484693133853
3.2310486303656125
3.2310486303656125
3.235719500155752
3.2053138247987656
3.224283124872364
3.2382268651936923
3.2382268651936923
3.2448347918521208
3.2566893267926447
3.2451041745244793
3.2240227231896603
3.2240227231896603
3.2240227231896603
3.2240227231896603
3.2313659478248673
3.2531968109031597
3.2531968109031597
3.238423212891137
3.239046876138971
3.239046876138971
3.239046876138971
3.225504742852442
3.2293898744119223
3.2076825715964703
3.2076825715964703
3.2406475885223647
3.2406475885223647
3.253844577891998
3.254433813555805
3.2621240710181314
3.2621240710181314
3.2621240710181314
3.2654008338728295
3.2470609168979485
3.2470609168979485
3.2460577237500448
3.2509734107217194
3.27376737958647
3.271069215187326
3.25571574901484
3.2813890188595107
3.286713595938797
3.286713595938797
3.276857460732479
3.267738675789176
3.2326831984914737
3.2326831984914737
3.2631030691440537
3.243766595592856
3.232819803591594
3.232819803591594
3.232819803591594
3.2474368230599753
3.2554512793826293
3.2646665067210416
3.2646665067210416
3.2646665067210416
3.267932849120903
3.284347726398134
3.284347726398134
3.284347726398134
3.2857707102679887
3.2731769380356597
3.260908794883361
3.260908794883361
3.243588660006165
3.2300736413660336
3.24307776330543
3.24307776330543
3.24307776330543
3.24307776330543
3.24307776330543
3.24307776330543
3.257296604660581
3.257296604660581
3.257296604660581
3.2423737201103098
3.2423737201103098
3.243166572444697
3.23087462157863
3.23087462157863
3.23087462157863
3.2280453425889544
3.2280453425889544
3.2280453425889544
3.2280853446651068
3.2277938335645944
3.2277938335645944
3.257930745074748
3.2272288590794527
3.2166191702572866
3.210515458013687
3.205264018634863
3.2086816689855526
3.2410174837502543
3.2390527427342835
3.2390527427342835
3.2390527427342835
3.2416169371452837
3.234784144804305
3.233458534174219
3.2382693103844926
3.251823878184659
3.2604820354163313
3.2585534423316993
3.2638503313158567
3.2638503313158567
3.2309934836891765
3.2309934836891765
3.2309934836891765
3.2309934836891765
3.220308040043877
3.220308040043877
3.2238290897895254
3.2028953707749754
3.2028953707749754
3.195788371133957
3.1997681287635484
3.2022888914888177
3.2106002093144927
3.2106002093144927
3.2199512104678565
3.217855786952354
3.2382780890739724
3.2399868577329247
3.2196635544947108
3.2224526465306336
3.2224526465306336
3.1997457953056427
3.230064310998771
3.230064310998771
3.209595678658738
3.212429838844907
3.204430559677322
3.204430559677322
3.217205857119887
3.217205857119887
3.217205857119887
3.201511852363682
3.208932544537984
3.196134422588732
3.1902785154158697
3.2079444554547765
3.19013910237211
3.195980090516392
3.1791121762915684
3.1791121762915684
3.1985454191656686
3.2096628543149235
3.2096628543149235
3.185856765540748
3.185856765540748
3.185856765540748
3.185856765540748
3.1960713809251655
3.21938002221156
3.225810118619704
3.225810118619704
3.2344606182994813
3.224597691024908
3.224597691024908
3.223191502826873
3.2324292503046483
3.2315745482423144
3.2214948839884725
3.216283330499723
3.2107302256278794
3.2169730517411983
3.2372473976246923
3.238873032278364
3.238873032278364
3.234483821989571
3.234483821989571
3.234483821989571
3.245124376014723
3.2607085190087584
3.260794976088875
3.2673624553370852
3.256760812503015
3.256760812503015
3.246573145675163
3.2658680925665413
3.2665747356511257
3.2621499990578964
3.2621499990578964
3.2621499990578964
3.2621499990578964
3.2576029138611853
3.2565206570451255
3.2565206570451255
3.252538268780166
3.2643388939529276
3.2643388939529276
3.2643388939529276
3.2643388939529276
3.2781135056085957
3.2781135056085957
3.2781135056085957
3.2781135056085957
3.262136579783577
3.262136579783577
3.2578415375886234
3.2578415375886234
3.257654502537732
3.2494652896645175
3.2695299803164457
3.2695299803164457
3.2695299803164457
3.2740719125549282
3.2740719125549282
3.2740719125549282
3.2740719125549282
3.2783754458904424
3.2557989080526237
3.262646561202238
3.2630392660008765
3.2652119659941126
3.2652119659941126
3.2652119659941126
3.2652119659941126
3.2652119659941126
3.254310850751849
3.2589546398756557
3.2443972638239598
3.2393631599900394
3.277810729208626
3.292376446472533
3.297668024859373
3.2702640066875075
3.273593822449293
3.273593822449293
3.273593822449293
3.238487992965696
3.2309114310249276
3.2309114310249276
3.2460081292939686
3.2460081292939686
3.2481829209897577
3.257450260185199
3.240265185937349
3.26093769512192
3.2637136296650855
3.2637136296650855
3.2637136296650855
3.2637136296650855
3.2637136296650855
3.274687389799624
3.274687389799624
3.2753692234591085
3.2753692234591085
3.2619780699922387
3.260282116467283
3.2413975651184126
3.2490157593981595
3.2273934611226807
3.2255108539121404
3.2255108539121404
3.2260011753810462
3.212359658560909
3.2111396527595715
3.2222426246594433
3.2346459378322407
3.2346459378322407
3.2445377537910765
3.2404338132089405
3.2404338132089405
3.2404338132089405
3.2404338132089405
3.2307157041262564
3.2307157041262564
3.2307157041262564
3.2307157041262564
3.2444857926923634
3.246605522058749
3.246605522058749
3.2371592952296697
3.2320108000947196
3.2475670380613013
3.2475670380613013
3.264067443076294
3.264067443076294
3.2817087076209135
3.2817087076209135
3.2710533670888546
3.2364875096919543
3.2364875096919543
3.2364875096919543
3.2390586328905373
3.262488165476042
3.262488165476042
3.2728330617049823
3.2728330617049823
3.2728330617049823
3.2787803297203624
3.2787803297203624
3.2787803297203624
3.2787803297203624
3.2787803297203624
3.250362523930233
3.273542082768392
3.276223099896096
3.276223099896096
3.2811910519639005
3.28954061020134
3.289855784323033
3.2874208139528203
3.2774895721857704
3.2417079916055367
3.2417079916055367
3.2529364430446708
3.2549623099654847
3.2549623099654847
3.2549623099654847
3.258253949777078
3.258253949777078
3.258253949777078
3.247122384263944
3.251630188250814
3.251630188250814
3.2352651352792092
3.247760348015793
3.238333750528956
3.2475090299246596
3.2475090299246596
3.239656411743917
3.211051221146855
3.2208015549556857
3.2268728836059744
3.2268728836059744
3.2377085106650743
3.2377085106650743
3.2377085106650743
3.2377085106650743
3.2526837614006303
3.2554284870357715
3.2463029186270886
3.2527400226285432
3.265543394258299
3.269687019461162
3.251396561661772
3.251396561661772
3.251396561661772
3.251396561661772
3.251396561661772
3.2467011238941645
3.2467011238941645
3.2440747970649135
3.2353207650227995
3.2280242737765863
3.2667740756278096
3.254919083549724
3.254919083549724
3.254919083549724
3.254919083549724
3.254919083549724
3.2541505863400335
3.2541505863400335
3.2721782724368778
3.2721782724368778
3.2781540478568703
3.2781540478568703
3.2781540478568703
3.2547725131774414
3.2547725131774414
3.2547725131774414
3.2547725131774414
3.245025797647247
3.240618220234366
3.240618220234366
3.2391974178062646
3.2391974178062646
3.23906522916826
3.23906522916826
3.23906522916826
3.2426811818596715
3.2426811818596715
3.2564542715151794
3.2564542715151794
3.2564542715151794
3.2564542715151794
3.276526948940287
3.276526948940287
3.2612763668290317
3.2674756597502257
3.2674756597502257
3.2674756597502257
3.2674756597502257
3.2674756597502257
3.262129001692494
3.2585481220390524
3.2585481220390524
3.2582866765043668
3.2385481087712575
3.2385481087712575
3.278593327888565
3.276829335741658
3.245608951478102
3.245608951478102
3.245608951478102
3.255302469457028
3.266101866022537
3.266101866022537
3.266101866022537
3.2518650447295685
3.256134623243296
3.280248770121798
3.280248770121798
3.2701900408577007
3.2632002298086635
3.2677158073518573
3.2677158073518573
3.258414332546768
3.262137250291132
3.262137250291132
3.262137250291132
3.2519498691580644
3.2519498691580644
3.252035613786182
3.252035613786182
3.252035613786182
3.238897442625484
3.234454692900506
3.234454692900506
3.234454692900506
3.2656959659544116
3.262655582762014
3.269738188246446
3.269738188246446
3.269738188246446
3.269738188246446
3.2635235160563862
3.2635235160563862
3.2635235160563862
3.2635235160563862
3.2635235160563862
3.2635235160563862
3.2645902727942513
3.245009146475689
3.245009146475689
3.267209029849207
3.256986718438228
3.256986718438228
3.256986718438228
3.244827932345971
3.244827932345971
3.244827932345971
3.2358030899068138
3.2358030899068138
3.2518254125980075
3.2518254125980075
3.2666695560887034
3.2666695560887034
3.267378840099709
3.265337286784097
3.265337286784097
3.2452602981064147
3.2452602981064147
3.2284872322079434
3.2284872322079434
3.2353928887712624
3.2524807105554707
3.252918152634478
3.252918152634478
3.252918152634478
3.252918152634478
3.258096842628456
3.258096842628456
3.2600171749295366
3.2559511997720905
3.2438533914625514
3.2559091878560027
3.2559091878560027
3.24709510504439
3.2449640208374566
3.269939013278509
3.269939013278509
3.269939013278509
3.269939013278509
3.269939013278509
3.269939013278509
3.2626649052800043
3.267752546970168
3.250896044409804
3.2678436677191693
3.3049466803004623
3.3049466803004623
3.29771591525729
3.266142602511795
3.266142602511795
3.266142602511795
3.2625851884214323
3.2625851884214323
3.2493108841104075
3.2493108841104075
3.2493108841104075
3.263927091222151
3.2629840353961357
3.2419682425910508
3.2351450440648155
3.2351450440648155
3.2351450440648155
3.2674086894217456
3.2668809702309756
3.2602890006717034
3.2747470190317314
3.2747470190317314
3.2747470190317314
3.2747470190317314
3.264537149926392
3.264537149926392
3.271474713097087
3.271474713097087
3.2718804809061144
3.263309022260905
3.2801551779603497
3.268598748277194
3.268598748277194
3.268598748277194
3.268598748277194
3.2503826386094197
3.2573918780283337
3.2610079612257503
3.2610079612257503
3.2675452718799924
3.2799103432520083
3.2779922439732965
3.2774655559562977
3.263863300035981
3.2402156414066594
3.2402156414066594
3.2402156414066594
3.2402156414066594
3.2220349436486906
3.2220349436486906
3.2220349436486906
3.249576355923552
3.2575206191323374
3.2575206191323374
3.2565355938898417
3.2565355938898417
3.267802303847576
3.2623736581355223
3.254715272988532
3.254715272988532
3.254715272988532
3.254715272988532
3.2467625278074523
3.2684147862616917
3.249806082855667
3.25208682727684
3.239860206437612
3.2675908276032644
3.2675908276032644
3.2660662671860328
3.2660662671860328
3.248681409406353
3.274378571576596
3.292934162395824
3.292934162395824
3.279934351291093
3.26918198522262
3.259992983150705
3.2637122354241086
3.2646199023819964
3.2646199023819964
3.2465151459025914
3.2465151459025914
3.267648304937545
3.267648304937545
3.2698508288684796
3.2498356287004166
3.255466690333112
3.2638534289984626
3.2649928124310805
3.2814841381628628
3.2814841381628628
3.257624979695785
3.257624979695785
3.257624979695785
3.252297122639413
3.252297122639413
3.252297122639413
3.2444409955914373
3.2444409955914373
3.2444409955914373
3.2444409955914373
3.2444409955914373
3.2493598376774755
3.2493598376774755
3.240082175220187
3.240812633630014
3.249293178237983
3.2695087157856997
3.258806446298407
3.2405506405330944
3.243764712788349
3.248133302375366
3.248133302375366
3.2720123791664255
3.273261902846585
3.273261902846585
3.273261902846585
3.274494068152798
3.240229500860558
3.240764667691864
3.240764667691864
3.248909505620795
3.240851494651374
3.2316120577937384
3.245267291867698
3.2561231065895737
3.2359920718386492
3.2429881448215
3.2429881448215
3.228225153085024
3.228225153085024
3.210102706080861
3.2179816854969605
3.2179816854969605
3.2179816854969605
3.2350472137183957
3.244709203518786
3.2589652855758735
3.2589505552999056
3.249440123646611
3.227450298767296
3.2280960540556873
3.223796978788397
3.223796978788397
3.225555679511105
3.249328295658261
3.249328295658261
3.249328295658261
3.249328295658261
3.250712400838188
3.234686521767028
3.233179500913368
3.233179500913368
3.233179500913368
3.2485744790628117
3.2550254181005043
3.2550254181005043
3.2610695998349466
3.2610695998349466
3.2610695998349466
3.26187888536553
3.26187888536553
3.265577204994653
3.2807438675153784
3.2875341182232187
3.2875341182232187
3.2654629177357974
3.2654629177357974
3.25363554084901
3.25363554084901
3.2713678067377248
3.2713678067377248
3.2713678067377248
3.29975935729231
3.2999282663130503
3.2859868639390397
3.2501385956635604
3.2501385956635604
3.2501385956635604
3.261310785894351
3.2696680448032964
3.247247305498852
3.247247305498852
3.231585505718344
3.231585505718344
3.2363351196709753
3.2501775750683204
3.2501775750683204
3.2385449936514026
3.2325589528762086
3.2325589528762086
3.2555313127943983
3.2691669281632993
3.2263244010367846
3.2263244010367846
3.226081487138274
3.2242380253048855
3.2242380253048855
3.2242380253048855
3.2473502941966994
3.2370358141192073
3.2181254310149483
3.2181254310149483
3.2181254310149483
3.2181254310149483
3.2181254310149483
3.2364467626474296
3.227927872472233
3.2282558200105305
3.2268705289429453
3.2268705289429453
3.2571336868706506
3.2571336868706506
3.2571336868706506
3.247596066726796
3.2579728811503745
3.2643671823055356
3.271376353251898
3.271376353251898
3.271376353251898
3.271376353251898
3.271376353251898
3.2634805597729497
3.2634805597729497
3.2734986097651526
3.2293817091255237
3.2293817091255237
3.238326552177474
3.2435904030590548
3.2435904030590548
3.2435904030590548
3.256007310133041
3.2591789702244363
3.26698969926185
3.26698969926185
3.26698969926185
3.26698969926185
3.2632684715963145
3.2632684715963145
3.253239313649577
3.2505808079553384
3.2505808079553384
3.2505808079553384
3.2505808079553384
3.2505808079553384
3.246762764619841
3.2512582696869243
3.256604641010163
3.2647468525765526
3.2697586768685665
3.2699115397918774
3.2639528297574483
3.2577946788537187
3.2577946788537187
3.2577946788537187
3.2577946788537187
3.2577946788537187
3.2577946788537187
3.2629094823335727
3.260501735589441
3.251521851891232
3.249540760705723
3.2675445220481847
3.245489895613493
3.2489264405979403
3.2338797606731333
3.238343950040504
3.238343950040504
3.266523898168663
3.2375445513765357
3.2375445513765357
3.228804755318329
3.228804755318329
3.2245366640830984
3.2403296919159934
3.2202924076397363
3.2202924076397363
3.2120090603163036
3.2025587415888843
3.209162701312694
3.2086801667300486
3.2036246349761903
3.2058603728215154
3.230403777536932
3.2353870708823256
3.21121403925876
3.2300723428080174
3.2300723428080174
3.2401174456442217
3.2334490626352452
3.2224200605087883
3.2224200605087883
3.2264836516380337
3.226391004799698
3.24996677754538
3.2609790967329086
3.2609790967329086
3.2642501710353558
3.2550384850785146
3.2550384850785146
3.2550384850785146
3.2550384850785146
3.234842148284295
3.234842148284295
3.234842148284295
3.234842148284295
3.2403134295041998
3.2403134295041998
3.2403134295041998
3.2474880077498582
3.251380971556569
3.251380971556569
3.2570434280753777
3.2762829525271506
3.2762757553738626
3.2762757553738626
3.2587612988537518
3.2360228421703763
3.2360228421703763
