3.7663336353343304
3.7663336353343304
3.7663336353343304
3.7663336353343304
3.7663336353343304
3.7663336353343304
3.7663336353343304
3.7663336353343304
3.7663336353343304
3.7663336353343304
3.7663336353343304
3.7663336353343304
3.7663336353343304
3.7663336353343304
3.7663336353343304
3.7663336353343304
3.7663336353343304
3.7663336353343304
3.7663336353343304
3.7663336353343304
3.7663336353343304
3.7663336353343304
3.7663336353343304
3.7663336353343304
3.7663336353343304
3.7663336353343304
3.7663336353343304
3.7663336353343304
3.7663336353343304
3.7663336353343304
3.7663336353343304
3.7663336353343304
3.7663336353343304
3.7663336353343304
3.7663336353343304
3.7663336353343304
3.7663336353343304
3.7663336353343304
3.7663336353343304
3.7663336353343304
3.7663336353343304
3.7663336353343304
3.7663336353343304
3.7663336353343304
3.7663336353343304
3.7663336353343304
3.7663336353343304
3.7663336353343304
3.7663336353343304
3.7663336353343304
3.7663336353343304
3.7663336353343304
3.7663336353343304
3.7663336353343304
3.7663336353343304
3.7663336353343304
3.7663336353343304
3.7663336353343304
3.7663336353343304
3.7663336353343304
3.7663336353343304
3.7663336353343304
3.7663336353343304
3.7663336353343304
3.7663336353343304
3.7663336353343304
3.7663336353343304
3.7663336353343304
3.7663336353343304
3.7663336353343304
3.7663336353343304
3.7663336353343304
3.7663336353343304
3.7663336353343304
3.7663336353343304
3.7663336353343304
3.7663336353343304
3.7663336353343304
3.7663336353343304
3.7663336353343304
3.7663336353343304
3.7663336353343304
3.7663336353343304
3.7663336353343304
3.7663336353343304
3.7663336353343304
3.7663336353343304
3.7663336353343304
3.7663336353343304
3.7663336353343304
3.7663336353343304
3.7663336353343304
3.7663336353343304
3.7663336353343304
3.7663336353343304
3.7663336353343304
3.7663336353343304
3.7663336353343304
3.7663336353343304
3.7663336353343304
3.714415240055068
3.69988169871637
3.69988169871637
3.6941508603966424
3.6941508603966424
3.67119418736359
3.67119418736359
3.67119418736359
3.67119418736359
3.6642780885172446
3.6642780885172446
3.6642780885172446
3.6642780885172446
3.6642780885172446
3.641799881832637
3.641799881832637
3.6250722700765934
3.6250722700765934
3.6250722700765934
3.6250722700765934
3.608161833036016
3.5635179025941515
3.5635179025941515
3.5635179025941515
3.5505579683472015
3.5458688386356467
3.5458688386356467
3.5458688386356467
3.531006837075197
3.531006837075197
3.531006837075197
3.531006837075197
3.5290972419793794
3.499769641580997
3.473570467946088
3.4656050966730554
3.4519208342555463
3.4519208342555463
3.4519208342555463
3.4519208342555463
3.4519208342555463
3.4519208342555463
3.4519208342555463
3.447824683857005
3.447824683857005
3.4469291981840016
3.4469291981840016
3.4469291981840016
3.4469291981840016
3.444099844202447
3.4392387013601784
3.4392387013601784
3.4356169890875896
3.436737515556764
3.4125144580802433
3.4125144580802433
3.388532864149343
3.388532864149343
3.3452989661042354
3.3130385124538346
3.3185831741378227
3.3185831741378227
3.3185831741378227
3.3096056090324453
3.3096056090324453
3.3096056090324453
3.3096056090324453
3.2966019957047674
3.2966019957047674
3.2966019957047674
3.3000440607543307
3.2694887159073938
3.2868842808634073
3.265290067854168
3.265290067854168
3.265290067854168
3.265290067854168
3.266784150420148
3.252207848186203
3.2511301574915374
3.254966671750793
3.254966671750793
3.2348573711346496
3.2348573711346496
3.22963037119183
3.22963037119183
3.211856196142258
3.2116026776166477
3.200182221660098
3.2340572839153534
3.235111901595233
3.235111901595233
3.235111901595233
3.2228529137854647
3.234708666510406
3.2286162115398724
3.2424258988530985
3.2424258988530985
3.2323679136793584
3.2323679136793584
3.2323679136793584
3.2367563537149633
3.2367563537149633
3.2258620050336018
3.2258620050336018
3.228708316762019
3.228708316762019
3.237471627571855
3.237471627571855
3.247559965296067
3.2569508061966217
3.243092765731614
3.243092765731614
3.241513395905288
3.226257536175204
3.226257536175204
3.223783168825137
3.223783168825137
3.2293458096848213
3.2418765121703403
3.2418765121703403
3.223789166572835
3.223789166572835
3.223789166572835
3.2256384113952317
3.2205553225169754
3.2205553225169754
3.2281152403829325
3.224376774113714
3.2260113813368014
3.2157727012443913
3.2157727012443913
3.2102397033902497
3.1995574094184343
3.1995574094184343
3.1995574094184343
3.20453518241091
3.20453518241091
3.2191672701015808
3.2191672701015808
3.2191672701015808
3.2191672701015808
3.217508954770086
3.214012734859017
3.2153998565827053
3.2203063948449544
3.2203063948449544
3.2202799019483175
3.2284955223042675
3.2284955223042675
3.2231062256184604
3.230163300849307
3.234811687302081
3.234811687302081
3.247468696133507
3.2421619104123893
3.2202062653165813
3.208171144282434
3.2009891585111236
3.1973883328612676
3.1973883328612676
3.1973883328612676
3.1973883328612676
3.1973883328612676
3.1876058904403255
3.188080556186436
3.208298545986544
3.208298545986544
3.208298545986544
3.231295949020591
3.231295949020591
3.2178830360244155
3.2178830360244155
3.2140918033647856
3.2140918033647856
3.2140918033647856
3.2140918033647856
3.213027914860053
3.213027914860053
3.2225486167493655
3.2225486167493655
3.252277702502064
3.2550446572633036
3.2483424418028513
3.25691097064005
3.2378521123780035
3.2378521123780035
3.2376592711284493
3.2297387009966627
3.2297387009966627
3.216152227807966
3.2149592033709493
3.2280115171589627
3.2411514200674523
3.2411514200674523
3.2411514200674523
3.2411514200674523
3.2411514200674523
3.2411514200674523
3.2471441000902654
3.2342174484157153
3.2299371674789112
3.2185986230717343
3.2185986230717343
3.2185986230717343
3.2185986230717343
3.224274252512502
3.2205019623466495
3.2153656869965612
3.236070493214027
3.2346418376520014
3.2346418376520014
3.2283692341581673
3.2365930431232313
3.2365930431232313
3.2365930431232313
3.237357302300557
3.244683073010318
3.244683073010318
3.2230164550106335
3.2230164550106335
3.219234262534608
3.219234262534608
3.219234262534608
3.219234262534608
3.231761004841784
3.231761004841784
3.2045654734970754
3.2045654734970754
3.2099007840952045
3.2099007840952045
3.2099007840952045
3.2101379499214624
3.2156153065035524
3.2199953508493744
3.2199953508493744
3.2199953508493744
3.2199953508493744
3.2199953508493744
3.2316700506646163
3.2316700506646163
3.2123519275265076
3.228751839965845
3.228751839965845
3.2147406953189788
3.2147406953189788
3.2224832769517593
3.2224832769517593
3.2224832769517593
3.2224832769517593
3.237066521247314
3.238394657178274
3.238394657178274
3.238394657178274
3.2275199811719255
3.2281752108038444
3.211710727623718
3.211710727623718
3.2491487453022523
3.22140323076651
3.22140323076651
3.22140323076651
3.238664394007486
3.2340943586395605
3.2340943586395605
3.2340943586395605
3.2308173377769456
3.2195160487634817
3.2195160487634817
3.2195160487634817
3.2212948597374274
3.225066466624936
3.1993300665264215
3.1993300665264215
3.1993300665264215
3.2068549973875413
3.2055154398496373
3.2055154398496373
3.210740382200676
3.210740382200676
3.210740382200676
3.2295405323523374
3.2028214365138625
3.208784993465297
3.208784993465297
3.2064057466231084
3.2064057466231084
3.1900877913133243
3.1849537964001158
3.1867053910202627
3.1867053910202627
3.221201871594561
3.218224957694039
3.199980591645013
3.200224730157795
3.200224730157795
3.2132671606899894
3.214923669160515
3.214923669160515
3.215544490003771
3.2339914096488207
3.22106647102943
3.2176491046767293
3.2176491046767293
3.2553824874539283
3.250706147135429
3.250706147135429
3.250706147135429
3.250706147135429
3.250706147135429
3.250706147135429
3.250706147135429
3.242825461134393
3.235728722208654
3.247082193370018
3.247082193370018
3.2348712816062046
3.2348712816062046
3.249811934197622
3.249811934197622
3.2483731214898923
3.2653765661916436
3.2431797458221423
3.2431797458221423
3.2431797458221423
3.251486889401126
3.2333625382217206
3.2433859044153577
3.2433859044153577
3.243932014441551
3.243932014441551
3.2512447905380135
3.2368258961334258
3.2368258961334258
3.239956576276553
3.239956576276553
3.239956576276553
3.255746433080279
3.255746433080279
3.23000481707023
3.23000481707023
3.23000481707023
3.231706693686176
3.231706693686176
3.231706693686176
3.231706693686176
3.2287039444889714
3.2287039444889714
3.2287039444889714
3.2287039444889714
3.2229296027678225
3.2229296027678225
3.2229296027678225
3.2229296027678225
3.2458677008375476
3.248436893956882
3.246579901474545
3.246579901474545
3.2516802351553147
3.264936334263048
3.240060891958717
3.2495114993032175
3.2495114993032175
3.246964888493668
3.2466971838704946
3.2307354793531187
3.2307354793531187
3.2307354793531187
3.2320923364095204
3.22290968753634
3.2300613296776257
3.2363050180488426
3.2515068064110677
3.230082345680917
3.230082345680917
3.2358820877991623
3.2358820877991623
3.2358820877991623
3.2358820877991623
3.2358820877991623
3.256697491151795
3.2620313959049754
3.2688230907459874
3.239722886175164
3.239722886175164
3.239722886175164
3.2310711646516834
3.2168188939479907
3.232714148884918
3.232714148884918
3.232714148884918
3.232714148884918
3.228170899448343
3.21707224815631
3.2027121533584397
3.2027121533584397
3.2145826854008464
3.2318809673732063
3.2318809673732063
3.2441560201273014
3.222272750607695
3.246006791403069
3.2510846874940587
3.2510846874940587
3.2510846874940587
3.2506435833725544
3.250623560546347
3.2557710547459067
3.245310979911915
3.245310979911915
3.2660767716904915
3.2716985662289315
3.25736559662988
3.25736559662988
3.241120927039218
3.2070813627788475
3.2070813627788475
3.248771303816294
3.236143400298016
3.236143400298016
3.2344951616169286
3.2344951616169286
3.2344951616169286
3.231765565267958
3.231765565267958
3.2134632995159675
3.2254509508633578
3.2254509508633578
3.226891029898962
3.241417786365182
3.227028076148794
3.2529523411036174
3.2529523411036174
3.2342872800632607
3.2342872800632607
3.2342872800632607
3.2590396045418824
3.2551429403015737
3.251886082098565
3.251886082098565
3.251886082098565
3.251886082098565
3.2809252466900976
3.2803456386458127
3.2803456386458127
3.264227276221194
3.2762662150953124
3.2669004126135164
3.2669004126135164
3.2669004126135164
3.2585917226341636
3.2682613388102544
3.2703582290361424
3.2703582290361424
3.270285469991453
3.2543582549108176
3.253078676758954
3.2500063341956467
3.2500063341956467
3.2500063341956467
3.2500063341956467
3.239894855915581
3.245614241545501
3.214135057056304
3.214135057056304
3.214135057056304
3.2052802135667617
3.2038682770868956
3.2038682770868956
3.1984491136623348
3.1984491136623348
3.1984880313556237
3.190383037548812
3.186431675718579
3.192052254285858
3.213705665044692
3.224509795776011
3.2284127398375806
3.229716708599607
3.2357540592159486
3.220035586649916
3.220035586649916
3.220035586649916
3.220035586649916
3.220035586649916
3.220035586649916
3.220035586649916
3.2142193436952327
3.2083273193004898
3.2083273193004898
3.2083273193004898
3.2219424918751285
3.2168772991732153
3.2168772991732153
3.2168772991732153
3.216578849260544
3.216578849260544
3.216578849260544
3.213182572705311
3.213182572705311
3.2321599419128337
3.2321599419128337
3.2321599419128337
3.2204728873818027
3.2219844186371636
3.240558584464078
3.2209221729955577
3.2149275084513165
3.2393729589612428
3.2393729589612428
3.2393729589612428
3.2393729589612428
3.2291681498764184
3.2291681498764184
3.2157820388180327
3.2157820388180327
3.2157820388180327
3.2209092186535173
3.219290950934839
3.2377824674013262
3.2354563049275984
3.2411810823702534
3.2411810823702534
3.2405219256901834
3.2405219256901834
3.2405219256901834
3.2331147320801326
3.2331147320801326
3.2269155987488105
3.21522232256797
3.21522232256797
3.21522232256797
3.2095657452147743
3.2095657452147743
3.2095657452147743
3.2095657452147743
3.216558711865916
3.210808067261813
3.2259766562904586
3.201803816151935
3.2251914967063766
3.2142007184021595
3.233087658737083
3.2273937854285495
3.2273937854285495
3.2363128331931037
3.2363949323053527
3.246420909588752
3.246420909588752
3.207644355580123
3.207644355580123
3.207644355580123
3.1917427050501064
3.1917427050501064
3.1917427050501064
3.1917427050501064
3.233320978507965
3.233320978507965
3.233320978507965
3.233320978507965
3.233320978507965
3.2270844667383773
3.2270844667383773
3.2270844667383773
3.2339046710652335
3.219967774919992
3.219967774919992
3.2092222394081653
3.2168516883982536
3.2168516883982536
3.2075083053774063
3.2075083053774063
3.2075083053774063
3.198121465489546
3.203653936103051
3.203653936103051
3.2021288014466007
3.2021288014466007
3.2146332862752116
3.2258854903105303
3.2258854903105303
3.2258854903105303
3.2258854903105303
3.2214988931614124
3.2214988931614124
3.241002824398354
3.241002824398354
3.2405210745515385
3.2405210745515385
3.2560652635662093
3.2804897140204994
3.2879922384175098
3.2879922384175098
3.255704699538949
3.2483884628911066
3.2638247309738766
3.2638247309738766
3.267730331284188
3.2572969707746786
3.2870635535740886
3.269425454519237
3.269425454519237
3.269425454519237
3.269425454519237
3.280600783130783
3.2470050326171576
3.280866964114007
3.291869723547474
3.271319215046903
3.270092426702923
3.2688203408854877
3.2688203408854877
3.2713840570451302
3.2761021610889123
3.286969322669101
3.286969322669101
3.255092430947693
3.255092430947693
3.224135367077743
3.2283154898625304
3.23977725540646
3.23977725540646
3.2292230229143315
3.2292230229143315
3.2300813175855883
3.2307814793832828
3.221341847590993
3.224587759188713
3.217268105194351
3.21896258844899
3.2195661843517986
3.2195661843517986
3.2195661843517986
3.2309981046229654
3.2253706385113756
3.2478625252661972
3.2478625252661972
3.2478625252661972
3.2559531180315937
3.238625382303735
3.238625382303735
3.238625382303735
3.232792618394494
3.232792618394494
3.2571440860690455
3.267823764695348
3.2739618946186995
3.2710789026499723
3.2329193339162603
3.2329193339162603
3.206995838438908
3.206995838438908
3.2237563647774583
3.2237563647774583
3.2608162109269068
3.2608162109269068
3.2519067217567725
3.2357850980441345
3.2357850980441345
3.2357850980441345
3.235529177923813
3.2253527221917233
3.2253527221917233
3.2205651118957275
3.2205651118957275
3.2205651118957275
3.21147822193307
3.21147822193307
3.21147822193307
3.21147822193307
3.21147822193307
3.21147822193307
3.202644668812004
3.2021079361579603
3.2021079361579603
3.2149955165721975
3.1996273153806447
3.1996273153806447
3.203834098998373
3.2066763246942966
3.2177331603654737
3.2106533250909575
3.2106533250909575
3.2106533250909575
3.2106533250909575
3.2301481390445455
3.2301481390445455
3.2301481390445455
3.2301481390445455
3.2301481390445455
3.2301481390445455
3.2301481390445455
3.206376687893436
3.206376687893436
3.2256293947277097
3.2256293947277097
3.2115030516518313
3.232749924571635
3.194256928795948
3.194256928795948
3.2143742168779634
3.20417756412866
3.20417756412866
3.206315430042376
3.2096472912902616
3.2096472912902616
3.2096472912902616
3.2047208228040835
3.2047208228040835
3.2249183808580706
3.2322185420505187
3.2322185420505187
3.208511800748234
3.208511800748234
3.208511800748234
3.208511800748234
3.204594734989498
3.2360827672851964
3.2360827672851964
3.2159059249900315
3.240880018984522
3.221500474911045
3.2487169852813262
3.2295746012923487
3.2353047043076106
3.212578338271697
3.2178683873839926
3.2178683873839926
3.232303049478516
3.231211462321645
3.231211462321645
3.210230549679723
3.2171559433075005
3.223084752416258
3.205917412659487
3.205917412659487
3.205917412659487
3.205917412659487
3.205917412659487
3.205917412659487
3.196017874109256
3.196017874109256
3.2025205268920685
3.2025205268920685
3.2505570017495096
3.206458395955556
3.206458395955556
3.2201712430701424
3.2201712430701424
3.219556135168716
3.219556135168716
3.243998568597788
3.26079807345933
3.26079807345933
3.2656158756333067
3.2639239199856362
3.2423536671912205
3.2423536671912205
3.2423536671912205
3.2527288871387845
3.249592177881125
3.249592177881125
3.249592177881125
3.249592177881125
3.2507887074677257
3.2507887074677257
3.2542746388249446
3.2518086956909933
3.2497721206318655
3.2497721206318655
3.2497721206318655
3.2132129292371654
3.1901733786277116
3.1949155236231537
3.1949155236231537
3.1949155236231537
3.199392686054209
3.199392686054209
3.2110996513945262
3.2110996513945262
3.202342924802917
3.202342924802917
3.2138640431694565
3.2138640431694565
3.2214914886112758
3.2275360851666828
3.2152120111140374
3.2152120111140374
3.208893698265266
3.208893698265266
3.2330782528043214
3.2065887067678815
3.2065887067678815
3.2065887067678815
3.2028992633506745
3.2028992633506745
3.2206374170017686
3.2206374170017686
3.201770739394707
3.2046287577477433
3.2088828400631852
3.2088828400631852
3.2111633754941526
3.2111633754941526
3.2111633754941526
3.2111633754941526
3.201883281115571
3.201883281115571
3.221231481305374
3.2226610189007094
3.2226610189007094
3.2226610189007094
3.2118248640896248
3.2118248640896248
3.2098405408192905
3.22549216735124
3.194263165177502
3.1904492838129572
3.20580743749964
3.20580743749964
3.210573171218398
3.210573171218398
3.1980691182003467
3.195763915745467
3.195763915745467
3.2165294895037717
3.2193412932998418
3.2053265570559275
3.2053265570559275
3.2053265570559275
3.2085734234963548
3.2164446340522725
3.230541836626539
3.236210715525062
3.232690200271307
3.24327302226588
3.24327302226588
3.212249050169972
3.2124213074197137
3.2124213074197137
3.2218362620500915
3.2218362620500915
3.2305921449675794
3.244184732836944
3.234464278184261
3.2550940586329506
3.2550940586329506
3.2550940586329506
3.2550940586329506
3.2414073262361316
3.2414073262361316
3.2414073262361316
3.241727253159234
3.241727253159234
3.241727253159234
3.241727253159234
3.241727253159234
3.241727253159234
3.241727253159234
3.241727253159234
3.2647065912598974
3.291914701265435
3.2953716937675352
3.297029718890886
3.297029718890886
3.285061642837711
3.243457440763158
3.243457440763158
3.233400314207955
3.233400314207955
3.2429261025966425
3.2288945671410207
3.2409702273146945
3.26559750837103
3.26559750837103
3.26559750837103
3.242092923954603
3.275430790838283
3.275430790838283
3.275430790838283
3.266060219831707
3.2743206764284567
3.278911104180746
3.2747790898825304
3.2718179388978856
3.2718179388978856
3.2718179388978856
3.2718179388978856
3.2718179388978856
3.3071932703013247
3.279733720466975
3.2896043281762295
3.292077856758747
3.292077856758747
3.292077856758747
3.3089894609025117
3.2904640468512736
3.2916112105262596
3.277461750419887
3.267970033926018
3.267970033926018
3.2577361102010456
3.258760944191556
3.260667074332111
3.2526340719028086
3.2526340719028086
3.2526340719028086
3.2526340719028086
3.2526340719028086
3.254789596598094
3.25693175376767
3.25693175376767
3.254271247836344
3.2614018606269513
3.2614018606269513
3.2614018606269513
3.2535199617859862
3.2535199617859862
3.2538174461429543
3.2526829596915414
3.2526829596915414
3.247181374345949
3.2454142170543037
3.2454142170543037
3.2688476708324012
3.2546693280548253
3.2546693280548253
3.2425988505830294
3.2425988505830294
3.2576777899338616
3.236155385479343
3.2209170349249328
3.22151293996052
3.22151293996052
3.2343511538483263
3.2343511538483263
3.24409345729432
3.252865050986394
3.2235057282804047
3.2235057282804047
3.2183543489029556
3.2183543489029556
3.227319878499157
3.23472412128371
3.2390063939910942
3.2503400843119
3.2503400843119
3.224300255151342
3.224300255151342
3.2309945522675614
3.2309945522675614
3.2309945522675614
3.2377512914473763
3.2534168413524887
3.2534168413524887
3.2534168413524887
3.246056126957227
3.235772047583872
3.235772047583872
3.235772047583872
3.235772047583872
3.235772047583872
3.244669127983682
3.2649720742332695
3.2451369285571574
3.242783076881641
3.2524639366653334
3.253593567976433
3.251045738234908
3.251045738234908
3.251045738234908
3.232231539895133
3.228189983660502
3.2337593339264563
3.2337593339264563
3.2243263167961866
3.2331833248563187
3.2494094058141614
3.2402976148572966
3.2326908159005394
3.2474859343833136
3.246197224026478
3.2182022527438243
3.223840322837064
3.2351467690268456
3.2351467690268456
3.2424349449104595
3.2238998328869988
3.2238998328869988
3.2282326566654387
3.2293537718859433
3.2293537718859433
3.2293537718859433
3.2293537718859433
3.1997104152571176
3.226420620721517
3.2243011665030896
3.2243011665030896
3.2166879972362494
3.2358213598780345
3.2201048625196256
3.2201048625196256
3.2201445821859322
3.246458477610512
3.2418782557704295
3.2339199456341703
3.227873201388849
3.222296004240917
3.2271967797129704
3.2271967797129704
3.225559188121832
3.2419761905128297
3.2432025683831296
3.235864677301855
3.2443346503699813
3.2443346503699813
3.2443346503699813
3.2443346503699813
3.2443346503699813
3.2603204391862337
3.2613712243369886
3.2564986479892046
3.2594672800365143
3.2636950453650657
3.245553589163414
3.226524569724052
3.242793887828853
3.2245856942173474
3.2245856942173474
3.2279018035614304
3.2279018035614304
3.2279018035614304
3.2274667380188378
3.212746976274974
3.212746976274974
3.211487710880986
3.199623767286609
3.199623767286609
3.199623767286609
3.2144530458171716
3.2144530458171716
3.213931380514174
3.213931380514174
3.213931380514174
3.219774693188555
3.2108206846786973
3.2108206846786973
3.230565686682324
3.2302677460932103
3.217979074591529
3.217979074591529
3.217979074591529
3.226507694810514
3.2389536280154414
3.2389536280154414
3.2389536280154414
3.2423515146183304
3.2423515146183304
3.2294766195375635
3.2267065570724323
3.2321397345103127
3.2321397345103127
3.213629922867057
3.213629922867057
3.213629922867057
3.213629922867057
3.1951671768434924
3.1951671768434924
3.1951671768434924
3.2066335076194905
3.217542234962947
3.1918204117383806
3.1918204117383806
3.1918204117383806
3.197690123085625
3.196685714679409
3.223771814195862
3.2058839969233657
3.203099867821499
3.1970693341346723
3.218309984134222
3.218309984134222
3.2277222280737825
3.2333232343159297
3.1985641760893553
3.1985641760893553
3.2175803030375554
3.238241893975558
3.2345477102219
3.2345477102219
3.235271247806796
3.2136280960941357
3.2074083937718143
3.2074083937718143
3.2074083937718143
3.2263247769850465
3.248488532032598
3.257100527793582
3.257100527793582
3.257100527793582
3.257100527793582
3.257100527793582
3.257100527793582
3.25520991697093
3.240607637849228
3.240607637849228
3.240607637849228
3.2575105613754824
3.233927037455985
3.233927037455985
3.233927037455985
3.2326152800253056
3.2326152800253056
3.2188798818082187
3.2188798818082187
3.2188798818082187
3.2188798818082187
3.2188798818082187
3.2292351279735403
3.2292351279735403
3.214319209339987
3.214319209339987
3.251723252970397
3.2396826575349906
3.2396826575349906
3.2140119506039393
3.2140119506039393
3.2140119506039393
3.2140119506039393
3.224268721777665
3.2145645712446296
3.2145645712446296
3.212879854511812
3.2051237291853143
3.21857125218596
3.198924108538236
3.198924108538236
3.198924108538236
3.198924108538236
3.2058027852513207
3.195089760196679
3.1889711703741837
3.215725687140622
3.2140266564558435
3.2140266564558435
3.2375611906775283
3.2375611906775283
3.2340174865035536
3.2340174865035536
3.216966885373953
3.207905195277909
3.207905195277909
3.207905195277909
3.2013981656318284
3.2013981656318284
3.2013981656318284
3.192528679483147
3.192528679483147
3.2094863895549364
3.2094863895549364
3.2094863895549364
3.2153976916181883
3.2246802692405065
3.2150475763534185
3.2251214336624687
3.2251214336624687
3.2339923848340124
3.2339923848340124
3.2339923848340124
3.2339923848340124
3.2539648876923835
3.2499166787809575
3.2499166787809575
3.2465521803054473
3.2465521803054473
3.2465521803054473
3.2592256779610906
3.2592256779610906
3.2592256779610906
3.271726248625286
3.281283848802181
3.281283848802181
3.297962781970304
3.297962781970304
3.2968205710410716
3.2968205710410716
3.3038716605488094
3.3038716605488094
3.3038716605488094
3.2989083169763815
3.2661922161390096
3.2661922161390096
3.2744866443356733
3.2744866443356733
3.285750382406816
3.28473948752078
3.2660097533262906
3.2660097533262906
3.2660097533262906
3.266938982123967
3.266938982123967
3.2669036846865245
3.2669036846865245
3.2669036846865245
3.2669036846865245
3.2669036846865245
3.2669036846865245
3.2669036846865245
3.2669036846865245
3.270316298256712
3.24747345446757
3.259895566154971
3.2477211200730993
3.258076651731429
3.2578507647613772
3.256866465312335
3.2397674579649416
3.2397674579649416
3.2397674579649416
3.255086231446242
3.255086231446242
3.255086231446242
3.25472431335394
3.25472431335394
3.262126085529216
3.262126085529216
3.2670669133225383
3.2643838872517574
3.2500817635644554
3.2500817635644554
3.2500817635644554
3.2500817635644554
3.2500817635644554
3.2294188898988847
3.2530037690486857
3.24265006731895
3.2243979991096667
3.2243979991096667
3.2300441094075287
3.230395570135238
3.230395570135238
3.230395570135238
3.230395570135238
3.2249124626475707
3.2249124626475707
3.223054146946976
3.223054146946976
3.196926632152404
3.2080914701145775
3.2080914701145775
3.237775144713034
3.237775144713034
3.21903442326112
3.228313896453046
3.228313896453046
3.228313896453046
3.224485303955586
3.2343874120010434
3.238795311599868
3.2530654858189916
3.2530654858189916
3.2530654858189916
3.2630059569489935
3.2528022623892827
3.260561169862402
3.2252308010365858
3.242971450325993
3.2576632681554107
3.2564794358547444
3.2428047947300795
3.2428047947300795
3.2428047947300795
3.2433836866154175
3.2375213470141015
3.2334729524596013
3.2460858130655934
3.2793405706926984
3.2824236448480066
3.2824236448480066
3.2637250459465137
3.2675304514672145
3.241175536858408
3.241175536858408
3.248828226838837
3.2538933325269808
3.2538933325269808
3.273943178474528
3.2736840981763398
3.2736840981763398
3.2736840981763398
3.220465477014782
3.2304969564491586
3.228657337439127
3.2282264880572447
3.2437727072537084
3.2437727072537084
3.258289024705052
3.258289024705052
3.247974411122207
3.248976825019116
3.248976825019116
3.246264869616166
3.246264869616166
3.241235931134188
3.241235931134188
3.2280999397957513
3.2280999397957513
3.2280999397957513
3.218872309247459
3.2433963360158353
3.213384992916702
3.213384992916702
3.213384992916702
3.213384992916702
3.213384992916702
3.213384992916702
3.2298258143478167
3.244879618651785
3.244879618651785
3.244879618651785
3.244879618651785
3.244879618651785
3.244879618651785
3.241471648994239
3.227812221995404
3.245568513269681
3.245568513269681
3.262367877108381
3.253249064472834
3.2606250207474314
3.2376329847940086
3.2376329847940086
3.2376329847940086
3.246825288481572
3.246825288481572
3.246825288481572
3.227211761792408
3.227211761792408
3.227211761792408
3.227211761792408
3.2350089439715113
3.2350089439715113
3.2129862649591603
3.21251711281364
3.2021034894316625
3.205070382711615
3.24835204124877
3.247972006133027
3.208787002240449
3.206770380988752
3.2066207352601688
3.2141024834244103
3.203587578106719
3.196746015171809
3.2072154543657123
3.2072154543657123
3.218924882817892
3.218924882817892
3.210053328423453
3.210053328423453
3.210053328423453
3.210053328423453
3.194365380535957
3.2091635617714354
3.2215818818520434
3.2215818818520434
3.218269427195638
3.218269427195638
3.218269427195638
3.218269427195638
3.218269427195638
3.218269427195638
3.218269427195638
3.245264429650567
3.245264429650567
3.2146311926639775
3.208814252925073
3.208814252925073
3.208814252925073
3.24524133395229
3.24524133395229
3.24524133395229
3.24226726605026
3.2406743008102863
3.2406743008102863
3.2422830010227623
3.2422830010227623
3.2362005266525493
3.243857274950883
3.243857274950883
3.243857274950883
3.243857274950883
3.243857274950883
3.247585323471402
3.2582536643086555
3.278393952601658
3.278393952601658
3.2847651520438887
3.2847651520438887
3.2847651520438887
3.2754818084983977
3.241857480723169
3.269833497267792
3.269833497267792
3.269833497267792
3.2760895009670485
3.2623854275953725
3.250164699540098
3.2498635875312822
3.2498635875312822
3.218510748535013
3.2355063131485955
3.2233234414122123
3.2233234414122123
3.2393863803596004
3.242109076439963
3.235310702015513
3.2406119895661454
3.2351273549279327
3.2152981321821437
3.2300384040333308
3.2281446043270554
3.23669294318333
3.222516439358411
3.222516439358411
3.256918318244926
3.256918318244926
3.2684476352997303
3.2684476352997303
3.2684476352997303
3.261658602846408
3.245646834320913
3.237782657583053
3.237782657583053
3.244260835784309
3.244260835784309
3.266490871753285
3.266490871753285
3.264464865059886
3.264464865059886
3.264464865059886
3.2559667370014593
3.2571905162771
3.265615985866246
3.2649060468929276
3.2649060468929276
3.2638399998128094
3.2638399998128094
3.2803919785685136
3.2803919785685136
3.250378227935081
3.2607593167953803
3.2538848703823096
3.251822723064219
3.2603673320567057
3.2518897568952894
3.2518897568952894
3.2518897568952894
3.2518897568952894
3.238473540635211
3.2420338945782734
3.2420338945782734
3.2420338945782734
3.2420338945782734
3.2420338945782734
3.2420338945782734
3.2382015094808057
3.2382015094808057
3.2393318797856305
3.2480042883908005
3.2502847702792237
3.2502847702792237
3.25654780340447
3.239290201168981
3.232515940806513
3.2520164049980846
3.2395087403606677
3.258532968521223
3.2260465931585554
3.228731928036607
3.248826248095085
3.248826248095085
3.248826248095085
3.248826248095085
3.248826248095085
3.2515438448700706
3.2515438448700706
3.2515438448700706
3.240336238211213
3.240336238211213
3.2613174637946813
3.2587092086139204
3.2587092086139204
3.2587092086139204
3.2454876306803904
3.2454876306803904
3.2610012933792056
3.2610012933792056
3.2590586722774892
3.2609082078091527
3.2609082078091527
3.2609082078091527
3.2609082078091527
3.275063682920771
3.2670288559985208
3.268444890164076
3.268444890164076
3.2549265027122867
3.2476707062912284
3.264933678222152
3.2562557563075556
3.2562557563075556
3.2322989850038435
3.2634383255725345
3.2634383255725345
3.2663491454164637
3.2663491454164637
3.2663491454164637
3.2663491454164637
3.267754431368008
3.267754431368008
3.267754431368008
3.267754431368008
3.273619716372371
3.273619716372371
3.272806332708744
3.272806332708744
3.240391524963109
3.261898844594407
3.261898844594407
3.261898844594407
3.2458215464204008
3.2458215464204008
3.2458215464204008
3.2458215464204008
3.2458215464204008
3.2458215464204008
3.2368504428722273
3.226702633561783
3.2259490461944753
3.2259490461944753
3.2300623364200516
3.2403425671923514
3.2403425671923514
3.2403425671923514
3.2403425671923514
3.2403425671923514
3.2593064123216027
3.2418601997672543
3.2418601997672543
3.2328106140495922
3.2319937539335863
3.2319937539335863
3.2390200893617553
3.245917496324735
3.228313985578811
3.228313985578811
3.2356218476882375
3.228983506210476
3.228983506210476
3.228983506210476
3.232482797545784
3.2312603617456683
3.2312603617456683
3.2298467862245017
3.254844855926516
3.2660988947896357
3.24866043424591
3.24495398011133
3.24495398011133
3.2531326023222906
3.2531326023222906
3.2531326023222906
3.2531326023222906
3.243850901986592
3.243850901986592
3.234686326022949
3.2333707443152337
3.218522383732089
3.221605441012449
3.2440234562963908
3.2384059066152413
3.2307404771640282
3.2307404771640282
3.227894368695705
3.243601063289492
3.243601063289492
3.243601063289492
3.2404019153780372
3.2404019153780372
3.227992706473131
3.2404862365976963
3.2484286279185968
3.2484286279185968
3.2484286279185968
3.2484286279185968
3.249558476562054
3.2584539911162107
3.2584539911162107
3.2584539911162107
3.2463165421982794
3.236172838490336
3.236172838490336
3.216786426711318
3.216786426711318
3.216786426711318
3.216786426711318
3.216786426711318
3.195634708861619
3.195634708861619
3.195634708861619
3.1876803843473134
3.191455586244791
3.1898142604650555
3.1898142604650555
3.183490074011733
3.183490074011733
3.183490074011733
3.183490074011733
3.201000240605336
3.183698403771332
3.195329676187593
3.195329676187593
3.195329676187593
3.195329676187593
3.195329676187593
3.195329676187593
3.2457454245344786
3.241289380750933
3.2080919858615733
3.240184308670225
3.232543726919915
3.232543726919915
3.2222080726566547
3.225289733161057
3.2202810666690813
3.248582919827269
3.236712137584433
3.238630647532737
3.242994097833114
3.242994097833114
3.2475922887914623
3.2475922887914623
3.2475922887914623
3.2475922887914623
3.2530655799906945
3.2347945548013928
3.235419284985929
3.235419284985929
3.2551716824931374
3.234116734269765
3.241939271327291
3.2235182057003264
3.2235182057003264
3.221226677434421
3.221226677434421
3.231502223336657
3.2231413468569206
3.233244610268932
3.2390249014083925
3.2390249014083925
3.2170675843067036
3.218220358148318
3.214433577148011
3.214433577148011
3.2242059637086418
3.2334032402571116
3.2334032402571116
3.2334032402571116
3.2222802235818597
3.2222802235818597
3.2217223938529234
3.2093301767185625
3.2093301767185625
3.2103376514690742
3.2103376514690742
3.2186070689023363
3.210808554446472
3.210808554446472
3.210808554446472
3.237596579774613
3.237596579774613
3.243110191624589
3.239689787396821
3.239689787396821
3.235792453761082
3.2469917266766357
3.2469917266766357
3.2469917266766357
3.2469917266766357
3.2469917266766357
3.2516225735844624
3.2648427878354545
3.272793250102569
3.288506496013958
3.2893097215781792
3.2893097215781792
3.2703089714133626
3.2703089714133626
3.2645344035952157
3.2645344035952157
3.2578459813908136
3.2578459813908136
3.2578459813908136
3.2578459813908136
3.2578459813908136
3.2629440722105776
3.269940190621849
3.266175548520287
3.2751201809381016
3.2754846555723804
3.2754846555723804
3.2754846555723804
3.266600622917413
3.272986346101318
3.2597829909742346
3.2597829909742346
3.2287737364792672
3.2287737364792672
3.2287737364792672
3.2287737364792672
3.2265250894736295
3.235779966166586
3.235779966166586
3.235779966166586
3.251939760016477
3.251939760016477
3.251939760016477
3.251939760016477
3.251939760016477
3.24986338737745
3.237015572406161
3.2207728524370403
3.2198395386755134
3.2433616765564532
3.2433616765564532
3.2433616765564532
3.236856415012207
3.2270976165894063
3.2270976165894063
3.2270976165894063
3.2270976165894063
3.209394120807842
3.2224134698161926
3.2224134698161926
3.2071873487142986
3.182141732795403
3.1771106056635103
3.1797249745286855
3.1797249745286855
3.1797249745286855
3.2099178028269804
3.2094162823588155
3.2070591971922013
3.2070591971922013
3.1957324282777138
3.2311545625888822
3.2311545625888822
3.2441694486974377
3.2441694486974377
3.2446204744533094
3.2446204744533094
3.2446204744533094
3.2470913675787565
3.243615508664851
3.243615508664851
3.2421665283803534
3.227127092777542
3.202822699657027
3.2100476548101895
3.2100476548101895
3.2100476548101895
3.2113016389494335
3.2185062877715414
3.208819439137291
3.189886233642937
3.179767605426766
3.205342631550597
3.205342631550597
3.205342631550597
3.205342631550597
3.2175089175091416
3.203333209355446
3.2265153349801694
3.2316112122156944
3.2316112122156944
3.2316112122156944
3.2316112122156944
3.2316112122156944
3.2296054996597685
3.2296054996597685
3.2296054996597685
3.2296054996597685
3.2189943205075076
3.210444918898712
3.2406018226311737
3.2296526315569554
3.2292569687568218
3.2399410478135606
3.228302870905511
3.225002975514396
3.2365083329088384
3.2481582991267266
3.2481582991267266
3.2457833015850484
3.2382424149268743
3.2401328909269003
3.2454575269574115
3.230300020191787
3.230300020191787
3.2540518761269013
3.2426905315033956
3.2426905315033956
3.2497302200093503
3.241010982444384
3.241010982444384
3.241010982444384
3.241010982444384
3.2418912933387856
3.2418912933387856
3.2468406377986545
3.2468406377986545
3.2445857917210428
3.2321912002689417
3.2321912002689417
3.2206846227330104
3.2206846227330104
3.2206846227330104
3.2206846227330104
3.2165608329460276
3.2165608329460276
3.2165608329460276
3.2165608329460276
3.2344613446583153
3.224778877889687
3.224778877889687
3.224778877889687
3.224778877889687
3.224778877889687
3.2225047774291395
3.2225047774291395
3.2250004945788695
3.2329385066542766
3.246085648817738
3.246085648817738
3.246085648817738
3.2331419763979983
3.2331419763979983
3.2331419763979983
3.248269665509996
3.2456137762309996
3.2384033758492308
3.262693250743021
3.2354626233608297
3.2438668194922897
3.2438668194922897
3.2553898999446353
3.262474441610586
3.2614516616212113
3.2439426501933006
3.2439426501933006
3.2515678074980987
3.258039620260076
3.258039620260076
3.267136378427442
3.267136378427442
3.2635180553545675
3.2635180553545675
3.2417047896775735
3.228100229890114
3.228100229890114
3.228100229890114
3.228100229890114
3.228100229890114
3.24788398862346
3.238457451119645
3.2295035015665783
3.2230169075977364
3.22993093729487
3.2471665724660124
3.235364573846736
3.235364573846736
3.234121568940849
3.234121568940849
3.2450798850158638
3.2324619675668282
3.232426533388812
3.2337064228832313
3.2433155265522395
3.2433155265522395
3.2433155265522395
3.2433155265522395
3.255398691675935
3.240352938717147
3.240352938717147
3.240352938717147
3.240352938717147
3.240352938717147
3.2503802499716534
3.2503802499716534
3.2503802499716534
3.254361308203125
3.2657193681560086
3.22220943274655
3.22220943274655
3.255986591261614
3.252263558535293
3.2433132092386283
3.2714175169879542
3.2769607534237286
3.2769607534237286
3.2769607534237286
3.288099269331347
3.274228160173836
3.274228160173836
3.274228160173836
3.26995581770467
3.257905073572401
3.2634184101157864
3.2634184101157864
3.2634184101157864
3.2634184101157864
3.2634184101157864
3.262507527793025
3.262507527793025
3.2571436346494194
3.246048688246462
3.246048688246462
3.250443506413734
3.2564044308561275
3.2673034330622976
3.2404896461199617
3.2524389217973058
3.2621854226111426
3.264920513878377
3.2270343861443505
3.2270343861443505
3.249820410726002
3.241908046967999
3.241908046967999
3.2512029744900004
3.2661805307655207
3.2475841513327595
3.2475841513327595
3.2519606709882094
3.2519606709882094
3.2516566942543057
3.262441914322831
3.2593299047853814
3.2593299047853814
3.263656025463094
3.265932837083676
3.2352082045947483
3.2352082045947483
3.2352082045947483
3.2356215242301474
3.227491567471037
3.227491567471037
3.2298294431709595
3.2298294431709595
3.226545879618411
3.226545879618411
3.226545879618411
3.226545879618411
3.230358802355618
3.214792310054314
3.2404741345978745
3.2187492515325364
3.221649057272287
3.2352690143505556
3.2076165002025037
3.216411968950339
3.216411968950339
3.226922086110085
3.226922086110085
3.226922086110085
3.226922086110085
3.226922086110085
3.2257068063438505
3.2210803821203005
3.2210803821203005
3.222567749471548
3.238871816310089
3.238871816310089
3.238871816310089
3.2334702003736013
3.2334702003736013
3.239000041336672
3.2541359627998756
3.2541359627998756
3.2541359627998756
3.2184362697425746
3.2247982936756765
3.2214898071664995
3.229226576300993
3.229226576300993
3.239702747843734
3.239702747843734
3.2209106840939303
3.24933592582124
3.24933592582124
3.24933592582124
3.247757349734826
3.247757349734826
3.245723106132136
3.245723106132136
3.234696883371965
3.236710525917727
3.2486472610632418
3.2486472610632418
3.25256839193455
3.25256839193455
3.25256839193455
3.2540806955764467
3.233237160690362
3.233237160690362
3.235146988725245
3.235146988725245
3.235146988725245
3.2302217117980523
3.2416825113955543
3.2416825113955543
3.224770486166138
3.2295764859018665
3.2371736877959525
3.2394464701011483
3.239984044876342
3.2196130231737072
3.2196130231737072
3.2196130231737072
3.2303608866627234
3.2125899486644647
3.2127264146538104
3.2291739565791175
3.227101802428637
3.21893613951329
3.2193113767899657
3.214884051436858
3.214884051436858
3.214884051436858
3.2349624690628436
3.242727040707921
3.24583216950467
3.24583216950467
3.2329716055173963
3.2187891981523933
3.2187891981523933
3.2187891981523933
3.2187891981523933
3.2187891981523933
3.2223010801489513
3.2223010801489513
3.2223010801489513
3.2223010801489513
3.2223010801489513
3.2223010801489513
3.226460713767501
3.2505082505508174
3.2543297496373427
3.2543297496373427
3.235597785663961
3.235597785663961
3.235597785663961
3.2390166029563465
3.233551453977801
3.233551453977801
3.2283868048113327
3.2283868048113327
3.2513862053066673
3.2513862053066673
3.2308334634873455
3.2445858251828144
3.2445858251828144
3.238135612718362
3.2271874128144686
3.2271874128144686
3.2222461056800107
3.2222461056800107
3.2104906918751084
3.2157765280779946
3.2157765280779946
3.2157765280779946
3.2212423496575697
3.2423699221952855
3.215618284026178
3.215618284026178
3.2222743564760203
3.2222743564760203
3.2316882271962415
3.227311743399771
3.2597074714524727
3.242098233484947
3.242098233484947
3.2461080285045973
3.2477481538408313
3.231703153238762
3.231703153238762
3.2295775552787767
3.2295775552787767
3.231598622485391
3.2432748363959156
3.2646258553955856
3.2646258553955856
3.2169350742706695
3.2242147919505206
3.2214201501483597
3.2254016725883083
3.2254016725883083
3.2254016725883083
3.207966480503638
3.2127961975385397
3.2127961975385397
3.2127961975385397
3.2372355909471118
3.211076580280765
3.233056647724898
3.233056647724898
3.233056647724898
3.2251363560645614
3.203794053304853
3.1862539921152755
3.181799578663025
3.1854803099447375
3.1989099905891587
3.211819780072812
3.18664116446825
3.1879927805100916
3.198241026199306
3.2144029575114406
3.2144029575114406
3.2144029575114406
3.2257941020329066
3.225527587216641
3.2149979157618973
3.2123832173994322
3.2315458948176468
3.229585266976525
3.233273563434189
3.2254381174711972
3.2254381174711972
3.2254381174711972
3.2077847207037093
3.2077847207037093
3.2317304071573174
3.2317304071573174
3.2317304071573174
3.2291587063521985
3.2291587063521985
3.2238710707532907
3.2369503007660954
3.2369503007660954
3.2222514164534415
3.2222514164534415
3.2480417323135584
3.236308606851904
3.236308606851904
3.2265513021467274
3.2265513021467274
3.219541976739098
3.219613280061221
3.219613280061221
3.2405577120642954
3.2320216950651712
3.2267738559576817
3.2245967902221278
3.2245967902221278
3.20823052022793
3.20823052022793
3.221569399231176
3.2247952758282445
3.2268130034985782
3.2372314564393387
3.2289525496063116
3.242573490716141
3.242573490716141
3.2725402284456138
3.2725402284456138
3.2689793060097414
3.2689793060097414
3.2689793060097414
3.2689793060097414
3.278235774609623
3.279967239179137
3.2672610027070204
3.2672610027070204
3.2775835673647853
3.2775835673647853
3.2793698692718998
3.2793698692718998
3.2531124756919234
3.2458192424118795
3.2458192424118795
3.2458192424118795
3.2394578388101194
3.2394578388101194
3.2241715567359126
3.2241715567359126
3.2241715567359126
3.2241715567359126
3.262720120647986
3.2615168620109634
3.260541153160614
3.2490477243186766
3.221819533350829
3.2290897037348647
3.240034127363802
3.246878402593682
3.246878402593682
3.256230080722307
3.256230080722307
3.2635099370398812
3.258428974451149
3.249954507521347
3.226799339420856
3.230463578599963
3.230463578599963
3.240757582830518
3.240757582830518
3.2492695719531977
3.2492695719531977
3.264902957186701
3.2531389132158686
3.2531389132158686
3.258592669824919
3.255315336173923
3.2456154945489453
3.2447116088051384
3.2447116088051384
3.2457963092354323
3.2457963092354323
3.2457963092354323
3.2552616087536665
3.2552616087536665
3.2552616087536665
3.2495134614965417
3.2495134614965417
3.2495134614965417
3.237494256650692
3.2340397158161074
3.233637864804739
3.233637864804739
3.233637864804739
3.2512072711582034
3.2512072711582034
3.2512072711582034
3.2512072711582034
3.2547051694732603
3.2547051694732603
3.25370175605399
3.243066844733467
3.243066844733467
3.243066844733467
3.2369752819897384
3.2369752819897384
3.2319822633443107
3.2439592637639234
3.2133398546814664
3.2133398546814664
3.1977083477814907
3.1977083477814907
3.1977083477814907
3.201230179016081
3.201230179016081
3.201230179016081
3.201230179016081
3.206136852163421
3.2135441098912296
3.199112553203458
3.198770196259648
3.2323285175098815
3.2239424410378708
3.233455003812866
3.2280818416225663
3.2364521871007907
3.2364521871007907
3.238099894498841
3.238099894498841
3.2355638105060938
3.232761054097812
3.222120100925537
3.2176620827046065
3.249207294162074
3.249207294162074
3.2719427045963405
3.275505424517531
3.2716737113208296
3.2716737113208296
3.2233243399669598
3.2233243399669598
3.2233243399669598
3.241398739324483
3.2351863525439355
3.2341623764330567
3.2497480784263733
3.2444483760563947
3.2444483760563947
3.2444483760563947
3.2394748546490475
3.2394748546490475
3.2394748546490475
3.2394748546490475
3.258467620157361
3.267267824416324
3.267267824416324
3.267267824416324
3.267267824416324
3.267267824416324
3.246858947505662
3.246858947505662
3.246858947505662
3.229565482439137
3.229565482439137
3.237502016957496
3.237502016957496
3.237502016957496
3.237502016957496
3.2302250455039383
3.2302250455039383
3.2302250455039383
3.2497239413640164
3.2443124933622043
3.2352015689277187
3.2352015689277187
3.2344262819805865
3.2467703649248194
3.248993557855197
3.265048299186954
3.255433383389921
3.255433383389921
3.256254364232224
3.232565169248402
3.232565169248402
3.2282274641512747
3.2165920952144953
3.2165920952144953
3.2165920952144953
3.2281824815064795
3.224560269083224
3.224560269083224
3.224560269083224
3.224560269083224
3.2162493088913076
3.2162493088913076
3.2162493088913076
3.2021504353864665
3.2021504353864665
3.211645026899283
3.2068708409639854
3.2068708409639854
3.2068708409639854
3.2068708409639854
3.2167287226456973
3.2359496316855254
3.2359496316855254
3.2359496316855254
3.244027899857571
3.2330483453455625
3.2492755081490077
3.244613408686802
3.251695562882069
3.2276027216255074
3.2276027216255074
3.2276027216255074
3.216026634265003
3.23376868105492
3.2471803374483303
3.2434668358949548
3.2344880059812047
3.22203181761169
3.22203181761169
3.237483014978163
3.2214881521660237
3.226687929286692
3.226687929286692
3.2155058982450613
3.2252380203049587
3.2252380203049587
3.2252380203049587
3.211443881197917
3.207118232135272
3.207848237643411
3.20379200484314
3.227508979441596
3.2106646536923247
3.2152381809871153
3.2108237484088975
3.183842515059982
3.183842515059982
3.183842515059982
3.1987449436469264
3.1987449436469264
3.19963242452418
3.216906971808473
3.216968133741015
3.216968133741015
3.225581680851055
3.2265211035098034
3.251093724209776
3.2381222974588986
3.248457936529156
3.248457936529156
3.248457936529156
3.2415279319851966
3.2407558775312038
3.2407558775312038
3.2407558775312038
3.2279426858706413
3.2279426858706413
3.2279426858706413
3.228485698439255
3.228485698439255
3.228485698439255
3.228485698439255
3.2241274485040874
3.2241274485040874
3.2035578697688316
3.2082186099264502
3.210859244945123
3.198863607990545
3.23637716651753
3.23637716651753
3.231236847475672
3.2413112488798665
3.2413112488798665
3.268836137319567
3.268836137319567
3.2082351705789107
3.2022883288970982
3.203912147905779
3.2142216465992113
3.2327557652254617
3.2285717317810065
3.210698136608511
3.210698136608511
3.2245134811153657
3.225345309962703
3.225345309962703
3.2119356067470655
3.2119356067470655
3.2239729543883033
3.218636500583382
3.218636500583382
3.2299396268740965
3.247105096527652
3.25566578761327
3.253183080761127
3.258981237979021
3.258981237979021
3.2569049141887025
3.2569049141887025
3.2569049141887025
3.2569049141887025
3.2650134128925408
3.2650134128925408
3.2650134128925408
3.2650134128925408
3.298058902693306
3.3037778834169504
3.3037778834169504
3.3037778834169504
3.270665797739469
3.260897174741158
3.260897174741158
3.260897174741158
3.245737491127626
3.245737491127626
3.2541664776074497
3.2541664776074497
3.2541664776074497
3.2541664776074497
3.2541664776074497
3.2541664776074497
3.2541664776074497
3.2619159861868527
3.2619159861868527
3.2353100894298232
3.2353100894298232
3.2403532770300547
3.2528842055658487
3.2528842055658487
3.2528842055658487
3.267264099341736
3.2600637352234503
3.2735132081751095
3.254010134384012
3.247005574779657
3.247005574779657
3.257969968616708
3.249656838265305
3.2512249166916547
3.256260674242675
3.256260674242675
3.256260674242675
3.256260674242675
3.256260674242675
3.256260674242675
3.238805741201342
3.238805741201342
3.242157522695989
3.2537879173026427
3.2537879173026427
3.2537879173026427
3.245312665070428
3.2672147787968657
3.2672147787968657
3.2670890629322407
3.2644002518798554
3.2644002518798554
3.2512623168000587
3.2512623168000587
3.245227720189747
3.245227720189747
3.245227720189747
3.245227720189747
3.245227720189747
3.243211077142175
3.259119550635455
3.259119550635455
3.259119550635455
3.259119550635455
3.259119550635455
3.2546820447078106
3.2645780566743317
3.259875441798898
3.252238668674602
3.252238668674602
3.2609060108471297
3.2609060108471297
3.2609060108471297
3.2329854994315004
3.2279377921133325
3.2264389781276877
3.2264389781276877
3.241711433870709
3.2440786952731338
3.245661323915981
3.245661323915981
3.2336368319624214
3.2336368319624214
3.2327059439182535
3.2442681682521783
3.2492981516253496
3.2444052621980095
3.2444052621980095
3.2404825790012826
3.216404588938875
3.223724380762417
3.2300820905546748
3.234916157050311
3.2453333273850284
3.2453333273850284
3.2602289245978335
3.2520627729502225
3.2520627729502225
3.2520627729502225
3.2690675657409956
3.2522380849710477
3.2522380849710477
3.225093575900355
3.2201422851801955
3.2201422851801955
3.253519776978827
3.223893893796585
3.236019640606289
3.236019640606289
3.2090313722744264
3.2090313722744264
3.1978095916920655
3.2357302101157717
3.2357302101157717
3.2357302101157717
3.2232246960259046
3.2337360349123276
3.237458917571268
3.237458917571268
3.22200453489755
3.240166018322836
3.240166018322836
3.240166018322836
3.240166018322836
3.2225399419544303
3.197275913683525
3.1948572465718565
3.1948572465718565
3.1948572465718565
3.2240915946538347
3.2396719006309156
3.209621476519249
3.209621476519249
3.209621476519249
3.209621476519249
3.2000999461857034
3.223718128720218
3.2260539732941194
3.2069288157957203
3.2069288157957203
3.2069288157957203
3.2069288157957203
3.2069288157957203
3.2103320064876133
3.2103320064876133
3.227981671342841
3.236920391617192
3.2250768386275026
3.2156005566066845
3.2413060617946385
3.2413060617946385
3.2413060617946385
3.2243518811707914
3.2243404357511367
3.2248475945410635
3.2248475945410635
3.215505419673276
3.2200349534247485
3.2200349534247485
3.2200349534247485
3.252183681952467
3.2430001721444293
3.2514649165648564
3.2514649165648564
3.230421396512214
3.2289950998352324
3.2241408393911106
3.230921742594867
3.230921742594867
3.216772768529167
3.216772768529167
3.240561188300496
3.2321754452616065
3.229407506827262
3.229407506827262
3.228030079452241
3.2256173764488887
3.2256173764488887
3.2327274227546368
3.25106457635767
3.247470568004905
3.21547365014495
3.21547365014495
3.2425362161760543
3.2425362161760543
3.2425362161760543
3.2133858359154117
3.2251824818525034
3.2152721356690863
3.2385717636759073
3.238503190733605
3.222549160860641
3.2250250709964714
3.2250250709964714
3.248998325342925
3.2372715578319453
3.2372715578319453
3.2146287921301697
3.2126127955642447
3.218667784227647
3.218667784227647
3.2057947373517437
3.232271237043646
3.232271237043646
3.232271237043646
3.232271237043646
3.232271237043646
3.232271237043646
3.232271237043646
3.2258303576073537
3.2373389170516527
3.2373389170516527
3.2481392713935935
3.2481392713935935
3.2481392713935935
3.2481392713935935
3.2481392713935935
3.262630475591295
3.2584594440528245
3.242615288309128
3.232703281622111
3.232703281622111
3.2428666829108144
3.2429855742488845
3.259695084418716
3.2750482987319893
3.2682179886919016
3.2757807471167633
3.2757807471167633
3.2757807471167633
3.2339201214706184
3.2296756255725794
3.2476718856940305
3.253009268990074
3.2450811225241885
3.2624281244320232
3.242571875179113
3.2427008252123106
3.2427008252123106
3.2447537686013064
3.2539126113448162
3.2396887567338606
3.2396887567338606
3.2396887567338606
3.2396887567338606
3.2396887567338606
3.2396887567338606
3.2396887567338606
3.214642517771802
3.2068315332907114
3.21337716286408
3.21337716286408
3.21337716286408
3.230715304531591
3.230715304531591
3.2332192064302894
3.2332192064302894
3.2055822555531392
3.2055822555531392
3.2055822555531392
3.2045386942478284
3.2373949085090263
3.2373949085090263
3.2373949085090263
3.2373949085090263
3.226645775440663
3.226645775440663
3.2180955771464843
3.2180955771464843
3.2180955771464843
3.254428801517392
3.254428801517392
3.250913930823264
3.2469902216435846
3.2469902216435846
3.2469902216435846
3.2469902216435846
3.2469902216435846
3.2524883128286377
3.2664681642342033
3.2958129433372645
3.2958129433372645
3.2958129433372645
3.2958129433372645
3.276446775821567
3.2665114360611476
3.2665114360611476
3.2567589996135955
3.2586634533418093
3.2439564976560664
3.2586739996784178
3.271031829374858
3.2686722576298695
3.2634550871818337
3.2464640433744005
3.2464640433744005
3.2492480556333057
3.240491680603406
3.2208026569541697
3.219863072679809
3.209615413985659
3.243831033164774
3.2473118454343277
3.2664897766373646
3.2664897766373646
3.265880587572643
3.266074094238779
3.2859743285107363
3.263502903354106
3.269611845381174
3.269611845381174
3.2618771083621536
3.2533288169975223
3.2533288169975223
3.23523254223983
3.23523254223983
3.23523254223983
3.2249757048482537
3.2249757048482537
3.2249757048482537
3.2211231101403084
3.232697239043942
3.232697239043942
3.2232726487995986
3.2232726487995986
3.2232726487995986
3.217394619808696
3.2331328416739855
3.2331328416739855
3.2331328416739855
3.2230536499578717
3.2230536499578717
3.2230536499578717
3.2444853901365156
3.2487112305481016
3.2487112305481016
3.2487112305481016
3.2487112305481016
3.245352651008461
3.245352651008461
3.2373044452977395
3.264762350485505
3.2390499778010797
3.234787715707147
3.244377165437467
3.242693191987417
3.2390502381122412
3.226585780002523
3.230586022812337
3.230586022812337
3.230586022812337
3.2467098329044775
3.2467098329044775
3.256965756641915
3.2450309894567804
3.2450309894567804
3.2450309894567804
3.248349775776974
3.2420349655050207
3.2420349655050207
3.2420349655050207
3.2420349655050207
3.2420349655050207
3.23878615123711
3.230717617346829
3.229590742206653
3.2361764731343134
3.2263051255612525
3.2263051255612525
3.2125333088129744
3.2071278405953074
3.2071278405953074
3.2071278405953074
3.2071278405953074
3.201751379802744
3.20158166218929
3.1937668021678
3.1937668021678
3.1937668021678
3.2213986605394247
3.2213986605394247
3.220259051786088
3.219827257021228
3.219827257021228
3.219827257021228
3.2244710608758176
3.2158164574048604
3.2158164574048604
3.244049964427768
3.2407890487779607
3.223711002827196
3.2155116531125922
3.2155116531125922
3.2155116531125922
3.2041915870917994
3.2041915870917994
3.2013521598459453
3.1990148429376437
3.1935120091369753
3.1963996132816446
3.213405871255447
3.2222905330716016
3.2222905330716016
3.2194444586556106
3.2194444586556106
3.2123046656042167
3.2123046656042167
3.2123046656042167
3.2019271665341864
3.2019271665341864
3.2166728495652555
3.1932585650873637
3.1932585650873637
3.1932585650873637
3.1932585650873637
3.1698667550474107
3.1754498128385262
3.179169630771996
3.179169630771996
3.179169630771996
3.1731752851616855
3.185875779902753
3.1834130033272947
3.1915379011016736
3.1932845518247905
3.208931434486074
3.208931434486074
3.208931434486074
3.2177835692467434
3.2177835692467434
3.213266848716984
3.213266848716984
3.213266848716984
3.2170710503433693
3.2170710503433693
3.2246901700160087
3.2246901700160087
3.222145424874658
3.2154147818030134
3.2154147818030134
3.2144063801272718
3.221019010140313
3.221019010140313
3.2109199294691138
3.212204234510673
3.2294819735401123
3.2378610000338286
3.2389020985109624
3.2389020985109624
3.2389020985109624
3.2314328509920225
3.229689832278439
3.229689832278439
3.2147946510512213
3.2147946510512213
3.2147946510512213
3.2147946510512213
3.2147946510512213
3.2147946510512213
3.196068954541752
3.196068954541752
3.2092157363788854
3.2092157363788854
3.2251795553049525
3.2375335391475546
3.2305619890275614
3.229326093952868
3.2125151919981456
3.226481915384538
3.216072161844625
3.216072161844625
3.218790486278939
3.218790486278939
3.2146185605702553
3.2146185605702553
3.2146185605702553
3.2146185605702553
3.2298588147724594
3.239649534699407
3.2351130009334876
3.2351130009334876
3.2351130009334876
3.2351130009334876
3.2220143028801758
3.2368290031154934
3.2368290031154934
3.2350378620793276
3.2515821728531304
3.2515821728531304
3.252718224520668
3.252718224520668
3.2420587221246473
3.2420587221246473
3.2524335813650342
3.2546926031647074
3.2546926031647074
3.2546926031647074
3.2546926031647074
3.2546926031647074
3.2546926031647074
3.2523425553234073
3.2516423710252362
3.2460116655580564
3.2460116655580564
3.2460116655580564
3.2460116655580564
3.2362137979956587
3.2362137979956587
3.2219592398113632
3.2290249814216296
3.21646280942855
3.2163155268222683
3.2077346840354157
3.22378729959053
3.224865753929925
3.23815931417358
3.23815931417358
3.23815931417358
3.23815931417358
3.238075304704965
3.238075304704965
3.238075304704965
3.238075304704965
3.233083258786181
3.233083258786181
3.233083258786181
3.233083258786181
3.2262332379549954
3.2262332379549954
3.2180524224881695
3.217466964606972
3.2270915073288218
3.2145993931209116
3.210538984030545
3.210538984030545
3.210538984030545
3.2193672980107926
3.2193672980107926
3.2193672980107926
3.2099307150590284
3.2099307150590284
3.2099307150590284
3.2099307150590284
3.2090694644586497
3.2090694644586497
3.2090694644586497
3.199192092798745
3.2037151619678816
3.2106723533403208
3.21527350754141
3.21527350754141
3.2035353010212466
3.2114041542161877
3.2114041542161877
3.2114041542161877
3.2373445239065433
3.2373445239065433
3.2428847300572716
3.218049687587431
3.2193237481698254
3.20488999487363
3.20488999487363
3.2287975749451228
3.224645327576888
3.2244479214434327
3.2244479214434327
3.2244479214434327
3.2076479363485766
3.2397531902114993
3.2408386844086916
3.217416452310053
3.2043485000690537
3.213620374671728
3.2118926030113535
3.180536983531521
3.180536983531521
3.180536983531521
3.21669556416735
3.2212075715094945
3.2212075715094945
3.2212075715094945
3.2212075715094945
3.2212075715094945
3.2212075715094945
3.2186833506523733
3.213811108506199
3.213811108506199
3.210705290866716
3.230179524512202
3.2501172249474246
3.2566655417374015
3.250648027364067
3.2397712021063105
3.2241984336926213
3.2241984336926213
3.2231246792660935
3.2317867602593062
3.2317867602593062
3.2317867602593062
3.2317867602593062
3.2317867602593062
3.227797543611607
3.2232313427472685
3.2279195780285876
3.2436255844785102
3.2436255844785102
3.2436255844785102
3.2436255844785102
3.2560983665046654
3.2560983665046654
3.2560983665046654
3.2662818148764075
3.2575298691017043
3.249345194663746
3.249345194663746
3.249345194663746
3.249345194663746
3.2688835319897
3.259257285635034
3.247327556701427
3.245432182256868
3.245432182256868
3.245432182256868
3.245432182256868
3.2411224297355523
3.247294589856561
3.247294589856561
3.221810407559119
3.221810407559119
3.2284621572710974
3.2152009116595166
3.2401993936585374
3.2432607772254904
3.242149016584489
3.2391587101011434
3.2391587101011434
3.2391587101011434
3.252269964141569
3.264142577133356
3.264142577133356
3.251234291339223
3.253791150228059
3.23294638314696
3.2327647352356323
3.2198724507374092
3.2198724507374092
3.2198724507374092
3.2061821230405614
3.2307770776496576
3.2473611072846604
3.2380849030427092
3.2209552144692437
3.2209552144692437
3.2209552144692437
3.237022651668493
3.234758660696245
3.2234118849425166
3.201702329722622
3.2101530797215827
3.2101530797215827
3.2101530797215827
3.2125527079363745
3.20913278599457
3.2065429686981406
3.2114139213541635
3.2211523435653646
3.25164616458194
3.25164616458194
3.2284842670765563
3.2143204452901326
3.2143204452901326
3.2226401701127165
3.2272781640522017
3.2272781640522017
3.2272781640522017
3.2272781640522017
3.2272781640522017
3.2272781640522017
3.2324950675500377
3.23086466911865
3.2312724642691215
3.2370499010965244
3.2424482022237466
3.225852082206275
3.229201560869043
3.229201560869043
3.2462554080302466
3.2462554080302466
3.247806710522456
3.2580358577820037
3.2452956022281114
3.2466748912452674
3.2466748912452674
3.2466748912452674
3.251428599567919
3.251428599567919
3.2634967578630456
3.2617349497439236
3.261448250609068
3.2405061810507663
3.2412034468024813
3.2306692691957455
3.2545596725020536
3.251534818570348
3.251534818570348
3.251534818570348
3.2477396537741705
3.2411181772212907
3.227029638794929
3.227029638794929
3.227029638794929
3.227029638794929
3.2386426450788965
3.2115528616367204
3.2168930480330413
3.2168930480330413
3.2168930480330413
3.2087239672120136
3.2087239672120136
3.20062167148956
3.20062167148956
3.20062167148956
3.186370880305074
3.183519993314192
3.1667007696125955
3.1815004057662435
3.2121574415320384
3.2121574415320384
3.2154816897258356
3.2154816897258356
3.200452648025012
3.2234013054880455
3.1965779863778976
3.1965779863778976
3.2096132456822257
3.2096132456822257
3.2096132456822257
3.2096132456822257
3.193851997541034
3.2051865175495258
3.2051865175495258
3.196429831152005
3.2149549121710974
3.2244088268692925
3.2244088268692925
3.224580568622774
3.224580568622774
3.224580568622774
3.224580568622774
3.220570080403994
3.2170539029221015
3.233926755467585
3.233926755467585
3.233926755467585
3.233926755467585
3.2540114966640172
3.2540114966640172
3.2540114966640172
3.243061968712253
3.243061968712253
3.243061968712253
3.2356245402750794
3.2220278736593144
3.2220278736593144
3.2428672152303664
3.2428672152303664
3.2208821838688677
3.2208821838688677
3.2369525238017247
3.2369525238017247
3.2369525238017247
3.2369525238017247
3.249299463755961
3.249299463755961
3.2460016275924675
3.2231592304650962
3.2222044029637877
3.2237582033363252
3.2382506383040517
3.2362674167800063
3.2401622951328957
3.2523843208602288
3.246797464358346
3.2525087417744345
3.2525087417744345
3.2525087417744345
3.2525087417744345
3.2525087417744345
3.2525087417744345
3.2437936663218063
3.2437936663218063
3.254770029383331
3.2587837233282206
3.2587837233282206
3.2539420524056584
3.2539420524056584
3.2558591799433354
3.244390797880204
3.2372346870652544
3.2372346870652544
3.2566502201193055
3.231408587190985
3.2407046749927897
3.2407046749927897
3.2407046749927897
3.262796215688285
3.262796215688285
3.2668154171570145
3.241748259079379
3.2319549688613787
3.2444486105780905
3.2343094230020775
3.2413690887498787
3.2413690887498787
3.2512531872497394
3.247367175323202
3.2413230104476702
3.2413230104476702
3.2413230104476702
3.2252014158774767
3.235022865414997
3.235022865414997
3.235022865414997
3.2404588231579625
3.2404588231579625
3.2404588231579625
3.2404588231579625
3.2404588231579625
3.2404588231579625
3.2402233795911384
3.2402233795911384
3.2329396922797846
3.2329396922797846
3.231477802980609
3.236447152310298
3.233247845412079
3.233247845412079
3.2405707889833066
3.2405707889833066
3.217634289533056
3.2336879301032972
3.2544085796500197
3.2171906712349885
3.2171906712349885
3.2171906712349885
3.2171906712349885
3.2171906712349885
3.2087012386061255
3.212799955743821
3.212799955743821
3.263078651643082
3.263078651643082
3.237790729830973
3.237790729830973
3.237790729830973
3.23971141128468
3.23971141128468
3.23971141128468
3.23971141128468
3.23971141128468
3.23971141128468
3.2145479660876384
3.216888085000581
3.216888085000581
3.2405063446808895
3.20918660151624
3.20918660151624
3.20918660151624
3.2205028320575613
3.1963610773996685
3.194181409732218
3.194181409732218
3.194181409732218
3.194181409732218
3.2177402516784563
3.2177402516784563
3.238425120880756
3.238425120880756
3.215352822418058
3.240027196196255
3.2361432276113455
3.2438594484911607
3.2425303555285376
3.2599479672747393
3.222607275464742
3.2202622062168387
3.2029799228506515
3.217508206985945
3.2155544798838633
3.2183517201395087
3.2298758747178438
3.2298758747178438
3.238109133095741
3.238109133095741
3.2535453372362975
3.22620993257009
3.234270905313996
3.226693728119891
3.255453609875843
3.267272619917108
3.267272619917108
3.263627155571079
3.26123528929768
3.2542154412893374
3.2496554705346727
3.2496554705346727
3.2496554705346727
3.2496554705346727
3.2304797698116676
3.2304797698116676
3.244322259168908
3.2524812327860317
3.264012171557216
3.266745001765531
3.266745001765531
3.266745001765531
3.2604261769914413
3.2604261769914413
3.2604261769914413
3.2604261769914413
3.2604261769914413
3.2575548555556937
3.255869316950828
3.273959268152125
3.273959268152125
3.2604507503741114
3.260603021883909
3.278362612869826
3.255889635580034
3.228007427152297
3.228007427152297
3.228007427152297
3.2380487261863427
3.2380487261863427
3.246108242219292
3.255278513801363
3.255278513801363
3.255278513801363
3.2448620262748173
3.2563515679806456
3.2563515679806456
3.2563515679806456
3.242789221439624
3.2510911245842036
3.2510911245842036
3.2510911245842036
3.2576371617939115
3.2516618549427694
3.246368941771018
3.2329301162127875
3.2329301162127875
3.2456398717535944
3.2550918869508703
3.256818487232977
3.256818487232977
3.2240824646948725
3.2240824646948725
3.2166033304698236
3.2325201612906422
3.2253876019057905
3.2253876019057905
3.2148917431919464
3.1986672013613062
3.221261990747798
3.220276944908208
3.220276944908208
3.220276944908208
3.220276944908208
3.220276944908208
3.220276944908208
3.220276944908208
3.220276944908208
3.231884132479347
3.2396915767374086
3.2065132709363002
3.2292109361278256
3.230906879131885
3.238718667179406
3.255108040408332
3.255108040408332
3.2554917917383275
3.2554917917383275
3.248816446902009
3.242013721983391
3.2114995410216105
3.2114995410216105
3.2114995410216105
3.2114995410216105
3.1997449183300333
3.2067859867020583
3.2067859867020583
3.2165760938901045
3.2205008505718205
3.218672197666286
3.2045763329004764
3.2045763329004764
3.2057688247229046
3.208675347934989
3.208675347934989
3.22794265309001
3.22794265309001
3.218714173709815
3.212652565242467
3.2093483864330055
3.2093483864330055
3.2093483864330055
3.205381152839092
3.205381152839092
3.2253131478084764
3.209251047290776
3.20360727937206
3.212155577276566
3.212155577276566
3.228774023104493
3.228774023104493
3.2050705691225
3.2050705691225
3.1891585734821732
3.1986210161402178
3.1966983894747125
3.2154635510441825
3.2281328574432995
3.223341553492437
3.223341553492437
3.223341553492437
3.223341553492437
3.223341553492437
3.223341553492437
3.224086095230866
3.248533494778824
3.248533494778824
3.248533494778824
3.2452860802539885
3.237336532735678
3.248668046326071
3.251850024193032
3.251850024193032
3.251850024193032
3.2360625662998594
3.2360625662998594
3.233249623461731
3.233249623461731
3.224798001510101
3.2535371314011488
3.2535371314011488
3.2535371314011488
3.2535371314011488
3.2402936142008913
3.257305836627811
3.2652316630885947
3.2652316630885947
3.2775790085434013
3.23445285301789
3.23478723583532
3.23478723583532
3.23478723583532
3.23478723583532
3.2229288718745766
3.2229288718745766
3.2201015015834034
3.263415454747222
3.263415454747222
3.258019979204138
3.2420139375743116
3.2420139375743116
3.234330148113025
3.234330148113025
3.234330148113025
3.234330148113025
3.26356525137944
3.2403434003074207
3.2403434003074207
3.241806697817733
3.2459470460799924
3.244086881837193
3.248820418610755
3.2658614744496233
3.2658614744496233
3.28933283739346
3.28933283739346
3.282986091004104
3.2867052013002747
3.273863221698876
3.273863221698876
3.266466906188744
3.266466906188744
3.2439377667629126
3.2439377667629126
3.2439377667629126
3.2420880022945258
3.227177950873512
3.2390244936498513
3.2390244936498513
3.2390244936498513
3.241970670190644
3.235668260620797
3.229972975962884
3.216532507728747
3.216532507728747
3.2260999654799916
3.2105776719796686
3.258863458460118
3.258863458460118
3.258863458460118
3.258863458460118
3.2286059796105593
3.2270608411919928
3.233111565933825
3.2291108925606298
3.2291108925606298
3.2291108925606298
3.2305202224465073
3.2387846353776903
3.2302375500363305
3.2390312800279766
3.253285145502603
3.253285145502603
3.253285145502603
3.253285145502603
3.253285145502603
3.2535070050355155
3.255475770484487
3.255475770484487
3.25461114487731
3.25461114487731
3.25461114487731
3.240122400935245
3.246608345381124
3.272365491921312
3.2697471851200204
3.246043798721023
3.246043798721023
3.2512802934427483
3.2408765911142727
3.251852168638114
3.270007488614464
3.270007488614464
3.270007488614464
3.270007488614464
3.251160018899935
3.2528398719589195
3.2528398719589195
3.249867342132851
3.249867342132851
3.251943088927146
3.251943088927146
3.248250474368093
3.2513059248805596
3.2410323433904416
3.2413051263320782
3.2413051263320782
3.250829841683017
3.2702313411877086
3.273233808177764
3.273233808177764
3.273233808177764
3.274286234545599
3.2607278978071754
3.27862718906443
3.27862718906443
3.244468585463645
3.2434759501974284
3.249509037619039
3.249509037619039
3.249509037619039
3.2509853721412094
3.2509853721412094
3.2509853721412094
3.2405378729541416
3.2507183539013926
3.2437361294693896
3.2437361294693896
3.2384347339770545
3.280792360405298
3.280792360405298
3.272936151552095
3.2660552313036826
3.2660552313036826
3.2788026466417466
3.2788026466417466
3.2788026466417466
3.277928007650341
3.2754355735304936
3.2754355735304936
3.2668658514037983
3.264904838667852
3.264904838667852
3.264904838667852
3.264904838667852
3.2660790719483193
3.263777881839546
3.263777881839546
3.262532280193774
3.262532280193774
3.262532280193774
3.262532280193774
3.2406400809629186
3.2406400809629186
3.2434299822175476
3.2434299822175476
3.2434299822175476
3.2434299822175476
3.2434299822175476
3.243211760785308
3.243211760785308
3.243211760785308
3.2506343686923365
3.2506343686923365
3.207768610657406
3.2048247897730042
3.194043652170511
3.2130091093956046
3.2130091093956046
3.224624237214796
3.224624237214796
3.242195523792468
3.2393910097313503
3.235145942825965
3.239794245513448
3.222259486976686
3.2061204935070475
3.2285449387096703
3.2285449387096703
3.2285449387096703
3.212463623174573
3.212463623174573
3.212463623174573
3.212463623174573
3.233330039370363
3.247836449988988
3.233274470200791
3.211005152968925
3.208803851135805
3.208803851135805
3.208803851135805
3.2206542095892927
3.2244845758164504
3.2244845758164504
3.2244845758164504
3.2272542368395998
3.239208645000954
3.2211388350201413
3.2345065946459277
3.2345065946459277
3.2345065946459277
3.2126001044680432
3.2246335624527585
3.207948087286344
3.227419229610447
3.227419229610447
3.2317439265107533
3.2317439265107533
3.2317439265107533
3.242167701949495
3.242167701949495
3.242167701949495
3.242167701949495
3.242167701949495
3.2511052485797602
3.227158803642068
3.2273745269741516
3.2369967356973937
3.2488244184745643
3.2488244184745643
3.221227022756205
3.2235367758757154
3.217254405544582
3.217254405544582
3.217254405544582
3.219387182222691
3.229592070719478
3.2203696419349477
3.2332909032283084
3.2444400419810373
3.236494479890819
3.235618028521918
3.2333606229367504
3.2337779930728097
3.230175997411379
3.242674411619433
3.2480214448452007
3.2420952723957233
3.2442219054542236
3.225745249513285
3.225745249513285
3.225745249513285
3.2008509865160404
3.2008509865160404
3.2008509865160404
3.2008509865160404
3.2008509865160404
3.2008509865160404
3.2008509865160404
3.2008509865160404
3.218747535213414
3.218747535213414
3.218747535213414
3.218747535213414
3.2189868636950227
3.2189868636950227
3.2069621656129317
3.2162068774779087
3.2162068774779087
3.2162068774779087
3.211219064151666
