3.175865302682577
3.175865302682577
3.175865302682577
3.175865302682577
3.175865302682577
3.175865302682577
3.175865302682577
3.175865302682577
3.175865302682577
3.175865302682577
3.175865302682577
3.175865302682577
3.175865302682577
3.175865302682577
3.175865302682577
3.175865302682577
3.175865302682577
3.175865302682577
3.175865302682577
3.175865302682577
3.175865302682577
3.175865302682577
3.175865302682577
3.175865302682577
3.175865302682577
3.175865302682577
3.175865302682577
3.175865302682577
3.175865302682577
3.175865302682577
3.175865302682577
3.175865302682577
3.175865302682577
3.175865302682577
3.175865302682577
3.175865302682577
3.175865302682577
3.175865302682577
3.175865302682577
3.175865302682577
3.175865302682577
3.175865302682577
3.175865302682577
3.175865302682577
3.175865302682577
3.175865302682577
3.175865302682577
3.175865302682577
3.175865302682577
3.175865302682577
3.175865302682577
3.175865302682577
3.175865302682577
3.175865302682577
3.175865302682577
3.175865302682577
3.175865302682577
3.175865302682577
3.175865302682577
3.175865302682577
3.175865302682577
3.175865302682577
3.175865302682577
3.175865302682577
3.175865302682577
3.175865302682577
3.175865302682577
3.175865302682577
3.175865302682577
3.175865302682577
3.175865302682577
3.175865302682577
3.175865302682577
3.175865302682577
3.175865302682577
3.175865302682577
3.175865302682577
3.175865302682577
3.175865302682577
3.175865302682577
3.175865302682577
3.175865302682577
3.175865302682577
3.175865302682577
3.175865302682577
3.175865302682577
3.175865302682577
3.175865302682577
3.175865302682577
3.175865302682577
3.175865302682577
3.175865302682577
3.175865302682577
3.175865302682577
3.175865302682577
3.175865302682577
3.175865302682577
3.175865302682577
3.175865302682577
3.175865302682577
3.175865302682577
3.157942840463659
3.1475352885326062
3.1000802632900992
3.087923603967234
3.0630113642036063
3.0630113642036063
3.0262131563895385
3.0128434742514214
3.0220940885553724
3.0220940885553724
3.0220940885553724
3.018180335347327
3.0105442317020183
3.0084635590720286
3.0084635590720286
3.0084635590720286
3.014574866418642
3.014574866418642
3.0117745380343153
3.0117745380343153
3.015042318105765
3.05355474798946
3.0670644924286696
3.0670644924286696
3.06169968719107
3.0946380634159993
3.0703255872019906
3.0703255872019906
3.0654873623460808
3.074376688877434
3.09552678210083
3.09552678210083
3.0930269667656667
3.1115822235372312
3.1115822235372312
3.1605923824683932
3.1605923824683932
3.1605923824683932
3.147884441892934
3.156748390425374
3.151471073422558
3.1528964782179614
3.1624200199949586
3.162105703067481
3.1569278199111968
3.1569278199111968
3.1589750642876546
3.185924422659379
3.180842686149601
3.180842686149601
3.180842686149601
3.180842686149601
3.1881708445403696
3.1913508595395
3.2007912897825572
3.211345306870387
3.211345306870387
3.1920118952168517
3.2064307006362447
3.2064307006362447
3.2064307006362447
3.2064307006362447
3.2064307006362447
3.2064307006362447
3.2064307006362447
3.2012580786047384
3.2012580786047384
3.2012580786047384
3.2286582073108434
3.2366494921608173
3.2270950564476584
3.235319917294264
3.245369344534419
3.22843382510063
3.2479334915502314
3.2479334915502314
3.2333013120946714
3.2333013120946714
3.230941665653803
3.230941665653803
3.230941665653803
3.2236870158976902
3.22648069396683
3.207849631003255
3.207849631003255
3.207849631003255
3.214420637263339
3.2221282631131154
3.2221282631131154
3.2225783142119475
3.2267404458737956
3.2267404458737956
3.2267404458737956
3.2267404458737956
3.2285086227567845
3.2285086227567845
3.2312977402752203
3.2312977402752203
3.2312977402752203
3.243477861993425
3.252333614743607
3.249451992920167
3.249451992920167
3.249451992920167
3.2413239969954737
3.2462987491763657
3.2462987491763657
3.2462987491763657
3.233441342980802
3.233441342980802
3.2637244984430707
3.248747490435246
3.248747490435246
3.255643802311633
3.255643802311633
3.255643802311633
3.2713131462732545
3.281149476387652
3.280914937547167
3.280914937547167
3.2798684477204936
3.276820065218986
3.2544876036834736
3.2584349212165535
3.2617939218247938
3.2617939218247938
3.2477159398337636
3.261168769687384
3.261965053990453
3.267100613272506
3.267100613272506
3.267100613272506
3.2808859745570587
3.2808859745570587
3.286618657510529
3.273881847103278
3.2831029437516435
3.2809908926653937
3.2809908926653937
3.2809908926653937
3.2895438636663377
3.2895438636663377
3.2960700973258423
3.2952574247545012
3.2952574247545012
3.291895096510091
3.291539401744577
3.272729837540241
3.273940154373586
3.2603966643802043
3.2744999401734156
3.2715145808296096
3.2715145808296096
3.2599703241065137
3.2599703241065137
3.2599703241065137
3.2583252035805064
3.2583252035805064
3.2685329266450314
3.2685329266450314
3.2685329266450314
3.258730739622081
3.258730739622081
3.258730739622081
3.272064638842051
3.2828313315875906
3.2828313315875906
3.2828313315875906
3.2828313315875906
3.2828313315875906
3.2779762144311735
3.2779762144311735
3.2805797902243694
3.2636001441390663
3.2636001441390663
3.305844513822176
3.284105711628664
3.260616124318822
3.260616124318822
3.260616124318822
3.2458353670084077
3.2458353670084077
3.2458353670084077
3.2509361536454766
3.2807248754647884
3.288693901716548
3.288693901716548
3.271306525423921
3.271306525423921
3.271306525423921
3.271306525423921
3.271306525423921
3.2722643578652826
3.2786192733861257
3.257296291296477
3.257561524989688
3.2539460206949427
3.2539460206949427
3.2539460206949427
3.2463839636037393
3.2463839636037393
3.2463839636037393
3.2323096587512286
3.234242660193998
3.234242660193998
3.2579291051629715
3.2430472188309287
3.2536880207156873
3.2477220838527616
3.2477220838527616
3.2477220838527616
3.2477220838527616
3.2615521293113297
3.25364179272337
3.2497487077620657
3.2706120922282254
3.2706120922282254
3.2706120922282254
3.2706120922282254
3.2706120922282254
3.2706120922282254
3.2706120922282254
3.2382624561187607
3.256013804451697
3.256013804451697
3.258694227450137
3.252393280860487
3.252393280860487
3.240934911999294
3.240934911999294
3.240934911999294
3.2340997588322473
3.2340997588322473
3.2340997588322473
3.2340997588322473
3.2340997588322473
3.2340997588322473
3.237813137957496
3.2398226724925405
3.2398226724925405
3.2398226724925405
3.2351030307030717
3.2351030307030717
3.2351030307030717
3.2453056236371367
3.2453056236371367
3.246253878760467
3.246253878760467
3.246253878760467
3.2623111349129217
3.2412001254529352
3.2412001254529352
3.2412001254529352
3.258268524704333
3.2581306117474695
3.2581306117474695
3.2511323859244063
3.2614812484289177
3.2614812484289177
3.257561368106339
3.2196796123463254
3.2196796123463254
3.2196796123463254
3.2196796123463254
3.226160693723616
3.226160693723616
3.226160693723616
3.2457077552137066
3.2503375729697503
3.2503375729697503
3.2503375729697503
3.24041046413081
3.24041046413081
3.2674467509926046
3.265302611553987
3.265302611553987
3.2651388342358
3.2420322737920264
3.269373219490081
3.269373219490081
3.2755108086063194
3.2755108086063194
3.248583702839879
3.238196968124641
3.2395450740704836
3.2395450740704836
3.2395450740704836
3.2395450740704836
3.2283408912508875
3.2283408912508875
3.2283408912508875
3.2283408912508875
3.2283408912508875
3.2264850362402013
3.228196194528948
3.228196194528948
3.228196194528948
3.2076688748021316
3.208007236902376
3.2125765749200483
3.231488206953312
3.230199633255766
3.221407010966863
3.257250930306436
3.242034153035194
3.242034153035194
3.24167302110456
3.2555000959064455
3.2555000959064455
3.2555000959064455
3.24952156880035
3.253091665547111
3.255512294164272
3.255512294164272
3.226459174218852
3.226459174218852
3.226459174218852
3.2254686727475925
3.2254686727475925
3.2245557677927152
3.2245557677927152
3.220766006770518
3.28993219726707
3.28993219726707
3.28993219726707
3.2861346178168667
3.2928263285054733
3.2928263285054733
3.2872697202508045
3.2872697202508045
3.2763016028303404
3.2787276635969205
3.2698511415824094
3.2698511415824094
3.270733818034541
3.270733818034541
3.274214580484204
3.274214580484204
3.2889893940784405
3.2889893940784405
3.2881108968656876
3.2881108968656876
3.2645321616492273
3.258418233831593
3.2805323798957904
3.2805323798957904
3.2805323798957904
3.2805323798957904
3.2491408283578336
3.2491408283578336
3.248912534767351
3.254486536455786
3.2762471751831277
3.2762471751831277
3.281693006578601
3.2881635438570367
3.2881635438570367
3.2865981786093093
3.2612057897044138
3.260746933709937
3.2438789884216273
3.2438789884216273
3.258573623949855
3.2621357485680975
3.2742806811278946
3.2742806811278946
3.2569106942873627
3.244956269133561
3.2357586208281477
3.2183260051217872
3.2582782080875092
3.2688316623145846
3.2688316623145846
3.270598310642197
3.255708529477909
3.255708529477909
3.257226472450867
3.246636969460963
3.242368744452993
3.242368744452993
3.235215300826158
3.233318170726856
3.2298842442970903
3.2303522251180867
3.2238120535735257
3.224769939484163
3.224769939484163
3.224769939484163
3.232141993995499
3.222023141279689
3.222023141279689
3.2321421655479203
3.2321421655479203
3.2321421655479203
3.2513003029079814
3.2479399924834222
3.2618799499402784
3.2618799499402784
3.2618799499402784
3.236054564987252
3.2535108730025852
3.2535108730025852
3.2508134992451225
3.271128329179333
3.271128329179333
3.2478243797896984
3.2478243797896984
3.2478243797896984
3.2372592287990747
3.222259119458444
3.230954828361004
3.230954828361004
3.230954828361004
3.2574702397159494
3.2452156754678905
3.240783712108503
3.240783712108503
3.2329799441767704
3.2329799441767704
3.241768945187167
3.241768945187167
3.241768945187167
3.2516248786777546
3.2516248786777546
3.2390445850148826
3.2637986277471027
3.2482133876195713
3.2616070553915275
3.255927378531401
3.255927378531401
3.2658410861777063
3.2653881039751025
3.2502706721033574
3.2502706721033574
3.2502706721033574
3.257849237836887
3.2649188585526834
3.2665733432297186
3.2665733432297186
3.279906868189649
3.279906868189649
3.279906868189649
3.2797895895572204
3.280283161379395
3.280283161379395
3.2726097365701294
3.2726097365701294
3.2663079454413793
3.2768772810895688
3.2553717843054915
3.2553717843054915
3.2553717843054915
3.2553717843054915
3.2553717843054915
3.267245394460908
3.267245394460908
3.2810740827792326
3.286584261658636
3.2856558566766787
3.2595471327795895
3.2587796964785034
3.3152998711117796
3.3152998711117796
3.3161146849741137
3.319292033149552
3.2985054700461838
3.2985054700461838
3.315858148606774
3.315858148606774
3.3157012884301658
3.310531621496179
3.3070666853789015
3.3235892818436548
3.2663148045195274
3.296246513973438
3.296246513973438
3.296246513973438
3.2864306588360446
3.2864306588360446
3.2864306588360446
3.2718792940501755
3.250091463159008
3.2492608803344947
3.238683081927112
3.2583689312462982
3.2583689312462982
3.251663248781534
3.251663248781534
3.247315744535217
3.247315744535217
3.240298264973472
3.240298264973472
3.240298264973472
3.230260544883435
3.2479498613976125
3.2461937189832604
3.2461937189832604
3.269103808659574
3.2845797301028004
3.28422543930051
3.28422543930051
3.2812848438203925
3.2785367328900095
3.265124600349896
3.248876677145082
3.248876677145082
3.258735941337468
3.266968881120991
3.2594747457547677
3.2594747457547677
3.2478363349978903
3.2478363349978903
3.261271841387989
3.261271841387989
3.2748655493483887
3.2748655493483887
3.272972026523213
3.2521697148447943
3.2521697148447943
3.2521697148447943
3.2463120018888008
3.271527912220477
3.2383675799372975
3.2441279191475285
3.241642201774961
3.2457295891047644
3.2457295891047644
3.279926214699286
3.279926214699286
3.279926214699286
3.27764047216822
3.2744419359655907
3.2744419359655907
3.2744419359655907
3.2612039888708804
3.2612039888708804
3.2612039888708804
3.267804076193538
3.267804076193538
3.2742921224502286
3.291685509491022
3.291685509491022
3.2853031590850543
3.293382589904056
3.3126241315947063
3.3126241315947063
3.2675238247113425
3.2592348520539045
3.258907752085745
3.2648274263756547
3.2739894368489035
3.2739894368489035
3.2739894368489035
3.2748137823612757
3.2821349623574854
3.292442364957052
3.292442364957052
3.292442364957052
3.2828929367385706
3.285831572083405
3.285831572083405
3.2913551348016776
3.2913551348016776
3.276842692963295
3.2790723767941103
3.2822709016624887
3.2822709016624887
3.276101388266921
3.276101388266921
3.276101388266921
3.2501793163441057
3.2501793163441057
3.2501793163441057
3.2489983107968845
3.2517494662359008
3.255992517122086
3.275564381933633
3.275564381933633
3.27149185332735
3.2772540620264845
3.256259305837042
3.256259305837042
3.287010637792809
3.2600435998149884
3.2600435998149884
3.27391058899041
3.265623560183391
3.2603600461015416
3.290447563631215
3.2920880912086954
3.2920880912086954
3.2920880912086954
3.2920880912086954
3.2920880912086954
3.2920880912086954
3.306452569108124
3.302898163567795
3.302898163567795
3.288945003813177
3.299433247117499
3.299433247117499
3.2908554043910003
3.2908554043910003
3.296337751092752
3.296337751092752
3.2824275076989946
3.278715416590541
3.278715416590541
3.278715416590541
3.278715416590541
3.2750531291002085
3.2582642869341405
3.257709885317265
3.2511054863934503
3.2699756543984577
3.2635112055454303
3.275207945886619
3.275207945886619
3.275207945886619
3.275207945886619
3.275207945886619
3.2621212550829117
3.2777999381883287
3.2613239972060057
3.2613239972060057
3.2412160975770434
3.2547202983684125
3.2547202983684125
3.2547202983684125
3.2317014420085117
3.2357513264426747
3.2357513264426747
3.2412196515021052
3.2572258816485364
3.244775672151078
3.244775672151078
3.224498130594039
3.22594215843708
3.22594215843708
3.22594215843708
3.22594215843708
3.240178805423771
3.2346757234469132
3.2346757234469132
3.2346757234469132
3.2346757234469132
3.2249228739379543
3.22111581235101
3.22111581235101
3.22111581235101
3.22111581235101
3.231115126610605
3.231115126610605
3.23510783598613
3.216729654927533
3.2103800357840937
3.210137574113502
3.210137574113502
3.22393925111134
3.2423422208514445
3.2423422208514445
3.2480492344999874
3.2468448222768993
3.230591292972198
3.230591292972198
3.209379783285903
3.2181191125982487
3.2181191125982487
3.2181191125982487
3.2181824221246713
3.210640214623555
3.217387466011405
3.227760500068381
3.227760500068381
3.2619221697020726
3.240240664283488
3.2421128094639253
3.2421128094639253
3.2421128094639253
3.2321996447388
3.2321996447388
3.2321996447388
3.233757576525411
3.233757576525411
3.233757576525411
3.23801420957916
3.248891112010894
3.248891112010894
3.248891112010894
3.248891112010894
3.245450873789374
3.245450873789374
3.2436428153794417
3.2436428153794417
3.2474134254871805
3.2474134254871805
3.2474134254871805
3.252186008897715
3.256692189598036
3.258816515301875
3.2773447530630877
3.2773447530630877
3.2773447530630877
3.2716352320153828
3.2716352320153828
3.2716352320153828
3.2716352320153828
3.254187057430008
3.254187057430008
3.254187057430008
3.254187057430008
3.254187057430008
3.254187057430008
3.253768522602295
3.2625091699275344
3.2536552759559916
3.2569618824024325
3.2569618824024325
3.2465875799407753
3.255511763131641
3.25394046160422
3.2607419106169107
3.2607419106169107
3.2607419106169107
3.2764661683578207
3.2764661683578207
3.227511611093091
3.237945125953658
3.2356186046143303
3.2356186046143303
3.25388207104347
3.249626263227654
3.239447610246056
3.239447610246056
3.239447610246056
3.239723472979242
3.2581675708370517
3.2581675708370517
3.2611186907203686
3.2611186907203686
3.274875533556291
3.274875533556291
3.277011150492371
3.2650402602635804
3.2650402602635804
3.2551553469045706
3.2551553469045706
3.2570797715293356
3.236047759541522
3.2343614866354344
3.222569198020134
3.231106576867013
3.24110507111213
3.236353519309553
3.226118305190522
3.226118305190522
3.230078032726964
3.230078032726964
3.260475761795395
3.271248862433263
3.266310972925007
3.266310972925007
3.266310972925007
3.2574009931872534
3.264195013514005
3.27134027355667
3.27134027355667
3.27134027355667
3.2953339789524096
3.2953339789524096
3.2953339789524096
3.2953339789524096
3.2960411212449316
3.2960411212449316
3.2960411212449316
3.2911973548934057
3.2911973548934057
3.2911973548934057
3.2727444465606785
3.2727444465606785
3.2691927393038527
3.249210764148603
3.2851426307113987
3.2688745277606164
3.2688745277606164
3.269097867583869
3.278671303132993
3.2616218081236017
3.264625005956302
3.263903148126569
3.263903148126569
3.263903148126569
3.3007862188534363
3.2971309287167796
3.2971309287167796
3.2971309287167796
3.3017653701249685
3.301720911705342
3.300318546342084
3.273821234895194
3.273821234895194
3.2926801990069365
3.3064162818529375
3.3064162818529375
3.3064162818529375
3.3064162818529375
3.295730558540686
3.2870318713857127
3.2870318713857127
3.2870318713857127
3.270394212462763
3.270394212462763
3.274385455625408
3.2912181872698323
3.3089292869454154
3.3089292869454154
3.3089292869454154
3.28511901679379
3.28511901679379
3.28511901679379
3.274812027282175
3.274812027282175
3.2891789062098344
3.2592001945504645
3.2592001945504645
3.2884515490364503
3.282095178239194
3.284058513787206
3.274093026653176
3.300235613198025
3.289032099901259
3.289408583517728
3.2913408043278873
3.31285077321319
3.2969340445239745
3.2969340445239745
3.290541301599555
3.2842390434141424
3.301518593766296
3.301518593766296
3.301518593766296
3.303432179142746
3.303432179142746
3.308356033698929
3.308356033698929
3.308356033698929
3.314051296833367
3.314051296833367
3.314051296833367
3.288773814641163
3.288773814641163
3.2974683211032123
3.2871126216390283
3.2873555246160997
3.2873555246160997
3.302564353899536
3.290835068863647
3.290835068863647
3.2823197930019474
3.282040312044612
3.2969964779084693
3.292354972734178
3.292354972734178
3.292354972734178
3.292354972734178
3.2840303772485155
3.2846845685297916
3.283239694842993
3.283239694842993
3.2992364237676974
3.2892533277824856
3.2771498069277936
3.2771498069277936
3.2875251930449263
3.2875251930449263
3.2875251930449263
3.2875251930449263
3.2851102904030167
3.2834054271549364
3.2834054271549364
3.2834054271549364
3.2834054271549364
3.282410752152985
3.2902551932328366
3.2895182834390555
3.2811414421804987
3.2811414421804987
3.2811414421804987
3.2593943693361758
3.2593943693361758
3.2593943693361758
3.2781588240711543
3.2592267226191334
3.2592267226191334
3.270087363158542
3.2525969816238196
3.2548772083194413
3.2745203754453978
3.2745203754453978
3.25783492433096
3.2798043296739685
3.265367932282251
3.2501585355741045
3.2430863491362865
3.2430863491362865
3.259091926004414
3.2373014307906507
3.244265025399402
3.244265025399402
3.244265025399402
3.248982446420254
3.2585751972384736
3.25450186549278
3.24346026841919
3.25216828922383
3.261897727858295
3.2564110480109436
3.2564110480109436
3.2564110480109436
3.251999488671527
3.2383797724440417
3.2383797724440417
3.2507087806167263
3.2550365023135126
3.2464079257345633
3.265245483804059
3.265245483804059
3.265245483804059
3.265245483804059
3.2833320213336807
3.246263272483043
3.2486825090197384
3.255551400305046
3.255551400305046
3.255551400305046
3.2619902690926454
3.2610029987565317
3.256054408543256
3.266780491925001
3.272145599306997
3.272145599306997
3.2583848587649524
3.2583848587649524
3.2583848587649524
3.25516321956743
3.2453613471957876
3.231174048635955
3.239122602642339
3.218607211695706
3.2477908413009824
3.2477908413009824
3.2477908413009824
3.226997505963743
3.212326209934097
3.212326209934097
3.224295959586206
3.224295959586206
3.2190413495504138
3.2172443028885653
3.2172443028885653
3.2172443028885653
3.2204541335107164
3.221222681284727
3.230437673537231
3.2421628039556207
3.2384841032294167
3.2384841032294167
3.2384841032294167
3.2378049661559554
3.2378049661559554
3.2232616314142213
3.2361540798053814
3.2288407696642225
3.2203357443740295
3.2253066894168874
3.2253066894168874
3.2057763734112386
3.221116167655092
3.221116167655092
3.219321562657341
3.219321562657341
3.231070182432112
3.231070182432112
3.231070182432112
3.2277246057116598
3.225273766523626
3.225273766523626
3.2132372161031073
3.2132372161031073
3.218366245159733
3.2471039775539525
3.241444484354088
3.241444484354088
3.2219242474284027
3.215977435585534
3.2233388241670204
3.235816247755809
3.2487713541829373
3.23075617877173
3.23075617877173
3.23075617877173
3.2345367733427692
3.2345367733427692
3.2345367733427692
3.2331114990457515
3.2415943845775317
3.2426486340512097
3.2383890852499
3.2383890852499
3.2383890852499
3.238570531547979
3.24292372684349
3.24292372684349
3.249282698726256
3.2608494165633712
3.2608494165633712
3.254189664518043
3.2460543556840595
3.2403508675393
3.2586821314115006
3.256635383845412
3.2527182587019143
3.2817748388007315
3.2817748388007315
3.2817748388007315
3.2817748388007315
3.273557686806452
3.2939346629073207
3.3111521164248017
3.2932356795551105
3.2932356795551105
3.294431856859781
3.3020013887997117
3.3020013887997117
3.3020013887997117
3.3020013887997117
3.3020013887997117
3.3020013887997117
3.2975702720850792
3.2961959744949128
3.2961959744949128
3.293845615499059
3.2894208980179918
3.291393415497146
3.2882300846293515
3.289663157980207
3.285510336969944
3.2551677506933596
3.264149237804688
3.2690958559327488
3.255174535271119
3.253721631091869
3.253721631091869
3.2638399958262445
3.2638399958262445
3.259183170767731
3.259183170767731
3.259183170767731
3.27119750040154
3.291957996887428
3.291957996887428
3.2937976079197333
3.28511745627528
3.292039556471994
3.291080644088672
3.286619495235953
3.286619495235953
3.2741939947410157
3.292943229290888
3.2831958280772398
3.2633074690672856
3.270180729805904
3.269150438312544
3.269150438312544
3.269150438312544
3.266205194591586
3.266205194591586
3.266205194591586
3.291882163854788
3.3038220800796823
3.3053714516547177
3.283235887251756
3.31229631816216
3.31229631816216
3.2973601251774123
3.2973601251774123
3.2973601251774123
3.2973601251774123
3.291050909007328
3.266809373463058
3.2808397357226284
3.279327957901801
3.2883958183243007
3.2626034462033413
3.2626034462033413
3.2626034462033413
3.2669362752258904
3.2669362752258904
3.2669362752258904
3.2780112469376883
3.2780112469376883
3.2619543917163654
3.2619543917163654
3.280463143110534
3.2666547875200895
3.2848797710861266
3.2768143319082386
3.2880029646582463
3.288668956241247
3.288668956241247
3.288668956241247
3.2906951820722847
3.289279991499167
3.299036220562528
3.272744950664881
3.272744950664881
3.272744950664881
3.2714603834395293
3.259401630657148
3.259401630657148
3.2593855852295417
3.254110551325712
3.28896010588789
3.285988279217887
3.2993784731869638
3.2993784731869638
3.2993784731869638
3.2924563837641267
3.2924563837641267
3.3072375726784466
3.3072375726784466
3.3088083915668003
3.3088083915668003
3.3065468287258573
3.3065468287258573
3.3065468287258573
3.3065468287258573
3.3065468287258573
3.3065468287258573
3.306530438740764
3.306530438740764
3.3079561887611093
3.27406577652232
3.27406577652232
3.27406577652232
3.27406577652232
3.26023685177777
3.26023685177777
3.253533679478494
3.2673337913825433
3.2673337913825433
3.2673337913825433
3.2673652470746513
3.261980635661747
3.2671617066637104
3.2759032931535366
3.2660855142782355
3.2660855142782355
3.2660855142782355
3.2684777197877652
3.264721666287216
3.2870599909007003
3.2863621564327063
3.312080186980678
3.2975579983416687
3.263988958678037
3.263988958678037
3.265016174419461
3.265016174419461
3.253961797561384
3.2441691623465196
3.237121227582183
3.2827134050680464
3.2827134050680464
3.289860642225058
3.289860642225058
3.289860642225058
3.2908364065076823
3.292575486110259
3.2941929004776216
3.2945185502917
3.2945185502917
3.2945185502917
3.2724831281878144
3.2784618527831793
3.231463341393604
3.231463341393604
3.231463341393604
3.2481204623929987
3.2457211018818857
3.2284279287795936
3.2284279287795936
3.2370378139994282
3.2370378139994282
3.21748533704264
3.21748533704264
3.23195539543787
3.23195539543787
3.2355782917411835
3.258530034095297
3.258530034095297
3.2509299163503327
3.257867236114792
3.2591781586141164
3.2516148973115317
3.228417612000151
3.228417612000151
3.228417612000151
3.236105825646583
3.2307630458957184
3.2344533092522902
3.251381756067778
3.254356234641775
3.2600949975331655
3.2600949975331655
3.2600949975331655
3.2650408312911354
3.261620225097888
3.245440289613061
3.24401618409993
3.24401618409993
3.2204130974144265
3.2280694182177183
3.235843220682422
3.244133528669805
3.244133528669805
3.244133528669805
3.255045713153895
3.263477799298145
3.263477799298145
3.2615799208630367
3.2615799208630367
3.2615799208630367
3.2615799208630367
3.2615799208630367
3.2615799208630367
3.26259248017591
3.26259248017591
3.26259248017591
3.2513631868617394
3.253444086523532
3.253444086523532
3.253444086523532
3.244281660270048
3.247180728255028
3.247180728255028
3.247180728255028
3.2620291273937605
3.2620291273937605
3.2620291273937605
3.2529997786495795
3.2504204786913657
3.2504204786913657
3.266211458736354
3.261210046101962
3.261210046101962
3.2514545202379286
3.2593496593114786
3.2593496593114786
3.259402241340874
3.259402241340874
3.2277416341282206
3.2267595345518236
3.243617029119407
3.243617029119407
3.2430452905562657
3.2504473278453987
3.243092798950208
3.2531917669226043
3.2435380011477206
3.246121538205038
3.23931218930177
3.23931218930177
3.23931218930177
3.2569236221818647
3.2699177262795502
3.2693358021897905
3.2668106230236758
3.255645197430489
3.255645197430489
3.281589480846345
3.281589480846345
3.281589480846345
3.281589480846345
3.263729206174066
3.282915522241657
3.2653596939468006
3.2495472830912018
3.2495472830912018
3.2495472830912018
3.255461788329197
3.2730729429673113
3.257505649055689
3.2520489341893346
3.2302806454511552
3.250712103684777
3.250712103684777
3.250712103684777
3.2563624326961738
3.2429407399563983
3.2429407399563983
3.2429407399563983
3.2429407399563983
3.2440091317108357
3.241050208272289
3.2353635396504847
3.2353635396504847
3.225814138990057
3.230723710292138
3.230723710292138
3.2363760899938225
3.219932262179591
3.219932262179591
3.2165075398114635
3.1997184581399307
3.1939218802472884
3.1939218802472884
3.204037140070896
3.198577312358303
3.198577312358303
3.2034471414019063
3.2034471414019063
3.224318072593947
3.224318072593947
3.192101847220771
3.2064195300099954
3.196503298288978
3.195684770960841
3.195684770960841
3.204913054109665
3.2190078989282984
3.2190078989282984
3.2190078989282984
3.2373589164347853
3.2373589164347853
3.2373589164347853
3.2232596698063793
3.2198597969733282
3.220765507512214
3.220765507512214
3.220765507512214
3.2304873249655066
3.2304873249655066
3.2304873249655066
3.2304873249655066
3.229353095259706
3.229353095259706
3.245258405736988
3.245258405736988
3.2509875875451164
3.2510293093102844
3.2480825349871183
3.2323363560502485
3.2382311627730855
3.2267678178083328
3.2267678178083328
3.2267678178083328
3.2293402160806153
3.2361468504525717
3.2361468504525717
3.2361468504525717
3.2361468504525717
3.246911382846503
3.2655624049319414
3.2449002844645682
3.248777168858765
3.2665977658829255
3.2665977658829255
3.2665977658829255
3.2366268127055413
3.2463363086436305
3.2269455924939807
3.2405710871763964
3.2379300349197018
3.2379300349197018
3.2217106937571085
3.235441669902917
3.235441669902917
3.235441669902917
3.2693544038867097
3.2637112750278807
3.248440061904239
3.248440061904239
3.248440061904239
3.2466530577291612
3.2466530577291612
3.226034132467009
3.2394874291131464
3.2394874291131464
3.2303593834989806
3.2466134981258485
3.2466134981258485
3.2344999530803507
3.2344999530803507
3.2179547333447007
3.2179547333447007
3.2430337205538846
3.221396917929337
3.2209133089477078
3.22543270686405
3.2433762765030334
3.2433762765030334
3.2361321662439515
3.226336392958887
3.221450489823547
3.2388760213700305
3.233729433402856
3.2284178678528717
3.2284178678528717
3.2284178678528717
3.2284178678528717
3.2253845658750984
3.2253845658750984
3.2250048264633433
3.2250048264633433
3.228430898881963
3.228430898881963
3.228430898881963
3.245744615500069
3.245744615500069
3.245744615500069
3.245744615500069
3.2490758257083914
3.2490758257083914
3.2490758257083914
3.2490758257083914
3.241916291471809
3.237048384704301
3.2343719047180315
3.2343719047180315
3.262332552925348
3.262332552925348
3.262332552925348
3.2899864239532706
3.2705824129446124
3.2795506039478304
3.2795506039478304
3.2795506039478304
3.2795506039478304
3.2795506039478304
3.2404123993032465
3.2404123993032465
3.2404123993032465
3.2699174286539217
3.257704881368605
3.2559920676473704
3.254871050601819
3.254871050601819
3.260417873059954
3.260417873059954
3.260417873059954
3.256135619238091
3.2232004371828724
3.2232004371828724
3.2232004371828724
3.232870925796567
3.232870925796567
3.232870925796567
3.232870925796567
3.232870925796567
3.232870925796567
3.232870925796567
3.230751722554383
3.230751722554383
3.239899404570248
3.23882252530983
3.23882252530983
3.23882252530983
3.23882252530983
3.23882252530983
3.23882252530983
3.23882252530983
3.2564082597600192
3.2561264558856355
3.2637209726249967
3.2707903060144528
3.2707903060144528
3.253933144049721
3.253933144049721
3.2670507074765096
3.2670507074765096
3.2670507074765096
3.2660367876417604
3.2797830614932573
3.293903253811729
3.293903253811729
3.29988474334198
3.29988474334198
3.29988474334198
3.29988474334198
3.29988474334198
3.29988474334198
3.29988474334198
3.3071537070033874
3.296419510110841
3.2821475050932247
3.2821475050932247
3.2678442752121253
3.269061125820241
3.269061125820241
3.262034788528646
3.2661261806628428
3.2789323476515913
3.298465671743714
3.292969648431073
3.292969648431073
3.2819380999917294
3.2667286286731736
3.2667286286731736
3.2667286286731736
3.2667286286731736
3.28192800554077
3.2706014243850046
3.2706014243850046
3.2396919463082834
3.249166959395954
3.2362946787029534
3.243760856941043
3.2559389411527815
3.2559389411527815
3.2711391878491916
3.2711391878491916
3.2719276320661583
3.273037927201991
3.2854412092108265
3.2837353976192425
3.2690926660641755
3.2690926660641755
3.2690926660641755
3.2690926660641755
3.260152618415051
3.260152618415051
3.2496205203915567
3.2641490103452346
3.2641490103452346
3.2641490103452346
3.2641490103452346
3.2777853371271184
3.283011903932281
3.2580511594683426
3.2611795855115417
3.2611795855115417
3.2547402295531493
3.2547402295531493
3.2547402295531493
3.242211501585958
3.234932167390826
3.249608831457653
3.230526773412469
3.2219079668205413
3.234866910889066
3.2673943151697142
3.2551963550572505
3.263450563297956
3.2282735441292663
3.2282735441292663
3.2543950029294164
3.246930199203735
3.226926653974739
3.219831094599111
3.237573962022144
3.2301904278941067
3.226338684017829
3.226338684017829
3.229130641058215
3.229130641058215
3.231403798656666
3.2491604414582156
3.242051437917178
3.2596349938898257
3.2596349938898257
3.2484251338293904
3.2484251338293904
3.2484251338293904
3.2484251338293904
3.2484251338293904
3.2484251338293904
3.263493963848762
3.249389018381953
3.249389018381953
3.230923168494695
3.230923168494695
3.230923168494695
3.2454190549852777
3.2454190549852777
3.246774603092938
3.25402617712053
3.246394567466492
3.246394567466492
3.246394567466492
3.246394567466492
3.260454226172868
3.260454226172868
3.260454226172868
3.259823485611676
3.259823485611676
3.259823485611676
3.2401613542832437
3.259618081585223
3.2696731392461165
3.25314736948027
3.241108105955677
3.241108105955677
3.2471291942717766
3.239766490194082
3.261833180443935
3.261833180443935
3.261833180443935
3.2289024379099245
3.2289024379099245
3.257225412600957
3.257225412600957
3.264320962802098
3.264320962802098
3.259521157349939
3.259521157349939
3.259521157349939
3.259521157349939
3.2406111030818066
3.2406111030818066
3.2519987190424615
3.2681117849970307
3.250829732374792
3.250829732374792
3.250829732374792
3.250829732374792
3.250023975556856
3.247410774690154
3.2686045849252494
3.2570142621642533
3.2570142621642533
3.2570142621642533
3.2604628328195746
3.2604628328195746
3.2604628328195746
3.2566024670745133
3.2566024670745133
3.2458874720842212
3.2542069216687386
3.2542069216687386
3.278229408250072
3.278229408250072
3.2461629890799224
3.2461629890799224
3.2461629890799224
3.232333461603214
3.232333461603214
3.232333461603214
3.232333461603214
3.232333461603214
3.2566317266166944
3.2653244534341335
3.240392756417643
3.240392756417643
3.240392756417643
3.2523444717058876
3.2523444717058876
3.2523444717058876
3.2401641161367927
3.2650496017848036
3.2650496017848036
3.2650496017848036
3.2650496017848036
3.2650496017848036
3.2650496017848036
3.3016559665382186
3.3016559665382186
3.3016559665382186
3.3016559665382186
3.2825351379236225
3.258451672712559
3.258451672712559
3.258451672712559
3.241364119875719
3.260710043917097
3.2484191661354282
3.2484191661354282
3.242374173884941
3.242374173884941
3.21804880193072
3.2303891323251417
3.2531233128963355
3.28813155034653
3.28813155034653
3.28813155034653
3.28813155034653
3.288111948334804
3.282404999412244
3.284691165701421
3.287653271589988
3.290197263482952
3.290197263482952
3.294363076827624
3.3063205980377717
3.3033593285836154
3.3033593285836154
3.3033593285836154
3.326947988838048
3.322545050217716
3.322545050217716
3.313894941825923
3.322594418870794
3.3264434262246527
3.2954442356781275
3.2969386347806986
3.282255884852866
3.3002825940083382
3.2749694115946655
3.293472366494013
3.288156963043989
3.279482538153758
3.2707827860353924
3.2707827860353924
3.2663145373969855
3.2663145373969855
3.2624744675413604
3.2624744675413604
3.2624744675413604
3.2624744675413604
3.2624744675413604
3.2599157207710454
3.262032047166308
3.262032047166308
3.2783055408992885
3.2783055408992885
3.2682255077457674
3.2682255077457674
3.2682255077457674
3.2682255077457674
3.258187580144384
3.2696957727901785
3.2441896496204294
3.2452620619139094
3.264642467718335
3.264642467718335
3.264642467718335
3.2621292778707276
3.2621292778707276
3.2619809595281763
3.2619809595281763
3.2738445287403626
3.2558506888533736
3.2558506888533736
3.2474698736801693
3.2474698736801693
3.2474698736801693
3.2474698736801693
3.2474698736801693
3.2474698736801693
3.2474698736801693
3.2474698736801693
3.2455097174735097
3.2455097174735097
3.2455097174735097
3.2455097174735097
3.2460332302456907
3.2460332302456907
3.2398048600828067
3.2499616231328634
3.222244225925475
3.2328520233773927
3.2048093621462974
3.2123965677929505
3.2123965677929505
3.2287766298423035
3.2362864429652785
3.235407331638319
3.235407331638319
3.2074331369377456
3.2074331369377456
3.2091980785526126
3.2247856371375367
3.21048663066031
3.240145442498072
3.2329788081568216
3.2329788081568216
3.2502016032100087
3.2502016032100087
3.251132907499855
3.251132907499855
3.251132907499855
3.251132907499855
3.251132907499855
3.251132907499855
3.256840183824191
3.2491920992529755
3.2491920992529755
3.248945696305595
3.248945696305595
3.252768845699753
3.2702728712948588
3.258082437765511
3.271854663464366
3.271854663464366
3.268432002446187
3.268432002446187
3.254940703186758
3.254940703186758
3.254940703186758
3.254940703186758
3.254940703186758
3.253114354138395
3.256859855346429
3.2593292373342915
3.2593292373342915
3.2593292373342915
3.2593292373342915
3.2423355433328647
3.2466121650712587
3.2466121650712587
3.255906259179723
3.255906259179723
3.262175957190486
3.262175957190486
3.2669799634444745
3.26363226397536
3.26363226397536
3.26363226397536
3.24749100110203
3.24749100110203
3.24749100110203
3.2339877136390207
3.2417438683055115
3.2417438683055115
3.2690067501653144
3.2701689010741744
3.2701689010741744
3.258045767808145
3.257795268215028
3.2501962817243193
3.2254014522974597
3.2254014522974597
3.2254014522974597
3.2254014522974597
3.2368885287351037
3.2368885287351037
3.2441113437280333
3.2441113437280333
3.2441113437280333
3.232872757571455
3.232872757571455
3.2461009365610165
3.2461009365610165
3.238289248502414
3.238289248502414
3.238289248502414
3.238289248502414
3.238289248502414
3.2487601699224347
3.250375622547825
3.2591189954421007
3.2591189954421007
3.267473224659947
3.267473224659947
3.2707464441644793
3.2878476687825935
3.280244305307605
3.280244305307605
3.269652605217579
3.273844716552914
3.265982912549185
3.265982912549185
3.265982912549185
3.2816391086361625
3.274846499509813
3.274846499509813
3.274846499509813
3.276450109768155
3.2615033940756817
3.2615033940756817
3.2615033940756817
3.2551983355371807
3.2551983355371807
3.2510205918352364
3.2284076445982217
3.2284076445982217
3.2284076445982217
3.2284076445982217
3.2070219464796024
3.2070219464796024
3.2173249136113102
3.2180834341168505
3.235335820127886
3.235335820127886
3.235335820127886
3.233080445133011
3.242162723277029
3.242162723277029
3.2482445515784764
3.236851835270919
3.2259422228140258
3.2206468653214366
3.2206468653214366
3.2206468653214366
3.2206468653214366
3.2206468653214366
3.2307913077966064
3.2307913077966064
3.227478794900095
3.227478794900095
3.227478794900095
3.2189243937281273
3.2189243937281273
3.2189243937281273
3.236403079564967
3.2600355177547136
3.2600355177547136
3.24870008392999
3.2312051042645047
3.2270595415600853
3.23365895038736
3.2347598062860126
3.2340135607516887
3.250590545373903
3.238284799334529
3.238284799334529
3.238284799334529
3.2374681313944116
3.2374681313944116
3.2374681313944116
3.239291666976922
3.256242644607286
3.256242644607286
3.256242644607286
3.263242051477469
3.263242051477469
3.2603252523468695
3.2603252523468695
3.2603252523468695
3.2603252523468695
3.2603252523468695
3.2603252523468695
3.2688776628005476
3.2564860598665213
3.2564860598665213
3.2484586900395707
3.2484586900395707
3.2484586900395707
3.2484586900395707
3.2584267602263224
3.2584267602263224
3.2584267602263224
3.2584267602263224
3.2381211077189835
3.2390514110248687
3.2390514110248687
3.2412690873597962
3.2402763550592395
3.2402763550592395
3.2396138829783787
3.2396138829783787
3.229957305112428
3.229957305112428
3.229957305112428
3.227240040007762
3.2256359302667414
3.2256359302667414
3.2010462741294456
3.2010462741294456
3.2011739651494273
3.2011739651494273
3.226608449020913
3.226608449020913
3.226608449020913
3.226608449020913
3.225679205699214
3.225679205699214
3.2216980006787566
3.2216980006787566
3.234318354058047
3.241224287623857
3.241224287623857
3.2369297018037146
3.243814379783623
3.24333368017898
3.244380382960841
3.244380382960841
3.229489141639622
3.2253231266440223
3.240165856747506
3.233409865638868
3.236399978523432
3.236399978523432
3.236399978523432
3.236399978523432
3.233255772490668
3.233255772490668
3.233255772490668
3.233255772490668
3.2507744436682646
3.2507744436682646
3.2507744436682646
3.2336627468473713
3.2480355827517253
3.278487387255956
3.241040052491174
3.254684709210654
3.2407851222850703
3.251327567190789
3.249281355639659
3.252403606845298
3.237101329022931
3.2376011857033475
3.2376011857033475
3.226216115050989
3.252394839004328
3.235216121786893
3.2280869247757416
3.2280869247757416
3.2460020757386108
3.2460020757386108
3.2460020757386108
3.232678476933826
3.2601175388988968
3.254720780943196
3.2814167207987013
3.2814167207987013
3.2791142917044698
3.2791142917044698
3.2791142917044698
3.2600493433257745
3.239546112774962
3.239546112774962
3.239546112774962
3.2506875720174677
3.2424906166552026
3.2424906166552026
3.2424906166552026
3.2424906166552026
3.2424906166552026
3.2499344660876
3.2499344660876
3.2499344660876
3.2639033648874167
3.2639033648874167
3.251753856232813
3.256077085018957
3.243159950209155
3.254939706398446
3.255895907370848
3.255895907370848
3.255895907370848
3.2203097923662996
3.2328351937414457
3.2102861886692997
3.206992985777542
3.206992985777542
3.236103419905115
3.244323994455847
3.244323994455847
3.244323994455847
3.2360229512806353
3.2360229512806353
3.2360229512806353
3.2360229512806353
3.2360229512806353
3.2306856801897226
3.229902555229423
3.2364015625419227
3.2387679105394884
3.2450774817024888
3.2450774817024888
3.237921931597669
3.237921931597669
3.2500170937121187
3.2509387614599565
3.2509387614599565
3.241877550206008
3.241877550206008
3.241877550206008
3.2420708701552923
3.2420708701552923
3.249776872187906
3.249776872187906
3.2498286111379846
3.2498286111379846
3.2500473814199005
3.2500473814199005
3.2500222068223574
3.248879057852353
3.232207924704317
3.2525472006234986
3.2515483737483013
3.2572463540138794
3.2572463540138794
3.2572463540138794
3.2572463540138794
3.2572463540138794
3.2574214887005204
3.2574214887005204
3.258862087909327
3.258862087909327
3.258862087909327
3.258862087909327
3.255449297018288
3.247820175368097
3.283212171699906
3.2853050400904795
3.2853050400904795
3.268294233870329
3.268294233870329
3.268294233870329
3.268294233870329
3.276965557857177
3.276965557857177
3.2766071745333303
3.2843538160179433
3.2728103357305427
3.259575079332851
3.259575079332851
3.259575079332851
3.259575079332851
3.243303161530818
3.243303161530818
3.245833893297204
3.2538439906550085
3.273069071078672
3.2608804603317596
3.2628739305477397
3.2628739305477397
3.2628739305477397
3.2628739305477397
3.2529222913455214
3.2529222913455214
3.248448128111187
3.268337540764004
3.2543784213634392
3.2543784213634392
3.2543784213634392
3.242955331757736
3.2563031658878425
3.2384278571948415
3.242287754237239
3.242287754237239
3.239121396444859
3.2549134732544642
3.2549134732544642
3.2580295548936724
3.2580295548936724
3.2580295548936724
3.2580295548936724
3.2580295548936724
3.2580295548936724
3.2580295548936724
3.2580295548936724
3.2590866728764096
3.264549141881428
3.269444942980131
3.269444942980131
3.269444942980131
3.269444942980131
3.2766399146369682
3.2766399146369682
3.2766399146369682
3.28419222072213
3.28419222072213
3.28419222072213
3.28419222072213
3.2786845735365517
3.2706613856664917
3.2706613856664917
3.2706613856664917
3.2706613856664917
3.250574881461599
3.2627694009681063
3.2627694009681063
3.2627694009681063
3.2498816499196757
3.2646962070883316
3.2646962070883316
3.2646962070883316
3.2646962070883316
3.254203211371854
3.2477683526331784
3.265458391397895
3.24707995379318
3.2607961050716674
3.269458988822551
3.26723259225144
3.267205786615104
3.268524732446015
3.268524732446015
3.256735386972722
3.286026479271847
3.2891319096604654
3.2891319096604654
3.2885377114364123
3.291009697381812
3.2793400643142423
3.2793400643142423
3.254646418830342
3.261406319848738
3.269459542664656
3.2688787682171374
3.2751111709570346
3.265641466055614
3.265641466055614
3.265641466055614
3.265641466055614
3.2654757408143427
3.2654757408143427
3.2414384767512288
3.251002998311415
3.253145872470174
3.253145872470174
3.253145872470174
3.253145872470174
3.272774021326965
3.272774021326965
3.272774021326965
3.271163924745461
3.271163924745461
3.2705329202916786
3.260238065604459
3.269708484924576
3.269708484924576
3.269882585846459
3.269882585846459
3.2813920371376577
3.2813920371376577
3.257925086079773
3.257925086079773
3.257925086079773
3.2779379766530465
3.2779379766530465
3.2692411676597417
3.2831738759123086
3.27060887656837
3.2736230669800275
3.260486073824361
3.273864255790766
3.2816741516841135
3.2816741516841135
3.2816741516841135
3.2816741516841135
3.2816741516841135
3.2816741516841135
3.2816741516841135
3.2816741516841135
3.2816741516841135
3.2444042055684794
3.2510190410099806
3.2510190410099806
3.2510190410099806
3.2527337834547394
3.250578871594589
3.2387954297769608
3.2387954297769608
3.2513683664849995
3.2659147367451777
3.2710406940039354
3.2710406940039354
3.2411731179026897
3.2535166477783877
3.2535166477783877
3.2535166477783877
3.2455958685910433
3.2455958685910433
3.2455958685910433
3.2439285217898175
3.2583623875513066
3.288784464346483
3.289280852052231
3.2800470851032157
3.2800470851032157
3.269971443881165
3.2777154419770116
3.279141379420171
3.279141379420171
3.269221896730365
3.26199730494417
3.26199730494417
3.26199730494417
3.26199730494417
3.279132702974052
3.279132702974052
3.279132702974052
3.2821120742285026
3.2821120742285026
3.2818491976375634
3.2863781249814306
3.2787650296364763
3.290679354776596
3.290679354776596
3.2646923362654334
3.2767948753620373
3.2767948753620373
3.2767948753620373
3.2767948753620373
3.2767948753620373
3.2767948753620373
3.2829421442311943
3.2829421442311943
3.2829421442311943
3.2829421442311943
3.290147198373816
3.2764583067705098
3.257489929818321
3.2672191121213445
3.246932432457495
3.246932432457495
3.246932432457495
3.2566394925734166
3.2566394925734166
3.257730487808066
3.257730487808066
3.257730487808066
3.280278545892887
3.251132586346031
3.2638862094789167
3.275410525157487
3.275410525157487
3.2800798745470763
3.2800798745470763
3.2800798745470763
3.2800798745470763
3.2800798745470763
3.2800798745470763
3.282135841740779
3.2569599072172593
3.2569599072172593
3.2569599072172593
3.2586713633172657
3.2564327241230004
3.2564327241230004
3.2564327241230004
3.254891569456555
3.254891569456555
3.254891569456555
3.254891569456555
3.254891569456555
3.254891569456555
3.244628572041963
3.241647141996412
3.241647141996412
3.237088369798547
3.2385270706370184
3.2326915553588234
3.2326915553588234
3.252811662634245
3.252811662634245
3.264347647301807
3.2615034671522114
3.2615034671522114
3.2615034671522114
3.2592684054833256
3.253031112404796
3.253031112404796
3.2612307700015886
3.249028606359019
3.249028606359019
3.249028606359019
3.249028606359019
3.249028606359019
3.249028606359019
3.249028606359019
3.249028606359019
3.249028606359019
3.2380310195627766
3.267757450138181
3.267757450138181
3.267757450138181
3.264461606230889
3.283959411834294
3.283959411834294
3.283959411834294
3.289464217600877
3.289464217600877
3.289464217600877
3.256947638647435
3.256947638647435
3.28221992779341
3.28221992779341
3.2836736200693877
3.2845879020352022
3.2818817022672024
3.2835989813723025
3.2835989813723025
3.2802707140145144
3.274383049267106
3.274383049267106
3.270336943216335
3.270336943216335
3.270336943216335
3.270336943216335
3.270336943216335
3.270336943216335
3.270336943216335
3.259238744953354
3.259238744953354
3.2693770869612035
3.266871391614843
3.265810761667984
3.2740387706072975
3.2740387706072975
3.289751478580248
3.2833419435962994
3.2851707642280785
3.2851707642280785
3.2988286602531205
3.2988286602531205
3.2800402203841017
3.2800402203841017
3.2863608923488465
3.2863608923488465
3.2863608923488465
3.2863608923488465
3.2884860857934215
3.277398706302602
3.282866861047851
3.282866861047851
3.282866861047851
3.28593394719192
3.2596926548056513
3.2674188880338986
3.263227862018424
3.279479174361396
3.2724958608458374
3.2793841866100815
3.2640783417657757
3.2540918676225714
3.2540918676225714
3.2604089526243185
3.2604089526243185
3.2604089526243185
3.2696347800725345
3.2696347800725345
3.263063123146387
3.257303618159332
3.257303618159332
3.257303618159332
3.257303618159332
3.2646993873109658
3.2646993873109658
3.2646993873109658
3.2730948794272905
3.270215441904533
3.270215441904533
3.266802333124627
3.257151228133445
3.260196044793548
3.2718530949704214
3.2718530949704214
3.2615622271432585
3.2615622271432585
3.2683994403461307
3.2723156081300058
3.2823161409117003
3.2752506674859063
3.259073257162657
3.259073257162657
3.259073257162657
3.259073257162657
3.259073257162657
3.259073257162657
3.259073257162657
3.259073257162657
3.228520763461689
3.228520763461689
3.228520763461689
3.2625989683587404
3.2674007214537415
3.2735605314026706
3.2735605314026706
3.2735605314026706
3.258464330230456
3.2565051953960347
3.231282768482454
3.231282768482454
3.231282768482454
3.231780056216125
3.231780056216125
3.231780056216125
3.231780056216125
3.2384263925778725
3.250119485143528
3.2579554687721304
3.2579554687721304
3.252434258262714
3.252434258262714
3.251775233208281
3.251775233208281
3.237474490227122
3.227534694680854
3.2202061596611844
3.2202061596611844
3.225655906930302
3.225655906930302
3.225655906930302
3.2238570292694995
3.251711304494534
3.2517232267315563
3.2517232267315563
3.2340066382738737
3.2707067863894554
3.2659113856373634
3.2659113856373634
3.244958795249874
3.2473240121066045
3.227962451535239
3.2293240874724365
3.2293240874724365
3.23288771556851
3.2430522436434015
3.2310797439459353
3.2470114487343085
3.2470114487343085
3.2470114487343085
3.256078864158954
3.2515833984489166
3.239275568385707
3.239275568385707
3.239275568385707
3.2369722208003915
3.2369722208003915
3.2369722208003915
3.239606476973427
3.239606476973427
3.2567552093673697
3.2567552093673697
3.2479183520293837
3.2479183520293837
3.224682528866983
3.224682528866983
3.224682528866983
3.2226355487637766
3.2506432909592737
3.2446836347110097
3.2446836347110097
3.2344171488194418
3.2393079443424515
3.250441378192059
3.250441378192059
3.250441378192059
3.250441378192059
3.2255708164231276
3.2255708164231276
3.2255708164231276
3.2032472276782387
3.2190433231497497
3.2590329080195155
3.2318415343354947
3.2318415343354947
3.2224953620651817
3.233680126060786
3.2221484017617086
3.223066653305056
3.2322288514371986
3.2322288514371986
3.233606599404688
3.233606599404688
3.233606599404688
3.2466000999160465
3.2291761045420126
3.2221221229258536
3.236737567699585
3.236737567699585
3.236737567699585
3.236737567699585
3.236737567699585
3.236737567699585
3.2408667075819384
3.2408667075819384
3.240624521173188
3.2581627756913294
3.2730474955893434
3.2730474955893434
3.2542907094426226
3.256367229403454
3.26550313644521
3.26550313644521
3.26550313644521
3.26550313644521
3.256933447591657
3.265636142496105
3.265636142496105
3.2818949575872356
3.2765390957481033
3.2765390957481033
3.271535010992028
3.271535010992028
3.2711184514937903
3.274417358767849
3.274417358767849
3.2656705939817288
3.264183686367797
3.287649450584941
3.2701231726804796
3.2620133684469166
3.2655675386592216
3.27520622825523
3.2802358535924356
3.2802358535924356
3.280045770637311
3.2784095637619797
3.284135105191508
3.2890823579813726
3.288760273249447
3.288760273249447
3.2762246035784526
3.2762246035784526
3.2775934035754113
3.27673092317198
3.27673092317198
3.271818464236097
3.2639336897119793
3.2639336897119793
3.2772726398655037
3.2772726398655037
3.262266418925162
3.262266418925162
3.261198486823657
3.2943042605454744
3.281981604456473
3.250707733144859
3.250707733144859
3.2562083656779253
3.248161678353755
3.2477520024253432
3.2482361580817116
3.2569146429817772
3.2558579463807735
3.2558579463807735
3.2558579463807735
3.273341315441845
3.2867001275133356
3.2867001275133356
3.272283281091192
3.278270080091657
3.2576091457554774
3.2699280191024087
3.2699280191024087
3.2699280191024087
3.2688694996384853
3.2836797512981124
3.255213910894213
3.255213910894213
3.2641753946783116
3.2472507610384347
3.254570174137944
3.254570174137944
3.249087522647166
3.273744420433974
3.2810168707481298
3.2810168707481298
3.273458875379426
3.2738282582768665
3.2719395192522573
3.2719395192522573
3.2719395192522573
3.2719395192522573
3.2719395192522573
3.2808393130256315
3.2774513224753625
3.2725024183337474
3.2732105209404008
3.2732105209404008
3.2853776962560173
3.2853776962560173
3.2829096510156295
3.2885292034512412
3.2885292034512412
3.2885292034512412
3.2885292034512412
3.289291404788088
3.283568466557897
3.295161330055673
3.307830536490556
3.3096008434182136
3.3049410886868467
3.2768014506325773
3.286610422721643
3.2723049246816203
3.2723049246816203
3.2723049246816203
3.2723049246816203
3.2723049246816203
3.2545875892130356
3.2744186561155306
3.2756510483940704
3.2756510483940704
3.2756510483940704
3.2756510483940704
3.265604159008006
3.265604159008006
3.260929425992156
3.2832795601577085
3.2832795601577085
3.2832795601577085
3.2832795601577085
3.2832795601577085
3.2832795601577085
3.2832795601577085
3.30773993340477
3.30773993340477
3.30773993340477
3.2743800041539997
3.2743800041539997
3.2743800041539997
3.2743800041539997
3.269611851812259
3.269611851812259
3.269611851812259
3.254086989979151
3.254086989979151
3.256935392726486
3.2659183867750934
3.2659183867750934
3.2560373697057376
3.2507450968884193
3.2596506271263976
3.2596506271263976
3.2596506271263976
3.2596506271263976
3.2655377136564048
3.2513626772084803
3.2513626772084803
3.2513626772084803
3.2513626772084803
3.2453582036111577
3.2453582036111577
3.2453582036111577
3.2453582036111577
3.24099671064359
3.24099671064359
3.24099671064359
3.24099671064359
3.24099671064359
3.24099671064359
3.24099671064359
3.234557627737574
3.2261749121368934
3.2383523423507334
3.2383523423507334
3.2383523423507334
3.2383523423507334
3.2343564928925015
3.2343564928925015
3.22267268941782
3.22267268941782
3.2147271944800644
3.2188993690987497
3.2261892473124916
3.256711354766041
3.259865754586886
3.2588247656022187
3.2588247656022187
3.2490657920688375
3.2386555284335548
3.2386555284335548
3.235409388363975
3.245849175005099
3.245849175005099
3.240306818875212
3.2430093976749608
3.219505128486974
3.2164470252917083
3.2455710097192676
3.2455710097192676
3.234398002379147
3.2286722226189823
3.2270851811030448
3.22923688077136
3.22923688077136
3.22923688077136
3.22923688077136
3.22923688077136
3.22923688077136
3.22923688077136
3.22923688077136
3.2346610493880927
3.2346610493880927
3.2346610493880927
3.217768464753601
3.2294799750230285
3.2123644293394458
3.2123644293394458
3.2122878724542474
3.223395797175492
3.223395797175492
3.223395797175492
3.223395797175492
3.2389229106195625
3.2478402779779434
3.266217162932635
3.270435083415516
3.269385649285454
3.2681088766475215
3.242077500479758
3.242077500479758
3.242077500479758
3.2606392021945756
3.272518146332976
3.2692478091676014
3.256906944173276
3.252880904862534
3.252880904862534
3.252880904862534
3.252880904862534
3.2587502437824356
3.2587502437824356
3.2587502437824356
3.2641667822914506
3.2641667822914506
3.2598941029537887
3.2444806579317187
3.238975031919361
3.238975031919361
3.2118819058075783
3.2118819058075783
3.2118819058075783
3.2235404649172588
3.2235404649172588
3.2235404649172588
3.2335487165929555
3.219292820965728
3.2235883214441676
3.2235883214441676
3.2235883214441676
3.224789687330596
3.2462793802826977
3.2462793802826977
3.2502392014892196
3.2502392014892196
3.2502392014892196
3.262114811531746
3.251343377965442
3.251343377965442
3.251343377965442
3.2380789863973174
3.2227779894394093
3.2227779894394093
3.2227779894394093
3.240788767900383
3.226844591514397
3.226844591514397
3.244327485656402
3.244327485656402
3.244327485656402
3.244327485656402
3.265015530418326
3.265015530418326
3.265015530418326
3.265015530418326
3.265015530418326
3.265015530418326
3.265015530418326
3.2436606560247396
3.24761060201522
3.2444725999226396
3.2444725999226396
3.2406647577478718
3.247038040625723
3.247038040625723
3.247038040625723
3.247038040625723
3.252609612611331
3.273651623543912
3.280030477695664
3.306002783352513
3.306002783352513
3.306685786646883
3.3024278131072475
3.2871131407090513
3.2871131407090513
3.2922866180270693
3.2962289381533836
3.2962289381533836
3.3017673064720108
3.2891044194216406
3.2891044194216406
3.277178238667122
3.277178238667122
3.2675421051425704
3.2675421051425704
3.2675421051425704
3.2639512371235875
3.2639512371235875
3.2509984624650237
3.2509984624650237
3.2536952871878078
3.2588872987344337
3.2588872987344337
3.268873275491728
3.2713573960223976
3.2524379403858967
3.2741765575829844
3.260885130933163
3.260885130933163
3.260885130933163
3.2551338299012493
3.262718962887182
3.262718962887182
3.271533327386614
3.2690506778281385
3.2457667829781403
3.2437228085020275
3.2437228085020275
3.2497741708095162
3.2612158390994606
3.2612158390994606
3.2612158390994606
3.2612158390994606
3.2612158390994606
3.2591565857216604
3.2591565857216604
3.2513692402191183
3.269853957384331
3.271044963330879
3.2760417257544847
3.2760417257544847
3.2760417257544847
3.2760417257544847
3.2788727698333044
3.283947261099154
3.2889978053655837
3.2872933931791195
3.273133374796371
3.2856730846039213
3.2539605559010374
3.245281297906734
3.2391904462828904
3.2288556330953
3.2288556330953
3.2288556330953
3.2288556330953
3.2293445458557315
3.2205589794240863
3.2205589794240863
3.2205589794240863
3.2371574556260656
3.2371574556260656
3.239959890477458
3.239959890477458
3.239959890477458
3.239959890477458
3.239959890477458
3.239959890477458
3.229848589938945
3.22636445443152
3.22636445443152
3.2421125869705443
3.2421125869705443
3.2421125869705443
3.2421125869705443
3.2247759498936994
3.2247759498936994
3.2247759498936994
3.2247759498936994
3.2166491890519104
3.2166491890519104
3.2070396638543768
3.206650803806349
3.206650803806349
3.206650803806349
3.206650803806349
3.206650803806349
3.217418443781084
3.217418443781084
3.217639345193357
3.217639345193357
3.2217710896833256
3.2237983229985163
3.256715951634615
3.256715951634615
3.2427174838510444
3.236884819600224
3.2495207996761115
3.2495207996761115
3.249672254893762
3.249672254893762
3.249672254893762
3.249672254893762
3.254126963665912
3.254126963665912
3.229213359745735
3.229213359745735
3.242370582162029
3.242370582162029
3.2400079320423334
3.2400079320423334
3.235354324514493
3.26088404206632
3.260307631025883
3.260307631025883
3.2458661620690448
3.2385990930289084
3.247754745045619
3.247754745045619
3.2212321839009017
3.225945391530895
3.22348857414458
3.2189315249308907
3.2189315249308907
3.2291280104093905
3.2291280104093905
3.2291280104093905
3.2291280104093905
3.236239449303653
3.236239449303653
3.236239449303653
3.236239449303653
3.236239449303653
3.236239449303653
3.236239449303653
3.233756763424713
3.237593575328456
3.2551912778775467
3.2635366165710225
3.2306053287249923
3.2281980601672347
3.2281980601672347
3.2281980601672347
3.2699670754194012
3.2495709060447147
3.2386620575697997
3.240289585193029
3.237271932940493
3.237271932940493
3.2270536692723444
3.2270536692723444
3.2270536692723444
3.238904692262312
3.238904692262312
3.245452422348333
3.2550782365893904
3.268697049627506
3.243876702871176
3.2391976607818562
3.264396947877369
3.2302066660168247
3.235793460353704
3.235793460353704
3.2402253781936188
3.2402253781936188
3.2402253781936188
3.2402253781936188
3.2402253781936188
3.2449151913933783
3.2449151913933783
3.2484570507163264
3.2484570507163264
3.2484570507163264
3.2451162809880185
3.2610128913467737
3.2640798539071705
3.2640798539071705
3.2670299327403796
3.2670299327403796
3.2941291198276934
3.279209543304557
3.2791086575729844
3.2810068312045
3.2810068312045
3.2810068312045
3.279649765742382
3.274822169675372
3.2691248898152323
3.2691248898152323
3.248474691363081
3.24462190014078
3.2580341123276373
3.2580341123276373
3.2580341123276373
3.2661952402735337
3.2661952402735337
3.275926100158379
3.281414275097914
3.281414275097914
3.281414275097914
3.281414275097914
3.2926436069665947
3.2926436069665947
3.273546266157905
3.273546266157905
3.273546266157905
3.2524062374948333
3.279266133366467
3.2706816664662584
3.2706816664662584
3.2688068959767023
3.2688068959767023
3.2847510607242496
3.273357108359154
3.273357108359154
3.273357108359154
3.2856541297009816
3.2856541297009816
3.2712635269033856
3.256152595811045
3.256152595811045
3.256152595811045
3.2501054317147324
3.2501054317147324
3.2501054317147324
3.2501054317147324
3.2501054317147324
3.2501054317147324
3.223934980657666
3.21087043745476
3.2369942377161047
3.2369942377161047
3.2394562921720116
3.2394562921720116
3.231186848056686
3.231186848056686
3.2403055364219813
3.2403055364219813
3.2238411920113093
3.2238411920113093
3.2238411920113093
3.226882024158722
3.226882024158722
3.2280371665446235
3.2280371665446235
3.2409393255850873
3.2409393255850873
3.2436845128477603
3.2436845128477603
3.2436845128477603
3.2555708281409013
3.2555708281409013
3.2555708281409013
3.2597142422830734
3.274700439913846
3.2631495392514056
3.2631495392514056
3.262347472963331
3.2809293583353623
3.293380087791512
3.2600237682177453
3.2566166702756325
3.2773124929437936
3.2773124929437936
3.278663359544833
3.2548823010892045
3.2548823010892045
3.2548823010892045
3.2649252211015276
3.2649252211015276
3.2649252211015276
3.2649252211015276
3.2532704240246777
3.2532704240246777
3.2532704240246777
3.2532704240246777
3.2363076800895465
3.2453184628345175
3.2453184628345175
3.2453184628345175
3.249158857389364
3.249158857389364
3.23552524489967
3.23552524489967
3.2417373089662487
3.2417373089662487
3.2417373089662487
3.2417373089662487
3.2656236824253737
3.2656236824253737
3.289234327424063
3.290440352999638
3.290440352999638
3.2928696865190314
3.2928696865190314
3.2889435028028116
3.283314273753108
3.283314273753108
3.283314273753108
3.283314273753108
3.277865205974137
3.2927364258424627
3.2927364258424627
3.2927364258424627
3.2927364258424627
3.2777688900235984
3.2777688900235984
3.2777688900235984
3.2777688900235984
3.2652461317161268
3.2652461317161268
3.2652461317161268
3.2630182328570316
3.2630182328570316
3.252129872650031
3.231827829131755
3.231827829131755
3.2686929774992985
3.257057149021464
3.2495358512933534
3.2706754375589653
3.2706754375589653
3.2706754375589653
3.271062535211966
3.2766862899823153
3.2766862899823153
3.258323373067989
3.258323373067989
3.254811208934559
3.2657352956154337
3.2517318652187277
3.2723490761205083
3.2723490761205083
3.2723490761205083
3.2758872216692314
3.2758872216692314
3.273121972831631
3.271860049927061
3.272049285057148
3.2711506479065595
3.2711506479065595
3.2805958482382143
3.2805958482382143
3.2805958482382143
3.2805958482382143
3.2805958482382143
3.2551632835193054
3.2551632835193054
3.267482749810473
3.267482749810473
3.2532303432869694
3.2532303432869694
3.2491498673021026
3.2491498673021026
3.2491498673021026
3.2491498673021026
3.2666193723321597
3.255712027718446
3.237517855241372
3.237517855241372
3.237517855241372
3.245740145996638
3.2508440708614605
3.2508440708614605
3.2508440708614605
3.254454993041332
3.2405753175251246
3.2405753175251246
3.2405753175251246
3.2430420638320334
3.2430420638320334
3.2613044259071615
3.2594354001035932
3.238286222985892
3.2272855389575636
3.2272855389575636
3.2498313755146
3.2498313755146
3.2425021482801193
3.251622369374519
3.251622369374519
3.268105770660351
3.269427319649039
3.255507415761081
3.255507415761081
3.25655215748113
3.254752237757138
3.254752237757138
3.2411910571511378
3.2411910571511378
3.2411910571511378
3.2411910571511378
3.2411910571511378
3.2411910571511378
3.232522248156535
3.232522248156535
3.236354217828033
3.237655993659035
3.2359988719371335
3.2395642538069445
3.2395642538069445
3.2395642538069445
3.2471220153054565
3.2471220153054565
3.236760192829138
3.241323472328488
3.263292246545497
3.2488242928884046
3.2549411977397025
3.2549411977397025
3.26155043361209
3.24075776324252
3.251015976718157
3.251015976718157
3.251015976718157
3.251015976718157
3.251015976718157
3.2424997528781634
3.2436381707172184
3.2436381707172184
3.2473721219010363
3.255300719511974
3.253874957006533
3.255093471987964
3.247029958718154
3.26277037920526
3.2491670079904273
3.2491670079904273
3.2638013075063292
3.2622749598385483
3.2622749598385483
3.2622749598385483
3.254064143110501
3.252508776646228
3.252508776646228
3.2680829365665445
3.2680829365665445
3.2841930878116288
3.2841930878116288
3.2841930878116288
3.2841930878116288
3.2841930878116288
3.2841930878116288
3.2883263128500824
3.284420371721937
3.284420371721937
3.284420371721937
3.304023601416013
3.3124040458867277
3.29521743429468
3.307283994174996
3.307283994174996
3.307283994174996
3.307283994174996
3.309800386165148
3.309800386165148
3.3182857195949786
3.3182857195949786
3.318849674227079
3.318849674227079
3.284866926445941
3.29670302641728
3.29670302641728
3.29670302641728
3.271824767202314
3.2714129503162224
3.2836219448028494
3.2836219448028494
3.2836219448028494
3.2968934872522424
3.2968934872522424
3.305881592815817
3.288566425724496
3.278211319257224
3.278211319257224
3.2418531310802345
3.251294669679514
3.251294669679514
3.262659682088011
3.253091632843904
3.253091632843904
3.2530087513721493
3.2243158530198244
3.2243158530198244
3.2401792054734613
3.2271761294441443
3.237566340035228
3.237566340035228
3.2155177343176713
3.2205849656407994
3.2223451193597064
3.2223451193597064
3.2237150763415467
3.2237150763415467
3.2293760763563797
3.213524675413761
3.213524675413761
3.213524675413761
3.2353729983827755
3.2293618328986144
3.2293618328986144
3.250328128823333
3.256137251038554
3.256137251038554
3.2564780019502
3.2564780019502
3.2433124518012337
3.2433124518012337
3.216388116839024
3.215872061485322
3.210918345967766
3.210918345967766
3.2378635028400047
3.2378635028400047
3.2418495891209638
3.2277796797924503
3.2277796797924503
3.2277796797924503
3.2277796797924503
3.2277796797924503
3.2271798277856076
3.237479940005785
3.237479940005785
3.248076220518656
3.235106532529988
3.246914411511737
3.2360158598402844
3.226208458385633
3.226208458385633
3.244627355968006
3.244627355968006
3.245031248064904
3.245031248064904
3.245031248064904
3.245031248064904
3.245031248064904
3.245031248064904
3.245031248064904
3.248153415316941
3.228073844985459
3.228073844985459
3.239990246231775
3.2531211140889305
3.2531211140889305
3.2252794446002087
3.2323225828771656
3.2323225828771656
3.2261368476795615
3.234306883829305
3.234306883829305
3.234306883829305
3.240839684632958
3.233022882689582
3.2437265234689074
3.2437265234689074
3.2437265234689074
3.223506145124313
3.223506145124313
3.2169309426928843
3.2169309426928843
3.2169309426928843
3.2169309426928843
3.2169309426928843
3.2169309426928843
3.2160330791753418
3.2092140525874924
3.2092140525874924
3.2128044125294566
3.2128044125294566
3.221422228535105
3.232832937006877
3.233002429289996
3.233002429289996
3.2452304399094976
3.2452304399094976
3.251822630828184
3.2493999155653213
3.2325869263766664
3.22920906712175
3.22920906712175
3.224241028644241
3.214330782728476
3.233305014009152
3.233305014009152
3.237901800190819
3.237901800190819
3.237901800190819
3.237901800190819
3.237948940711387
3.235094933449862
3.223087172987271
3.237054483668788
3.218050051068759
3.218050051068759
3.218050051068759
3.247439761291619
3.2390032543413962
3.245570685762368
3.245570685762368
3.245570685762368
3.244919389924763
3.255736190256778
3.255736190256778
3.25984356126407
3.245128622888081
3.245128622888081
3.245128622888081
3.264164235507921
3.264164235507921
3.2742101651368185
3.250593864719576
3.2522400281445267
3.278174778427393
3.246503658002418
3.246503658002418
3.246503658002418
3.2528210062629626
3.236817501095755
3.236817501095755
3.2271431694220243
3.2418671374936583
3.2418671374936583
3.2418671374936583
3.2418671374936583
3.2288067177214965
3.2124556592237323
3.2145522787462792
3.2145522787462792
3.236056141827359
3.232249909348456
3.220338891865929
3.2228810191131756
3.234161416895619
3.2197727618229246
3.2197727618229246
3.2197727618229246
3.220330885996126
3.220330885996126
3.2064451690878553
3.2064451690878553
3.2064451690878553
3.208051465750196
3.208051465750196
3.208051465750196
3.200352509871324
3.200352509871324
3.208593365604931
3.208593365604931
3.208593365604931
3.208593365604931
3.239779645946401
3.239779645946401
3.2185169284000694
3.21452258041905
3.2154265764254575
3.2176980601612377
3.2176980601612377
3.2157600446832175
3.201079927881098
3.2000361059687363
3.215735135251242
3.2221871005105576
3.246257851099422
3.241936105786091
3.2437348195831426
3.2437348195831426
3.2437348195831426
3.2336898977940813
3.231874140814049
3.231874140814049
3.231874140814049
3.2427129320747916
3.231726639568223
3.208972738034737
3.208972738034737
3.2120337342663405
3.2120337342663405
3.2120337342663405
3.2120337342663405
3.2120337342663405
3.2120337342663405
3.2120337342663405
3.2120337342663405
3.23662447636716
3.236081030339675
3.222149744159208
3.2288448681536046
3.2371149981129337
3.2446127930835447
3.2446127930835447
3.2451472705628954
3.2451472705628954
3.2500010496727194
3.2500010496727194
3.2500010496727194
3.2463039549760047
3.2470648072352444
3.220261861401742
3.239649829379827
3.239649829379827
3.2509534542470035
3.2509534542470035
3.25377581635544
3.25377581635544
3.240288201615452
3.257223360402269
3.2388218107738855
3.2483853312514417
3.222223830681699
3.222223830681699
3.221701388609525
3.221701388609525
3.221701388609525
3.2221261329875506
3.2221261329875506
3.2221261329875506
3.2583356269402937
3.24043406002418
3.2524470742633524
3.2557684117569847
3.253199717625274
3.261114082685732
3.261114082685732
3.2515918442225047
3.2434437372964484
3.2434437372964484
3.26691240882695
3.2379024024821716
3.2379024024821716
3.2351642134920535
3.261293397799268
3.261293397799268
3.25524840906291
3.2489039656354506
3.2744372728371594
3.2744372728371594
3.2544128627546756
3.231718873160497
3.2505767816028603
3.2505767816028603
3.2278925852982314
3.218568670645376
3.2315154083241064
3.2315154083241064
3.2315154083241064
3.2272647273628654
3.2272647273628654
3.2379815312853975
3.2423729729110176
3.2423729729110176
3.2507709972199716
3.223027102615233
3.223027102615233
3.223027102615233
3.223027102615233
3.243060517808177
3.236783600001864
3.2476009295012727
3.242170802588458
3.2478799037391797
3.2404376751494697
3.2466514750667574
3.25121612539761
3.2620320544892687
3.2620320544892687
3.2620320544892687
3.2620320544892687
3.2620320544892687
3.2620320544892687
3.2620320544892687
3.2487300589074883
3.2487300589074883
3.2487300589074883
3.2476544493037025
3.2577804112376834
3.2577804112376834
3.2541447913418775
3.2541447913418775
3.2659607948440335
3.2659607948440335
3.2659607948440335
3.261734074083401
3.2621149872080166
3.2621149872080166
3.282477070707568
3.257265352265989
3.2728580321469867
3.271091226940615
3.2826315341341976
3.2826315341341976
3.2826315341341976
3.273352250632221
3.273352250632221
3.2747334045990697
3.2747334045990697
3.2747334045990697
3.2704269158078763
3.2704269158078763
3.267818362225748
3.258921914148341
3.2619853802067635
3.249684647692031
3.249684647692031
3.249684647692031
3.249684647692031
3.249684647692031
3.249684647692031
3.226004516933091
3.226004516933091
3.226004516933091
3.226004516933091
3.226081345709332
3.231994653287968
3.2451870834328695
3.2451870834328695
3.2337985905910864
3.2337985905910864
3.2441451597484474
3.234750485188139
3.234750485188139
3.234750485188139
3.234750485188139
3.276027712333632
3.2634780202946314
3.2767426692498143
3.2767426692498143
3.2655322570053578
3.259607333645617
3.2595581199505226
3.2595581199505226
3.2392048316589426
3.2392048316589426
3.2551394699863803
3.2352440765623065
3.2366061274513838
3.2366061274513838
3.235004923300664
3.211599718284067
3.2170450182754453
3.2274827722374053
3.214064830880765
3.214064830880765
3.214064830880765
3.210246199422815
3.210246199422815
3.224548441461159
3.235339416165609
3.235339416165609
3.235339416165609
3.235339416165609
3.235339416165609
3.246299226825481
3.215925695732696
3.215925695732696
3.215925695732696
3.215925695732696
3.2066699218936088
3.2244915914243344
3.247353025460153
3.2496298306279767
3.2496298306279767
3.259841183546753
3.260843207660027
3.260843207660027
3.260843207660027
3.260843207660027
3.261388649476796
3.261388649476796
3.261388649476796
3.2699456927477426
3.2699456927477426
3.2674552412265365
3.2674552412265365
3.279541077924778
3.2916537886854274
3.2916537886854274
3.2934262223045416
3.2934262223045416
3.278725986885248
3.278725986885248
3.276368672335146
3.2574039905900833
3.259749467663734
3.2808930113389985
3.2808930113389985
3.2483417021650713
3.2476659752160857
3.2476659752160857
3.2476659752160857
3.276470417474645
3.276470417474645
3.26849068756788
3.283083864525968
3.287516627714767
3.301755309404273
3.2849681435240456
3.2849681435240456
3.2765914636760662
3.297257120709326
3.297257120709326
3.297257120709326
3.292082652797955
3.292082652797955
3.2931469267783546
3.2931469267783546
3.2931469267783546
3.2931469267783546
3.2931469267783546
3.2712622720039666
3.259536154322742
3.259536154322742
3.259536154322742
3.278070023778861
3.265120688357102
3.287425891164439
3.3050007982035208
3.3050007982035208
3.3046960187429617
3.2904836608381247
3.26434625300571
3.2787915328924755
3.2787915328924755
3.268915530124279
3.268310210526717
3.291475916288237
3.291475916288237
3.2948261231195466
3.30170504024262
3.30170504024262
3.30170504024262
3.30170504024262
3.30170504024262
3.30170504024262
3.296028542266495
3.2963642859375195
3.3001869063847162
3.3001869063847162
3.2720982913669063
3.253772319475102
3.253772319475102
3.253772319475102
3.2560744435447586
3.2512240560880077
3.2512240560880077
3.2634472556025713
3.2711626322142355
3.2711626322142355
3.273836346719152
3.262335495213128
3.262335495213128
3.262335495213128
3.262335495213128
3.2699184565174297
3.2699184565174297
3.285748631464977
3.2567697270010108
3.293313683723255
3.293313683723255
3.293313683723255
3.293313683723255
3.293313683723255
3.2905430899781183
3.2905430899781183
3.2927354169168717
3.2930505944627853
3.291718745329683
3.291718745329683
3.297319605846346
3.2674956861366904
3.2674956861366904
3.2674956861366904
3.262663239201921
3.262663239201921
3.262663239201921
3.267793132429816
3.261106797282369
3.261106797282369
3.2438126423387623
3.231988111701042
3.231988111701042
3.2405488146095602
3.2591448573880535
3.2591448573880535
3.26753191628435
3.2495293748913827
3.2663049647038593
3.2663049647038593
3.2663049647038593
3.2663049647038593
3.2732545166863627
3.2904291689558196
3.29913453553508
3.29913453553508
3.2786183917708924
3.2938587231455725
3.3128172061193655
3.3144783799651356
3.3144783799651356
3.3181668113237794
3.2874458319226183
3.2874458319226183
3.309764004406293
3.309764004406293
3.3091738991144455
3.2858048588442412
3.2944335502503295
3.289489672747546
3.295460932695187
3.2533512498247683
3.2526926397454643
3.257376068728838
3.2577138213655865
3.2497980685635763
3.275699150738712
3.2667282194996385
3.2667282194996385
3.284585593152609
3.2733375445408512
3.2733375445408512
3.2733375445408512
3.2733375445408512
3.2795512407683645
3.2795512407683645
3.2795512407683645
3.271162325277634
3.271162325277634
3.27343463615866
3.2799019825280884
3.270447442629253
3.258939162222869
3.258939162222869
3.2500683294507726
3.2500683294507726
3.2500683294507726
3.2500683294507726
3.2500683294507726
3.2500683294507726
3.241979533459483
3.2396878335185932
3.251107165921957
3.251107165921957
3.256089273241109
3.2522216503933974
3.2424528993607895
3.2426884055362724
3.2426884055362724
3.2426884055362724
3.2541723350395717
3.2597780895665647
3.235847202863622
3.235847202863622
3.2357134531269423
3.2357134531269423
3.2359622097454372
3.2466257123012974
3.237204093549997
3.225185416925208
3.225185416925208
3.225185416925208
3.2356846384522973
3.2356846384522973
3.2528402714017797
3.2528402714017797
3.2528402714017797
3.234190596222612
3.25902974151135
3.2473050363584033
3.2409958054465444
3.2493716242186506
3.2493716242186506
3.258582014536427
3.235881699287255
3.235881699287255
3.219870900219916
3.219870900219916
3.2325935205830936
3.2164819556989226
3.214482336609135
3.2286602081156373
3.212374287800549
3.212374287800549
3.232967315640086
3.2258000043146957
3.2258000043146957
3.2258000043146957
3.2300672094765224
3.2300672094765224
3.2328479894079933
3.2328479894079933
3.2328479894079933
3.2334416479763366
3.224445668359362
3.2555973175720117
3.237729083593524
3.237729083593524
3.237729083593524
3.2375635524975914
3.2375635524975914
3.2375635524975914
3.22570914826479
3.240790899837745
3.240790899837745
3.240790899837745
3.244884663238296
3.2338856621606125
3.234224834362043
3.234224834362043
3.234224834362043
3.2363733230547465
3.2255944143050836
3.2255944143050836
3.2255944143050836
3.225650107569879
3.2202621770390443
3.2202621770390443
3.2202621770390443
3.2361175713965866
3.2361175713965866
3.229127183703433
3.2347746880866035
3.2402189669900894
3.2478619321963738
3.2675734285430464
3.2675734285430464
3.2675734285430464
3.2560380413800303
3.2593129547552713
3.2593129547552713
3.2593129547552713
3.2538636799136222
3.229051213319436
3.2355733411628598
3.244719114402328
3.2402229823034907
3.2402229823034907
3.219083126576917
3.2205163738318814
3.215864153289395
3.215864153289395
3.215864153289395
3.2152254735270454
3.2152254735270454
3.2152254735270454
3.241392858637232
3.241392858637232
3.2508378505564877
3.1984593134166484
3.1984593134166484
3.1984593134166484
3.1984593134166484
3.1984593134166484
3.1984593134166484
3.1984593134166484
3.1984593134166484
3.1870229653023245
3.208387389851294
3.208387389851294
3.210836291126584
3.213316859628071
3.2329496804141424
3.2329496804141424
3.2299988668691015
3.2399073456579277
3.2234090811871527
3.2344892696923355
3.227850269314084
3.227850269314084
3.227850269314084
3.2337194074951743
3.2275113745610144
3.2275113745610144
3.2275113745610144
3.2349616000872348
3.2349616000872348
3.236178213334692
3.236178213334692
3.236178213334692
3.2324294230615047
3.2384331392510277
3.2384331392510277
3.2384331392510277
3.239874901024659
3.239874901024659
3.227165817327196
3.253122452306073
3.2446440988514524
3.2256527776777246
3.2367654070257412
3.250055295083524
3.2383873949076847
3.2383873949076847
3.243515140298646
3.248249954501952
3.2337777714238674
3.252474682694446
3.2447630361451396
3.2447630361451396
3.250398195473726
3.250398195473726
3.266437077995333
3.266437077995333
3.266437077995333
3.266437077995333
3.281986015523538
3.281986015523538
3.281986015523538
3.281986015523538
3.281986015523538
3.282211421742528
3.2845444815346347
3.2845444815346347
3.2890303202574946
3.2890303202574946
3.289101950769683
3.296774143150194
3.2958536933125098
3.2958536933125098
3.3005774147763702
3.2792815124799137
3.2742211832639114
3.289271667221605
3.286657225470666
3.2755414591977434
3.253792497147884
3.264066125284029
3.2630578291436256
3.2823653969561684
3.2823653969561684
3.2801120512633273
3.2891555691378356
3.260899297467217
3.260899297467217
3.272210411378157
3.2792515840047876
3.2835164932059717
3.277106985049228
3.265548296911121
3.265548296911121
3.265548296911121
3.232883734849917
3.2447783219506494
3.2447783219506494
3.2447783219506494
3.2447783219506494
3.248217073795953
3.2367437033509807
3.224865359296887
3.25259627081296
3.25259627081296
3.25259627081296
3.25259627081296
3.25259627081296
3.25259627081296
3.2467701030955474
3.2467701030955474
3.231295198408281
3.231295198408281
3.229460625911817
3.2397674415439326
3.2397674415439326
3.2395827772724655
3.2395827772724655
3.2395827772724655
3.2395827772724655
3.24123757728149
3.252531128507586
3.252531128507586
3.252531128507586
3.252531128507586
3.24585090478264
3.24585090478264
3.2588141678407876
3.2588141678407876
3.2625077049226934
3.26192479645811
3.2546211444047026
3.268629384334637
3.268629384334637
3.254617095763813
3.24925398352889
3.24925398352889
3.2520622880322745
3.2520622880322745
3.2520622880322745
3.2520622880322745
3.2520622880322745
3.235552181183585
3.235552181183585
3.235552181183585
3.2553998101292754
3.242748814073326
3.2503418098518515
3.240747276205824
3.240747276205824
3.252315358301586
3.252315358301586
3.252315358301586
3.252315358301586
3.252315358301586
3.252315358301586
3.2424822497487975
3.233562807437817
3.233562807437817
3.2457131747570105
3.2457131747570105
3.270147075194893
3.270147075194893
3.270147075194893
3.270147075194893
3.270147075194893
3.270147075194893
3.288850872113777
3.288850872113777
3.283832077606409
3.2921619492856484
3.2917427773209007
3.2917427773209007
3.2917427773209007
3.2917427773209007
3.2917427773209007
3.2917427773209007
3.2507390215824308
3.2456924184997176
3.2456924184997176
3.2456924184997176
3.247657712649484
3.237821169207126
3.245794343982343
3.2366372317847705
3.2366372317847705
3.2366372317847705
3.2462363348885215
3.2462363348885215
3.2451618993468365
3.2269996142438515
3.248784061396818
3.2443313112545846
3.2443313112545846
3.2271758223658042
3.254422580859797
3.254422580859797
3.254422580859797
3.2434619146550854
3.2434619146550854
3.2295952742547236
3.226455582840866
3.226455582840866
3.232141059174356
3.232141059174356
3.2387578933723216
3.234694826671997
3.234694826671997
3.24168371663055
3.24168371663055
3.24168371663055
3.2229530185322908
3.2229530185322908
3.243355863653903
3.2298404186534317
3.2310915762686205
3.2310915762686205
3.2188477382701923
3.2269781824828336
3.2110254420178403
3.201467179805811
3.201467179805811
3.201467179805811
3.2196717964832424
3.236248868695031
3.236248868695031
3.236248868695031
3.236248868695031
3.2200765758447236
3.2200765758447236
3.2200765758447236
3.2200765758447236
3.2399704150918796
3.2399704150918796
3.2412848257789943
3.2412848257789943
3.222758828786012
3.242754867460968
3.249023028876254
3.2548182884545245
3.2548182884545245
3.2548182884545245
3.2548182884545245
3.2548182884545245
3.212229474652227
3.212229474652227
3.2134751027020676
3.2134751027020676
3.2186818729394915
3.2295171517463954
3.2295171517463954
3.2295171517463954
3.253020322284812
3.231657572060846
3.231657572060846
3.2495997854218803
3.2731348247850196
3.253430588047595
3.2237865442176967
3.2237865442176967
3.2473267342116214
3.2437273792822716
3.235262375167218
3.235262375167218
3.2713758536020543
3.250909838536832
3.250909838536832
3.250909838536832
3.250909838536832
3.250909838536832
3.241727058966346
3.244040148893065
3.244040148893065
3.244040148893065
3.253252721766633
3.263090372450898
3.2425397786846024
3.256519400149031
3.266920517356108
3.253975942997405
3.253975942997405
3.253975942997405
3.253975942997405
3.253975942997405
3.253975942997405
3.256525213886596
3.256525213886596
3.2283110780935456
3.2283110780935456
3.2283110780935456
3.239894598632913
3.2472274803146477
3.261102738687915
3.261102738687915
3.261102738687915
3.261448837065296
3.266131958334657
3.266131958334657
3.2503308192101827
3.2503308192101827
3.249500764434137
3.249718236231296
3.249718236231296
3.249718236231296
3.2564938124770966
3.2730582823312746
3.2665112765029733
3.2665112765029733
3.2472179276290047
3.2472179276290047
3.2472179276290047
3.254493079934971
3.254493079934971
3.254493079934971
3.269070194760626
3.252617030562945
3.259161355584267
3.2752625403837916
3.276299839927066
3.2810329858534333
3.2810329858534333
3.2810329858534333
3.2719300743059145
3.2719300743059145
3.303925033881342
3.2767514135150044
3.252838266614524
3.2509410894514703
3.273354402459197
3.2536230667893733
3.2580642140650973
3.2576975690160093
3.2576975690160093
3.2688732237513825
3.261556126324499
3.2464603956445632
3.2529624737272265
3.26127830147918
3.258171661962718
3.258171661962718
3.273740877423189
3.2760292843641188
3.2783203955517224
3.2922540855710443
3.2768947133942596
3.2768947133942596
3.2697265302338945
3.2761299963992156
3.2761299963992156
3.2761299963992156
3.2761299963992156
3.258156431105577
3.258156431105577
3.258156431105577
3.250970666407628
3.250970666407628
3.2712048535547558
3.2518364071534016
3.254598412487928
3.254598412487928
3.254598412487928
3.254598412487928
3.2542789146259397
3.2795509943310113
3.2795509943310113
3.2795509943310113
3.2795509943310113
3.2795509943310113
3.2795509943310113
3.2795509943310113
3.241920700261114
3.241920700261114
3.248694907090189
3.248694907090189
3.241130744788831
3.2435645496775174
3.2435645496775174
3.2435645496775174
3.259933343999412
3.259933343999412
3.259933343999412
3.2676690679210925
3.2676690679210925
3.266030818013893
3.266030818013893
3.2717303627651186
3.286139202374046
3.286139202374046
3.286139202374046
3.2834023812896285
3.2834023812896285
3.2768664065062545
3.2842462086370414
3.2842462086370414
3.2842462086370414
3.2937609192682165
3.305435956315337
3.305435956315337
3.3055326651896753
3.2862583458403694
3.277921155333316
3.2640205741262096
3.2639058563022028
3.2639058563022028
3.290216212394083
3.290216212394083
3.290216212394083
3.290216212394083
3.26812116786504
3.27291799838022
3.271635281898482
3.271635281898482
3.2713714987741658
3.2713714987741658
3.2713714987741658
3.2713714987741658
3.2636892564671953
3.2686762328125463
3.2460265102182673
3.2570440502239095
3.2570440502239095
3.259964457627818
3.25370031124486
3.2747736123346582
3.2747736123346582
