3.066333016357921
3.066333016357921
3.066333016357921
3.066333016357921
3.066333016357921
3.066333016357921
3.066333016357921
3.066333016357921
3.066333016357921
3.066333016357921
3.066333016357921
3.066333016357921
3.066333016357921
3.066333016357921
3.066333016357921
3.066333016357921
3.066333016357921
3.066333016357921
3.066333016357921
3.066333016357921
3.066333016357921
3.066333016357921
3.066333016357921
3.066333016357921
3.066333016357921
3.066333016357921
3.066333016357921
3.066333016357921
3.066333016357921
3.066333016357921
3.066333016357921
3.066333016357921
3.066333016357921
3.066333016357921
3.066333016357921
3.066333016357921
3.066333016357921
3.066333016357921
3.066333016357921
3.066333016357921
3.066333016357921
3.066333016357921
3.066333016357921
3.066333016357921
3.066333016357921
3.066333016357921
3.066333016357921
3.066333016357921
3.066333016357921
3.066333016357921
3.066333016357921
3.066333016357921
3.066333016357921
3.066333016357921
3.066333016357921
3.066333016357921
3.066333016357921
3.066333016357921
3.066333016357921
3.066333016357921
3.066333016357921
3.066333016357921
3.066333016357921
3.066333016357921
3.066333016357921
3.066333016357921
3.066333016357921
3.066333016357921
3.066333016357921
3.066333016357921
3.066333016357921
3.066333016357921
3.066333016357921
3.066333016357921
3.066333016357921
3.066333016357921
3.066333016357921
3.066333016357921
3.066333016357921
3.066333016357921
3.066333016357921
3.066333016357921
3.066333016357921
3.066333016357921
3.066333016357921
3.066333016357921
3.066333016357921
3.066333016357921
3.066333016357921
3.066333016357921
3.066333016357921
3.066333016357921
3.066333016357921
3.066333016357921
3.066333016357921
3.066333016357921
3.066333016357921
3.066333016357921
3.066333016357921
3.066333016357921
3.098864558645485
3.098864558645485
3.1149167477903275
3.1149167477903275
3.124962158438405
3.124962158438405
3.1322141407402837
3.165278498864039
3.1897923152591727
3.1897923152591727
3.1897923152591727
3.2117780085153096
3.223716217764319
3.223716217764319
3.223716217764319
3.22665689371275
3.22665689371275
3.2314558536545275
3.2314558536545275
3.232858521239167
3.232858521239167
3.2391124875361177
3.2391124875361177
3.2417634719868684
3.2417634719868684
3.272529523465561
3.272529523465561
3.2681820542583035
3.2681820542583035
3.2681820542583035
3.2681820542583035
3.2681820542583035
3.2920097250832576
3.294947965882975
3.294947965882975
3.294947965882975
3.2891933804039577
3.275723769710466
3.2560515434254045
3.2536229539512704
3.2774668595861516
3.2507453494079517
3.2507453494079517
3.2282715158292947
3.2282715158292947
3.2282715158292947
3.2282715158292947
3.2282715158292947
3.2282715158292947
3.2282715158292947
3.2282715158292947
3.2282715158292947
3.2452850657677916
3.2452850657677916
3.2497112985531813
3.2579178922455583
3.2579178922455583
3.2579178922455583
3.2575921915803514
3.2599979734606506
3.250028580542501
3.250028580542501
3.250028580542501
3.250028580542501
3.2392263155265626
3.2392263155265626
3.2392263155265626
3.237494929753668
3.2643832342827577
3.242023072701583
3.249219155799585
3.249219155799585
3.277281672362118
3.2545766497247595
3.2420265102977943
3.247074017655562
3.263882385644223
3.263882385644223
3.263882385644223
3.2611292837554062
3.2321368949198894
3.2321368949198894
3.2273917022877994
3.207554079096821
3.2056193990958515
3.200912087028679
3.1926114416904547
3.1926114416904547
3.2291172246664166
3.234420213486467
3.234420213486467
3.218515084368133
3.218515084368133
3.218515084368133
3.218515084368133
3.2522961578066547
3.2321844978834386
3.2321844978834386
3.2321844978834386
3.2321844978834386
3.2218520205812635
3.2269029995230163
3.2395019977573036
3.2395019977573036
3.2395019977573036
3.2323226890840298
3.2323226890840298
3.257390111804857
3.257390111804857
3.255032881695991
3.255032881695991
3.255032881695991
3.255032881695991
3.2462754160674407
3.2462754160674407
3.264825547812696
3.257841413440169
3.264868333289593
3.264868333289593
3.264868333289593
3.264868333289593
3.264868333289593
3.2506428001619567
3.2516814824339093
3.2516814824339093
3.2404793554981524
3.231075782262145
3.2352658665312983
3.2352658665312983
3.2524429148005414
3.2524429148005414
3.2537467651260106
3.2404334418237433
3.2404334418237433
3.245250707283696
3.245250707283696
3.243435220070374
3.2396969425118534
3.2346037246445563
3.2346037246445563
3.2346037246445563
3.2346037246445563
3.2346037246445563
3.2346037246445563
3.233286604614751
3.242374334960009
3.242374334960009
3.238236811226917
3.238236811226917
3.253438248342699
3.253438248342699
3.2511631262554554
3.2554731129470587
3.260984401313299
3.2448769635227914
3.2456193490030856
3.2456193490030856
3.2456193490030856
3.2456193490030856
3.251703901890147
3.251703901890147
3.2348234834154836
3.2348234834154836
3.2348234834154836
3.241792133862605
3.258077026724485
3.2619668967262028
3.25742639832206
3.25742639832206
3.25742639832206
3.248897754333731
3.248897754333731
3.2580969316925783
3.2580969316925783
3.2580969316925783
3.2580969316925783
3.2580969316925783
3.2687536473796834
3.276394492151417
3.276394492151417
3.251253391482412
3.2372987885113647
3.2372987885113647
3.234017818818193
3.234017818818193
3.245530353984886
3.265337450923688
3.2696621973960975
3.2618893797846225
3.244644137389598
3.244644137389598
3.244644137389598
3.244614535411136
3.244614535411136
3.257426103704299
3.253356341839366
3.253356341839366
3.2674579476641874
3.2674579476641874
3.257469681276737
3.257469681276737
3.2542359199747386
3.2542359199747386
3.2474208189302054
3.2387022798505845
3.243055355843227
3.2447527598244723
3.2462883172262873
3.242471122064496
3.242471122064496
3.242471122064496
3.242471122064496
3.270142241848502
3.270142241848502
3.288393700073282
3.272910304045115
3.266197639770934
3.266197639770934
3.265479366341409
3.265479366341409
3.265479366341409
3.257123858806366
3.257123858806366
3.2650596666132006
3.259716479115642
3.259716479115642
3.2534689533050365
3.249628296783829
3.249628296783829
3.249628296783829
3.249628296783829
3.249628296783829
3.260588130145563
3.260588130145563
3.253038620741406
3.253038620741406
3.253038620741406
3.2517646965328604
3.2517646965328604
3.2517646965328604
3.232952516081557
3.232952516081557
3.2393835958434187
3.2393835958434187
3.2393835958434187
3.2393835958434187
3.2393835958434187
3.2393835958434187
3.27225278722727
3.2686105306472473
3.2686105306472473
3.2686105306472473
3.2624747235756155
3.2339652220814803
3.2359947787413263
3.2359947787413263
3.2359947787413263
3.2305095529709096
3.2369361636773633
3.2504328335831167
3.2228326393682396
3.2228326393682396
3.2228326393682396
3.2128500936563245
3.2147748294175833
3.2147748294175833
3.2147748294175833
3.2147748294175833
3.221673652765524
3.222213212686346
3.222213212686346
3.222213212686346
3.2161400955239046
3.1998340819218494
3.2256548886613072
3.2256548886613072
3.210193071738553
3.2105242845419864
3.1980017770358846
3.1980017770358846
3.2076397832974304
3.2076397832974304
3.2076397832974304
3.1985135318918325
3.1985135318918325
3.1970889098695645
3.1970889098695645
3.1970889098695645
3.1917603470634925
3.215499653636657
3.215499653636657
3.2222425942214756
3.215015675481957
3.215015675481957
3.215015675481957
3.215015675481957
3.215015675481957
3.222490649285163
3.222490649285163
3.222490649285163
3.222490649285163
3.222490649285163
3.233838224772475
3.2360782850869794
3.2515936898555053
3.2515936898555053
3.282900993166609
3.282900993166609
3.278664977973756
3.278664977973756
3.255992751446118
3.2633311031812138
3.2633311031812138
3.2843659004678103
3.2843659004678103
3.266915426809053
3.2624631661925263
3.2624631661925263
3.2624631661925263
3.2624631661925263
3.2624631661925263
3.2624631661925263
3.2624631661925263
3.258815073736213
3.269137794867881
3.269137794867881
3.269137794867881
3.2685452920767304
3.2685452920767304
3.2685452920767304
3.2781529228095616
3.2781529228095616
3.2781529228095616
3.2434358949109963
3.2434358949109963
3.260872975195711
3.260872975195711
3.260872975195711
3.2770501386870907
3.253580134994205
3.2555567976797612
3.2602564530813414
3.2712993401116366
3.2757990324763986
3.2757990324763986
3.2757990324763986
3.2665630456283035
3.2665630456283035
3.259928607154249
3.2643961317975845
3.2511568046934016
3.2628800026473153
3.2628800026473153
3.2628800026473153
3.2669518895979253
3.266401326664531
3.2502249125916753
3.25519731124903
3.25519731124903
3.25519731124903
3.264633674442035
3.2757209220435057
3.2757209220435057
3.2675559252466218
3.2675559252466218
3.2675559252466218
3.257822962147866
3.240397952712704
3.2390316971990516
3.2575704499584854
3.2575704499584854
3.244328182493883
3.2517402545857284
3.2517402545857284
3.2517402545857284
3.2517402545857284
3.2502167541946085
3.2542549066573065
3.2680112600716824
3.2521538499585416
3.2529106069835216
3.2529106069835216
3.228576558025022
3.228576558025022
3.229555685153166
3.229555685153166
3.229555685153166
3.2276126508286653
3.229247414769403
3.229247414769403
3.237080326743925
3.237080326743925
3.237080326743925
3.237080326743925
3.2523617509158598
3.2446945406609298
3.252882511081881
3.212593455135289
3.2407889191177075
3.2407889191177075
3.2151787240608507
3.2113821583188282
3.2070676440257193
3.2070676440257193
3.196305412578112
3.196305412578112
3.219996518511391
3.2346448193217006
3.2411296000149026
3.2411296000149026
3.2411296000149026
3.242821186020456
3.242821186020456
3.242821186020456
3.2361267513549197
3.2340815724430887
3.2340815724430887
3.24128885170766
3.2613344513926523
3.2613344513926523
3.2457386768111336
3.2457386768111336
3.2457386768111336
3.2457386768111336
3.2521526691673617
3.2748338747083956
3.2703638614738573
3.2703638614738573
3.2704477597491564
3.2704477597491564
3.2704477597491564
3.2925727355552077
3.2925727355552077
3.288051746405864
3.288051746405864
3.28424070006798
3.28424070006798
3.28424070006798
3.28424070006798
3.28424070006798
3.261143529956238
3.261143529956238
3.2701550329746136
3.2635883867200546
3.2635883867200546
3.2635883867200546
3.284575146791782
3.289495788930364
3.286814651286332
3.2829514946896605
3.3002537226481286
3.279537561243719
3.279537561243719
3.279537561243719
3.283206021809456
3.2789973335231886
3.2732187411468145
3.270714968859116
3.2648344857101317
3.2648344857101317
3.2849029685496727
3.2802582707645183
3.2696490680709336
3.2757452566308207
3.2854687801907407
3.277996864402867
3.276359613694922
3.250350863777987
3.250350863777987
3.2696895248172795
3.2696895248172795
3.262998314524239
3.262998314524239
3.262998314524239
3.2578466621503
3.2467976945341785
3.234047551176953
3.2413353978022554
3.2413353978022554
3.2413353978022554
3.2544768246984455
3.2544768246984455
3.2483286947747736
3.231566118519939
3.231566118519939
3.252250524806597
3.252250524806597
3.2611981070601455
3.2727070947084824
3.268485787213633
3.269703771481322
3.269703771481322
3.2505876378677008
3.235283770709659
3.235283770709659
3.2307462641168354
3.2439293781411513
3.2283977903125485
3.2283977903125485
3.2283977903125485
3.2283977903125485
3.2283977903125485
3.2167692857831667
3.2167692857831667
3.23588745911382
3.2360376417437293
3.2591091812117146
3.241901450660136
3.241901450660136
3.241901450660136
3.241901450660136
3.241901450660136
3.2452393191554854
3.2351716982188568
3.2261673408189298
3.2412925683797544
3.2412925683797544
3.2412925683797544
3.2412925683797544
3.2412925683797544
3.2560726761194227
3.225419809938227
3.225419809938227
3.2303139716068827
3.2303139716068827
3.2210417719230238
3.2157657600361844
3.2157657600361844
3.2364968021534533
3.2364968021534533
3.2364968021534533
3.2365935841380074
3.2549232502984466
3.2549232502984466
3.2524466146481927
3.2524466146481927
3.2524466146481927
3.2534597397123117
3.2605164936479114
3.2575723653516806
3.2575723653516806
3.2575723653516806
3.2626096059736547
3.272287937919938
3.272287937919938
3.272287937919938
3.272287937919938
3.260362151365096
3.2546629213494542
3.2578187188040655
3.2412800824235233
3.2412800824235233
3.2412800824235233
3.2412800824235233
3.2412800824235233
3.2412800824235233
3.211727853445815
3.211727853445815
3.211727853445815
3.211727853445815
3.211727853445815
3.221595639494226
3.2432250271186556
3.2432250271186556
3.2432250271186556
3.2432250271186556
3.2432250271186556
3.2432250271186556
3.2425475500593004
3.2425475500593004
3.2425475500593004
3.2425475500593004
3.276386937260717
3.276386937260717
3.276386937260717
3.276386937260717
3.276386937260717
3.276386937260717
3.248283377318241
3.2716743862003757
3.2473201550189894
3.248639722364706
3.248639722364706
3.261363305766873
3.261363305766873
3.261363305766873
3.2612703437463337
3.2612703437463337
3.2612703437463337
3.247833459787204
3.2483383512335515
3.265463227245977
3.265463227245977
3.2736189915642133
3.2618357746779756
3.2618357746779756
3.2618357746779756
3.270909250703509
3.270909250703509
3.270909250703509
3.255159174182665
3.255159174182665
3.2799995476843553
3.2799995476843553
3.2890431325948684
3.2772029349500955
3.2772029349500955
3.2772029349500955
3.271962415724789
3.271962415724789
3.284650119366858
3.284650119366858
3.2813895538061515
3.2955024352791273
3.2955024352791273
3.2955024352791273
3.287525840931137
3.287525840931137
3.305096855898655
3.2998339911799937
3.2998339911799937
3.2998339911799937
3.273555568851953
3.273555568851953
3.250810811884773
3.2542680352418873
3.278461462985439
3.278461462985439
3.2779179645540637
3.2776106172164408
3.2644913656757564
3.2644913656757564
3.2541119146878077
3.263770184302583
3.252528368126092
3.252528368126092
3.262488725348577
3.2506514716034385
3.2506514716034385
3.2506514716034385
3.2588837555746526
3.275361165211656
3.275361165211656
3.2713267204072047
3.264336164073519
3.264336164073519
3.264336164073519
3.264336164073519
3.2516508717252033
3.245780008751207
3.2361685464666574
3.2361685464666574
3.2305643437751446
3.2305643437751446
3.2305643437751446
3.231361902516896
3.231361902516896
3.231361902516896
3.231361902516896
3.231361902516896
3.231361902516896
3.235154214831043
3.235154214831043
3.2273042765012216
3.2273042765012216
3.231168824793852
3.231168824793852
3.231168824793852
3.231168824793852
3.2069500024649886
3.2008830432564954
3.2008830432564954
3.200141710677044
3.200913025817752
3.2100093236261005
3.2040344952494944
3.2040344952494944
3.2056185703470734
3.2206505148748796
3.224897749735497
3.224897749735497
3.2002613088167755
3.202530292029461
3.204934474565903
3.204934474565903
3.202907691229668
3.218457272355578
3.218457272355578
3.218457272355578
3.218457272355578
3.228676078835325
3.227564591734259
3.227564591734259
3.227116773110202
3.227116773110202
3.223062674949105
3.25475919008705
3.240614867648157
3.2326663276721197
3.2481847898698537
3.2500438283368234
3.250622858418981
3.2314192620778606
3.234371010641488
3.23293702546603
3.2385726006255453
3.2475323741767834
3.2401345594091797
3.2294752671783935
3.2173973632689736
3.22902296635324
3.2245062495038845
3.2300211386041635
3.2300211386041635
3.2300211386041635
3.2300211386041635
3.25706842609879
3.25706842609879
3.2454202620266828
3.244875702126584
3.2432523654748606
3.2370454984639165
3.2370454984639165
3.2451737728514938
3.247484045974751
3.244813108719433
3.2560725891569096
3.2481502631795394
3.2481502631795394
3.2547235662762306
3.2472321480030115
3.2483347439211654
3.2483347439211654
3.2491380528402205
3.24354465006981
3.258549255743398
3.256579469828738
3.2462666889031895
3.244314963649695
3.2418520301333795
3.2505016018976374
3.2505016018976374
3.2505016018976374
3.2505016018976374
3.261696219252327
3.2777797630152095
3.2718584958521357
3.2763001262278397
3.2763001262278397
3.2522153879457685
3.268406762435764
3.268406762435764
3.2697126302594337
3.2697126302594337
3.2482764996423894
3.231218443367863
3.231218443367863
3.231218443367863
3.236437513883061
3.2430651323824597
3.2099748465107245
3.2129717671903246
3.2129717671903246
3.2129717671903246
3.2129717671903246
3.2129717671903246
3.2129717671903246
3.2129717671903246
3.203322795070008
3.202306577752655
3.231083716011396
3.2371243874244766
3.2092201653294126
3.2092201653294126
3.2137916855442423
3.2137916855442423
3.2137916855442423
3.2137916855442423
3.2137916855442423
3.2104990195976844
3.2061691995826416
3.201919328753917
3.201919328753917
3.201919328753917
3.201919328753917
3.201919328753917
3.218991729901321
3.217932844696052
3.216986530315119
3.216986530315119
3.216986530315119
3.2209267822373566
3.2277265098402177
3.2277265098402177
3.2226858147612583
3.2338684118864363
3.2290892686428565
3.2256846747108865
3.223937450139072
3.211949781433225
3.20808413913727
3.20808413913727
3.20808413913727
3.194757435895393
3.2211547132141436
3.2044187461164744
3.2102859195052065
3.224833939715385
3.224833939715385
3.2239312762041816
3.2064074792181914
3.2064074792181914
3.203702599462534
3.226222987562531
3.219765297241161
3.219765297241161
3.219765297241161
3.208700983339144
3.208700983339144
3.2138131316589984
3.2138131316589984
3.2138131316589984
3.230267991472343
3.2338430390548383
3.2311019836566195
3.2343551901271406
3.2343551901271406
3.2343551901271406
3.2343551901271406
3.2343551901271406
3.2343551901271406
3.2332775872157407
3.2560729437751115
3.2560729437751115
3.2560729437751115
3.2560729437751115
3.25000928782923
3.2510691700533743
3.260529489599761
3.2636447715713324
3.273566355860261
3.273566355860261
3.273566355860261
3.273566355860261
3.273566355860261
3.2759979512903743
3.263442390574817
3.231737050370885
3.231737050370885
3.231737050370885
3.231737050370885
3.2416958582499364
3.2416958582499364
3.2327899842136394
3.2327899842136394
3.2558720736757927
3.2541580581066687
3.2260074285964264
3.2192661061500227
3.2192661061500227
3.2295905232187234
3.2295905232187234
3.2306647547019978
3.2306647547019978
3.223357260990897
3.233615108223287
3.2542217104821556
3.2542217104821556
3.2296277223388117
3.2482011542611557
3.2228746803462185
3.2559575479809886
3.2559575479809886
3.247035520979385
3.247035520979385
3.2310119647254387
3.2310119647254387
3.2310119647254387
3.2249160798229224
3.233864924369563
3.220306833154157
3.233084840263336
3.2363309184514426
3.2363309184514426
3.2363309184514426
3.231659239035708
3.231659239035708
3.231659239035708
3.231659239035708
3.231659239035708
3.2404626897632336
3.2308732447724955
3.238897850465761
3.260011298622846
3.260011298622846
3.233657672023817
3.238929717968715
3.238929717968715
3.248909541957894
3.2544650090081726
3.2544650090081726
3.261415222552805
3.261415222552805
3.2601274106829363
3.237549111320837
3.237549111320837
3.2367481083899015
3.2367481083899015
3.229389812201515
3.229389812201515
3.2369862981111237
3.246262526851843
3.2534164311584726
3.2534164311584726
3.2534164311584726
3.2357037255772974
3.228806198555534
3.2372582267277656
3.2374418893173402
3.239425672913075
3.239425672913075
3.239425672913075
3.2680869617335744
3.2680869617335744
3.2680869617335744
3.2680869617335744
3.241482655181409
3.2142844713500267
3.2142844713500267
3.2343981456860917
3.261386481025555
3.261386481025555
3.264036835607162
3.253326663707041
3.253326663707041
3.2460509522657297
3.2460509522657297
3.2460509522657297
3.2557824737295675
3.268915466131308
3.2588596324523196
3.2588596324523196
3.265597073343753
3.264831431722489
3.2538664290341237
3.2403687573967836
3.2417646114325156
3.229653209897242
3.229653209897242
3.2363893878898873
3.2413726832406624
3.2413726832406624
3.234474245357649
3.246569826821124
3.246569826821124
3.252501569561866
3.252501569561866
3.252501569561866
3.2544166255749656
3.2084207182230804
3.2118861097487152
3.2403167201357763
3.2311199811651234
3.2311199811651234
3.22884533618111
3.2335809032095106
3.2335809032095106
3.2335809032095106
3.2335809032095106
3.245095630210188
3.2392145012258933
3.2295384958047584
3.230611978942446
3.230611978942446
3.230611978942446
3.230611978942446
3.2361954420810566
3.2272831063744154
3.241532948662306
3.214982227182677
3.214982227182677
3.214982227182677
3.224398405384245
3.224398405384245
3.224398405384245
3.226827357928009
3.226827357928009
3.231570909183421
3.218110979649084
3.229550108919662
3.2199003330985727
3.221292330014142
3.221292330014142
3.221292330014142
3.2233726379876977
3.2233726379876977
3.232923736009528
3.232923736009528
3.232923736009528
3.232923736009528
3.2305479936743935
3.2283978946086322
3.2361127589640466
3.2607877975557082
3.242317418148505
3.243548631477878
3.2360246590963464
3.2360246590963464
3.226007332852868
3.2060717584908986
3.2060717584908986
3.2085514776526383
3.2406823047309734
3.2347414858295584
3.2203044422410327
3.2442243529854276
3.2364777927697252
3.2303954019715033
3.259766792111409
3.259766792111409
3.259766792111409
3.259766792111409
3.2539798669647295
3.2539798669647295
3.2539798669647295
3.2539798669647295
3.2723609413031873
3.249689698038486
3.251334980019853
3.251334980019853
3.2466450556906334
3.2466450556906334
3.2598824850997947
3.2598824850997947
3.2702081894070845
3.2587738027435025
3.2590767805355534
3.2590767805355534
3.252800548254256
3.252800548254256
3.2722410800215203
3.262676041581982
3.2631335408887345
3.2631335408887345
3.2549466810799896
3.2607781020513005
3.2607781020513005
3.274945414506445
3.274945414506445
3.2854693022284
3.275424791766012
3.2723858577610354
3.26027815970734
3.2609856514074957
3.2609856514074957
3.257518829841727
3.257518829841727
3.250113681028664
3.2549319634342395
3.2512641366608603
3.2512641366608603
3.2424607095179803
3.2424607095179803
3.2424607095179803
3.252736143095074
3.252736143095074
3.2557415431032837
3.25493746945286
3.25493746945286
3.2580932724609246
3.24904046727449
3.24904046727449
3.2329912326011945
3.2329912326011945
3.2352830114343143
3.2412624878251797
3.2412624878251797
3.2395202125253513
3.2395202125253513
3.237625876538625
3.237625876538625
3.239246028626817
3.239246028626817
3.239246028626817
3.2423731287345334
3.2423731287345334
3.246592548679703
3.249381951327677
3.2423089319569858
3.244066671938471
3.244066671938471
3.244066671938471
3.244066671938471
3.256415028486598
3.2634334126154356
3.2671072517031114
3.2582009274090917
3.2582009274090917
3.2582009274090917
3.2447032515772345
3.2468239742590197
3.2468239742590197
3.2530284268476177
3.2359172461834644
3.223007246655636
3.214873499377408
3.2346736081338783
3.2285939026779453
3.2285939026779453
3.2285939026779453
3.2172380355274766
3.2172380355274766
3.2172380355274766
3.23086897018701
3.23086897018701
3.23086897018701
3.2237660397132712
3.2237660397132712
3.2319829693982336
3.2319829693982336
3.194031855228699
3.194031855228699
3.194031855228699
3.194031855228699
3.194031855228699
3.194031855228699
3.2052113761942733
3.2126947319233317
3.2295395350046054
3.2245171917274877
3.2257910371606733
3.2257910371606733
3.237363346676385
3.2132209885988545
3.2132209885988545
3.2110149827295627
3.2110149827295627
3.22380406805064
3.22380406805064
3.2296420144743307
3.2296420144743307
3.2530169076129796
3.2530169076129796
3.2282032862370347
3.238409134689176
3.227742196393797
3.212145581259645
3.212145581259645
3.212739152176845
3.212739152176845
3.225667310146654
3.2349864202793044
3.2349864202793044
3.2349864202793044
3.2462927660873544
3.2382389229343063
3.2382389229343063
3.23027950571744
3.2229540112389707
3.2229540112389707
3.2365535804057477
3.2365535804057477
3.2365535804057477
3.232573720616453
3.232573720616453
3.232573720616453
3.232573720616453
3.232573720616453
3.232573720616453
3.232573720616453
3.2401239384869753
3.2401239384869753
3.2401239384869753
3.2401239384869753
3.25193756737352
3.25193756737352
3.2525079575618823
3.2418877850487338
3.2284691928845612
3.2349594612886103
3.2349594612886103
3.234303830509441
3.2335075330963963
3.2330520517292785
3.2330520517292785
3.2352988433879544
3.2352988433879544
3.239680261790977
3.241449054838976
3.2435395815018047
3.234190019892999
3.2400966602514227
3.2423196481732623
3.2423196481732623
3.2423196481732623
3.2275320908208345
3.2275320908208345
3.251800618540014
3.251800618540014
3.2404971502845283
3.2404971502845283
3.218522960602725
3.218522960602725
3.218522960602725
3.2381477427047924
3.2381477427047924
3.2242552082605687
3.2242552082605687
3.213792686308727
3.213792686308727
3.2133621595827244
3.2133621595827244
3.2133621595827244
3.2133621595827244
3.2183785702380723
3.2183785702380723
3.227395607424914
3.226000009161273
3.2174081900029545
3.25692785692731
3.25692785692731
3.244219087277567
3.255685025978468
3.255685025978468
3.250299537868866
3.2523960172018915
3.2523960172018915
3.254891869534751
3.271444507776538
3.271444507776538
3.2955189892214496
3.285653115647861
3.287173122498257
3.287173122498257
3.287173122498257
3.287173122498257
3.287173122498257
3.287173122498257
3.2762095146108634
3.2809854729314143
3.2809854729314143
3.272358647291151
3.2537708379293657
3.2590383852977944
3.2549876386210848
3.2557674912258667
3.2557674912258667
3.235837901733776
3.235837901733776
3.2343752678854907
3.2629837505178587
3.267474400950981
3.267474400950981
3.267942929406177
3.2589854778245275
3.2589854778245275
3.2589854778245275
3.2589854778245275
3.246554405058547
3.262218906666677
3.27005851230554
3.27005851230554
3.27005851230554
3.27005851230554
3.2625845144738013
3.2625845144738013
3.2574654022910834
3.2574654022910834
3.2574654022910834
3.246209825912254
3.2402007394790937
3.261345491485768
3.2495055124266643
3.2495055124266643
3.2448683144150876
3.23647779511833
3.248951160015502
3.25239999268753
3.261098895574307
3.2687701420839774
3.246036186376348
3.246036186376348
3.246036186376348
3.246036186376348
3.246036186376348
3.252200598457739
3.257278902967106
3.257278902967106
3.2616746828417305
3.2616746828417305
3.2582130258658353
3.24608993806216
3.251530216555279
3.251530216555279
3.251530216555279
3.2558892073483294
3.2155375126806263
3.2155375126806263
3.2275951798434086
3.2275951798434086
3.249204202313083
3.249204202313083
3.2516008867279003
3.2243822056966045
3.2504881368735568
3.2444761564666535
3.255586758313983
3.2640862095872776
3.270184271953884
3.264645206165534
3.2494147656346173
3.2577971075460646
3.2577971075460646
3.2577971075460646
3.2577971075460646
3.2577971075460646
3.2577971075460646
3.2577971075460646
3.2570898656472944
3.2570898656472944
3.2414575600552538
3.263032454356272
3.2571100383456724
3.2586691418070384
3.2586691418070384
3.2586691418070384
3.2653506603780125
3.2446645425460736
3.2700823523826053
3.2717978330841064
3.2717978330841064
3.2717978330841064
3.251367011290782
3.2507367930529654
3.261051460452063
3.275355634405686
3.2723548421669686
3.2723548421669686
3.2768345559763215
3.2472007527132534
3.2688426903121477
3.2688426903121477
3.247466215594725
3.247466215594725
3.254639091706716
3.264192622182834
3.264192622182834
3.253960999237397
3.2486503824382917
3.2364388905451853
3.2364388905451853
3.2480071037629243
3.2480071037629243
3.2480071037629243
3.2480071037629243
3.2438930884873547
3.258257709703835
3.2399930330753164
3.2399930330753164
3.231668909085366
3.265975539173501
3.265975539173501
3.276003030965852
3.276003030965852
3.276003030965852
3.2561089870158204
3.252049022377815
3.2878997872497666
3.292178962034771
3.270464951036829
3.270464951036829
3.270464951036829
3.271392189560824
3.290904840830632
3.290904840830632
3.290904840830632
3.290904840830632
3.290904840830632
3.295583355254444
3.2834050948481184
3.2810410869277566
3.2843207080158514
3.267756114208291
3.2682876815451567
3.2526563863060556
3.2526563863060556
3.2526563863060556
3.243313308049439
3.2550919944087564
3.2713387529906512
3.2713387529906512
3.268807575284714
3.268807575284714
3.268807575284714
3.2668306607080084
3.2668306607080084
3.2620830214722236
3.2620830214722236
3.2525824264083094
3.232899238516853
3.232899238516853
3.232899238516853
3.232899238516853
3.259273682304232
3.259273682304232
3.259273682304232
3.259273682304232
3.2609740575075685
3.251472606228296
3.251472606228296
3.25906229189544
3.25906229189544
3.25906229189544
3.2501924378563927
3.2501924378563927
3.2501924378563927
3.2501924378563927
3.2501924378563927
3.2501924378563927
3.262450125874055
3.2581002922160653
3.2394409126704997
3.2394409126704997
3.2394409126704997
3.246579135129164
3.246579135129164
3.246579135129164
3.2304990604954087
3.2304990604954087
3.241543967675893
3.2430023170379854
3.2430023170379854
3.2430023170379854
3.2430023170379854
3.2369414679337734
3.2425565504927842
3.240580256049205
3.2576712424440903
3.2576712424440903
3.2546197184750048
3.238980845273405
3.238980845273405
3.238980845273405
3.234791696612813
3.2325554781899872
3.2325554781899872
3.2530244806284676
3.2530244806284676
3.2530244806284676
3.245805900993082
3.244640226512298
3.26573062465827
3.2635761427467647
3.26871049226442
3.26871049226442
3.2376829690114763
3.2376829690114763
3.2376829690114763
3.2376829690114763
3.2495134136960067
3.2495134136960067
3.2497740766268683
3.2586490108182575
3.242868002299518
3.2418336584519225
3.2474443155116797
3.24883149540305
3.2259875929928667
3.222757929409236
3.222757929409236
3.236409408734221
3.2357844315930135
3.2357844315930135
3.2344391460176194
3.2205946985071146
3.2109686332046503
3.215724298511232
3.215724298511232
3.2128957297413394
3.2128957297413394
3.211638991289605
3.2229541003048987
3.2201801740783815
3.2419500459065063
3.255535522793377
3.25902852538978
3.251663929366194
3.251663929366194
3.2359358019448137
3.235346372766609
3.2385809258653
3.2385809258653
3.2385809258653
3.2385809258653
3.2385809258653
3.2181618673139534
3.2227573440674817
3.2185351769620945
3.2214369026916785
3.226318049030713
3.226318049030713
3.234076459651378
3.2466911433073973
3.2320555959815715
3.2342767284774125
3.236731697077665
3.236731697077665
3.236731697077665
3.2330080893203563
3.2365073621713263
3.2500800607698874
3.2237357868084344
3.2237357868084344
3.2356764158553464
3.2441234216465813
3.2441234216465813
3.2414399055781544
3.2579073852422717
3.2579073852422717
3.268467007117337
3.2800870281684853
3.245544461215915
3.245544461215915
3.245544461215915
3.2526357146931706
3.251244929709359
3.251244929709359
3.2598260951884828
3.2598260951884828
3.2468652049749287
3.2468652049749287
3.2468652049749287
3.2640973595570193
3.2640973595570193
3.2556769214356964
3.256968961737118
3.2754176616166424
3.278497420635106
3.278497420635106
3.2700943626269745
3.2643807845121002
3.2387469187470184
3.2387469187470184
3.2381446760124812
3.227574476071037
3.227574476071037
3.2225731173929124
3.222014919344161
3.222014919344161
3.217682776144172
3.217682776144172
3.244653127402096
3.2326609586624806
3.2326609586624806
3.2326609586624806
3.2326609586624806
3.213512855568744
3.2151956061706737
3.2183740037929827
3.2183740037929827
3.231336974897383
3.231336974897383
3.2607347141521887
3.227576122356715
3.227576122356715
3.227576122356715
3.216524424898732
3.216524424898732
3.220540721446998
3.209484974704505
3.2069462616657627
3.2034489699515993
3.18365191062683
3.18365191062683
3.18365191062683
3.185298739555867
3.185298739555867
3.1926368184193024
3.1924486581696376
3.230053424860876
3.2436370832181662
3.242582746795889
3.245366947897589
3.24077292457471
3.24077292457471
3.24077292457471
3.2363761505524393
3.2363761505524393
3.2371350153056935
3.239047301413552
3.239047301413552
3.239047301413552
3.239047301413552
3.239047301413552
3.2430819007227085
3.2430819007227085
3.2455508104136634
3.246276699732199
3.246276699732199
3.246276699732199
3.246276699732199
3.246276699732199
3.2538020527833744
3.2582157489757955
3.2582157489757955
3.2582157489757955
3.2582157489757955
3.25061827289454
3.241166291680257
3.2551628415494425
3.2470818530034036
3.2506256560970472
3.2506256560970472
3.251580363875543
3.251580363875543
3.2692406112371883
3.2692406112371883
3.2692406112371883
3.2626397623687264
3.2649753591258337
3.2583078145861584
3.2583078145861584
3.2658521823451636
3.2658521823451636
3.262925900966661
3.256058187195301
3.272649577965053
3.2513449879579315
3.2526796857359925
3.258383151777722
3.2602027962137723
3.248656546696626
3.2529855653390327
3.2529855653390327
3.2529855653390327
3.254984968739379
3.2533853028282933
3.2533853028282933
3.2418861206810496
3.2444663319108042
3.2444663319108042
3.263317426278762
3.2660460587648754
3.2605608977808616
3.2783972732747477
3.2783972732747477
3.29111281685973
3.2843064717160466
3.3055506492336306
3.3055506492336306
3.288551894853997
3.279672035009337
3.2753681614263774
3.2753681614263774
3.2753681614263774
3.2697758399630463
3.2653781514190183
3.2653781514190183
3.2653781514190183
3.255450629942832
3.255450629942832
3.243103503555651
3.2395750512253603
3.229550098575989
3.2227748065189554
3.222673503599107
3.244468316881857
3.244468316881857
3.244468316881857
3.2719916081177676
3.2719916081177676
3.2674688313103957
3.2658628327929318
3.2658628327929318
3.2658628327929318
3.260476392342559
3.260476392342559
3.257407160224719
3.251397839478585
3.251397839478585
3.2697669039538155
3.2697669039538155
3.256879107005854
3.274469578880529
3.2713223456148555
3.2713223456148555
3.2768517478701016
3.2834752304414185
3.285577784100274
3.2610699706591384
3.250726629809958
3.2721820537745434
3.2632431470537884
3.2618883694555008
3.2618883694555008
3.2618883694555008
3.2497620600057107
3.2832828169132706
3.2870486837706387
3.2616457687586826
3.2616457687586826
3.2616457687586826
3.2634228759150945
3.2634228759150945
3.287660769133492
3.2892085463587732
3.2892085463587732
3.2892085463587732
3.2892085463587732
3.2971397504728746
3.2971397504728746
3.282518693224052
3.282518693224052
3.2993240029676114
3.2993240029676114
3.2993240029676114
3.2799016135531063
3.308467706563835
3.308467706563835
3.308467706563835
3.308467706563835
3.308467706563835
3.304368099508483
3.27307211830697
3.27307211830697
3.2622422222910643
3.2622422222910643
3.2622422222910643
3.2622422222910643
3.25347569423516
3.2503395892738003
3.2438428855583044
3.2438428855583044
3.259940869636486
3.2376496735146403
3.2376496735146403
3.2376496735146403
3.2525264274629007
3.25064514719488
3.2406787151379173
3.2416923831524183
3.2484394330688153
3.2484394330688153
3.263010602878207
3.2482890055679694
3.2482890055679694
3.2482890055679694
3.2482890055679694
3.255137994822264
3.270847697733781
3.270344437075768
3.2420824014997653
3.2626274928459025
3.2626274928459025
3.2760405501362264
3.2526261339245566
3.227386092167422
3.227386092167422
3.227386092167422
3.227386092167422
3.2392078655005125
3.227102618292919
3.2399888291730856
3.225223718094693
3.233486710786036
3.2344359577058746
3.235805327763918
3.235805327763918
3.235805327763918
3.235805327763918
3.235805327763918
3.273334302611148
3.258277040184488
3.258277040184488
3.258277040184488
3.258277040184488
3.249457214707398
3.249457214707398
3.249457214707398
3.249457214707398
3.249457214707398
3.249457214707398
3.249457214707398
3.249457214707398
3.2431550816359707
3.248211654913992
3.248211654913992
3.2424667614951366
3.2424667614951366
3.233742799924538
3.2237124432909434
3.2352119900245593
3.2352119900245593
3.2352119900245593
3.2352119900245593
3.2352119900245593
3.2417185368609083
3.2417185368609083
3.2417185368609083
3.2465579119606964
3.2468160139732816
3.237708477690942
3.2432742227702334
3.2423898459473794
3.257261338636922
3.257261338636922
3.2547812346581395
3.2547812346581395
3.2466201790213525
3.2466201790213525
3.2466201790213525
3.2619824505178925
3.2619824505178925
3.2619824505178925
3.259647351390702
3.246483857235498
3.246483857235498
3.245597776924236
3.245597776924236
3.245597776924236
3.245597776924236
3.245597776924236
3.245597776924236
3.2291466469527963
3.2205997849847936
3.2205997849847936
3.2043124961197877
3.210211926916249
3.210211926916249
3.2070706372702573
3.222137953148454
3.222137953148454
3.222137953148454
3.222137953148454
3.244370467894684
3.244370467894684
3.2473155950595074
3.2473155950595074
3.221321093149395
3.221321093149395
3.2448809370295266
3.2448809370295266
3.2448809370295266
3.2506881392963
3.2506881392963
3.235997630159979
3.252783359593052
3.2409948885459565
3.2380697549424275
3.2380697549424275
3.2380697549424275
3.229410769639594
3.235402125789141
3.234964197409921
3.235292706020224
3.235979149742413
3.224124263607884
3.224124263607884
3.2332854506155737
3.2332854506155737
3.229196448307284
3.229196448307284
3.240255839678844
3.260060795249653
3.260060795249653
3.2599104715621454
3.2599104715621454
3.2570670376101165
3.2602002344059318
3.2683334483012847
3.2609010090867274
3.2609010090867274
3.265656952499082
3.243264558894979
3.260508970512118
3.2422305105726745
3.248510715319889
3.248510715319889
3.2307288914658066
3.231863066622442
3.231863066622442
3.231863066622442
3.231863066622442
3.231863066622442
3.231863066622442
3.231863066622442
3.231863066622442
3.21496534778652
3.2068739149492163
3.250789622997176
3.250789622997176
3.2478675645459054
3.2478675645459054
3.2171257194829153
3.2409512643048743
3.2409512643048743
3.2438321185756878
3.2333392436784067
3.2333392436784067
3.2622494230361463
3.261684302647039
3.218747309077482
3.218747309077482
3.218747309077482
3.209189644376507
3.209189644376507
3.209189644376507
3.209189644376507
3.231335281391619
3.2350234648734535
3.2350234648734535
3.2339975685107114
3.2222956122248525
3.2222956122248525
3.2209822472633776
3.209376411676798
3.2178460697458013
3.2395111423224043
3.236284326396405
3.236284326396405
3.236284326396405
3.236284326396405
3.236284326396405
3.247417270750197
3.25700638124218
3.25700638124218
3.25700638124218
3.2340698690486627
3.2460610681987143
3.2230065217560804
3.2230065217560804
3.2265438127615798
3.2265438127615798
3.251981505335228
3.251981505335228
3.260321198353601
3.260321198353601
3.260321198353601
3.252329021462456
3.249658975896144
3.24318807415394
3.24318807415394
3.24318807415394
3.24318807415394
3.261375083125006
3.261375083125006
3.261375083125006
3.261375083125006
3.261375083125006
3.261375083125006
3.255788765410204
3.2418085574198607
3.2418085574198607
3.233276073305217
3.2410289300699815
3.2410289300699815
3.244139483207581
3.244139483207581
3.221659519707016
3.221659519707016
3.219063471624418
3.219063471624418
3.248956711482422
3.2444947606824295
3.2423508613103196
3.253707490090833
3.253707490090833
3.253707490090833
3.253707490090833
3.2511886950177606
3.2681185071756103
3.2733158323566336
3.250829291272269
3.2708039995369296
3.265968639645373
3.2599283950179916
3.255218683331767
3.255218683331767
3.255218683331767
3.255218683331767
3.255218683331767
3.247256929600195
3.247256929600195
3.248258511503526
3.248258511503526
3.2411243258223514
3.237710070926865
3.237710070926865
3.2553057503785903
3.2389960759720315
3.222720205731845
3.222720205731845
3.222720205731845
3.222720205731845
3.222720205731845
3.222720205731845
3.222720205731845
3.2227338728813075
3.2227338728813075
3.2182048664409346
3.2182048664409346
3.209221258797847
3.209221258797847
3.209221258797847
3.214478374222153
3.214478374222153
3.2448063652120407
3.2448063652120407
3.242973685933895
3.242973685933895
3.242973685933895
3.2466835268614473
3.2466835268614473
3.230238593646251
3.2431122215304087
3.2431122215304087
3.2431122215304087
3.2232118423766964
3.2232118423766964
3.2232118423766964
3.256890209850009
3.2544239533724237
3.2502016235149105
3.251084733576335
3.251084733576335
3.269490216847347
3.2536161116117093
3.2536161116117093
3.2604244349525087
3.2436134681535127
3.2342262586835693
3.255141401453597
3.255141401453597
3.261390634297441
3.261390634297441
3.268870008027502
3.267937446488748
3.2779496652687143
3.28364698510012
3.28364698510012
3.290346404233288
3.257537050669185
3.2521635051308495
3.263477109976361
3.263477109976361
3.2547968846674253
3.2547968846674253
3.259201626133111
3.235401388430028
3.245776101443912
3.2166552507977277
3.2166552507977277
3.249109951440801
3.249109951440801
3.21794076900179
3.21794076900179
3.2174413076036874
3.2174413076036874
3.246138898729529
3.2385796903889466
3.2505442883670956
3.2345015910812944
3.2345015910812944
3.2353291438949148
3.1967561771202484
3.2046542551925743
3.2046542551925743
3.229734294425969
3.229734294425969
3.229734294425969
3.266254009734545
3.266254009734545
3.2455865189170936
3.244663060568336
3.248268086946322
3.248268086946322
3.2397781677711643
3.2481206649530177
3.2481206649530177
3.2481206649530177
3.238311535790808
3.2374850109944417
3.2374850109944417
3.2672235700761774
3.2672235700761774
3.2588624379078497
3.2667410030656137
3.2667410030656137
3.2667410030656137
3.243964367798783
3.2444077164725096
3.2501593853187014
3.2501593853187014
3.267036505201041
3.267036505201041
3.267036505201041
3.267036505201041
3.2505158526383324
3.2505158526383324
3.243445058737736
3.243445058737736
3.2393383038541463
3.2492363916101783
3.2492363916101783
3.259028993349041
3.246678960210214
3.247697800128577
3.247697800128577
3.2578305435327133
3.2578305435327133
3.258986777084603
3.258986777084603
3.2531548114429403
3.245940630102807
3.245940630102807
3.245940630102807
3.2503644701788335
3.24474286859957
3.2413864592676367
3.2324848641580433
3.266138116925763
3.266138116925763
3.266138116925763
3.263459062874488
3.262432704463128
3.2486406424094256
3.251750709848966
3.263296819781748
3.259838415711655
3.259838415711655
3.259838415711655
3.259838415711655
3.259838415711655
3.259838415711655
3.259838415711655
3.2623663192599297
3.253207247214273
3.2563794539209074
3.2563794539209074
3.2756289503431946
3.2756289503431946
3.2851290450261987
3.2647199702181826
3.2647199702181826
3.2657314826887447
3.2657314826887447
3.267832083262621
3.2679190525995043
3.2679190525995043
3.266384964609878
3.266384964609878
3.2593355492160514
3.2593355492160514
3.2593355492160514
3.2593355492160514
3.2674665831359473
3.2674665831359473
3.282662316075123
3.2706796069877
3.26231434528546
3.228416394092704
3.228416394092704
3.228416394092704
3.228416394092704
3.210764499212783
3.210764499212783
3.2062107952482926
3.2062107952482926
3.218517151262022
3.2203186323541506
3.2203186323541506
3.2343141471135244
3.2343141471135244
3.2343141471135244
3.226786510459834
3.226786510459834
3.2353160116716473
3.2265205020202745
3.2265205020202745
3.23340406856087
3.2064485678336117
3.2064485678336117
3.2014967934598832
3.2014967934598832
3.2014967934598832
3.2022474393431706
3.2022474393431706
3.2022474393431706
3.201327763945074
3.201327763945074
3.2129773103412442
3.2129773103412442
3.2129773103412442
3.2234823653103373
3.2147322633173046
3.2147322633173046
3.231473791287903
3.2416233082614765
3.2416233082614765
3.2416233082614765
3.2453043725389126
3.221824740628027
3.238961602885294
3.238961602885294
3.235699324477962
3.235699324477962
3.2242222648606593
3.2242222648606593
3.2350441491708612
3.2350441491708612
3.2350441491708612
3.219703429586575
3.2279093870763385
3.2414862319376945
3.2414862319376945
3.2456726362814665
3.2456726362814665
3.2456726362814665
3.255120841351583
3.259523536035568
3.2419770111888724
3.258726870746819
3.249453766699833
3.2615361226363846
3.2615361226363846
3.2615361226363846
3.267126576115978
3.267126576115978
3.2526756424063286
3.2464324696365505
3.260965036437491
3.260965036437491
3.273703413711829
3.2581732791265603
3.2581732791265603
3.2405701982414743
3.2405330018666243
3.2405330018666243
3.2642991300333173
3.2642991300333173
3.2585413811620714
3.248663517598353
3.238421130406527
3.2423047529202074
3.2423047529202074
3.227788256146575
3.2262556354625054
3.2262556354625054
3.2416125241433957
3.2416125241433957
3.2416125241433957
3.2391647799974757
3.2391647799974757
3.2391647799974757
3.2488949626604984
3.254377032592858
3.23004759555844
3.23004759555844
3.23004759555844
3.23004759555844
3.2461884327501442
3.228718948966625
3.228718948966625
3.228718948966625
3.228718948966625
3.2089645326264047
3.1971712297235
3.2412367224418093
3.2150603421786057
3.2150603421786057
3.2150603421786057
3.2387013750762375
3.2350568118104857
3.2517323319483937
3.246081835174332
3.243538000345654
3.2325266379036157
3.2325266379036157
3.2394284441906476
3.2187878587103906
3.241195023624144
3.241195023624144
3.245323030381752
3.24070322392843
3.229416367734828
3.2398759763015614
3.27117699270967
3.2569989971912032
3.2440436843367344
3.2440436843367344
3.2440436843367344
3.2440436843367344
3.2440436843367344
3.2440436843367344
3.253199463103541
3.2419512523967495
3.246968701511442
3.2749612807992934
3.2749612807992934
3.2627776242390185
3.2650930998136403
3.266687034936207
3.2416676555666872
3.2416676555666872
3.2416676555666872
3.249265628295325
3.249265628295325
3.2603854386743465
3.2603854386743465
3.267952750885065
3.270611986118397
3.273226826167111
3.254948298018105
3.254948298018105
3.254948298018105
3.2529168984124763
3.255442002614861
3.255442002614861
3.2442678497844843
3.2442678497844843
3.2442678497844843
3.251552042844337
3.2676484265776597
3.2894460318991756
3.2890227554708082
3.2890227554708082
3.28851727866994
3.28851727866994
3.264968230421709
3.264968230421709
3.264968230421709
3.264968230421709
3.2857219706896843
3.2644080859210316
3.245946849867453
3.245946849867453
3.242969658935781
3.2356224933933584
3.2506515943701393
3.2506515943701393
3.2506515943701393
3.2612861298468263
3.2612861298468263
3.2800848572768886
3.2800848572768886
3.2800848572768886
3.2800848572768886
3.2800848572768886
3.2791220273634702
3.2791220273634702
3.2791220273634702
3.2791220273634702
3.2791220273634702
3.2612950896657935
3.2675005546171496
3.2773290110882236
3.275735995459431
3.279740109574599
3.263592135902357
3.263592135902357
3.260025038592955
3.2469718856234637
3.2469718856234637
3.2656307841971244
3.269338171848371
3.268962298391037
3.2387883126828063
3.249748167111328
3.2796358531617784
3.26243223250318
3.244710298102839
3.2464500923992206
3.2464500923992206
3.259462564655349
3.259462564655349
3.2357932872588764
3.2672154756872187
3.2581501148010577
3.2581501148010577
3.236698517349262
3.236698517349262
3.236698517349262
3.236698517349262
3.236698517349262
3.236698517349262
3.236698517349262
3.236698517349262
3.236698517349262
3.235679439722383
3.2420062563132594
3.247302578016968
3.247302578016968
3.2359934689898204
3.235387103674403
3.2303975918073955
3.2303975918073955
3.2303975918073955
3.2255876116977706
3.2289682147269922
3.200480823395735
3.2077091032629825
3.2077091032629825
3.210000086417365
3.210000086417365
3.2414213578519213
3.2532728776547115
3.248800379164244
3.23603486748628
3.2456168071336307
3.2280810025834494
3.2280810025834494
3.2280810025834494
3.211525705941124
3.202795713334016
3.2316625436405784
3.226192348869939
3.226192348869939
3.226192348869939
3.226192348869939
3.226192348869939
3.226192348869939
3.226192348869939
3.2270247631963636
3.234977601558833
3.24633029023086
3.237716872948974
3.226741074748382
3.228173743835678
3.228173743835678
3.2211445703549746
3.2211445703549746
3.2211445703549746
3.210253250075516
3.223180276738176
3.2481549129081433
3.2534551973883454
3.2534551973883454
3.233293561650343
3.233293561650343
3.238929235560844
3.238929235560844
3.215348713444058
3.220072305818389
3.2329897111602457
3.2197868615865683
3.2251057978744897
3.2425528577002733
3.2564137167840914
3.2507540823149825
3.2328942377144636
3.2460050202110016
3.246327878496237
3.244144000106548
3.244144000106548
3.228054082970933
3.220988357070419
3.220988357070419
3.241959475223957
3.2394290227710605
3.2394290227710605
3.2394290227710605
3.2425103904068493
3.2438177417134506
3.2438177417134506
3.2438177417134506
3.249374830172942
3.249374830172942
3.2431057237130414
3.2431057237130414
3.2465485157674427
3.2465485157674427
3.240146743013667
3.240146743013667
3.237245276539428
3.237245276539428
3.234440493861023
3.234440493861023
3.216091261542862
3.216091261542862
3.222176901755025
3.2249103551858296
3.221887014477486
3.221887014477486
3.233964868948949
3.2402774831961856
3.2329865689332737
3.2422448732826408
3.2567420329525185
3.243675972044306
3.243675972044306
3.251049798197446
3.241276597550677
3.241276597550677
3.241276597550677
3.241276597550677
3.2372748634112667
3.2505414183988517
3.241316070209999
3.241316070209999
3.241316070209999
3.249595755400017
3.23058258072787
3.23058258072787
3.23058258072787
3.2378440493549765
3.2378440493549765
3.2378440493549765
3.2439419994863417
3.2622797021773113
3.2622797021773113
3.2622797021773113
3.2622797021773113
3.2613993409013533
3.2651755409245893
3.2521701562623546
3.226488421335524
3.210914388340922
3.2308484773235064
3.21957251085876
3.21957251085876
3.21957251085876
3.21957251085876
3.219372919544046
3.238254943547608
3.2333223842343513
3.2124041144995505
3.2124041144995505
3.220622953804254
3.220622953804254
3.238064214895873
3.238064214895873
3.215747632985199
3.227241936526623
3.212496138716764
3.229002626072772
3.210487681058345
3.224576032314211
3.224576032314211
3.224576032314211
3.224576032314211
3.224576032314211
3.2554591746893173
3.2554591746893173
3.2285828824442127
3.2285828824442127
3.2285828824442127
3.231169893169413
3.2286490365487013
3.2286490365487013
3.237673469582285
3.237673469582285
3.237673469582285
3.258783831976278
3.258783831976278
3.2529040356127634
3.2619635455442793
3.2619635455442793
3.2642273595300373
3.2642273595300373
3.252995548672586
3.267628084740237
3.267628084740237
3.267628084740237
3.262265789781589
3.262265789781589
3.262265789781589
3.2568462270153415
3.2568462270153415
3.2568462270153415
3.255767728987898
3.238634449431075
3.2504645202231526
3.2610058339655446
3.2675767929477306
3.2520717924373868
3.2520717924373868
3.2520717924373868
3.2457326210314728
3.2549495015718826
3.2291325876024275
3.2291325876024275
3.2291325876024275
3.2291325876024275
3.2291325876024275
3.2297982989459486
3.2297982989459486
3.229020043838179
3.229020043838179
3.2198820752007116
3.236154613477728
3.2472590463416973
3.2607175298851
3.2574144323120167
3.2574144323120167
3.2574144323120167
3.2460988657354792
3.2491293713403273
3.2491293713403273
3.254438296126753
3.2439747530993466
3.2533315489177403
3.2533315489177403
3.2533315489177403
3.253930375755474
3.253930375755474
3.253930375755474
3.2870916872126856
3.2870916872126856
3.275424525322167
3.26992174585252
3.277575594631072
3.277575594631072
3.272747147121615
3.272747147121615
3.2753900459098757
3.272900163090427
3.272900163090427
3.272900163090427
3.272900163090427
3.2940659975728477
3.2940659975728477
3.2940659975728477
3.2769193453138317
3.2769193453138317
3.294979388580667
3.280934726220411
3.280934726220411
3.2863497447778482
3.2863497447778482
3.2515062237382497
3.2587161327658953
3.2371058375155894
3.2371058375155894
3.250482112636901
3.250482112636901
3.259458741411927
3.2684933989355685
3.256622595508406
3.25971176980857
3.2449413550001927
3.250080448333027
3.240565581134842
3.2354161211988517
3.224203209082177
3.23743636179362
3.23743636179362
3.2589229873125354
3.2440750192864938
3.2440750192864938
3.2440750192864938
3.2440750192864938
3.2709514072096586
3.2801174150042507
3.2770161289420168
3.2770161289420168
3.2792769403238653
3.2792769403238653
3.2792769403238653
3.2886732184899916
3.2960730928528696
3.2891544077747565
3.2796488691316634
3.2727629517943866
3.2635692462251953
3.2635692462251953
3.2635692462251953
3.2586595024533627
3.2586595024533627
3.2586595024533627
3.2654293827820666
3.272947972366794
3.272947972366794
3.272947972366794
3.255296270725437
3.2604646810885574
3.2548470426462806
3.2548470426462806
3.2548470426462806
3.2409156393556553
3.2409156393556553
3.2583378830104355
3.2602754101859124
3.2602754101859124
3.239849384817093
3.2347694463659997
3.2347694463659997
3.2347694463659997
3.2207155176497793
3.225344153313197
3.2184534042372155
3.2184534042372155
3.217402346271346
3.217402346271346
3.22779492138858
3.2247160362496263
3.2247160362496263
3.2247160362496263
3.20162647102486
3.20162647102486
3.1957395323894175
3.1957395323894175
3.1993046883724467
3.18969968300828
3.173177312707966
3.2024353507228414
3.184233724268813
3.184233724268813
3.184233724268813
3.181088989437131
3.185101109899106
3.1866901113792774
3.1866901113792774
3.193158105762986
3.193158105762986
3.193158105762986
3.187817235580007
3.187817235580007
3.187817235580007
3.1874768887810987
3.192045180303353
3.192045180303353
3.192045180303353
3.2058911537079475
3.1983923043569535
3.1983923043569535
3.213123350985554
3.216311348495718
3.219510286209651
3.219510286209651
3.219510286209651
3.223519839699488
3.2078599013868065
3.2075019402837643
3.2601914928293194
3.2552631512939136
3.2482909388769854
3.2279620463161414
3.2279620463161414
3.2279620463161414
3.2686044623659756
3.2388019831989228
3.2388019831989228
3.235295911033558
3.235295911033558
3.2333642665886444
3.23317393269342
3.2340475193747134
3.2610570469918363
3.2610570469918363
3.2610570469918363
3.2588882949551183
3.2588882949551183
3.255810379799201
3.255810379799201
3.246358698397529
3.224684892437007
3.224684892437007
3.227416790026709
3.229131214186072
3.229131214186072
3.229131214186072
3.229131214186072
3.229131214186072
3.2259654946644725
3.216569747928897
3.216569747928897
3.2353052087575334
3.2353052087575334
3.2353052087575334
3.2335401155728327
3.2248774794334665
3.220027385007797
3.211905584389048
3.2352001030864077
3.2342030372187587
3.2368541425260395
3.2418113360577827
3.267802958013915
3.2528975744411763
3.2528975744411763
3.2355234607562307
3.2176427369723393
3.228114880108327
3.2201212691051913
3.2201212691051913
3.2310033786181824
3.2310033786181824
3.236186831776329
3.236186831776329
3.239009415360146
3.2363988385931863
3.2363988385931863
3.2363988385931863
3.2363988385931863
3.2363988385931863
3.2363988385931863
3.2105557327951835
3.218551410799486
3.218551410799486
3.228588445526669
3.255170305378815
3.255170305378815
3.227081698939081
3.2390230115572893
3.256465013017741
3.256465013017741
3.2396832245018894
3.227699704376692
3.2138760048659862
3.2138760048659862
3.2253908496912156
3.2478848780609892
3.2464418505212054
3.2585421446351117
3.2365889922428743
3.2365889922428743
3.2165976282263893
3.2494466760215466
3.236884315217428
3.2244389426282707
3.2082937255548996
3.2082937255548996
3.2053334251491
3.2053334251491
3.2039062266254814
3.2039062266254814
3.2183362566777465
3.2183362566777465
3.249178415437563
3.245475560971799
3.246988268023002
3.213837097856882
3.213837097856882
3.2282093836396615
3.2368294814978356
3.2368294814978356
3.2368294814978356
3.2368294814978356
3.2360137630671315
3.2360137630671315
3.2426264442382995
3.2277837927506963
3.2277837927506963
3.2187439691014674
3.2187439691014674
3.2187439691014674
3.203475841348764
3.2117462780036323
3.2117462780036323
3.2193379106396303
3.2193379106396303
3.2259809973090676
3.230954976829695
3.2318969029665565
3.2318969029665565
3.2277411193815
3.2277411193815
3.2277411193815
3.2277411193815
3.2277411193815
3.2277411193815
3.2277411193815
3.252958642223506
3.2662529153288844
3.2665761943812917
3.2388701259183934
3.25226176525608
3.25226176525608
3.259641318268225
3.2403799396933457
3.2403799396933457
3.2547699718881034
3.2547699718881034
3.2547699718881034
3.2236591895248634
3.230771495509997
3.230771495509997
3.213903688617967
3.213903688617967
3.2208726309901787
3.2208726309901787
3.2273767617365876
3.220836488378585
3.247190553153811
3.2480077933443656
3.244273743750859
3.2515109214762026
3.2367751275541132
3.2370675590992906
3.2359592494090155
3.2359592494090155
3.2359592494090155
3.2049869731552354
3.2204623265383896
3.224781427449183
3.222912895483731
3.2115895220620914
3.2072977697072034
3.2072977697072034
3.204265628654047
3.204265628654047
3.2081816389612676
3.2087147232182076
3.2087147232182076
3.2153654739019593
3.2153654739019593
3.2114933181685217
3.1959402955972074
3.2118227647470117
3.213637135630266
3.239865080687364
3.239865080687364
3.239689516585097
3.239689516585097
3.239689516585097
3.239689516585097
3.225486630253869
3.215563810008746
3.2316857361150078
3.2195152561812166
3.2195152561812166
3.198840895075857
3.209284316813363
3.2112616261610123
3.218213811104644
3.2184382541117578
3.206951602341332
3.214978202839678
3.224339668484373
3.224339668484373
3.224339668484373
3.2199879703344467
3.2088391619770227
3.210540329403793
3.215206286239721
3.215206286239721
3.216173695229635
3.2312906655260654
3.2312906655260654
3.2312906655260654
3.2312906655260654
3.2312906655260654
3.231537934984729
3.231537934984729
3.22634901366036
3.22634901366036
3.2245020731888214
3.2333413442022776
3.2416754713747795
3.2200113388592913
3.2200113388592913
3.2182134338840878
3.2182134338840878
3.2182134338840878
3.223154561110662
3.223154561110662
3.223154561110662
3.215787531283146
3.215787531283146
3.209799571797704
3.2238374752271883
3.2238374752271883
3.2238352374644617
3.238405291147909
3.238405291147909
3.238405291147909
3.238405291147909
3.238405291147909
3.238405291147909
3.231336952924508
3.2305282428632465
3.2305282428632465
3.2305282428632465
3.2375943411337804
3.2277851658547703
3.2277851658547703
3.2319198113888308
3.2146664307940713
3.215802809497504
3.2263183706348535
3.2263183706348535
3.234925459571482
3.220559355493764
3.220559355493764
3.2517965022073256
3.2294349974866527
3.220433322465548
3.2213665390442876
3.2213665390442876
3.2344488571333625
3.240635533938875
3.240635533938875
3.2214410646599045
3.229741997495436
3.2369827927781976
3.2498374149224567
3.2498374149224567
3.2498374149224567
3.2498374149224567
3.2498374149224567
3.2498374149224567
3.257148632223673
3.2451111699893596
3.2631388772805416
3.255563075840796
3.2641336596567485
3.2488203380911864
3.247390174883252
3.2441453450122597
3.232637554083097
3.2415172805900636
3.243238752855228
3.2510659204283283
3.246294423625184
3.2130649863434724
3.2130649863434724
3.199943068622792
3.2222363358232813
3.217136722900185
3.230844665009042
3.2177957795652294
3.2177957795652294
3.2177957795652294
3.2177957795652294
3.230781097817908
3.230781097817908
3.230781097817908
3.230781097817908
3.2283041621913675
3.2283041621913675
3.2283041621913675
3.2283041621913675
3.250183488487678
3.25167607636537
3.25167607636537
3.25167607636537
3.25167607636537
3.25167607636537
3.2437905529649065
3.242400475568571
3.2293094032406056
3.2293094032406056
3.2349889806640477
3.2222703013416925
3.2222703013416925
3.2163635059458326
3.22681105839106
3.22681105839106
3.2302923306077886
3.2302923306077886
3.2481618292326897
3.2503763462795567
3.253630211247627
3.2205792544726006
3.2205792544726006
3.2205792544726006
3.2205792544726006
3.2310050622884905
3.2328121803619667
3.2375076302528436
3.2077359314266127
3.2077359314266127
3.223432113951309
3.226887172382635
3.2441803685523576
3.2441803685523576
3.2441803685523576
3.239227941294821
3.2234007552332558
3.220278316371418
3.230541376268119
3.230541376268119
3.2394948723141956
3.2394948723141956
3.2394948723141956
3.2394948723141956
3.2537381746962635
3.2642743663195755
3.2642743663195755
3.263591475588344
3.263591475588344
3.263591475588344
3.2683426710220114
3.2854007321265755
3.2854007321265755
3.2854007321265755
3.2854007321265755
3.2907854189675625
3.2776251119068096
3.2693172461609734
3.2693172461609734
3.2693172461609734
3.27374212807891
3.27374212807891
3.2753531456975673
3.2753531456975673
3.2511543936680836
3.2744464174245533
3.2754578505931202
3.2754191642564656
3.2785745531083506
3.2776964654021254
3.2776964654021254
3.2776964654021254
3.2801317092675766
3.275866732769331
3.297975229082408
3.300004041498618
3.2996574218800387
3.2996574218800387
3.2996574218800387
3.2837635067987874
3.28693187122759
3.2781329757951028
3.2781329757951028
3.2849891080198677
3.2849891080198677
3.2849891080198677
3.2774860346352916
3.2724148944352973
3.2724148944352973
3.2621560537505268
3.274956227395815
3.274956227395815
3.2491664954656705
3.2815392371078125
3.242727332774157
3.244287222766283
3.244287222766283
3.226715680270748
3.226715680270748
3.226715680270748
3.2174554480167847
3.2343368241188086
3.238798643893096
3.238798643893096
3.2444834369242392
3.258135517695679
3.265097727905613
3.258143132438805
3.258143132438805
3.255238905972069
3.254898937354854
3.2460681098932604
3.24336843807322
3.24336843807322
3.24336843807322
3.2463943085429543
3.2463943085429543
3.2463943085429543
3.2463943085429543
3.2463943085429543
3.252325313142223
3.252325313142223
3.283014431630004
3.2642443275522908
3.2642443275522908
3.2355591640999175
3.237920160356468
3.2284054242493534
3.263074530510896
3.2454683346399746
3.230801135869352
3.2443913461896954
3.2443913461896954
3.2443913461896954
3.259136208799254
3.246889421318762
3.2584121118963045
3.2716703253711557
3.2725634050505574
3.2704482957344876
3.264216199256062
3.232889946673622
3.2502696513537446
3.2552306338094583
3.2522338085680285
3.2522338085680285
3.2522338085680285
3.2522338085680285
3.2390363578939017
3.2390363578939017
3.2390363578939017
3.2390363578939017
3.233210782254256
3.233210782254256
3.250134318437121
3.2699875997025836
3.2699875997025836
3.265429746323157
3.265429746323157
3.280550354265562
3.2742017611836514
3.2742017611836514
3.2742017611836514
3.255256243041303
3.266631083367877
3.266631083367877
3.266631083367877
3.266631083367877
3.2797827785899627
3.2797827785899627
3.2774946486027585
3.261455989911111
3.261455989911111
3.261304712454412
3.261304712454412
3.261304712454412
3.2655162126988895
3.2702284344350723
3.273707197282607
3.273707197282607
3.2393815917434536
3.2393815917434536
3.2393815917434536
3.258188384177995
3.258188384177995
3.258188384177995
3.258188384177995
3.258188384177995
3.262126954643106
3.2590392054058523
3.2590392054058523
3.2590392054058523
3.2574696805698222
3.2710692060539426
3.2710692060539426
3.2606086529751668
3.285850765165606
3.2856699776419123
3.2928361632845986
3.266230082891292
3.2363196382645776
3.2363196382645776
3.261034411959843
3.261034411959843
3.271775813525337
3.286272191893481
3.286272191893481
3.266556729323884
3.277026401816354
3.277026401816354
3.265913983902225
3.2683106471548733
3.2683106471548733
3.2731681259794048
3.28283710147132
3.271514979702238
3.271514979702238
3.2846348198513344
3.2846348198513344
3.2846348198513344
3.2846348198513344
3.2798546455695274
3.2798546455695274
3.265245156259123
3.260969817721656
3.260969817721656
3.260969817721656
3.2873355709026866
3.2830342358694535
3.2830342358694535
3.2830342358694535
3.290200545652451
3.290200545652451
3.287095372670258
3.2807591189065954
3.312052980797597
3.300578405637035
3.2999556752723858
3.2999556752723858
3.2999556752723858
3.274269164219062
3.2738966894927892
3.280892986402146
3.285573009679887
3.2760005555929252
3.2660153029488805
3.2660153029488805
3.2660153029488805
3.27220624910698
3.290806781591838
3.290806781591838
3.2654390277012952
3.263647026507614
3.2868689513253058
3.270899226555945
3.270899226555945
3.2731399794518246
3.2716661321491896
3.2716661321491896
3.2716661321491896
3.2716661321491896
3.2716661321491896
3.2795504048176265
3.2795504048176265
3.292452259604281
3.295182672820805
3.295182672820805
3.295182672820805
3.295182672820805
3.295182672820805
3.2819866774218776
3.2819866774218776
3.249516116045733
3.249516116045733
3.249516116045733
3.249516116045733
3.249516116045733
3.264399414844351
3.2555833111182384
3.2205061660512486
3.236243080780907
3.236243080780907
3.2508869140448082
3.2508869140448082
3.2508869140448082
3.2508869140448082
3.2508869140448082
3.262381390117713
3.262381390117713
3.245758933420259
3.2278289108508833
3.2278289108508833
3.2278289108508833
3.2278289108508833
3.2485297207495636
3.2485297207495636
3.2485297207495636
3.2485297207495636
3.275726747381603
3.275726747381603
3.275726747381603
3.2657941853054746
3.2589994101700084
3.2589994101700084
3.2616502008744694
3.2616502008744694
3.270782889578668
3.2777921353806287
3.2629045171552646
3.2629045171552646
3.2629045171552646
3.2592586130391186
3.2592586130391186
3.235688358808612
3.235688358808612
3.212962130600643
3.2583546074889393
3.2583546074889393
3.2546003338976006
3.2499123044261986
3.260274356390612
3.2422875878772737
3.2404385757651455
3.225438855669559
3.2153251552809974
3.2161676251003284
3.239001003151524
3.239001003151524
3.239001003151524
3.239001003151524
3.239001003151524
3.239001003151524
3.239001003151524
3.246574593481498
3.2414064303060925
3.2414064303060925
3.2822148368770114
3.263330352062055
3.2512568649450015
3.251343969733756
3.251343969733756
3.250192014468141
3.2594433998484558
3.2594433998484558
3.2482929524856616
3.2482929524856616
3.2482929524856616
3.250748049453318
3.250748049453318
3.275714011985754
3.2749247898377556
3.2749247898377556
3.2749247898377556
3.277359845216061
3.275708380796182
3.27843335510151
3.2757346661274407
3.2757346661274407
3.2772510947421405
3.2772510947421405
3.258673429956241
3.265755571523376
3.2834339073503513
3.2866383102826906
3.2717498982283755
3.263356992334583
3.263356992334583
3.263356992334583
3.263356992334583
3.2619008105357907
3.2745399963539747
3.2745399963539747
3.2783235519277487
3.265123420785073
3.2589199838226737
3.2744943845978742
3.2744943845978742
3.2744943845978742
3.2534513983272615
3.2534513983272615
3.2538820937438366
3.2582412176159243
3.2583668107251067
3.2583668107251067
3.2583668107251067
3.2583668107251067
3.2583668107251067
3.264893736568442
3.2414067675595026
3.2274607496430496
3.2274607496430496
3.2244187541746783
3.2244187541746783
3.2244187541746783
3.2217866106270594
3.2217866106270594
3.2217866106270594
3.226387124986721
3.23103832517174
3.245078253770622
3.245078253770622
3.244787247841583
3.244787247841583
3.244787247841583
3.2376901922320043
3.2064782306202972
3.219329631054918
3.2522557925371154
3.2522557925371154
3.2356206771389853
3.2365055562666427
3.2365055562666427
3.2365055562666427
3.2365055562666427
3.2365055562666427
3.2422937788036674
3.2485621675265994
3.257899498760554
3.257899498760554
3.2572471875880553
3.2419670022588285
3.2419670022588285
3.2419670022588285
3.2419670022588285
3.244165896616362
3.27143272485781
3.27143272485781
3.267361829943724
3.267361829943724
3.2762247185976054
3.2762247185976054
3.250747674685832
3.252180624923291
3.252180624923291
3.23984993245467
3.23984993245467
3.23984993245467
3.216868941350505
3.2190838264014228
3.209290374416948
3.209290374416948
3.2458788493271378
3.2365212555243685
3.252524463716539
3.256882302048646
3.2441825460417393
3.2481498278152694
3.2481498278152694
3.2481498278152694
3.2481498278152694
3.2481498278152694
3.24721348413479
3.24721348413479
3.253929966256119
3.252743070483897
3.2365268502969
3.242143754533587
3.2349814495638607
3.2349814495638607
3.2349814495638607
3.231294626695237
3.231294626695237
3.2405459494298383
3.2527918594566994
3.2418230785200195
3.2418230785200195
3.2379732324162833
3.2553090367075286
3.2553090367075286
3.240307316726342
3.236417367508567
3.236417367508567
3.236417367508567
3.236417367508567
3.242886157417986
3.232750252359406
3.2494514193277237
3.2494514193277237
3.2448369102785097
3.2448369102785097
3.2387361104655694
3.2387361104655694
3.2387361104655694
3.2212046978181164
3.2349946683822943
3.2350227406126284
3.2441213087461587
3.2441213087461587
3.2289210351435154
3.221101331284467
3.221101331284467
3.2278080681719277
3.2278080681719277
3.23547009738573
3.23547009738573
3.2392668632218955
3.2387524480981917
3.2483242913161905
3.2483242913161905
3.2483242913161905
3.2691947395141647
3.244471691502176
3.223645244915821
3.223645244915821
3.2486009589969926
3.25147247286792
3.234947930422877
3.234947930422877
3.234825157353054
3.2353609849179343
3.2353609849179343
3.2457706638359336
3.254982817398293
3.254982817398293
3.254982817398293
3.231340845650522
3.231340845650522
3.231340845650522
3.2233063744077386
3.222304270801679
3.222304270801679
3.2338865149656546
3.2595151548870773
3.2652603579092068
3.281786481860054
3.2723689097103583
3.26785659556066
3.26785659556066
3.261299171141979
3.261299171141979
3.245029300593551
3.266265904003129
3.266265904003129
3.2725061434352267
3.293016508129161
3.293016508129161
3.293016508129161
3.293016508129161
3.293016508129161
3.2902340800607677
3.2902340800607677
3.278127336341165
3.281898638113729
3.258665671244224
3.246673007106479
3.246673007106479
3.246673007106479
3.246673007106479
3.246673007106479
3.246673007106479
3.2597065399744887
3.2597065399744887
3.241963656828801
3.233672330126395
3.233672330126395
3.233339171815345
3.233033627481496
3.233033627481496
3.233033627481496
3.233033627481496
3.2662224660781822
3.2600938547554374
3.2600938547554374
3.2212851147197434
3.2212851147197434
3.2340788766132875
3.2340788766132875
3.2340788766132875
3.2340788766132875
3.2340788766132875
3.2340788766132875
3.2660767106659705
3.2660767106659705
3.2660767106659705
3.2660767106659705
3.2660767106659705
3.289878832208542
3.289878832208542
3.28916536437073
3.28916536437073
3.2883231296383384
3.2883231296383384
3.2883231296383384
3.2511409862194642
3.2704216721787005
3.2704216721787005
3.276357556215405
3.278481447399462
3.278481447399462
3.288934234306619
3.288934234306619
3.304491441003137
3.304491441003137
3.304491441003137
3.304491441003137
3.304491441003137
3.298224807425925
3.295779326883676
3.2834064759474675
3.286988360225763
3.2914400098574097
3.2914400098574097
3.276987969725952
3.2774898739173364
3.267959621718347
3.267959621718347
3.267959621718347
3.2602481648090587
3.2824595531321146
3.2824595531321146
3.2824595531321146
3.2824595531321146
3.2824595531321146
3.2824595531321146
3.2824595531321146
3.2824595531321146
3.3016759728307545
3.3016759728307545
3.282385031595844
3.282385031595844
3.282385031595844
3.2731650422706995
3.2731650422706995
3.300988853200162
3.2764206929002753
3.2902435543592703
3.2978435437445293
3.2978435437445293
3.2978435437445293
3.2978435437445293
3.2962645032961166
3.3004624936642535
3.284510501358823
3.2911927383306967
3.2948667787888013
3.2982294605489
3.3000697212681396
3.3000697212681396
3.3000697212681396
3.287777586968232
3.287777586968232
3.254696482139587
3.2555522359603155
3.2683176515065715
3.2683176515065715
3.2683176515065715
3.2683176515065715
3.2683176515065715
3.2628310514356387
3.2628310514356387
3.2628310514356387
3.251636698085817
3.251636698085817
3.2730452000480685
3.275007541084967
3.2488614581183084
3.2488614581183084
3.2500201802186472
3.248875827397477
3.2407915987467955
3.248503858908088
3.248503858908088
3.248503858908088
3.237151938347815
3.219935155757062
3.218190275568508
3.218190275568508
3.218190275568508
3.2234728413971108
3.2339562986635157
3.2283191013313917
3.2158459748207733
3.222214741864398
3.2225118239424866
3.242168589935163
3.2399759033283746
3.2346399901130205
3.2411255474054808
3.2436571042652456
3.25465230208671
3.2507573502133376
3.2653573823486846
3.2653573823486846
3.2653573823486846
3.25119325639888
3.25119325639888
3.25119325639888
3.261072154594317
3.262392843588737
3.262392843588737
3.262392843588737
3.2430310177078483
3.2275758765427773
3.243489573142445
3.2490303464652492
3.2546534311797504
3.2546534311797504
3.254079392826872
3.2566037351444046
3.2566037351444046
3.259616932488128
3.259616932488128
3.259616932488128
3.2349499267811512
3.2349499267811512
3.221296104097904
3.2324673926737355
3.2324673926737355
3.2416346042984876
3.226045651988916
3.2275353715386634
3.2275353715386634
3.2275353715386634
3.2309529762972957
3.236118250672455
3.236118250672455
3.236118250672455
3.209262876886366
3.2151755964104596
3.2290876539991946
3.2433657825263817
3.2433657825263817
