2.8632140998870814
2.8632140998870814
2.8632140998870814
2.8632140998870814
2.8632140998870814
2.8632140998870814
2.8632140998870814
2.8632140998870814
2.8632140998870814
2.8632140998870814
2.8632140998870814
2.8632140998870814
2.8632140998870814
2.8632140998870814
2.8632140998870814
2.8632140998870814
2.8632140998870814
2.8632140998870814
2.8632140998870814
2.8632140998870814
2.8632140998870814
2.8632140998870814
2.8632140998870814
2.8632140998870814
2.8632140998870814
2.8632140998870814
2.8632140998870814
2.8632140998870814
2.8632140998870814
2.8632140998870814
2.8632140998870814
2.8632140998870814
2.8632140998870814
2.8632140998870814
2.8632140998870814
2.8632140998870814
2.8632140998870814
2.8632140998870814
2.8632140998870814
2.8632140998870814
2.8632140998870814
2.8632140998870814
2.8632140998870814
2.8632140998870814
2.8632140998870814
2.8632140998870814
2.8632140998870814
2.8632140998870814
2.8632140998870814
2.8632140998870814
2.8632140998870814
2.8632140998870814
2.8632140998870814
2.8632140998870814
2.8632140998870814
2.8632140998870814
2.8632140998870814
2.8632140998870814
2.8632140998870814
2.8632140998870814
2.8632140998870814
2.8632140998870814
2.8632140998870814
2.8632140998870814
2.8632140998870814
2.8632140998870814
2.8632140998870814
2.8632140998870814
2.8632140998870814
2.8632140998870814
2.8632140998870814
2.8632140998870814
2.8632140998870814
2.8632140998870814
2.8632140998870814
2.8632140998870814
2.8632140998870814
2.8632140998870814
2.8632140998870814
2.8632140998870814
2.8632140998870814
2.8632140998870814
2.8632140998870814
2.8632140998870814
2.8632140998870814
2.8632140998870814
2.8632140998870814
2.8632140998870814
2.8632140998870814
2.8632140998870814
2.8632140998870814
2.8632140998870814
2.8632140998870814
2.8632140998870814
2.8632140998870814
2.8632140998870814
2.8632140998870814
2.8632140998870814
2.8632140998870814
2.8951102712916543
2.9116438705712278
2.955420254751315
2.955420254751315
2.955420254751315
2.955420254751315
2.955420254751315
2.9650353481017415
2.9687424230896036
2.9687424230896036
2.9687424230896036
2.974363876040678
2.9948884347044133
2.9948884347044133
3.011407097405474
3.033896332502263
3.034096346911513
3.0461999028639464
3.0461999028639464
3.0461999028639464
3.056702785817513
3.056702785817513
3.056702785817513
3.056702785817513
3.056702785817513
3.0596561214777807
3.0723287612478702
3.0723287612478702
3.0723287612478702
3.0851536998484885
3.114112044775508
3.147841444439149
3.147841444439149
3.1352797545841344
3.1476315443364538
3.1476315443364538
3.178879984932848
3.178879984932848
3.2075432024250703
3.17764560204235
3.202548071443797
3.202548071443797
3.202548071443797
3.203368559131974
3.203368559131974
3.203368559131974
3.203368559131974
3.203368559131974
3.2123681865623523
3.2123681865623523
3.2123681865623523
3.2206008733854006
3.2206008733854006
3.2206008733854006
3.217097310146493
3.217097310146493
3.2233149684339764
3.256292427740445
3.2489244489355373
3.2489244489355373
3.244989796699991
3.228833707857938
3.228132869649743
3.2323961078031234
3.247348427766801
3.223563569869139
3.223563569869139
3.2096941111023356
3.2096941111023356
3.21595560640362
3.218909599938231
3.218909599938231
3.218909599938231
3.218909599938231
3.227879475347961
3.227879475347961
3.227879475347961
3.2281031352037304
3.2244536979696243
3.2205584901282127
3.2205584901282127
3.2290740767266057
3.228870979581923
3.228870979581923
3.228870979581923
3.230241785682092
3.2314927544385754
3.2381184791243567
3.22071382834822
3.209261009450099
3.2194464422088815
3.2194464422088815
3.2144053323376562
3.231424298173467
3.238123069495916
3.2386256691443362
3.2386256691443362
3.2386256691443362
3.2511136456238163
3.2511136456238163
3.2511136456238163
3.254593620626216
3.254593620626216
3.254593620626216
3.254027762164076
3.234209150771597
3.234209150771597
3.2404923543840183
3.2404923543840183
3.2389355713949777
3.224172752698703
3.2451297398568633
3.2394235365929216
3.2394235365929216
3.2281722849125294
3.2281722849125294
3.2281722849125294
3.2281722849125294
3.2446241898128636
3.2446241898128636
3.24591108601466
3.2366819696451277
3.227092733665077
3.2268685372683112
3.2268685372683112
3.2268685372683112
3.218667933563487
3.238911944480549
3.238911944480549
3.2386937736092407
3.221292883311535
3.208963133005656
3.208963133005656
3.230249061090621
3.230249061090621
3.216926012178411
3.216926012178411
3.2238436467269436
3.2238436467269436
3.234717454693596
3.2229275514209026
3.2168239507553262
3.2423142480649396
3.2423142480649396
3.2423142480649396
3.2423142480649396
3.2423142480649396
3.2397971598808306
3.2397971598808306
3.2397971598808306
3.2601269431892748
3.2601269431892748
3.2557110579276545
3.2467497103979865
3.2467497103979865
3.2540313325735277
3.2482107761445844
3.2451152881660916
3.2451152881660916
3.244523333249064
3.2443161360628645
3.245560851564549
3.245560851564549
3.2306021903602127
3.230804443856526
3.2260841073970967
3.209108547539243
3.209108547539243
3.209108547539243
3.209108547539243
3.2160492627902655
3.2160492627902655
3.2160492627902655
3.242365786491512
3.2433714506512157
3.2433714506512157
3.2388910895793073
3.2388910895793073
3.2372012659744067
3.2491970731145576
3.254813341568185
3.238792497266603
3.238792497266603
3.238792497266603
3.2261405549568747
3.2385725724017913
3.2572275528959693
3.247596095135705
3.247596095135705
3.2551845011052807
3.2551845011052807
3.236151345641466
3.236151345641466
3.258318730031456
3.232556685127096
3.2271662388663533
3.230552006098406
3.2366299919866544
3.2452880121255787
3.2457897833317264
3.2469109175123583
3.257604358779625
3.257604358779625
3.257604358779625
3.257604358779625
3.2344764551515652
3.2344764551515652
3.2344764551515652
3.2369602576320133
3.2350495016359915
3.2350495016359915
3.2540730997332568
3.2540730997332568
3.2590864647079347
3.2525101689868037
3.2525101689868037
3.238491199038995
3.271498267433942
3.271498267433942
3.271124183060022
3.271124183060022
3.2612537030169886
3.2704855405301037
3.2704855405301037
3.2704855405301037
3.2704855405301037
3.2704855405301037
3.2704855405301037
3.2531671136011653
3.2531671136011653
3.2643978234626854
3.280682555095308
3.280682555095308
3.280682555095308
3.280682555095308
3.274083078732226
3.274083078732226
3.269447926604166
3.275633466077444
3.275633466077444
3.275633466077444
3.275633466077444
3.2628018236492276
3.2628018236492276
3.2628018236492276
3.285314279686474
3.233172047318639
3.2234810354363796
3.2234810354363796
3.2234810354363796
3.2234810354363796
3.211479838108084
3.2114027675913888
3.198013271352622
3.198013271352622
3.2110768902160816
3.188285951329198
3.1926724204047257
3.199254825566945
3.1936527818135487
3.21181884199479
3.21181884199479
3.21181884199479
3.204919515862469
3.1937358871123323
3.204342928505128
3.2273559680732045
3.2230313387093243
3.2230313387093243
3.2230313387093243
3.248153719452753
3.248153719452753
3.2361963765178703
3.2361963765178703
3.222572298808101
3.199808518561682
3.206521140729756
3.1933725280314
3.1933725280314
3.1933725280314
3.1933725280314
3.1933725280314
3.2152929483749633
3.2152929483749633
3.2241917908001634
3.2241917908001634
3.2241917908001634
3.216887261008226
3.216887261008226
3.216887261008226
3.2201175649177944
3.2304278437453418
3.2068326258360607
3.2068326258360607
3.2068326258360607
3.2068326258360607
3.195068017852822
3.232743048633709
3.239090214732888
3.2626744373896934
3.2626744373896934
3.2626744373896934
3.2626744373896934
3.263091929993001
3.263091929993001
3.263091929993001
3.256043781345492
3.2688517163732396
3.2518414738223136
3.2441215395284226
3.240452954589115
3.2406048276700647
3.2344105966037433
3.2344105966037433
3.268046969569317
3.2594267100948073
3.2594267100948073
3.2594267100948073
3.2169112525161268
3.2169112525161268
3.249374496260535
3.249374496260535
3.2556255110116257
3.2555185742669908
3.25159758565521
3.25159758565521
3.2576735961305583
3.232410080734198
3.2269148326772825
3.2269148326772825
3.2269148326772825
3.214334442157141
3.214334442157141
3.1973489978099168
3.2079167149601764
3.2142279947545402
3.2001684360624836
3.200003618480073
3.200003618480073
3.202906113265243
3.2150793868639638
3.208174662052636
3.20807635055099
3.2054306817273788
3.2054306817273788
3.187187694303362
3.187187694303362
3.191860776970642
3.1738849093429593
3.1891974489256114
3.185195530460212
3.1963900100402314
3.1963900100402314
3.1963900100402314
3.1889240490857973
3.203764498948067
3.203764498948067
3.219868765260344
3.2150054744274956
3.2148628116737714
3.2204064175178577
3.2211800310018326
3.2335462630229195
3.2221632652521155
3.2221632652521155
3.221839043570818
3.221839043570818
3.21960452173115
3.2136181101388375
3.2354132220565632
3.2354132220565632
3.2354132220565632
3.2370434100652328
3.23118768266889
3.2374746281582056
3.2153217079790974
3.2153217079790974
3.1956400863565215
3.1956400863565215
3.1956400863565215
3.184917686296628
3.182842666035322
3.1945253000065454
3.1945253000065454
3.1945253000065454
3.189594858254873
3.189594858254873
3.189594858254873
3.1943228416424705
3.1943228416424705
3.2019976050596255
3.2019976050596255
3.2019976050596255
3.208857990310139
3.211316534562066
3.211316534562066
3.2264453581847996
3.2281823800915954
3.2191277183152183
3.222291590241053
3.222291590241053
3.237994806790717
3.237994806790717
3.237994806790717
3.2435897639482563
3.239494532826905
3.239494532826905
3.239494532826905
3.254027019160708
3.2440106915039006
3.259418271299736
3.2614459793417847
3.266389910702126
3.2617256167126256
3.245416908621892
3.245416908621892
3.250723298466789
3.2534300987688516
3.2534300987688516
3.2558424347134802
3.2548176613944673
3.2548176613944673
3.2344766284304463
3.262744941590525
3.264000294631349
3.268619554859132
3.2722308598148864
3.2722308598148864
3.2722308598148864
3.2722308598148864
3.264457050362346
3.264457050362346
3.264543388297773
3.2348118983838683
3.2348118983838683
3.2348118983838683
3.2348118983838683
3.2348118983838683
3.250411167866641
3.245300431324593
3.245300431324593
3.245300431324593
3.245300431324593
3.253624651306564
3.253624651306564
3.253624651306564
3.2619284159707638
3.2619284159707638
3.2619284159707638
3.257117449166877
3.257117449166877
3.2462672134154347
3.231637286467744
3.231637286467744
3.241718130973296
3.2694472766402964
3.273454190309221
3.273454190309221
3.2737845189217594
3.2741004927134916
3.2488600593329444
3.2659078163527253
3.2659078163527253
3.2659078163527253
3.2683659702992314
3.2564118510920403
3.2512713242956712
3.2255105410628637
3.2295626130639823
3.245989381249315
3.245989381249315
3.245989381249315
3.2417943352590797
3.2441701860378656
3.242638467647075
3.242638467647075
3.265304674922142
3.265304674922142
3.2475130118235476
3.252460392492998
3.252460392492998
3.2371802743772378
3.231368477481376
3.2405153761732652
3.2405153761732652
3.240842449436781
3.2396412512281825
3.233507415985506
3.2431604533305687
3.2431604533305687
3.260222803728791
3.2603412276375354
3.2587632904217276
3.250348830257785
3.2503379192394544
3.2511981111752393
3.2511981111752393
3.2511981111752393
3.2395540262184253
3.247638160241548
3.247638160241548
3.247638160241548
3.232334185403362
3.2456584866707345
3.2456584866707345
3.2518414895489474
3.2591625556368635
3.2591625556368635
3.2591625556368635
3.25465423257816
3.25465423257816
3.25465423257816
3.266860480198413
3.2706632039396055
3.2706632039396055
3.2706632039396055
3.2730072988104326
3.2687280331583635
3.266585977301875
3.266585977301875
3.266585977301875
3.266585977301875
3.271022970792164
3.264204842984131
3.264204842984131
3.264204842984131
3.264204842984131
3.264204842984131
3.2445729413774353
3.2670326077322716
3.2670326077322716
3.2727341037245083
3.2727341037245083
3.2479660825656698
3.2479660825656698
3.2633888241594424
3.240837260691277
3.2257880879981293
3.2213935505566935
3.2285739431977105
3.2285739431977105
3.2424541448205426
3.2442373576599826
3.2348738001146526
3.2348738001146526
3.2348738001146526
3.2388475121492846
3.2388475121492846
3.22802948405378
3.2392414191343772
3.2374865596515945
3.2374865596515945
3.227475682539856
3.2226314610854967
3.2073133871084174
3.2074667144474054
3.203312799997474
3.203312799997474
3.2082113785797817
3.2082113785797817
3.209943650442219
3.1907824686193154
3.190280179965857
3.190280179965857
3.199747646156396
3.199747646156396
3.206375158869939
3.205718621490533
3.2122744855593317
3.2122744855593317
3.2122744855593317
3.2047468385816056
3.2047468385816056
3.200360428983105
3.202571602153173
3.2181005892988033
3.2181005892988033
3.2181005892988033
3.2181005892988033
3.2181005892988033
3.2174570327201115
3.20557137365549
3.20557137365549
3.20557137365549
3.20557137365549
3.1963278953951937
3.205234172989405
3.205234172989405
3.2159980392817156
3.2159980392817156
3.2087581957292004
3.2325692250282017
3.2325692250282017
3.222878207820759
3.2379318734679403
3.2379318734679403
3.2379318734679403
3.2379318734679403
3.2379318734679403
3.236788273326734
3.236788273326734
3.236788273326734
3.226715093462144
3.226715093462144
3.240079893377386
3.240079893377386
3.250207311269925
3.2246111428061903
3.239015598566874
3.245036328864395
3.245036328864395
3.251420742998179
3.2493340598093097
3.2493340598093097
3.243519514181296
3.243519514181296
3.243519514181296
3.2624865150800173
3.2459782064680023
3.2459782064680023
3.250808977517316
3.250808977517316
3.26898778193487
3.26898778193487
3.2777157406829143
3.288971053075657
3.288971053075657
3.265613830435128
3.265613830435128
3.2602959976161725
3.2629697749934543
3.2629697749934543
3.26536972494923
3.2229818194898625
3.2229818194898625
3.2371811922285123
3.2382598182647087
3.2382598182647087
3.2382598182647087
3.2382598182647087
3.2276927198129686
3.2214999140833207
3.216614604275343
3.2176326128302364
3.204748087209227
3.2248169108612363
3.2318096431623933
3.2361088545029575
3.2361088545029575
3.2361088545029575
3.2361088545029575
3.2276502154360514
3.2413077798287238
3.2413077798287238
3.2413077798287238
3.2413077798287238
3.2432445183733822
3.2432445183733822
3.2432445183733822
3.2432445183733822
3.23485112068779
3.23485112068779
3.23485112068779
3.23485112068779
3.255386903699967
3.255386903699967
3.255386903699967
3.255386903699967
3.2266209613617844
3.210867737869203
3.1987632370841568
3.204123932898082
3.197742934516978
3.2362394098225273
3.2758364297050084
3.2672703171244635
3.2672703171244635
3.259215779022399
3.259215779022399
3.259215779022399
3.259215779022399
3.2495847342116786
3.2492693616330075
3.26214390563191
3.26214390563191
3.26214390563191
3.2490709275963043
3.248982842176824
3.2537177797706205
3.2440025444243257
3.2589042038325395
3.253525750436787
3.253525750436787
3.2473727107105206
3.2676389480693944
3.2676389480693944
3.2676389480693944
3.2676389480693944
3.2676389480693944
3.258594162580094
3.2572882978613347
3.2572882978613347
3.241775820311356
3.2360922061672643
3.223692198492508
3.223692198492508
3.2445459673388255
3.2552974155309133
3.2489590095652985
3.2668549542436605
3.2668549542436605
3.2668549542436605
3.2668549542436605
3.2668549542436605
3.2668549542436605
3.285559316401324
3.285559316401324
3.2743676997519526
3.2580379144385554
3.268447596898078
3.268447596898078
3.268447596898078
3.268447596898078
3.245627206562334
3.245627206562334
3.245627206562334
3.265636838167159
3.265636838167159
3.2609880182704374
3.2609880182704374
3.265826957734536
3.2777055418946763
3.270197462090366
3.25630777903146
3.25630777903146
3.25630777903146
3.2467724978722248
3.2467724978722248
3.253880184741263
3.253880184741263
3.253880184741263
3.2689544938953214
3.2642659684706725
3.266295442624575
3.266295442624575
3.2362433061254965
3.247351548902544
3.259946688563967
3.2427987708103725
3.226473856296259
3.2344005735134633
3.238059525686954
3.2693435071531334
3.2750479591825234
3.2805268505936027
3.2805268505936027
3.294494628456151
3.2782917353606957
3.2782917353606957
3.2782917353606957
3.2375834828201735
3.2268544092573945
3.2085361023905383
3.208571958283939
3.1998031771984667
3.1998031771984667
3.208183095721261
3.208183095721261
3.208183095721261
3.2374950873414106
3.229601188443173
3.229601188443173
3.228224306137617
3.2408928301161835
3.230934721813533
3.2503010726775643
3.2120948088023282
3.2171858563971822
3.2478108039118685
3.2478108039118685
3.25094727777621
3.23831474177604
3.23831474177604
3.23831474177604
3.234965253582414
3.234965253582414
3.2162958444238114
3.2181673821321852
3.2181673821321852
3.2181673821321852
3.2181673821321852
3.2116512173651786
3.2261566398547155
3.2261566398547155
3.2476275724821906
3.2194094125578196
3.192036245401146
3.1845570840092736
3.202441356684142
3.202441356684142
3.202441356684142
3.202441356684142
3.202441356684142
3.202441356684142
3.192988094983343
3.1949514539656714
3.1949514539656714
3.197309824289142
3.1904513424263548
3.1957446553882076
3.2268414844159707
3.2232865097188563
3.2232865097188563
3.209460845705842
3.227445461101278
3.227445461101278
3.227445461101278
3.227445461101278
3.214639649509993
3.238331301724169
3.2185501260295624
3.2214071850366457
3.2214071850366457
3.2380032615283
3.2380032615283
3.234561627210004
3.2267386904894875
3.2326953353334718
3.2326953353334718
3.243634933297167
3.2225808908239935
3.2225808908239935
3.2280745184717095
3.213856278683656
3.23318415612605
3.2283254819805705
3.2283254819805705
3.2253086958141615
3.2253086958141615
3.2152016150688465
3.2326996588065837
3.2326996588065837
3.2326996588065837
3.2350680008597195
3.2350680008597195
3.2350680008597195
3.2312202239321244
3.2291232829014405
3.2291232829014405
3.2291232829014405
3.210455167380435
3.226507790811029
3.2338511278738973
3.227896536681303
3.227896536681303
3.227896536681303
3.2291493781039735
3.2291493781039735
3.2239849458306433
3.199096483684875
3.2080199374581144
3.2080199374581144
3.21961877520949
3.21961877520949
3.228735848961096
3.228735848961096
3.221932768104549
3.221932768104549
3.2043532602240488
3.204094752901348
3.1926952235349226
3.1926952235349226
3.2311921174594946
3.2290244788305573
3.2306898712226633
3.2204842097127115
3.239489518998996
3.239489518998996
3.245081543380986
3.245081543380986
3.227975703110593
3.2255020801350067
3.2255020801350067
3.2331330861022285
3.2331330861022285
3.2415324496173867
3.2415324496173867
3.232236115178628
3.232236115178628
3.232236115178628
3.232236115178628
3.230827600744071
3.223012021260726
3.223012021260726
3.228942779827551
3.228942779827551
3.228942779827551
3.239153141315054
3.2289907614033324
3.2315429123276904
3.231944116571242
3.2310174907778557
3.2390978456708632
3.2390978456708632
3.2390978456708632
3.2315187709160447
3.2493293771353495
3.2425363625522934
3.2657308105234524
3.2657308105234524
3.2707558188842123
3.2707558188842123
3.2516735539841872
3.248644113696088
3.248644113696088
3.25622907998571
3.25622907998571
3.2456808163906263
3.238111550185198
3.245142556792722
3.2653037458694327
3.2653037458694327
3.234939556242185
3.234939556242185
3.231299424005895
3.244305057653635
3.2642590102996
3.274093767594732
3.2504933621616017
3.266434786250934
3.266434786250934
3.268610142999392
3.268610142999392
3.2583944229257864
3.2583944229257864
3.2583944229257864
3.2583944229257864
3.2583944229257864
3.2583944229257864
3.262484248052627
3.241245675850489
3.2467458202552324
3.2467458202552324
3.2467458202552324
3.219628717296798
3.193290160524686
3.1993642199247025
3.1918893050492665
3.1918893050492665
3.2081557157204004
3.2072747463424998
3.205636693409404
3.205636693409404
3.205636693409404
3.2066923033935333
3.2177575943145262
3.2177575943145262
3.2177575943145262
3.2177575943145262
3.2269332491871956
3.2269332491871956
3.2269332491871956
3.2269332491871956
3.2403792898729993
3.2403792898729993
3.227038680871733
3.227038680871733
3.2312890979180984
3.2335097470741436
3.237654711535606
3.242868776074788
3.242868776074788
3.2347891595030123
3.236010729052143
3.249095030068115
3.2483239157728443
3.2271958260899765
3.2099428450817515
3.211846333925299
3.203654984537677
3.203611388823695
3.2220228278129803
3.218281956331926
3.218281956331926
3.211659554036467
3.211659554036467
3.211659554036467
3.17485478872799
3.1956420026532744
3.201724199945579
3.201724199945579
3.1943428502111675
3.1943428502111675
3.2031658451848295
3.2031658451848295
3.200370594893912
3.2145243492063824
3.2145243492063824
3.2020862149850857
3.2011908677703276
3.2011908677703276
3.209455344712734
3.209455344712734
3.205452742048274
3.2188933141446565
3.2188933141446565
3.2065364557378144
3.2065364557378144
3.2065364557378144
3.2065364557378144
3.2065364557378144
3.2041447983649687
3.2041447983649687
3.2071648881256616
3.2063018629151157
3.2063018629151157
3.2072810678091344
3.1842348340141595
3.2087865932241195
3.2087865932241195
3.2087865932241195
3.2087865932241195
3.209759054655361
3.214984217037171
3.214984217037171
3.214984217037171
3.214984217037171
3.2188584710005923
3.2188584710005923
3.2072345012957957
3.2072345012957957
3.2226273265637824
3.2226273265637824
3.2226273265637824
3.1998211131226473
3.1998211131226473
3.1998211131226473
3.2020626913939223
3.187445670855632
3.201947380086974
3.1910313249147886
3.2164191006208367
3.1976904303331235
3.1976904303331235
3.2051319111240884
3.2155812799865178
3.2155812799865178
3.213788736784589
3.213788736784589
3.213788736784589
3.213788736784589
3.213788736784589
3.2096395473722863
3.216487908432316
3.216487908432316
3.222834288377342
3.222834288377342
3.243771521748708
3.234928109185068
3.240119531123421
3.240119531123421
3.2396876170543862
3.2487379721104714
3.2552792021220274
3.2552792021220274
3.2451304134924976
3.235126587871243
3.235126587871243
3.218542278938799
3.217110203238257
3.217110203238257
3.2572036738596353
3.2594753064841027
3.256101082489649
3.2453633770420662
3.2453633770420662
3.2692406297607803
3.269614930230967
3.2429054738867302
3.2429054738867302
3.233361412990532
3.2356281903201527
3.2341121854987387
3.2392532139580714
3.250215096664001
3.2349512717756164
3.2243403086708393
3.2243403086708393
3.2243403086708393
3.210671035033293
3.211659636989685
3.211659636989685
3.2071551961880362
3.2071551961880362
3.2071551961880362
3.2071551961880362
3.2071551961880362
3.191190175904543
3.2067734037446156
3.2067734037446156
3.190803003716802
3.1843046552215193
3.1843046552215193
3.2025305110332845
3.2339924495041004
3.225822359885938
3.2267181745554483
3.2267181745554483
3.2267181745554483
3.2305869797454605
3.2305869797454605
3.2305869797454605
3.2347591450850652
3.234788502588366
3.2094787436218657
3.2094787436218657
3.2105584404021337
3.2105584404021337
3.2137512580834464
3.224264533377931
3.225346536351508
3.225346536351508
3.24371231537804
3.24371231537804
3.239718501992755
3.239718501992755
3.213081807792488
3.213081807792488
3.219012537494766
3.2235037516407705
3.2235037516407705
3.2235037516407705
3.2285466499119218
3.2226316033151727
3.2226316033151727
3.2335876083381563
3.237075809858764
3.234659942492365
3.2377160080167458
3.2377160080167458
3.2377160080167458
3.2377160080167458
3.230786674802671
3.245690608024291
3.245690608024291
3.2488731776356685
3.2488731776356685
3.2488731776356685
3.2488731776356685
3.2446663313282857
3.2446663313282857
3.2446663313282857
3.231125800648696
3.231125800648696
3.237998383444894
3.204845339386528
3.218414634822471
3.23360442153196
3.2158579209316644
3.2158579209316644
3.2243619616644814
3.2243619616644814
3.235874801259686
3.235874801259686
3.235874801259686
3.235874801259686
3.246386023113801
3.246386023113801
3.246386023113801
3.246386023113801
3.2507493150664737
3.2507493150664737
3.2332321004854156
3.2332321004854156
3.2278619502701913
3.2278619502701913
3.2278619502701913
3.2278619502701913
3.2278619502701913
3.244265212890587
3.2258977101509436
3.229360842438818
3.2317453366473385
3.221858144847543
3.221858144847543
3.22421489005464
3.226900947535911
3.226900947535911
3.226900947535911
3.223148612145638
3.2173409746781743
3.2173409746781743
3.230465243161039
3.230465243161039
3.20006354469769
3.226278289941389
3.226278289941389
3.237945949380093
3.2375592120553756
3.266795598964311
3.255909692481542
3.2622263671416056
3.2622263671416056
3.2622263671416056
3.2638075754534204
3.2662192612545633
3.2666673107108646
3.2666673107108646
3.2666673107108646
3.2611859585517946
3.252805976480947
3.2453843196159835
3.2494401210857484
3.2494401210857484
3.2494401210857484
3.2359332596345545
3.2379050375753335
3.238838645980139
3.238838645980139
3.2270873535829616
3.2270873535829616
3.2371111936823995
3.2371111936823995
3.2371111936823995
3.2364855049459247
3.228681927662524
3.227719232366598
3.210326432841533
3.196044665556963
3.196044665556963
3.196044665556963
3.196044665556963
3.2171890673649655
3.2171890673649655
3.2111532886815306
3.2332924169963775
3.214785140220707
3.22654538700546
3.2455689238581504
3.2455689238581504
3.2455689238581504
3.2455689238581504
3.2358154788927833
3.225134335053805
3.225134335053805
3.225134335053805
3.225134335053805
3.225134335053805
3.203576292718201
3.214594096100355
3.214594096100355
3.214594096100355
3.214594096100355
3.214594096100355
3.2383745796482106
3.219861071642812
3.224125004099719
3.224125004099719
3.207870569644908
3.207870569644908
3.215944749319144
3.2059115065561206
3.211543903834285
3.216385022057225
3.19758271825093
3.19758271825093
3.2122473679305026
3.2122473679305026
3.2122473679305026
3.2122473679305026
3.2122473679305026
3.2122473679305026
3.2122473679305026
3.210867063175055
3.2255170754824665
3.2255170754824665
3.2255170754824665
3.2237549982145133
3.2039102579729635
3.2107054710171425
3.2150778493427845
3.2150778493427845
3.2442458155209577
3.2442458155209577
3.2442458155209577
3.2339018572647173
3.2456057954036273
3.251316136462961
3.256303507734288
3.2519233650140524
3.2519233650140524
3.259026902028591
3.2673596630618746
3.2673596630618746
3.2563969340288423
3.2563969340288423
3.2563969340288423
3.2359932969801872
3.2359932969801872
3.2359932969801872
3.2633496159041955
3.2781732745239283
3.246501109161492
3.246501109161492
3.2480902431159246
3.251429825939021
3.2322754624871086
3.2322754624871086
3.2322754624871086
3.2322754624871086
3.2194949563710664
3.218850127637704
3.218850127637704
3.218850127637704
3.218850127637704
3.215589312808153
3.215393896504532
3.232493041880818
3.232493041880818
3.217784667475197
3.2235221465945645
3.2235221465945645
3.211787975590025
3.211787975590025
3.211787975590025
3.2149801697478932
3.2149801697478932
3.2116113073173906
3.2387240396906942
3.2393917902569407
3.236337346236869
3.236337346236869
3.236337346236869
3.231644181653382
3.231644181653382
3.2356451878400225
3.2356451878400225
3.2356451878400225
3.232187554114137
3.234822956577887
3.222819958834556
3.2301151275008997
3.232530195103242
3.2422740366172333
3.2508844871858953
3.2564893748671313
3.236530042429909
3.2175618148023553
3.243393386400564
3.245700213185844
3.245700213185844
3.2407167806818316
3.248760581617468
3.2337062607463007
3.2486489823920786
3.2456386424053503
3.2456386424053503
3.2456386424053503
3.2463192115816653
3.2519437169511
3.254943444933991
3.264339594117083
3.2571619134772476
3.249300230405515
3.2378004393232684
3.2380106639545323
3.2301770805850514
3.239363110241431
3.239363110241431
3.227892016145295
3.227892016145295
3.2282068377134
3.219307782585166
3.219307782585166
3.219307782585166
3.2625868838046057
3.2625868838046057
3.239288505166872
3.239288505166872
3.256414035352433
3.256414035352433
3.265165254198645
3.2480260794975564
3.230603406783086
3.230603406783086
3.218271219649189
3.247615022321073
3.247615022321073
3.254494677352129
3.2538651124905082
3.2538651124905082
3.2516754972544866
3.2516754972544866
3.2516754972544866
3.2516754972544866
3.2516754972544866
3.2516754972544866
3.252952754668767
3.2562986498255753
3.2562986498255753
3.2562986498255753
3.250129243383319
3.2498311067916084
3.2392603793361383
3.2392603793361383
3.233180278722936
3.227184042490315
3.227184042490315
3.227184042490315
3.2170452452471445
3.223012873326865
3.2600807620149626
3.2432693728426365
3.2432693728426365
3.2432693728426365
3.2485788165808063
3.2485788165808063
3.2485788165808063
3.2400164237710904
3.236407273568066
3.236407273568066
3.228384378618056
3.2388449243441415
3.2261204160707457
3.2261204160707457
3.2146521210299097
3.218565889020829
3.243944926088338
3.2410771340021767
3.236087375589818
3.2291984329900423
3.2291984329900423
3.2191972446236976
3.2272563465450754
3.2272563465450754
3.2030029971921383
3.2030029971921383
3.2030029971921383
3.1980347539236256
3.201039426535094
3.201039426535094
3.194390966989819
3.2111971167293243
3.2111971167293243
3.196955183925944
3.196955183925944
3.175562237590836
3.1910045373759175
3.1910045373759175
3.1910045373759175
3.1661161084437457
3.169662227136302
3.169662227136302
3.165729050317193
3.175254154659823
3.1773091762176056
3.218868319426019
3.212430361998691
3.1919356802766345
3.1919356802766345
3.218583685155318
3.218583685155318
3.2371762470356296
3.2371762470356296
3.2371762470356296
3.2371762470356296
3.2488727185230983
3.2488727185230983
3.2447974292467037
3.2596789718920696
3.2301650576954595
3.2301650576954595
3.2301650576954595
3.2301650576954595
3.2301650576954595
3.2345573401323575
3.2211995386022045
3.211586573184419
3.211586573184419
3.20423005959605
3.20423005959605
3.20423005959605
3.20423005959605
3.2015146146692874
3.1836879710471266
3.1836879710471266
3.1804481843294883
3.184550037042486
3.1888515113771607
3.2179550060640456
3.2179550060640456
3.2006761014349068
3.215572808846339
3.225898185022975
3.225898185022975
3.226213616383441
3.226213616383441
3.226213616383441
3.226213616383441
3.226213616383441
3.226213616383441
3.226213616383441
3.233357478058323
3.233357478058323
3.233357478058323
3.2009206826074
3.2025653066009334
3.2025653066009334
3.2025653066009334
3.217468316282532
3.217468316282532
3.217468316282532
3.217468316282532
3.220581143632184
3.225229945694733
3.2015592244667217
3.2364688285860765
3.2364688285860765
3.2306637288890605
3.2233396935967575
3.245313307703246
3.245313307703246
3.2499894774775484
3.2538053993271028
3.2538053993271028
3.237784526075748
3.2466216286953644
3.251362056718578
3.251362056718578
3.2227920114465007
3.234309223034185
3.2339205920203837
3.2331110864365877
3.236483792759457
3.236483792759457
3.236483792759457
3.232568554582159
3.232568554582159
3.2437583623596047
3.2434982554394174
3.255249875102729
3.255249875102729
3.255249875102729
3.255249875102729
3.255249875102729
3.2491086582376183
3.2797550108251436
3.250730443138307
3.263097744193004
3.270339155907284
3.270339155907284
3.270339155907284
3.270339155907284
3.270339155907284
3.2496710949927268
3.2496710949927268
3.2496710949927268
3.2496710949927268
3.2496710949927268
3.2346001308666614
3.229748716871169
3.2327880761313503
3.228353499707848
3.228353499707848
3.2350766583235635
3.2348662468733473
3.2229252864494686
3.2110822952642932
3.2071118530899874
3.2029865536893523
3.2029865536893523
3.201720686706906
3.218809432978233
3.2331379521955412
3.217832227832247
3.217832227832247
3.220286803453893
3.220286803453893
3.2349074003500737
3.2234235540281557
3.2282155865090063
3.2282155865090063
3.24827558549633
3.24827558549633
3.24827558549633
3.2284417323405843
3.2284417323405843
3.230491122958236
3.2250576934008994
3.2250576934008994
3.25153550798942
3.2375923317278588
3.233712476238434
3.255239319918463
3.255239319918463
3.255239319918463
3.255239319918463
3.255239319918463
3.255239319918463
3.255239319918463
3.255239319918463
3.257602139334407
3.2305386750620153
3.221864586230495
3.217275283709739
3.2369512429776046
3.2369512429776046
3.2451986966244215
3.2439978729361263
3.210541525728997
3.210541525728997
3.206749258237906
3.2023812064167663
3.2023812064167663
3.2023812064167663
3.219589226216259
3.219589226216259
3.219589226216259
3.22102988364577
3.2113395422840263
3.2281671390964832
3.2281671390964832
3.2281671390964832
3.226051503217032
3.225996610453955
3.2289832201123114
3.2279584968575112
3.2279584968575112
3.2279584968575112
3.2279584968575112
3.2369568010592196
3.2369568010592196
3.207334685087019
3.207334685087019
3.2186593515661843
3.2186593515661843
3.2155507916196067
3.2145055481902083
3.2145055481902083
3.2224086742480087
3.2044500688719992
3.223537640534783
3.209575451270311
3.2402426117668144
3.2261636141786405
3.2261636141786405
3.2297424550655527
3.24994555155934
3.253978785268353
3.2340880657005515
3.2374019710408612
3.2374019710408612
3.231086510543857
3.231086510543857
3.2435618999299627
3.2293393094964298
3.2436145496186155
3.2369478724998544
3.2369478724998544
3.2369478724998544
3.241172842585182
3.241172842585182
3.233986007905622
3.233986007905622
3.2130144821340254
3.2130144821340254
3.2261088511132696
3.2261088511132696
3.2261088511132696
3.229412700362756
3.22558757060733
3.22558757060733
3.2279151678691833
3.256205491517186
3.256205491517186
3.2343343822278965
3.2457871381309005
3.232188689098586
3.232188689098586
3.232188689098586
3.232188689098586
3.254657222960967
3.25132040199461
3.25132040199461
3.25132040199461
3.25132040199461
3.229025119725682
3.234942884695925
3.2223613828791815
3.226161356558159
3.226161356558159
3.2446961068128966
3.250247412730184
3.2340082165958632
3.2257992679907024
3.2236319090728083
3.2236319090728083
3.2236319090728083
3.217444434852672
3.2255727288381357
3.2173328994077517
3.215359389313447
3.215359389313447
3.215359389313447
3.1977031020890165
3.1977031020890165
3.2169265029277176
3.2137367695591204
3.2137367695591204
3.2271421936573192
3.2271421936573192
3.2271421936573192
3.2271421936573192
3.2271421936573192
3.2271421936573192
3.206582370540844
3.251373852852798
3.2622598888364625
3.2599151944800906
3.243339898423112
3.243339898423112
3.243339898423112
3.243339898423112
3.2442985835373324
3.252576937120972
3.209520375598957
3.209520375598957
3.209757551822292
3.209757551822292
3.182176927194585
3.206145178271076
3.206145178271076
3.215568022364758
3.23384250416857
3.2268160932009704
3.2268160932009704
3.241080196481449
3.2240188652445654
3.2240188652445654
3.2240188652445654
3.2240188652445654
3.2341170194857725
3.2276959311334066
3.230650957018684
3.235416560586995
3.235416560586995
3.19812404316453
3.2022544929415253
3.2022544929415253
3.2022544929415253
3.2373791098350013
3.246746124599936
3.2295392546698904
3.2127693622293654
3.229246045427954
3.216686917194157
3.216686917194157
3.2197509661678754
3.208021061125397
3.208021061125397
3.208021061125397
3.2326787612044834
3.2326787612044834
3.215569451569051
3.215569451569051
3.215569451569051
3.215569451569051
3.215569451569051
3.187968564109001
3.187968564109001
3.19326167302039
3.19326167302039
3.19326167302039
3.19326167302039
3.196223656801234
3.222722786381189
3.222722786381189
3.222722786381189
3.217809266103269
3.217809266103269
3.217809266103269
3.2144480096169374
3.2187221027151787
3.2187221027151787
3.2187221027151787
3.2212202960739615
3.2077422029224967
3.2077422029224967
3.19613061936412
3.19613061936412
3.204379243762208
3.204379243762208
3.2070879465624347
3.209597346076745
3.2240406790880964
3.2355200101008585
3.223766825561123
3.2653366688568677
3.2653366688568677
3.2575191705538065
3.2559964057368407
3.2544916777995585
3.250352156843953
3.2533687264083686
3.2533687264083686
3.2533687264083686
3.253586998140885
3.25683665901053
3.271213290432023
3.2433996485905956
3.2433996485905956
3.2433996485905956
3.2433996485905956
3.2444618399970024
3.2444618399970024
3.2444618399970024
3.235294763069832
3.2019755116114785
3.223677691942867
3.22812977656626
3.22812977656626
3.2164536499883987
3.218364944635203
3.218364944635203
3.218364944635203
3.2208780005843454
3.2233911321360784
3.2233911321360784
3.222732434346542
3.219279807904299
3.2035303908304935
3.222785623511879
3.236162454667011
3.234383669830808
3.234383669830808
3.234383669830808
3.240614248869538
3.246594406760511
3.246594406760511
3.246594406760511
3.2415342305039676
3.2352586379046433
3.2352586379046433
3.2352586379046433
3.2258639865995664
3.2184750195404472
3.224273105858347
3.217956503282289
3.248349292941601
3.248349292941601
3.263128303187841
3.261832914920115
3.2611986257529155
3.268042439909391
3.2502027412904413
3.2637955639750844
3.256623551571684
3.256623551571684
3.2415404934933587
3.2415404934933587
3.2462391843449696
3.2124892293934875
3.237151712085497
3.237151712085497
3.237151712085497
3.237151712085497
3.251825169939578
3.251825169939578
3.2373358278412097
3.2403608324063606
3.2356656294770763
3.2356656294770763
3.2298618909596137
3.2344880945824217
3.2086490540371186
3.202892788684956
3.219012030632154
3.219012030632154
3.2174584327020246
3.2174584327020246
3.2173799298645704
3.2181265270742108
3.2280506525893515
3.221659630861745
3.2225230182281908
3.2056754252453494
3.2055265684553285
3.2121131821575286
3.2110941365229606
3.2110941365229606
3.2221652637373537
3.2221652637373537
3.2221652637373537
3.2221652637373537
3.2221652637373537
3.2394819692718086
3.2237783218878007
3.2199873085666155
3.2169007670079757
3.2267329073717628
3.2315441098161037
3.2280865454438206
3.2327235417167324
3.2364179747971815
3.253369250976321
3.24824379359339
3.24824379359339
3.24824379359339
3.2564901565782343
3.2564901565782343
3.2686447854031777
3.2677133818302933
3.2677133818302933
3.2607812919119104
3.2395991255444465
3.2667682087153382
3.243458410112718
3.2317105607628145
3.2317105607628145
3.247457291179114
3.247457291179114
3.233820139833855
3.233820139833855
3.23907921082717
3.2495814425549137
3.230433758256109
3.235170002959025
3.234383871609746
3.2251619455983445
3.2492108787211755
3.246872249025379
3.233996565671344
3.224947646664341
3.2216020572121655
3.2216020572121655
3.2216020572121655
3.245014885684653
3.249902596849993
3.218237687978794
3.2278457662430458
3.2230891740238667
3.2421096282700597
3.2363665599792473
3.2412215096091734
3.2354544531141944
3.2354544531141944
3.226100889822954
3.226100889822954
3.2422726986439763
3.2422726986439763
3.2433718308037505
3.248086750946408
3.248086750946408
3.248086750946408
3.242237856883876
3.215092001885514
3.214190261232405
3.225235297886329
3.214747775317648
3.2101326495400895
3.2101326495400895
3.2101326495400895
3.2151153389372973
3.2237531999716564
3.2237531999716564
3.2237531999716564
3.2219110001557736
3.2432748308926556
3.25246770033782
3.25246770033782
3.2443616301323086
3.2443616301323086
3.2375676130159126
3.2375676130159126
3.2375676130159126
3.2365429670334045
3.2365429670334045
3.225679530228038
3.237402758238887
3.237402758238887
3.237402758238887
3.23930789042789
3.23930789042789
3.23930789042789
3.239648650775635
3.223139489655987
3.230988464975984
3.211136507097098
3.211136507097098
3.222857004898253
3.2272915625526886
3.215296704393588
3.215296704393588
3.2138813570984084
3.2138813570984084
3.2138813570984084
3.22915977778561
3.2488106517609383
3.2488106517609383
3.232045726162262
3.2401832043918795
3.2365584160563023
3.2320085371492246
3.2320085371492246
3.254080439405739
3.266338282499564
3.266338282499564
3.2731655472242815
3.27630206072899
3.2695075535642126
3.2695075535642126
3.2695075535642126
3.2695075535642126
3.2581678572189685
3.2581678572189685
3.2581678572189685
3.2581678572189685
3.263429178616055
3.249577029229068
3.231221495571943
3.212400369459312
3.212400369459312
3.206035289105977
3.206035289105977
3.224040180156373
3.238794774898603
3.238794774898603
3.2396403579028212
3.2396403579028212
3.243902031686667
3.243902031686667
3.243902031686667
3.2423140100977395
3.2423140100977395
3.229390351043416
3.2402848317261563
3.2260637823110554
3.226611425877287
3.2328350104350574
3.2328350104350574
3.2328350104350574
3.2059713821513305
3.2444697966946756
3.251807058778138
3.251807058778138
3.247390943764996
3.247390943764996
3.247390943764996
3.241860346530248
3.241860346530248
3.2279586008782686
3.2279586008782686
3.2279586008782686
3.2275476269777172
3.2431139411880046
3.2431139411880046
3.2431139411880046
3.2431139411880046
3.2431139411880046
3.247290409769236
3.247290409769236
3.236770174304436
3.2415319486697487
3.2415319486697487
3.2415319486697487
3.2554800610898873
3.2554800610898873
3.2554800610898873
3.240452908722622
3.2192610450853656
3.2313789932313393
3.2313789932313393
3.232711498514682
3.2463705288934146
3.232951235696036
3.232951235696036
3.232951235696036
3.2353438256784903
3.232503799260435
3.2282575845806587
3.192064402244105
3.192064402244105
3.192064402244105
3.215692875827576
3.215692875827576
3.215692875827576
3.221122992711404
3.221122992711404
3.2235294146033078
3.2235294146033078
3.2235294146033078
3.2220797688965717
3.1993076407545686
3.205099903720516
3.205099903720516
3.2183837511440907
3.2183837511440907
3.2141008795637838
3.2141008795637838
3.2141008795637838
3.2141008795637838
3.2097084825677173
3.2097084825677173
3.2097084825677173
3.2097084825677173
3.213976369452569
3.2049305071186986
3.186886769198411
3.1839838438635244
3.1976616395250446
3.202441487240174
3.212217760755213
3.212217760755213
3.2113367426779824
3.2113367426779824
3.2270693928524716
3.2270693928524716
3.2517399419234905
3.2517399419234905
3.2537419107294596
3.2568178195366926
3.2568178195366926
3.2568178195366926
3.2568178195366926
3.279226360762536
3.279226360762536
3.2598327715435933
3.254590169399476
3.25211549082563
3.25211549082563
3.2490272844020303
3.241517452320418
3.2490561158354083
3.2490561158354083
3.2376242724766158
3.2376242724766158
3.236618976855679
3.236618976855679
3.223364182840309
3.223364182840309
3.223364182840309
3.223364182840309
3.244125655945239
3.235152381415831
3.235152381415831
3.235152381415831
3.2202115682075885
3.2097025141724758
3.210835605125434
3.2295378057184068
3.2182214447346262
3.226863246056965
3.1883913900169745
3.1883913900169745
3.206721229310396
3.206721229310396
3.221040541684031
3.186446905479928
3.1946105978792714
3.2041372937159753
3.2041372937159753
3.2041372937159753
3.2041372937159753
3.2422811892432524
3.237065453158081
3.245807696234544
3.233074568552127
3.232313760574449
3.2282697978141948
3.2282697978141948
3.2282697978141948
3.2282697978141948
3.2282697978141948
3.239104105215659
3.2390388402308754
3.222364725195781
3.2287458493183827
3.2458999881059114
3.2458999881059114
3.2458999881059114
3.2458999881059114
3.2427875312820342
3.2427875312820342
3.2427875312820342
3.2427875312820342
3.2427875312820342
3.2427875312820342
3.2427875312820342
3.2554610362245486
3.2554610362245486
3.270395211961684
3.2753428824524575
3.2753428824524575
3.262751584518304
3.262751584518304
3.256946549183283
3.256946549183283
3.256946549183283
3.240626108181603
3.2646194654590417
3.2605800539955885
3.2605800539955885
3.243986822916722
3.231434822166684
3.231434822166684
3.231434822166684
3.231434822166684
3.224826178380982
3.22613685167773
3.238263774879706
3.2459325867525335
3.235304581240496
3.235304581240496
3.21115405236002
3.21115405236002
3.2061153109678444
3.2015329629217755
3.2015329629217755
3.2125205021777417
3.2157905493273464
3.197725822044828
3.2107905944861446
3.215984510174282
3.215984510174282
3.2083374123932042
3.2083374123932042
3.222278224703583
3.222278224703583
3.222278224703583
3.206331998680915
3.211055341160777
3.211055341160777
3.2058775835143627
3.2175137094682316
3.2175137094682316
3.227675695054065
3.21028506230227
3.198257186809632
3.198257186809632
3.2082570932249648
3.1860530619625873
3.201353641577891
3.201353641577891
3.197813804855579
3.197813804855579
3.197813804855579
3.1880002425056726
3.210716081478077
3.225670218167372
3.225670218167372
3.225670218167372
3.225670218167372
3.237586932701006
3.237586932701006
3.23182039610657
3.23182039610657
3.2360395376176996
3.2360395376176996
3.2129369028897865
3.217734791753932
3.2220804471493754
3.2206594718855572
3.2206594718855572
3.2206594718855572
3.2374592869000236
3.2215374837611086
3.211839661929509
3.215144303516495
3.219067662502606
3.220052581583633
3.2067790813619843
3.205487986492908
3.2068635831052594
3.2068635831052594
3.2145713992024327
3.2145713992024327
3.2145713992024327
3.2145713992024327
3.2145713992024327
3.2145713992024327
3.2145713992024327
3.221601229231931
3.233267458288805
3.233267458288805
3.2393620998530563
3.2393620998530563
3.211300948571328
3.21223572779226
3.21223572779226
3.21223572779226
3.216889161656345
3.216889161656345
3.2221877167968613
3.2221877167968613
3.2305356666383624
3.2305356666383624
3.209857519274936
3.2088243927839835
3.2088243927839835
3.2088243927839835
3.1836370958948206
3.1764525602348606
3.180187602289213
3.2069325342198334
3.2069325342198334
3.2069325342198334
3.2063690723396228
3.2063690723396228
3.2063690723396228
3.2087108820188135
3.211133223875754
3.211133223875754
3.211133223875754
3.2062027910264197
3.1880189632358937
3.191615704825484
3.191615704825484
3.1953405499283263
3.1953405499283263
3.197028858929614
3.203538199405399
3.2025284772577334
3.2082351240658693
3.2082351240658693
3.2082351240658693
3.209312115835341
3.2253689221336233
3.217631567002385
3.217631567002385
3.217631567002385
3.2032317945149895
3.2100657770341248
3.1962944488772838
3.1910564941532225
3.2219193043753345
3.2114800264321746
3.233573659609029
3.221603299996579
3.221603299996579
3.214472923680854
3.214472923680854
3.2160880309805617
3.2160880309805617
3.2160880309805617
3.23104598096511
3.2238505419605397
3.2107572175480157
3.2107572175480157
3.210656517967737
3.210656517967737
3.2090649172813817
3.2189624448716496
3.216986278483758
3.216986278483758
3.2242502558298702
3.2242502558298702
3.235695289958763
3.2309727320012875
3.2410077790814347
3.2410077790814347
3.2386219231461517
3.2374858988338295
3.2267333634752133
3.2379244960835107
3.2199601494425956
3.217478416690356
3.217478416690356
3.217478416690356
3.217478416690356
3.217478416690356
3.217478416690356
3.217478416690356
3.217478416690356
3.2398132319106447
3.2398132319106447
3.2352305447914125
3.2472733590560754
3.2348233544048943
3.2348233544048943
3.2194861029280837
3.2194861029280837
3.2194861029280837
3.220986728048728
3.2070611420005735
3.2070611420005735
3.2070611420005735
3.2256573683296845
3.2256573683296845
3.2256573683296845
3.2256573683296845
3.2226809921086694
3.2226809921086694
3.229506336549157
3.229826580662397
3.234447485034441
3.2261183837687244
3.228849806137191
3.2215545768772937
3.2215545768772937
3.2323529497285075
3.2323529497285075
3.2323529497285075
3.2323529497285075
3.228981094989136
3.228981094989136
3.2058807434765164
3.199073936983822
3.209397366806873
3.2176140423187327
3.231800374484721
3.228792754892423
3.2162147255235953
3.216008448812039
3.222340148452893
3.239104306867796
3.239104306867796
3.221712693709208
3.221712693709208
3.220997100953176
3.2311564588625137
3.238978580778073
3.234584615908585
3.234584615908585
3.234584615908585
3.234584615908585
3.234584615908585
3.234584615908585
3.234584615908585
3.2277713348633603
3.231878147322722
3.231878147322722
3.216480040432532
3.2470002254005457
3.2470002254005457
3.2470002254005457
3.246978827724056
3.223101456288478
3.2315688174149066
3.2315688174149066
3.2315688174149066
3.227537572984211
3.227537572984211
3.227537572984211
3.2320480915930623
3.2320480915930623
3.2171888680025393
3.2171888680025393
3.2171888680025393
3.2171888680025393
3.2145452389315063
3.2151785605418786
3.223647998483264
3.223647998483264
3.211406091282569
3.2131002444696994
3.2131002444696994
3.2131002444696994
3.226533461383841
3.226533461383841
3.2305394441162343
3.2305394441162343
3.2305394441162343
3.2305394441162343
3.2305394441162343
3.2291493296143834
3.209224619340943
3.2142871121165904
3.196894531637322
3.1979604037819085
3.1979604037819085
3.1966181023887725
3.2225493405986496
3.2272501016213453
3.243579938122374
3.2232987818346626
3.2232987818346626
3.2232987818346626
3.2232987818346626
3.2133448473491173
3.193836644013878
3.2011479804173257
3.2011479804173257
3.18263535950152
3.18263535950152
3.18263535950152
3.18263535950152
3.1978880355206383
3.1978880355206383
3.1978880355206383
3.237403720891176
3.2136425776345803
3.2410462474752553
3.2410462474752553
3.2268430813255775
3.222248523222258
3.2051590452625205
3.2051590452625205
3.2126929889369293
3.2010852498199287
3.2010852498199287
3.2010852498199287
3.2190834202532885
3.225275099770927
3.2086767334238373
3.1910832651193077
3.195583638149075
3.195583638149075
3.195583638149075
3.195583638149075
3.204928739712478
3.204928739712478
3.204928739712478
3.2304464887262174
3.222381970007522
3.222409320647279
3.220958725803933
3.220958725803933
3.220958725803933
3.2265189434849937
3.2265189434849937
3.2350112078739524
3.2350112078739524
3.2487727533334607
3.2264118384688962
3.2264118384688962
3.221182294308229
3.221182294308229
3.2181776784965646
3.2103897126295835
3.2226276998624983
3.2163053157675576
3.2102129809880466
3.2102129809880466
3.2091067936355637
3.2091067936355637
3.2204304102089782
3.2204304102089782
3.2204304102089782
3.2187944068390144
3.211989823777515
3.2266966397129884
3.2210273902209385
3.241966124314198
3.2486649389286364
3.2486649389286364
3.243754941440847
3.247902825289834
3.243169942194894
3.2168168661727843
3.2168168661727843
3.2183561150254203
3.2185674946296916
3.2185674946296916
3.2185674946296916
3.2185674946296916
3.2092043551077754
3.2254203474970145
3.2315405745861514
3.2453629000194097
3.2378521669527887
3.2378521669527887
3.2378521669527887
3.2378521669527887
3.2303287001001135
3.2231428146076766
3.2157659265566445
3.2157659265566445
3.2157659265566445
3.2157659265566445
3.222065157116431
3.2252299754532916
3.234049045567285
3.234049045567285
3.231445132040207
3.2417896488972096
3.238240062837357
3.243401380364061
3.243401380364061
3.243401380364061
3.2561405435085886
3.2561405435085886
3.2561405435085886
3.2561405435085886
3.280637952041569
3.2521441783039577
3.263253783127281
3.263253783127281
3.249095210104382
3.2522902040468673
3.2522902040468673
3.2522902040468673
3.2522902040468673
3.2522902040468673
3.2522902040468673
3.2522902040468673
3.243179135855248
3.2478722544543266
3.246218255785774
3.245920271774254
3.245920271774254
3.245920271774254
3.226953889392642
3.236861102484597
3.236861102484597
3.232478479447007
3.22801737933517
3.227112791824706
3.227112791824706
3.2037334944830524
3.198444157347494
3.198444157347494
3.1860183862378313
3.210261802810109
3.2396237344504537
3.2239287643200774
3.2093857856157966
3.2093857856157966
3.199894252295688
3.199894252295688
3.199894252295688
3.20409155337163
3.20409155337163
3.1923399459918085
3.1923399459918085
3.1923399459918085
3.1923399459918085
3.2101585848854692
3.2277849732198804
3.1943891675359177
3.18562823997859
3.18562823997859
3.1988499725136537
3.227616986591847
3.229169259668382
3.21421637576341
3.2126993586189267
3.2099113605032845
3.222545760603026
3.2026655344687525
3.2000236406923226
3.2000236406923226
3.1942139290201914
3.1885057691472682
3.2078325798155736
3.2205488725196867
3.2205488725196867
3.2205488725196867
3.2326983571968944
3.2326983571968944
3.2343264870880666
3.2343264870880666
3.226138116454081
3.2220655894811974
3.2220655894811974
3.2220655894811974
3.2220655894811974
3.2220655894811974
3.2329739412736727
3.2329739412736727
3.2314453219610066
3.2338697361121604
3.2338697361121604
3.2338697361121604
3.2338697361121604
3.2338697361121604
3.2338697361121604
3.2278518436488772
3.2172132869987666
3.2114016811579367
3.201887970030427
3.1864300982238216
3.2150029072989668
3.2150029072989668
3.2150029072989668
3.207674080117474
3.207674080117474
3.220280376544012
3.220280376544012
3.220280376544012
3.220280376544012
3.221128182051367
3.221128182051367
3.209914122266335
3.209914122266335
3.1953849722233807
3.2007050465373346
3.2046204707572103
3.2046204707572103
3.2026456654950644
3.2026456654950644
3.225178430394596
3.1955292232771475
3.194014915974725
3.204818206208684
3.204818206208684
3.204818206208684
3.2004308974125064
3.1873497718855828
3.194738521248274
3.186088102127086
3.186088102127086
3.186088102127086
3.1882783081450974
3.18534073822487
3.1976669602560284
3.1909000951012723
3.213222351898428
3.213222351898428
3.213222351898428
3.213222351898428
3.213222351898428
3.213222351898428
3.213222351898428
3.19537630542012
3.19537630542012
3.199225750633165
3.1745749959288596
3.1745749959288596
3.1745749959288596
3.1745749959288596
3.1881661889653485
3.1881661889653485
3.191417009484634
3.205434953302412
3.239669025552358
3.226187562810145
3.226187562810145
3.226187562810145
3.226187562810145
3.226187562810145
3.2289463459650025
3.2386472450938038
3.2386472450938038
3.2386472450938038
3.2386472450938038
3.2386472450938038
3.232130238930502
3.2313322190620495
3.225818344170886
3.225818344170886
3.227827986465555
3.227827986465555
3.2400312016246944
3.250304412466084
3.2597268231959005
3.2387044042672137
3.2387044042672137
3.2387044042672137
3.2387044042672137
3.2588687437427044
3.2413829118099056
3.2413829118099056
3.242001402799062
3.242001402799062
3.242001402799062
3.242285393874208
3.2316122753219716
3.2246582100865857
3.2246582100865857
3.2267728377952922
3.2267728377952922
3.2267728377952922
3.2267728377952922
3.2267728377952922
3.22567236732453
3.22995608540755
3.210739596298975
3.2072412776998984
3.204841630808665
3.204841630808665
3.200122503696518
3.189318974970098
3.189318974970098
3.189318974970098
3.189318974970098
3.189318974970098
3.189318974970098
3.2088796593112194
3.2088796593112194
3.221000241219313
3.221000241219313
3.20747676782846
3.217866924548098
3.206838261240365
3.217138720763604
3.204443521279004
3.2190058008910043
3.2110807820926333
3.2110807820926333
3.2110807820926333
3.207002130319586
3.207002130319586
3.207002130319586
3.207002130319586
3.207002130319586
3.207002130319586
3.207002130319586
3.1831797299540887
3.220943220618356
3.231048218962836
3.231087179997338
3.2329872177730605
3.2246785718390925
3.2193640279655016
3.2193640279655016
3.2193640279655016
3.252183226005292
3.2451582248521684
3.2451582248521684
3.228995964703182
3.233441013675054
3.2544901546935114
3.2343463825600756
3.2418693428259897
3.257807054480991
3.2589422812343516
3.2589422812343516
3.2589422812343516
3.2490086260591795
3.2420773367797824
3.2437324871042628
3.245266508497727
3.226890783582728
3.216921664712109
3.216921664712109
3.218837947129884
3.2220599111779977
3.2220599111779977
3.225142539002383
3.225142539002383
3.218102413336893
3.2194094818486856
3.2011122048467393
3.2346760163009387
3.2345673900038063
3.2345673900038063
3.212488527714794
3.212488527714794
3.212488527714794
3.212488527714794
3.23248399152762
3.24522034266052
3.24522034266052
3.2407197656346005
3.2407197656346005
3.2407197656346005
3.2463498443708976
3.248347276351306
3.2590434621688606
3.2557491844085646
3.2344272878358153
3.2344272878358153
3.250782082073964
3.238025934260884
3.238025934260884
3.238025934260884
3.2330979693528086
3.2330979693528086
3.2317927322539868
3.2317927322539868
3.2317927322539868
3.248710460305817
3.248710460305817
3.202693032109624
3.202693032109624
3.202693032109624
3.202693032109624
3.2154450697308645
3.1922145053564845
3.1933868609388183
3.1933868609388183
3.193725633156399
3.193725633156399
3.193725633156399
3.193725633156399
3.193725633156399
3.195823799211898
3.1954898749779006
3.2138794244729194
3.1980026524394813
3.1980026524394813
3.213617427326178
3.2089592251512156
3.211003196272129
3.2117955381936105
3.208750669187038
3.208750669187038
3.2024385581718855
3.2024385581718855
3.2064711318321617
3.2064711318321617
3.2064711318321617
3.1854434394193314
3.1854434394193314
3.1854434394193314
3.2181747521152406
3.216854085686664
3.216854085686664
3.198460441489364
3.1832597563512026
3.213516832701485
3.2072901577809882
3.1980898173870362
3.20478635831947
3.202710072713323
3.1975001997032697
3.195306667097256
3.195306667097256
3.195306667097256
3.2079986331481027
3.2079986331481027
3.183010622935369
3.1987269028832555
3.1987269028832555
3.1987269028832555
3.2006038364977583
3.212229726439363
3.212229726439363
3.2198740355645272
3.2198740355645272
3.230303701695276
3.230303701695276
3.230303701695276
3.230303701695276
3.223649074462254
3.2253054453632233
3.2264630241799397
3.2412355146040053
3.2569241557142226
3.246870963612717
3.246870963612717
3.2176280774545436
3.2328859602510063
3.240428903127618
3.240428903127618
3.2316517969034138
3.2316517969034138
3.2511226024235027
3.233496957060802
3.2463569831580625
3.246874914300622
3.246874914300622
3.246874914300622
3.244270027556711
3.245744325659832
3.245744325659832
3.245744325659832
3.232401501918195
3.232401501918195
3.232401501918195
3.2307115611067685
3.229736659837851
3.229736659837851
3.2411860683402414
3.2310514481650827
3.251975789500627
3.234914307265994
3.2262006835875625
3.226336734502879
3.2695936613163843
3.2695936613163843
3.2695936613163843
3.2480489749056534
3.2315983883266997
3.233159559380439
3.2417405371792434
3.2417405371792434
3.2417405371792434
3.2417405371792434
3.2335079371550046
3.2380809434417657
3.251712735248981
3.251712735248981
3.251712735248981
3.2467812281365283
3.2467812281365283
3.2467812281365283
3.26092864645275
3.244434938954537
3.244434938954537
3.238586817822493
3.238586817822493
3.238586817822493
3.242602224178223
3.260110527415693
3.2489330067052786
3.265518153930926
3.256837043694394
3.256837043694394
3.2602242940907944
3.2602242940907944
3.2492812468507712
3.236918766560412
3.2282634733540574
3.2282634733540574
3.2282634733540574
3.2282634733540574
3.2119436909184156
3.2119436909184156
3.213810169115317
3.213810169115317
3.213209915767487
3.213209915767487
3.213209915767487
3.213209915767487
3.223417572988517
3.1984858862549896
3.2074582116396253
3.2074582116396253
3.2074582116396253
3.1983059209977234
3.2063439152975186
3.185232646775322
3.190953196677958
3.1807254968408234
3.1901400285647417
3.1901400285647417
3.1901400285647417
3.188495751932491
3.2012179021673375
3.2186576881330593
3.2186576881330593
3.20082318863224
3.2080295688251033
3.2080295688251033
3.2080295688251033
3.206882331395029
3.206882331395029
3.192082357394315
3.2019840674527833
3.2019840674527833
3.2019840674527833
3.2019840674527833
3.2045882202323304
3.2034975791710756
3.199407286314395
3.206207156645394
3.206207156645394
3.208908419787473
3.2013962593278102
3.2228302639022854
3.210912602710529
3.210912602710529
3.2151317116867584
3.2379808484540393
3.224915158614104
3.218009891402948
3.218009891402948
3.218009891402948
3.2327387189265577
3.2327387189265577
3.2327387189265577
3.2327387189265577
3.2327387189265577
3.2327387189265577
3.2327387189265577
3.2327387189265577
3.2129412397784627
3.2129412397784627
3.243054846764058
3.243054846764058
3.2509020524802326
3.2552148672544883
3.2255474955179606
3.2255474955179606
3.2255474955179606
3.2259078632298386
3.2259078632298386
3.2297815836826036
3.2551128013454744
3.269810470642024
3.259361947303917
3.259361947303917
3.2338481741587524
3.2338481741587524
3.241099620563369
3.241099620563369
3.222598934096019
3.214759976739685
3.214759976739685
3.219666297331769
3.219666297331769
3.205064316915697
3.234952203943639
3.234952203943639
3.234952203943639
3.236600558254267
3.2418559629643826
3.2418559629643826
3.2418559629643826
3.223507903358316
3.223507903358316
3.2266900227990916
3.2570545984414347
3.2570545984414347
3.2623469374678926
3.264431295799166
3.264431295799166
3.2777428950755834
3.2754549935242507
3.2481034455347206
3.2481034455347206
3.2240851600266334
3.2392368610651285
3.249197070373541
3.258911808298872
3.2628208907554996
3.2628208907554996
3.251885836870307
3.2649929511891753
3.2582356627073374
3.2546411075068917
3.250542969226038
3.256048514445075
3.249047280088068
3.2765936191972043
3.2765936191972043
3.2765936191972043
3.293256997719394
3.280101736773144
3.2417420402867068
3.239290293652154
3.239290293652154
3.256676993272773
3.2450652435778213
3.248051282613269
3.248051282613269
3.2519378948904785
3.253007218998009
3.26164267987308
3.26164267987308
3.249249335678591
3.249249335678591
3.249249335678591
3.2147295645711944
3.2147295645711944
3.215139818863008
3.215139818863008
3.215139818863008
3.2504911695352248
3.2422565667868057
3.2496413307362193
3.250709076236578
3.261445939114072
3.2613452989981595
3.256636838124276
3.249966941020508
3.250751119207388
3.250751119207388
3.2441316432310034
3.2562858163435227
3.247491826614149
3.230503572710261
3.2288810688441636
3.2288810688441636
3.2288810688441636
3.2288810688441636
3.2317165892533097
3.2513826572867686
3.2513826572867686
3.2531174176280877
3.2531174176280877
3.2531174176280877
3.2526979001502396
3.2580143305784963
3.2580143305784963
3.2450180217890714
3.2450180217890714
3.2210030812278547
3.2105789709003663
3.216069855599751
3.2305135763552024
3.2190954334773565
3.234922329700183
3.2011403935710607
3.2003696410178586
3.2216342889081777
3.2121247119975407
3.206952699116554
3.206952699116554
3.206952699116554
3.206952699116554
3.2476100444078364
3.240442800581929
3.220786012012345
3.220786012012345
3.220786012012345
3.2033705152259486
3.2033705152259486
3.2083903544780776
3.240831176032662
3.240831176032662
3.240831176032662
3.236578167872555
3.236578167872555
3.236578167872555
3.236578167872555
3.236578167872555
3.216838253913574
3.216838253913574
3.247887833363757
3.247887833363757
3.223289064636833
3.2573645039517842
3.246761830575328
3.221774790113491
3.2302747484767815
3.2302747484767815
3.2457049040628636
3.27629512257424
3.2847977092767278
3.2847977092767278
3.277008716972819
3.2883339935688016
3.2470562467975337
3.2470562467975337
3.2470562467975337
3.2598586888480314
3.2583994168087083
3.2707471667183703
3.2707471667183703
3.2707471667183703
3.2770217712625143
3.259543937048733
3.259543937048733
3.259543937048733
3.2613089052175326
3.2613089052175326
3.257736348529344
3.2500819514190926
3.239142057060072
3.2414315344359905
3.2414315344359905
3.241710830054128
3.239882295650765
3.239882295650765
3.2559668968698046
3.2559668968698046
3.2309481289837274
3.2413657402734315
3.2673947764997964
3.2673947764997964
3.2673947764997964
3.2673947764997964
3.255885380723724
3.259219970870899
3.259219970870899
3.259219970870899
3.2560999101971912
3.2560999101971912
3.2560999101971912
3.2578564224605597
3.2562440902880474
3.2562440902880474
3.243030793591773
3.2410603627524766
3.269490033105574
3.2653050580973666
3.2653050580973666
3.2653050580973666
3.250712986137574
3.269504682987643
3.269504682987643
3.269504682987643
3.2738878989331774
3.2738878989331774
3.2856426369803833
3.2753075503195794
3.2683672902185466
3.2560438910497247
3.2560438910497247
3.2510263767454712
3.2432785472183214
3.2305621893900347
3.2576731473197564
3.2576731473197564
3.2765657927998797
3.2765657927998797
3.2765657927998797
3.2765657927998797
3.2685888345233116
3.252459864201643
3.252459864201643
3.226674985037206
3.2314359807565416
3.2314359807565416
3.2314359807565416
3.229680174990954
3.2511000114957445
3.2604735618101564
3.240060549634217
3.2081675775984535
3.2081675775984535
3.215554372278959
3.215554372278959
3.215554372278959
3.229182028472494
3.229182028472494
3.229182028472494
3.2557304498141924
3.2557304498141924
3.262237423354354
3.2642123113424377
3.2642123113424377
3.2642123113424377
3.2427845756563802
3.2427845756563802
3.246802356369225
3.2268698244152376
3.2309606738825507
3.239558500399047
3.239558500399047
3.235767107808345
3.235767107808345
3.241491283672969
3.251147032363826
3.245408745595477
3.245408745595477
3.245408745595477
3.2210700194179496
3.2210700194179496
3.2210700194179496
3.2314406031841734
3.226615580811436
3.234141778625717
3.2366625006548224
3.2366625006548224
3.2366625006548224
3.2366625006548224
3.2366625006548224
3.2434810788100727
3.219717886281727
3.23894721834953
3.23894721834953
3.23894721834953
3.2480921210191163
3.2480921210191163
3.2480921210191163
3.2480921210191163
3.2266963797021417
3.2266963797021417
3.2266963797021417
3.2266963797021417
3.216774926680227
3.2243928724292084
3.2243928724292084
3.2243928724292084
3.2243928724292084
3.2146131762988253
3.2407623085704182
3.2272510739948346
3.206209818825124
3.206209818825124
3.206209818825124
3.206209818825124
3.206209818825124
3.208611632989088
3.2163463707974116
3.209031972911656
3.2237284835225117
3.244948588638134
3.244948588638134
3.244948588638134
3.250446190296492
3.240468438672829
3.242861034751337
3.2353717442479413
3.219565708421473
3.219565708421473
3.2330567986841494
3.2330567986841494
3.2330567986841494
3.2330567986841494
3.247857359719966
3.232485417256871
3.232485417256871
3.232485417256871
3.2105368856646526
3.20067463213397
3.20067463213397
3.223558186448463
3.2133790048877025
3.2133790048877025
3.2167460687830047
3.2167460687830047
3.2167460687830047
3.2110859294022682
3.1937461041860566
3.1937461041860566
3.1937461041860566
3.1937461041860566
3.1924270543457234
3.1924270543457234
3.196623569697238
3.213119770982404
3.213119770982404
3.220014853984927
3.220014853984927
3.221508659331022
3.2198027699088847
3.1839789044181366
3.1839789044181366
3.2097539723253665
3.2097539723253665
3.2097539723253665
3.206251465079921
3.206251465079921
3.206251465079921
3.2123555646789193
3.1952687582647528
3.221376544205118
3.252261603431662
3.2346585663973046
3.2346585663973046
3.245921112365472
3.238122724339064
3.2668932973371727
3.2668932973371727
3.2668932973371727
3.2368964624330285
3.2309154067145864
3.2309154067145864
3.2309154067145864
3.2518375276875653
3.241866946948695
3.241866946948695
3.241706866429292
3.241526348768066
3.241526348768066
3.241526348768066
3.25429428470491
3.25429428470491
3.2047660343422737
3.2154560203867146
3.2154560203867146
3.2154560203867146
3.212857072102142
3.203540784561613
3.2257809308664376
3.2257809308664376
3.211939992959162
3.215621433017832
3.2239943407740226
3.19983333756752
3.227708024640362
3.227708024640362
3.238971334918281
3.208854711929206
3.208854711929206
3.225681425714698
3.2221372669315107
3.228011743947114
3.2068539026354834
3.2068539026354834
3.217016639532573
3.217016639532573
3.2246740469212347
3.207759564300905
3.207759564300905
3.207759564300905
3.2130897564241376
3.2130897564241376
3.2130897564241376
3.2206120789554014
3.2206120789554014
3.208784001931641
3.208784001931641
3.1991482606096144
3.2206778796908924
3.2222371524648867
3.2228110591622245
3.2228110591622245
3.2228110591622245
3.203816851294242
3.2200631078915922
3.2200631078915922
3.2200631078915922
3.1964189418746742
3.1964189418746742
3.199061787082368
3.2075937976218496
3.218852563426964
3.23501426854321
3.2204114468411085
3.235815833488544
3.235815833488544
3.235815833488544
3.236063230142207
3.236063230142207
3.236063230142207
3.2405927871223286
3.235503740524912
3.235503740524912
3.235503740524912
3.24386050985325
3.2358575075161027
3.237824923294651
3.2265245958943596
3.242275747757209
3.226181734632903
3.220203441542776
3.220203441542776
3.239425204472225
3.2521801970419544
3.269883145919754
3.269883145919754
3.280401774177233
3.2818945623625044
3.283107016872504
3.2784568939257626
3.2846556283326667
3.2846556283326667
3.2808375529646443
3.2808375529646443
3.2675811677485416
3.2541663330996475
3.241414007771608
3.2595369293325436
3.259435893830081
3.259435893830081
3.266262873088319
3.2572640405205884
3.261080892935045
3.253201434361139
3.251907991181473
3.2432644410445057
3.2423852590088478
3.2352292507604026
3.247189117087317
3.2480043931373133
3.252948637527502
3.257963161867891
3.2535386404455626
3.2498193641907758
3.2605271219907133
3.2605271219907133
3.2572579423811088
3.2572579423811088
3.2640025448223144
3.2818390980597965
3.270104822119336
3.2737748461705247
3.2879565721742976
3.2804608372633446
3.2804608372633446
3.2771344833592706
3.276026439118234
3.2573863755014467
3.2405906036983745
3.2405906036983745
3.2405906036983745
3.2405906036983745
3.2495474600594716
3.254925376209659
3.254925376209659
3.258851889841142
3.258851889841142
3.258851889841142
3.258851889841142
3.2587504830667986
3.2587504830667986
3.2327801449552016
3.2392753317543606
3.2392753317543606
3.2392753317543606
3.2416020952341396
3.2349122640288632
3.2349122640288632
3.2349122640288632
3.273630680427433
3.2634561353946747
3.2634561353946747
3.2634561353946747
3.2634561353946747
3.2701673868427252
3.266687549952039
3.266687549952039
3.266687549952039
3.266687549952039
3.257509346063886
3.2445607843333892
3.232370642678104
3.252796455522255
3.252796455522255
3.2268263108408113
3.2339688693855253
3.2339688693855253
3.2339688693855253
3.2441069920370365
3.235762467290764
3.235762467290764
3.235762467290764
3.235762467290764
3.22978417151366
3.22978417151366
3.229410880912199
3.229410880912199
3.242714369662819
3.242714369662819
3.2263151980281286
3.2263151980281286
3.2263151980281286
3.2186144369586382
3.2272470231490114
3.2272470231490114
3.2272470231490114
3.2272470231490114
3.2254702806490116
3.2594398801332933
3.2594398801332933
3.2594398801332933
3.247760198818028
3.234909934643992
3.234909934643992
3.234909934643992
3.2308242511789986
3.254787288136017
3.2538436988127524
3.240382842609165
3.238845446575213
3.238845446575213
3.222406293735604
3.222406293735604
3.222406293735604
3.222406293735604
3.210988039738622
3.2148727610780927
3.2064537543913647
3.20283858142133
3.1864160600563043
3.172524852703497
3.172524852703497
3.201433874625654
3.1989435033909417
3.2027757528703624
3.2108439943556464
