0.10812113834040346
0.10812113834040346
0.10812113834040346
0.10812113834040346
0.10812113834040346
0.10812113834040346
0.10812113834040346
0.10812113834040346
0.10812113834040346
0.10812113834040346
0.10812113834040346
0.10812113834040346
0.10812113834040346
0.10812113834040346
0.10812113834040346
0.10812113834040346
0.10812113834040346
0.10812113834040346
0.10812113834040346
0.10812113834040346
0.10812113834040346
0.10812113834040346
0.10812113834040346
0.10812113834040346
0.10812113834040346
0.10812113834040346
0.10812113834040346
0.10812113834040346
0.10812113834040346
0.10812113834040346
0.10812113834040346
0.10812113834040346
0.10812113834040346
0.10812113834040346
0.10812113834040346
0.10812113834040346
0.10812113834040346
0.10812113834040346
0.10812113834040346
0.10812113834040346
0.10812113834040346
0.10812113834040346
0.10812113834040346
0.10812113834040346
0.10812113834040346
0.10812113834040346
0.10812113834040346
0.10812113834040346
0.10812113834040346
0.10812113834040346
0.10812113834040346
0.10812113834040346
0.10812113834040346
0.10812113834040346
0.10812113834040346
0.10812113834040346
0.10812113834040346
0.10812113834040346
0.10812113834040346
0.10812113834040346
0.10812113834040346
0.10812113834040346
0.10812113834040346
0.10812113834040346
0.10812113834040346
0.10812113834040346
0.10812113834040346
0.10812113834040346
0.10812113834040346
0.10812113834040346
0.10812113834040346
0.10812113834040346
0.10812113834040346
0.10812113834040346
0.10812113834040346
0.10812113834040346
0.10812113834040346
0.10812113834040346
0.10812113834040346
0.10812113834040346
0.10812113834040346
0.10812113834040346
0.10812113834040346
0.10812113834040346
0.10812113834040346
0.10812113834040346
0.10812113834040346
0.10812113834040346
0.10812113834040346
0.10812113834040346
0.10812113834040346
0.10812113834040346
0.10812113834040346
0.10812113834040346
0.10812113834040346
0.10812113834040346
0.10812113834040346
0.10812113834040346
0.10812113834040346
0.10702699337378294
0.10702699337378294
0.10699636134817087
0.106740598833861
0.106740598833861
0.106740598833861
0.10740329113458211
0.10744329471509272
0.1074422007268662
0.1074422007268662
0.1064020536909141
0.10558007143019929
0.10472401591170023
0.10508101195671234
0.10538350149396894
0.10521703813587976
0.10521703813587976
0.10582806607246345
0.10486970988366685
0.10471021129614386
0.1055951650246888
0.10552010626487122
0.10538561448851572
0.10538561448851572
0.10538561448851572
0.10562985390481729
0.10656224315679111
0.10707009331821907
0.10620176664491583
0.10620176664491583
0.10618930727356952
0.10603416453481691
0.10753933425650526
0.10914818806537965
0.10763432163929491
0.10763432163929491
0.10918619098937052
0.10962421168878302
0.10837408379574116
0.10684916864393744
0.10683413244527214
0.10766383404693339
0.10766383404693339
0.10734865596921957
0.1068594853712044
0.10639098213871027
0.10719971862081357
0.10711637572348175
0.10825762812764031
0.10825762812764031
0.10871759593206785
0.10934345616681296
0.10880371982819723
0.1092725667573448
0.10850401086313789
0.10850401086313789
0.10850401086313789
0.10811336277813897
0.1079261416709897
0.10891447538337386
0.10920142464724086
0.10951628725377807
0.10951628725377807
0.1090779940471367
0.10876683419266703
0.10916994195683893
0.10916994195683893
0.10868206140385
0.10945787326492558
0.11000291405947189
0.11112654843659044
0.11084243287570864
0.1103917984855727
0.1103917984855727
0.11105402227255638
0.11105402227255638
0.11105402227255638
0.1098709381848707
0.10928821807105829
0.10904415246624934
0.11060808920962222
0.11101749582499314
0.11101749582499314
0.1107709536398168
0.10981321983914237
0.10981321983914237
0.10981321983914237
0.10981321983914237
0.10983077995884338
0.10972128787476268
0.10930781096163451
0.10889771194713306
0.10966838257335249
0.10991400410768819
0.11019431825296422
0.10976862126388795
0.10915779066582512
0.10915779066582512
0.10905144939110187
0.10836829721317251
0.10961285079114395
0.10974338257908862
0.10990679099573171
0.10985895683791572
0.11010679645950809
0.11047582126617328
0.11009029952505002
0.11051428374576776
0.11127799140928019
0.1111637239044641
0.11193538252168013
0.1117184914157845
0.1117184914157845
0.11203803144924852
0.11057527537426115
0.11057527537426115
0.11057527537426115
0.10965253940400316
0.11032158028619868
0.1113757079203224
0.11169983321832705
0.11112121482101969
0.11084688509308524
0.11072478230750094
0.11072478230750094
0.11067160131054826
0.11158033025910277
0.1113542957894402
0.11056919789432315
0.10926312466006768
0.11015486471504142
0.11015486471504142
0.11001928800892122
0.10924697823431641
0.10924697823431641
0.11061518762943576
0.11061518762943576
0.11107936767502516
0.11167604875521367
0.1096888648785421
0.110060276792138
0.10992001996600315
0.10923873152283696
0.10962417396442906
0.10948155707632877
0.10902886231292624
0.1097649058533761
0.10977010630901472
0.10928607029733318
0.10966586010385079
0.10994576324730002
0.10915794590717108
0.11006088015836409
0.11176305962745942
0.11195598359629165
0.11126468200183859
0.11066019683877354
0.1114348386547535
0.11058317062786926
0.11058317062786926
0.11173914322469848
0.11167797537761373
0.11000318907003612
0.11000318907003612
0.10987697917993522
0.1097143557256661
0.10981905161698123
0.10925244931813563
0.10977834977965334
0.10940471815047671
0.11028968435155542
0.111784449695315
0.11165836016651616
0.11171739728600742
0.11142459235264854
0.11193557104840601
0.11284069304833193
0.1120941663242812
0.11150813939081627
0.11150813939081627
0.11150813939081627
0.11150815277409755
0.11185279952429941
0.11240094423555026
0.11240094423555026
0.11240094423555026
0.11234434695455668
0.11207099535203292
0.11229385457463754
0.11159213610363743
0.11162152152414949
0.11182005606079566
0.11182005606079566
0.11182005606079566
0.1104883400717725
0.1116670998051085
0.11050244015621499
0.11033088177142343
0.11033088177142343
0.11038354609608982
0.11146101845647775
0.11103638018830919
0.11103638018830919
0.11207364341281378
0.11232501989269163
0.11170814122711141
0.11170814122711141
0.11083000393421205
0.11083000393421205
0.11046739093974448
0.11059842531210799
0.11138360024724278
0.11077696879210835
0.11077696879210835
0.11039635609082096
0.11006819735816453
0.11006819735816453
0.11031160219908359
0.11126401861790268
0.11058268129328067
0.11092448327550807
0.11191499726647788
0.11215506787021057
0.11192244262205453
0.11240019893440334
0.11314756184251679
0.11330900141505082
0.11328737701971062
0.11375365062465753
0.11365723366402455
0.1131972849660356
0.1131972849660356
0.1131972849660356
0.11313643229014733
0.11436001329590909
0.1143953251111002
0.11379720038369799
0.1145390081054693
0.11356883581389232
0.1125349999833614
0.1125349999833614
0.1125349999833614
0.1128924864466719
0.11146533003856982
0.11122028806078582
0.11122028806078582
0.11093344852720063
0.11108180358967755
0.11173312712878236
0.11173312712878236
0.110935891029736
0.11130376628156884
0.11119360485104225
0.11119360485104225
0.11119360485104225
0.10990363758544872
0.11077692994463736
0.11153584423836714
0.1117440654238097
0.11230163969092266
0.11160685599089427
0.11203753133300852
0.11139539031952754
0.11072481519508524
0.11072481519508524
0.1121436485410664
0.11149431220141592
0.11137374467539357
0.11137374467539357
0.11062771357179811
0.11081864973521166
0.11046366405957389
0.10947801179066383
0.10848500955002759
0.10914702786928045
0.11004668478295526
0.10992697181481358
0.10992697181481358
0.10992697181481358
0.10957412445628714
0.10957412445628714
0.10913814191816792
0.10913814191816792
0.109239372533896
0.109239372533896
0.10837118919401036
0.10840932249743605
0.1086138144003056
0.1104243965962338
0.1104243965962338
0.11029246942043579
0.11016182532292393
0.11016182532292393
0.11027628466156225
0.11027628466156225
0.11027628466156225
0.10977770124872738
0.10995929594968035
0.10964511020548237
0.110337320493798
0.11017857210813246
0.11065390680495053
0.11002508232579959
0.10924195392245312
0.10924195392245312
0.10893361320677684
0.1078913562990978
0.1078913562990978
0.10978434217381616
0.10885610087723491
0.10932286174894942
0.10917211461203345
0.11012623589948564
0.11050671112730585
0.11172604109371305
0.11116449525766355
0.11116449525766355
0.1107270366318804
0.11077220618533222
0.11167249501227389
0.11150654312815195
0.1137687986704477
0.11280972717603323
0.11280972717603323
0.11280972717603323
0.11336807103899077
0.11202562513523301
0.1122421589940994
0.11312683351165691
0.11265765168489827
0.11322630440831924
0.11322630440831924
0.11276906603777019
0.11258279689957681
0.112410318144715
0.11301179974297682
0.11107936097697325
0.11139663864592603
0.11000311861689516
0.10894436603477765
0.109160022829253
0.10830675049553896
0.10874385356933657
0.10978108509628856
0.10978108509628856
0.10938861503123334
0.10840098006227691
0.10865775088539863
0.10904039267333408
0.11045162646267626
0.10960250761280495
0.11064933505397831
0.10997084010397797
0.1087607024942551
0.10925286005023314
0.10987333459022516
0.10914437475289855
0.10839979109023838
0.10839979109023838
0.10824710896725365
0.10727812418613748
0.10689549624425315
0.10689549624425315
0.10641436854617421
0.10764615009459222
0.10880563896260088
0.10890704953758452
0.10831117302681742
0.10962135512231666
0.11037728971821605
0.10924494088219333
0.10938764191521667
0.1080489974743719
0.10924200749013226
0.10958185277607004
0.10991953671026049
0.10845736414565123
0.1096817971317178
0.11036853368032705
0.10964727751843738
0.10978131778024466
0.10914625804536668
0.11052810956348123
0.109925735308968
0.1085198415438538
0.10969055188056662
0.10941041985187507
0.10941041985187507
0.10957312412081988
0.10924079268649234
0.1105199213433717
0.11065207157798256
0.11088399602172548
0.11242617832886104
0.1130137057678846
0.1130137057678846
0.11299390217633358
0.11340864559880909
0.11389622855733482
0.11291981140243199
0.11130921031345278
0.11072701620768495
0.11072701620768495
0.11112108084575222
0.11112108084575222
0.11131748037944456
0.1126661436296433
0.11173271433701587
0.11173271433701587
0.11243444927722261
0.11060321716610261
0.1119835355825208
0.1119835355825208
0.11200224188395824
0.1119831840955342
0.1119831840955342
0.11299237849304421
0.11333842826797434
0.11333842826797434
0.11321957935049261
0.11258459427869545
0.11308903789620267
0.11296875348232621
0.11238603450249646
0.11293141181918522
0.11264623898994144
0.11247312343123492
0.11247312343123492
0.11389563437125891
0.1117766664947659
0.11245620077717881
0.11133427319773959
0.11153543836361736
0.11124881428172541
0.10948991207446647
0.11031331308306505
0.11094316762239775
0.11094316762239775
0.11094316762239775
0.11043311128141362
0.10970144140852316
0.10970144140852316
0.10941190159143521
0.10941190159143521
0.10941190159143521
0.10984090873631913
0.10984090873631913
0.10984090873631913
0.10985347731713785
0.10955173488827132
0.11041728935209957
0.11138488796759663
0.11180919963494447
0.11211620733892896
0.11211620733892896
0.11191836622528607
0.11204803414582942
0.11204803414582942
0.11204803414582942
0.11226372352009277
0.11256493998090486
0.1126100071490464
0.11287283523937018
0.11287283523937018
0.11287283523937018
0.11424437217990897
0.11424437217990897
0.11539737614232874
0.11618647475591926
0.11632073225463792
0.11508342276107121
0.11468514438506419
0.11461620317534084
0.11461620317534084
0.11458069462051995
0.11491802067163553
0.11525842123771372
0.11470230283366983
0.11382154021619442
0.1138386580999654
0.11444933903516104
0.11444933903516104
0.11390105012810654
0.11336113418826292
0.1143854775076074
0.11536069849364895
0.11413054219751073
0.11502344125999442
0.11459588098054176
0.11517245259914163
0.11447647487635634
0.1140476605240446
0.11423714148525418
0.11423714148525418
0.11423714148525418
0.1144421026232154
0.11464345879637933
0.11390678956092835
0.11459381446237059
0.11458260857373745
0.1146032400737598
0.11382710652200956
0.1132212413979722
0.11302536853634101
0.11288441361463347
0.11327816747530471
0.1144634549537291
0.1137145518338587
0.1131511598100187
0.11315909376111896
0.11334876260340424
0.11334876260340424
0.11366038708637792
0.11277732448898943
0.11255882822877908
0.11411184227434493
0.1128368520394347
0.11244773432300252
0.1128477935788778
0.11247916461480506
0.11126607364584466
0.11306072347519629
0.11334383763589115
0.11334383763589115
0.113274076918608
0.114297873464699
0.11501877393809397
0.11501877393809397
0.11623460193266703
0.11618172935187622
0.11636288501154178
0.1160149213249319
0.11572071744813497
0.11603956779170793
0.116347541710854
0.11660406778839863
0.11705911203068979
0.11773912138841679
0.11773912138841679
0.11721260493737937
0.11769039800546782
0.11770664640793442
0.11814988289087694
0.11814988289087694
0.11778380034672252
0.11778380034672252
0.11735756300482864
0.11735756300482864
0.11739527216186015
0.11625925407490255
0.11625925407490255
0.11686254022982348
0.11740895091467683
0.11715149630871934
0.11746803121126392
0.1170822429919907
0.1164833962076021
0.11508725436003546
0.11577343974388042
0.1151788476174381
0.11526395040926084
0.1152474865932067
0.1152474865932067
0.1144695896051408
0.1144695896051408
0.11520770599169508
0.11475632831627354
0.11447438935661662
0.11331237007315627
0.11246962082731293
0.11254981484095924
0.11254981484095924
0.11254981484095924
0.11186769193664546
0.11113522249365025
0.11138697427562992
0.10943634587677377
0.10943634587677377
0.10936994567822748
0.10936994567822748
0.10894484101029699
0.10937991535438531
0.10948424142784208
0.10957285695449559
0.10942728906156102
0.10947996482699338
0.10962303483941868
0.10850216141135358
0.10933626440372964
0.10964450961111026
0.10964450961111026
0.1096316417696762
0.11061854804363282
0.10994824753557189
0.10957700009530297
0.10994188053182002
0.1111448784828383
0.1111448784828383
0.11169617386765622
0.1114975774755258
0.11045604612561415
0.1111111254785092
0.1111111254785092
0.11167837835171579
0.11252112215763566
0.1116834940583191
0.1116834940583191
0.11210703202713565
0.11100444157810445
0.11066083507629733
0.11151552854767068
0.11244278705014076
0.11317427587718187
0.11256287032105226
0.1135999890137449
0.11341502979201372
0.11349541131883499
0.11343888495756102
0.11343888495756102
0.11284871923399974
0.1137188407242593
0.11338962905832974
0.11338962905832974
0.11319353527050191
0.11319353527050191
0.11337072801557065
0.11240265059077217
0.11167576108402219
0.11141441144364485
0.11220723921128564
0.11269489447134075
0.11355053767623743
0.11397079857741098
0.11344661067319482
0.11422930376632463
0.11355376369039885
0.11399819544305202
0.11399819544305202
0.11403442406405467
0.11403442406405467
0.11398868469887136
0.11318003664250557
0.11394892041510882
0.11453380181968052
0.11453380181968052
0.1144400887899787
0.1145060427002718
0.11424205884686317
0.11322451435520814
0.11304157246915185
0.11271125397378266
0.11150257781461301
0.1114278795719175
0.1112674658309472
0.11063368273597488
0.11063368273597488
0.10983964625262914
0.10983964625262914
0.11217905286081684
0.11195459497546323
0.11217995891671352
0.1124431001602708
0.11339709629878535
0.11361211316092851
0.11459784351688188
0.1129917166536207
0.1136250341794585
0.11323520689414555
0.11338151853264004
0.1137684784359152
0.11383368117045913
0.11409458409925056
0.11409458409925056
0.11428897799891787
0.11384633023610703
0.11472844541316439
0.11472844541316439
0.11559024326144139
0.11548286342828917
0.11585753962999071
0.11585753962999071
0.11585753962999071
0.11555175781964211
0.11555175781964211
0.11487451241889167
0.11663778824354736
0.11663778824354736
0.11619098988525824
0.11565046952260834
0.11526881611624683
0.11526881611624683
0.11612154439965293
0.11599596985778997
0.11630512791186949
0.11596015519351094
0.11600709924006575
0.11541563503157876
0.11538985179982858
0.11538985179982858
0.11461621930477262
0.11461621930477262
0.11452253804767636
0.11387640602923846
0.11379305345360627
0.11232755011884078
0.1126306093195484
0.11342951023195351
0.11294818378183112
0.1131731806945651
0.11377943242637455
0.11347401528955399
0.11332162778858539
0.11332162778858539
0.11343063176965293
0.11440062878824324
0.11440062878824324
0.11440062878824324
0.11440062878824324
0.11350307496452378
0.11279032292280203
0.11386768729243434
0.1132206720212946
0.11285001346417672
0.11445941066327629
0.11445941066327629
0.1151814522963538
0.11578433093174283
0.11557291540073134
0.11567047736404995
0.11543490962133085
0.11486673215306303
0.11486673215306303
0.11527288051233049
0.11527288051233049
0.1149604077900452
0.1149604077900452
0.11492202590116972
0.11492202590116972
0.11492202590116972
0.11403200923532483
0.11409202061208427
0.11461412505733223
0.11433436669931649
0.11356237813669978
0.11286484093488117
0.11239658186758698
0.11223555338925867
0.11172521166835343
0.11112661944868228
0.11159566444185967
0.11337148121777409
0.11333081351183522
0.11305418959822745
0.11350678494169918
0.11350678494169918
0.11449111199660797
0.11429707489042445
0.11319961604779011
0.11270757482269016
0.11220524418570291
0.11228097835525205
0.11297638895356833
0.11385681780523112
0.11494213841891755
0.11509594999975556
0.11392784820434228
0.11444832138365987
0.1133908309513062
0.11350719915669415
0.11307536240796308
0.11391908447379835
0.11416150501093522
0.11339271155725957
0.1121579039602981
0.1121579039602981
0.1121579039602981
0.11216821874644979
0.11151608941912049
0.11151608941912049
0.11151608941912049
0.11151608941912049
0.11202880702650038
0.1101943442905001
0.11040791488773088
0.11053926692364671
0.11053926692364671
0.11028377121098286
0.11005966148542534
0.11005966148542534
0.11050082128735228
0.1090702907548248
0.109541822445758
0.10957249517879745
0.10819061648244264
0.1068739843550025
0.10684218210854385
0.1066005585364743
0.1066005585364743
0.1066005585364743
0.10682954311229034
0.10677362020339044
0.10629427199038727
0.10613804196992842
0.10742137378447929
0.10703475423281864
0.10667796699174077
0.10688467613931997
0.10732209205696093
0.10729138762318194
0.10667353716687847
0.10782397588444821
0.10782397588444821
0.10866428127483999
0.10851070149721431
0.10838827130212343
0.10863280223163216
0.10808105997602444
0.10808105997602444
0.10874174089206798
0.10951952689286197
0.10951952689286197
0.10951952689286197
0.10951952689286197
0.10951952689286197
0.10943991234397446
0.11035051764235884
0.11035051764235884
0.11119750403066908
0.11119750403066908
0.11151091552538021
0.11092393495080799
0.11108843238216862
0.11178314458497748
0.11229920064398059
0.11247783141125661
0.11275858481744115
0.11275858481744115
0.1126433296209978
0.1113524966022176
0.11173175709327741
0.11198548389666622
0.1129333647416339
0.11373191556138813
0.11333254988596086
0.11320404358472193
0.11409074122218398
0.11417457177544331
0.11496163414506978
0.11633048134105864
0.11633048134105864
0.11604734173846676
0.11604734173846676
0.11604734173846676
0.11604734173846676
0.11571603773548224
0.11539625757380324
0.11489794665207752
0.11584146433660404
0.11552031773983464
0.11424153120100974
0.11424153120100974
0.11424153120100974
0.11424153120100974
0.11424153120100974
0.11308295926454198
0.11319458601508485
0.11262629522354002
0.11289179863989234
0.11271614009122945
0.1120928543705896
0.11148348964887382
0.11145408632396683
0.11145408632396683
0.1128372519972839
0.11197164462192563
0.11143812591422059
0.11209467651240358
0.11285267516266816
0.11299947453034741
0.11233386225724154
0.11233386225724154
0.11172735470334746
0.1103701015605891
0.11083157107621787
0.11023755708880748
0.11034032428080201
0.11167782940167952
0.11104122983411642
0.11114468661190671
0.11114468661190671
0.11116469910728961
0.11201485584357995
0.11164359035307012
0.11062656918549617
0.11062656918549617
0.10986916917358197
0.11053262812667576
0.11205577326482818
0.11197804807682422
0.11128615537914603
0.1108404869438293
0.11004830777568808
0.11004830777568808
0.11036231956571918
0.11079359448404717
0.11174778033832841
0.11050238518987093
0.11005000287991455
0.11002154241361475
0.10972651753756847
0.10952665830915538
0.10885152069046848
0.10954438968276997
0.110220345525989
0.10960690430832866
0.10978093097100779
0.10885170506108259
0.10842916693445893
0.10781149355352106
0.10765910272171506
0.10746923690632937
0.10706999188011293
0.10726271392195931
0.10726271392195931
0.10827356416935709
0.10827356416935709
0.10955585265252756
0.10955585265252756
0.11057651052761691
0.11095501643294238
0.11137382500915623
0.11104302869079291
0.11073851181446699
0.11188309333264192
0.11165456485051282
0.11074179313374198
0.11257773918036337
0.11257773918036337
0.11157979975276512
0.11204429240230576
0.112514207820671
0.1131932959720375
0.11282561038081118
0.11282561038081118
0.11389359135697014
0.11478926834421548
0.11400623171095402
0.11394215794985656
0.11312134331876628
0.11279011200548164
0.11309718363023377
0.11366491495446264
0.11326072950559424
0.11249568958200372
0.11207349168232966
0.11201749575129563
0.11199535045007528
0.1120317718975908
0.1120317718975908
0.11173433703036618
0.11173433703036618
0.10996916126259394
0.11128410888976858
0.11128410888976858
0.11085100338560784
0.11074575036385559
0.11190963463416599
0.11190963463416599
0.11190963463416599
0.11190963463416599
0.11171515165238209
0.11071714607158438
0.11191719202425011
0.11199844601713563
0.11199844601713563
0.11198587606866502
0.11193911333927309
0.11258576679948763
0.11258576679948763
0.11288260325784578
0.11206292494546038
0.1113070816127122
0.1113070816127122
0.11173839895533791
0.11158259492018449
0.11242175510432921
0.11119192226140269
0.11119192226140269
0.11158640343983409
0.11283422099297657
0.11248567395730476
0.11251160391130939
0.11270758886561624
0.11369309471501332
0.1136351878317705
0.11371541617326873
0.11325790491598639
0.11317168996270108
0.11320811689633767
0.11320811689633767
0.11367193897331104
0.11469013318055753
0.11449027302637206
0.11466890106246064
0.11420793539378132
0.11374039127295213
0.11349820155779189
0.11349820155779189
0.11312510845638117
0.1132831251035101
0.1131317235325134
0.11340067584734247
0.11340067584734247
0.11354944380355966
0.11306034783245328
0.1136054364776967
0.1130954863624471
0.1130954863624471
0.1137123721701251
0.11375009098834751
0.11339405546222185
0.11349380415557792
0.11309356700398
0.1131340795578851
0.11293011670250364
0.11278890839207056
0.11259024433804242
0.11304675010688774
0.11383293625844926
0.11274767048035021
0.11255384849042945
0.11329272547172958
0.11329272547172958
0.11237372852908879
0.1126389334757654
0.1121431833637677
0.11272662065018293
0.11327641784941146
0.11330928441968861
0.11321793195463532
0.1129468145717259
0.11255669651856172
0.11287157182796094
0.11320162911788503
0.11402206772587731
0.11378864542590561
0.11378864542590561
0.11348806808957579
0.11348806808957579
0.11368218438609565
0.11301810485789336
0.11370986061219285
0.11370986061219285
0.11359854316197024
0.11313171906206645
0.11272958218760479
0.11198051996379012
0.11198051996379012
0.11106848753603302
0.11130512865430423
0.11130512865430423
0.11218185138941088
0.11275740941803077
0.11355400474931053
0.1130794219028544
0.11212600585936616
0.11212600585936616
0.11212600585936616
0.11259126640391444
0.11259126640391444
0.11186825302181357
0.11213239059200898
0.11176637397182973
0.11259573416758281
0.11259515515702978
0.11252742908115317
0.11140258483781347
0.11158862402084513
0.11158862402084513
0.11158862402084513
0.1119794653259144
0.1119794653259144
0.11172531099552205
0.11216329106829015
0.11146662491992446
0.11110517858807963
0.11132240052322247
0.11232317171310018
0.11247284696785334
0.11201879097641534
0.11201879097641534
0.11204902391834808
0.11099411454330937
0.11093481542384713
0.11135304295500661
0.11093625426167356
0.11098882853004015
0.11108012725108055
0.11138638500174822
0.11195481730794808
0.11200301977474243
0.11200301977474243
0.11253525680594609
0.11300637063104269
0.11105983274523779
0.11059322757459523
0.11221664821707156
0.1118412574420365
0.1118412574420365
0.1118412574420365
0.11075191906936072
0.11223195787369872
0.11314063947505051
0.11359865751934298
0.11359865751934298
0.11370002316868862
0.11340626712179602
0.11277125035518776
0.11277125035518776
0.11271036493413791
0.11232955727305652
0.11306787435156355
0.11185727649463356
0.11185727649463356
0.11204986629284447
0.11137622894045092
0.11036382803795047
0.11043291224618902
0.11016650157613413
0.11055053015730965
0.11105487714565242
0.11123907452057043
0.11045429553861938
0.10985722418104905
0.11005296368471056
0.11005296368471056
0.10918244613395854
0.10918244613395854
0.10987540022675492
0.11029351397262964
0.11080684704075801
0.11018737864535794
0.11018737864535794
0.1095921760860172
0.11037199018062244
0.11121248264965866
0.11087559340954334
0.11087559340954334
0.11084989337587008
0.1104785675321981
0.11055061197593943
0.11036183977664209
0.11036183977664209
0.11058641004928078
0.11058641004928078
0.11095942437837478
0.11129484542284976
0.111073515090349
0.11047533305468656
0.10974167994204709
0.11020600852197066
0.11088381912640523
0.11020994668566372
0.11020994668566372
0.11068242211696021
0.11068862638120784
0.11078425481338307
0.11103692491189165
0.11213861905318949
0.11244217012094425
0.11229211017024279
0.11358774140932394
0.11383284872891217
0.11320712758800142
0.113733359292714
0.11304090889456489
0.11296945895474352
0.11223011426154214
0.11249403103536547
0.11190567659506143
0.1125348731284634
0.1125348731284634
0.11249061653959538
0.11282243222691078
0.11369335431152143
0.11376892325309099
0.11376892325309099
0.11276797180804775
0.11229432867165527
0.11184070024065128
0.1119809840243415
0.1119809840243415
0.11195543742857317
0.11204154290895771
0.11325766114511657
0.11347918022866109
0.11231452519271416
0.1130668569842745
0.11252801119502029
0.11224443384757984
0.11275157179476808
0.11320300917378685
0.11320300917378685
0.11320300917378685
0.11320300917378685
0.11324478535230696
0.11341018263070361
0.11341018263070361
0.11341018263070361
0.11428699998871035
0.11478076901207009
0.1141279821429094
0.11437669995553469
0.11331727182844102
0.11331727182844102
0.1133565212292669
0.11413498753708931
0.11355950963201537
0.11358248842547256
0.11488812732988568
0.11488812732988568
0.11494657415834157
0.1132405250627762
0.1131130091949054
0.1133117654200403
0.11291081625166936
0.11405997559952921
0.11253586167356051
0.11151249558894916
0.11151249558894916
0.11151249558894916
0.11178768790008871
0.11232002704839636
0.11276858074872097
0.11269713153924306
0.11269713153924306
0.11287302570271461
0.11284457040175844
0.11290821431377975
0.11412184785718751
0.11488433180690526
0.11575569819665664
0.11588705091133951
0.1159787571793946
0.11645067049385723
0.11577742074453296
0.11560943664987938
0.11543876761944274
0.1146164744186692
0.11431293430164803
0.11431293430164803
0.11463560017158755
0.1135194630553106
0.11311680011604457
0.11311680011604457
0.11384050914992253
0.11497041309851375
0.1141641610605571
0.11470959917503058
0.11432555375407615
0.11432555375407615
0.11462614975074362
0.11621782070488222
0.11642201862281126
0.11679715878136979
0.11679715878136979
0.11727540248894672
0.11648361579884042
0.11787389890017284
0.1180141006030982
0.11868038882427245
0.11765945629174702
0.11724246432695867
0.11724246432695867
0.11812705681103519
0.11812705681103519
0.11771366932453727
0.11585835553638078
0.1161275670524389
0.11525278591388169
0.11482819211115232
0.11645555657495615
0.1161913264556941
0.11597394910845245
0.11597394910845245
0.11606374022768313
0.11606374022768313
0.1158307570353419
0.115955743597292
0.11640497682463812
0.11660614665619144
0.11657660966115534
0.11765220608395871
0.11764860679499851
0.11764860679499851
0.11764860679499851
0.11678773157863455
0.11557415586985062
0.11515651686737205
0.11477027093566652
0.11383566038725658
0.11383566038725658
0.11371503385446251
0.11581347562829182
0.11575496551277195
0.11643470303737886
0.11643470303737886
0.1163403219478302
0.11543599973429645
0.11570473266294826
0.11560797603141916
0.11580239211056974
0.11580239211056974
0.11671964187828801
0.11589152643006448
0.1169910218498345
0.1169910218498345
0.11529247946887289
0.11529247946887289
0.11535500016740594
0.1139618255900664
0.1152766787740831
0.1152766787740831
0.11513753083446751
0.11422152409662081
0.11461469168464083
0.11461469168464083
0.11533728003247462
0.11649731460845067
0.11681665852292004
0.11597378127639214
0.11496220946016815
0.11547640966824428
0.11521420968205742
0.11521420968205742
0.11622462554111057
0.11604871899125237
0.11604871899125237
0.11499427363352027
0.11414430050392478
0.11414430050392478
0.11440159295970742
0.11495785945950734
0.11497790273051549
0.11574556794439537
0.11574556794439537
0.11610457339576111
0.11566823048892977
0.11566823048892977
0.1173175107839363
0.11664839087325996
0.11664839087325996
0.11653810691093766
0.11653810691093766
0.11616239132314954
0.11695943729555969
0.11682273134780516
0.11712968952935376
0.11754872426141111
0.11610785576372278
0.11442954571070965
0.11393721559938254
0.11393721559938254
0.11411682304659815
0.11501209202227068
0.11501209202227068
0.11595792762591467
0.11595792762591467
0.11524645482498569
0.11480465834704805
0.11460713449202857
0.11439989266755977
0.11417569381421953
0.11412470699454226
0.11376828460975905
0.11409343149896511
0.11423731332273883
0.11446444976725217
0.11446444976725217
0.11446444976725217
0.11492660526837649
0.11467048929436698
0.11467048929436698
0.11438730337982488
0.11452650549095336
0.11483375691304874
0.11499869247298604
0.11499869247298604
0.11540923381053333
0.11579468667817276
0.1145306000949367
0.1145306000949367
0.11446769173647653
0.11508352692470532
0.11549708534486397
0.11624840172903012
0.11638635351197923
0.1162022918941969
0.11516982307414382
0.11412550886922351
0.11397899198916663
0.1147369153353452
0.11403350109427725
0.1134631036316315
0.11437720746577779
0.11415487374300126
0.11425445370395078
0.11372304535505248
0.11445986225202728
0.11397598849533383
0.11358987724068464
0.11464182152714629
0.11488395289659388
0.11438398483943686
0.11458930344102353
0.11490561095121654
0.11545628399878909
0.11596805196498938
0.11624619307650202
0.11622962397345178
0.11663173185586843
0.1179697427794213
0.11729657400651114
0.11729657400651114
0.11684827906652392
0.11649067696847518
0.11515565615902451
0.11533819966804684
0.11529499995170082
0.11520850903092603
0.11544470602316013
0.11556279912476196
0.11737680842306705
0.11631868053617579
0.11513987853519965
0.11493447041365927
0.11394909965518207
0.11343504939150142
0.11413259675781472
0.11413259675781472
0.11267978752150415
0.11267978752150415
0.11248986422590956
0.11251012820968721
0.11251012820968721
0.1128184080211454
0.1128184080211454
0.11196881621322868
0.11196579215752119
0.11146518006091706
0.11290550064302116
0.112598527457471
0.11251588901272327
0.1121476624166949
0.1122143229814343
0.11196400160670297
0.11186657515390028
0.11112285500014255
0.11066257949065231
0.11009582954742227
0.11075602370798232
0.11021305357781229
0.11021305357781229
0.10953809367739253
0.11068142757814925
0.11068142757814925
0.10958965560721894
0.10958965560721894
0.11123782906774828
0.11113966120155434
0.11139668309317777
0.11030853380150277
0.11108580057308576
0.11051240168069625
0.11035577621660302
0.1097310122199609
0.1100131831483492
0.1105825605923499
0.1105825605923499
0.11070007665271303
0.11119968066870593
0.11119968066870593
0.11184057404398287
0.11238294579613926
0.11237707104982277
0.11279160450176665
0.11279160450176665
0.11337503136034914
0.1122326698694069
0.11308731039846237
0.1122595470725723
0.11161557557249033
0.11164211756770168
0.1117905724851783
0.1114335971653364
0.1114335971653364
0.1114335971653364
0.1110665676184846
0.110672743015123
0.11042753700110623
0.11068042768308728
0.11148489402264647
0.11177601054770184
0.11079155238517902
0.11014003663496923
0.11014003663496923
0.11052672825272608
0.11067463682607355
0.11007925181437367
0.10968253236421877
0.10979051411368841
0.11084142607019652
0.11042149218711378
0.10891084673697977
0.10890807504178902
0.10871091780399741
0.10871091780399741
0.10871091780399741
0.10871091780399741
0.11021781415985436
0.11021781415985436
0.1113351083574971
0.11178923096295668
0.11160573911067329
0.1100910923044064
0.1100910923044064
0.10968065085998739
0.11012551299820572
0.1092296012643201
0.1092296012643201
0.10828750859623755
0.10857855107899604
0.10781751165026336
0.10691621566922431
0.10627548424477465
0.10627548424477465
0.10627548424477465
0.10654940893127597
0.10688362654635213
0.10726984673551658
0.1082402471192842
0.1079923278656707
0.1079923278656707
0.10793224838549033
0.1085919234357466
0.1085919234357466
0.10985814047974292
0.10962552852240753
0.10966712389905435
0.10976827664373276
0.10878797872252446
0.10913140917890361
0.10913140917890361
0.10885266682466353
0.1097070107566363
0.10953342421365743
0.10966882704450011
0.1105433679818854
0.11118590613659882
0.11122690758707993
0.11255953243644143
0.11158589143119713
0.11158589143119713
0.11184599734837239
0.11147675179689492
0.11060731511430137
0.11060731511430137
0.11054620113391017
0.10993926752324054
0.11014182569120011
0.11025160670396551
0.11141442094269655
0.11203558370311609
0.1121776457801787
0.1121776457801787
0.11300835059404157
0.11217563439368887
0.11217563439368887
0.11249326986870763
0.11234359592153711
0.11234359592153711
0.11184672108423992
0.11281876433609801
0.11198865969281004
0.11198865969281004
0.11337676324894033
0.11234467221647292
0.11234467221647292
0.11232759972811542
0.11278772335485808
0.11278772335485808
0.11369566924645581
0.11397523280216927
0.11413074444814485
0.11381106416239867
0.11192537766964566
0.11191025633056847
0.11249510183551892
0.11249510183551892
0.11285708797130559
0.11331699730211098
0.11367742692435256
0.11229523246196141
0.1124722491572342
0.11234129602023885
0.11225400905970266
0.11176688277744841
0.11205688072057225
0.11317128999247185
0.11325181151366671
0.11349103898534849
0.11274322857538188
0.11203711896528104
0.11203711896528104
0.11200026681542204
0.11202473312028376
0.11172653736792997
0.11215897325119123
0.11212724850334889
0.11171930357316806
0.11199414753849797
0.11238479527009901
0.11270256719722647
0.11264940044712407
0.11293403774812025
0.11241617369732584
0.11378204922396169
0.11246114296722827
0.11237888055460069
0.11247710605491414
0.11218027085498287
0.11285508240355975
0.11165991256458796
0.11165991256458796
0.11179980378563395
0.11179980378563395
0.11143054167266675
0.11210422311307391
0.11055073271193763
0.11108929808677462
0.11108929808677462
0.1100689439417531
0.1100689439417531
0.10995663282653878
0.10937456472531376
0.10933787556525087
0.11028435801398072
0.11028435801398072
0.11057775744601155
0.11057775744601155
0.11097814910838165
0.11131205541050268
0.11257868634921187
0.11384951068831631
0.1123087709168338
0.1123087709168338
0.11237541335922574
0.11237541335922574
0.11251579323169199
0.11312971460150233
0.11241916275674543
0.11278402729120722
0.11217844925118335
0.11215017725290259
0.11051083155671838
0.11035185925156642
0.11035185925156642
0.1108940641403864
0.11106663221861497
0.11202986519917649
0.11202986519917649
0.11254117724396133
0.11265210330013203
0.11141230751375303
0.1118127426072082
0.1107074939691315
0.11050867393651341
0.11138413571860545
0.11000400083718095
0.11030716556890172
0.11030716556890172
0.10970976061244712
0.11016413426211238
0.1097085597598159
0.10838154127547026
0.10925542105493473
0.10957514007435401
0.10957514007435401
0.11035232424040137
0.11035232424040137
0.11154298564286265
0.11102069757384617
0.11024637415078165
0.11024637415078165
0.1114603355932431
0.11098778654257654
0.11098778654257654
0.11025810618189318
0.11120619011392717
0.1111624293068459
0.11021587496096412
0.11021587496096412
0.11025427729563018
0.1092809278799848
0.1092809278799848
0.10917329276504478
0.10917329276504478
0.10817985896316754
0.10817985896316754
0.10837539527680726
0.10884326967276353
0.10876033577566963
0.10876033577566963
0.10851569520717655
0.1072316836030452
0.1072316836030452
0.1072316836030452
0.10690188478026895
0.10690188478026895
0.10864134240356725
0.10864134240356725
0.10817779186370213
0.10728118375811788
0.10816351970084016
0.10816351970084016
0.10938621494393412
0.10938621494393412
0.10894312591949064
0.10894312591949064
0.10894748516814262
0.10937449155933354
0.10899831909139863
0.1095090353737397
0.10890244153654172
0.10890244153654172
0.10890244153654172
0.10953485159354835
0.1105499361817292
0.11030454349199918
0.11007356336316688
0.11007356336316688
0.11034735496740865
0.11047622959087212
0.11020200507396892
0.1105176089979966
0.10993569561655245
0.10943834476095704
0.10945658501405708
0.10983732787120101
0.11129228454575367
0.11115873708852902
0.11177166367823768
0.1125208606174746
0.11297639697646769
0.11163042832778126
0.11150631042006767
0.11153210978064175
0.11246296685930801
0.11423382174993216
0.11423382174993216
0.11457839733287369
0.11457839733287369
0.11317195110653813
0.11242609489564985
0.11216498954426078
0.11216498954426078
0.11210413861190557
0.11151384168681289
0.1122892982029945
0.11228919167710852
0.11331085115691945
0.1140287908466004
0.11572848616701524
0.11572848616701524
0.1158070639412318
0.1158070639412318
0.11602709038156853
0.11602709038156853
0.11602709038156853
0.11602709038156853
0.11602709038156853
0.11602709038156853
0.11552247055347808
0.11659341804049805
0.1166332898901217
0.11538661121838076
0.11538661121838076
0.11520928260340174
0.11388775905374035
0.11537841087637847
0.11537841087637847
0.11537841087637847
0.1159344460311362
0.11502014722465272
0.11654034621334619
0.11598540554759362
0.11481720361614055
0.1142121680936431
0.11512309387838938
0.11512309387838938
0.11512309387838938
0.11460741796702043
0.11460741796702043
0.11378314913165762
0.11346440028817224
0.11354429706790908
0.11334336575486258
0.11365861280254251
0.11342732336768215
0.11396560867414446
0.11355835736305507
0.11355835736305507
0.11355835736305507
0.11413887707743851
0.11413887707743851
0.113465739726338
0.11427693310888756
0.11394240748992125
0.11368972295421849
0.11346551843920033
0.113459722433738
0.113459722433738
0.11369827384123289
0.11258618417888747
0.11250773708543758
0.11125486364097124
0.11125486364097124
0.11125486364097124
0.11120448914506832
0.11092295134118779
0.11165144530526364
0.11190633583731716
0.11139525586352475
0.11107591639158795
0.11107591639158795
0.1098688455299011
0.1098688455299011
0.1110474419455041
0.11165953699030579
0.11242222948054059
0.11366217534425985
0.11417390482558605
0.11408883168402341
0.11392602819774625
0.1132017310690901
0.11411462205274565
0.11411462205274565
0.11576821263208573
0.11490890449141059
0.11440849421264472
0.11448915861475115
0.11430894113722549
0.11430894113722549
0.11430894113722549
0.11358824204319855
0.11358824204319855
0.1127171355748842
0.11431123451268757
0.11532881313702036
0.11454443943192291
0.11445262258802827
0.11407526823513958
0.11407526823513958
0.11442701187467424
0.11594986747694792
0.11594986747694792
0.11529461971044672
0.11557903762700325
0.11557903762700325
0.11577248536374521
0.11619003385269736
0.11619003385269736
0.11641690371635059
0.11777426041889939
0.1173395602344855
0.11741801161279693
0.11750916165254996
0.11671744619892592
0.11713468866712184
0.11736411020890351
0.11872891250574921
0.11880392250321874
0.11899407854787424
0.11819617240255097
0.11769663108841404
0.11664166998670807
0.11599965066477423
0.11657669045393153
0.11561529400484212
0.11608420406293833
0.1162190259843107
0.11706702066863328
0.11606376144999749
0.11586502178762521
0.11473730151132161
0.11412425173500193
0.11473438418514859
0.11600414010697468
0.11656261312164164
0.1163316677293472
0.11747794878112676
0.11626435917814652
0.11626435917814652
0.11626435917814652
0.11578785205349582
0.11623650115303716
0.11623650115303716
0.11623650115303716
0.11399150636237695
0.11433878403396411
0.11379806018458036
0.11428867829308807
0.11328903988005362
0.11302254649893931
0.11242492530517585
0.11242492530517585
0.11222832078173943
0.11222832078173943
0.11316238830148266
0.1126250593752525
0.11242343278856408
0.11237059965931308
0.11237059965931308
0.11246094782670205
0.11177652552306594
0.11273112336298205
0.11410135339992684
0.11358513227084073
0.11358513227084073
0.11436870121648132
0.11436870121648132
0.11400413561850604
0.11472586670482883
0.11510359015091333
0.11511122444156391
0.11473923046159516
0.11585799902971372
0.11585799902971372
0.11585799902971372
0.11552968614019545
0.11552968614019545
0.11668956552021541
0.11720422918316317
0.11589741062928144
0.11625047811383113
0.11562391414967609
0.11649949043554057
0.11659867141921985
0.11642260328749493
0.11642260328749493
0.11620793130860789
0.11615617958619931
0.11584544121479265
0.11508007490618262
0.11626335623591452
0.11490078711117928
0.11513834539458781
0.11640226823497284
0.11695873728193878
0.11688771882784224
0.11606787970764239
0.11681219904212663
0.11681219904212663
0.11695653002433082
0.11791065194573926
0.11747953832880202
0.11681951363635956
0.11675600345962164
0.11652890190434204
0.11543487228533021
0.11539167276550379
0.11504539904177631
0.11451100899104583
0.11457273951969997
0.11378445523450757
0.1155717441925349
0.1155717441925349
0.1153108416112578
0.11562091924850278
0.11452796929400214
0.11445481123403996
0.11504229060710384
0.11563230863056212
0.11571294672404057
0.11657837657935737
0.11646647079601968
0.11648143031275567
0.11624261404898532
0.11552215536711491
0.11567432609604791
0.11540288345967648
0.11551199222017507
0.1161974264541224
0.11649963263841931
0.11649963263841931
0.11650782728076949
0.11662280502987582
0.11643873675317969
0.11607081029759449
0.11677731784081304
0.11691849827376631
0.11702609704227929
0.11737114795462945
0.1174279795486061
0.1174279795486061
0.1174279795486061
0.11717386241050669
0.11717386241050669
0.11717386241050669
0.11597268532177507
0.1164449100210847
0.1164449100210847
0.11584868454446134
0.11584006087785141
0.11518554096249334
0.11487500979529992
0.11487500979529992
0.11487500979529992
0.1139021072043562
0.11473980166878543
0.11474199032695054
0.11474199032695054
0.11474199032695054
0.11329223466211896
0.11394289547309065
0.11369517821175223
0.11360727295289466
0.11516058535545143
0.11516058535545143
0.11456961202709376
0.11430213660296475
0.11410629502877896
0.11487936183875054
0.11407860127754924
0.11495260703916903
0.11416602408206565
0.11338798225169705
0.1136981219981117
0.11273537933539984
0.11227530885890878
0.11322082768008311
0.11303194857780824
0.11303194857780824
0.11261508349444627
0.11413421773547282
0.11453281391673352
0.11370835590094941
0.11370835590094941
0.11417317185323102
0.112831703578548
0.11241279024556129
0.1135223561513157
0.1135223561513157
0.11356794152087887
0.11437894217517167
0.11505804280236143
0.11561750855431564
0.11631473466901998
0.11704614533376194
0.1161517805460617
0.1165795594654879
0.11522389982457819
0.11550360898184182
0.1163836701936352
0.11595141215131863
0.11512816797711065
0.11577308494833718
0.11577308494833718
0.11577308494833718
0.11508204834328606
0.11302196634362145
0.11302196634362145
0.11331059527653492
0.11283432543784039
0.11283432543784039
0.11195813675744501
0.11195813675744501
0.11140478403769472
0.11140478403769472
0.11152612103732723
0.11152612103732723
0.11174853049734146
0.11183813166717674
0.11154975167907126
0.11045074351980284
0.1101240586817345
0.1101240586817345
0.1101240586817345
0.11014943270374168
0.11000779770340469
0.11067909577587375
0.11067909577587375
0.11045665889176379
0.11045665889176379
0.11049485257345551
0.11079884958722883
0.11079884958722883
0.11079884958722883
0.11126203486967325
0.109802264617873
0.10976685592045442
0.10994181245655235
0.10994181245655235
0.11061438931218644
0.11120263811028976
0.11022345912172084
0.11003418724837272
0.11003418724837272
0.10999036879381657
0.10999036879381657
0.10983984873641164
0.11045327196215403
0.11097080427989431
0.11232610452081088
0.11167370000775943
0.11155147334160609
0.11087596899857212
0.11169521819744167
0.11142588276084886
0.11065337800568037
0.11051146115914415
0.11041740526296813
0.11201469819645116
0.11186466952261363
0.11289939531681917
0.11295244008937673
0.11223808845003541
0.1131406900919978
0.11178140797828817
0.1121992098676365
0.11204230247667586
0.11254754639322918
0.11268779235458447
0.11331695281714446
0.11345196598848144
0.11346107200907961
0.11328689775351232
0.11328689775351232
0.11379007040791662
0.11479337295997055
0.11567746584971249
0.11568183814816953
0.11550517100984556
0.1143879378780718
0.11386239521838895
0.11370219259292286
0.11396185174157607
0.11251338349948672
0.11148007981897692
0.11148007981897692
0.11026703904020875
0.11026703904020875
0.1093417352344328
0.10919437873789602
0.10879647681886159
0.10936476864868282
0.11003245535691146
0.10930201884952952
0.10979266406729729
0.11059393579638696
0.10954936699036685
0.10920394204559668
0.10932589641217269
0.1098605289614987
0.1098578310389286
0.11102432291652979
0.11102432291652979
0.111585274330009
0.111585274330009
0.1122927307478848
0.11218079808262613
0.11206737131250821
0.11257571291638442
0.11257571291638442
0.11221355573610667
0.11221355573610667
0.1108615488778785
0.11084071393071622
0.11143215708770549
0.11035975465118937
0.11035975465118937
0.11035975465118937
0.11142269301470957
0.11183606978281725
0.11188505021244355
0.11152329173242767
0.11112741952187027
0.11070296073476511
0.11070296073476511
0.11070296073476511
0.11112229979167262
0.11112229979167262
0.11232976126567351
0.11195384038565337
0.11320485097074251
0.11346130430160499
0.11380664309990177
0.11380664309990177
0.11380664309990177
0.11430688253600824
0.11424616044538057
0.11424616044538057
0.1137903245417568
0.1137903245417568
0.11415108744957238
0.11414609083572125
0.11333571752172099
0.11405573235442158
0.11405573235442158
0.11439027664271896
0.11439027664271896
0.11381693680081525
0.11414228074464938
0.11379618047008931
0.11299464255218244
0.11172780441062616
0.11216754432102803
0.11185026028680835
0.11185026028680835
0.11355331871451751
0.11408523473936553
0.11259834417063203
0.11259834417063203
0.11407756785365288
0.11424024457348203
0.11424024457348203
0.11339440837357123
0.11339440837357123
0.11325317620449764
0.11275670619033624
0.11337612184793895
0.11332985927021312
0.11275086217396357
0.11233641401354216
0.11236163121964643
0.11236163121964643
0.11354326085108243
0.11396632513023155
0.11409266324658497
0.11409266324658497
0.11430415221047399
0.11404057960769086
0.11469078532000691
0.11372738995219558
0.1136331594393172
0.1136331594393172
0.11340970946260301
0.11359648568071573
0.1134719070664716
0.11289285563954755
0.11295485731186562
0.11282093726559399
0.11282093726559399
0.11316559732344962
0.11361450939024414
0.11361450939024414
0.11406586489553792
0.11325866956919997
0.11325866956919997
0.11423157067292138
0.11423157067292138
0.1146493488282061
0.11585827745013426
0.1166959925882678
0.11690147830078812
0.11669741729907504
0.11669741729907504
0.11669741729907504
0.11492791522966593
0.11492791522966593
0.11492791522966593
0.11399588102363888
0.11399588102363888
0.1137828438003318
0.11452978426499978
0.11452978426499978
0.1143644889654848
0.11478157040808117
0.11521375308251897
0.11521375308251897
0.11502618574857974
0.11502618574857974
0.11589300253290181
0.11538580820324743
0.11551136741677864
0.11461966281682821
0.1144740766482371
0.11414688451821749
0.11414688451821749
0.11348312613803199
0.11348312613803199
0.11299505153668012
0.11389514867572392
0.11472118275436183
0.11469155502017023
0.11446861661026524
0.1143160324364327
0.11532166780358523
0.11472145635563909
0.11385576261796204
0.11385576261796204
0.11385576261796204
0.11385576261796204
0.11404870137028363
0.11357014322239237
0.11353581333664631
0.11363789944737873
0.11247439179602699
0.11247439179602699
0.11244688862739133
0.1123264787369594
0.11223496151309652
0.11263396368948436
0.11263396368948436
0.11263396368948436
0.11279419457045152
0.11279419457045152
0.11325076167157307
0.11302302578771231
0.11424831750909784
0.11421316706573868
0.11457896630332859
0.11457896630332859
0.11461426982537984
0.11499902870032352
0.1158324880764116
0.11426376768627636
0.11548297823604817
0.11548297823604817
0.11471257385603209
0.11405120291250612
0.11315450271900633
0.11337720033761593
0.11355860771806885
0.11364595819156123
0.11355840368231226
0.113890729780648
0.11292909458029776
0.11292909458029776
0.11292909458029776
0.11292909458029776
0.11395925246256224
0.1129684076413093
0.11273560966208898
0.11121051553365338
0.11070949391742098
0.11002575373383874
0.11096023170387806
0.11126494493433044
0.11152480612843069
0.11152480612843069
0.11351847320802357
0.11396259160115504
0.11272336801288782
0.113708137839731
0.11294220828985622
0.11290239298887782
0.11307062473326725
0.11307062473326725
0.1136553404571442
0.11330404811524006
0.11317291652121385
0.11368476560626939
0.1126706208462639
0.11240913703749346
0.11410429903839257
0.11474998048547132
0.11401693612694672
0.11448400465520356
0.11455835061852203
0.11455835061852203
0.11339883778531701
0.1151362588306059
0.11504177456077345
0.11564462765971924
0.1148588396015591
0.11392105999612838
0.11456468252092925
0.11375837050224995
0.11351411735243355
0.11265997891527832
0.11352424130088727
0.11352424130088727
0.11451249735454617
0.11502538962813327
0.11438807288003507
0.1151990232854348
0.1151990232854348
0.11523089852524929
0.11490575465926303
0.11449725425310578
0.11521954128506723
0.11521432533357981
0.11599200095627955
0.11599200095627955
0.11614732377576917
0.11686678010216539
0.11686678010216539
0.11686678010216539
0.11555598672363408
0.11489207969533237
0.11399860149826326
0.11331534064173313
0.11331534064173313
0.11362190113126117
0.1129152508114235
0.11281199497934044
0.11346871052711996
0.11346871052711996
0.11295244625559395
0.11198298632680244
0.1108887149885247
0.1108887149885247
0.11209759031992941
0.11251663035824705
0.11251663035824705
0.11251663035824705
0.11301096304610782
0.11367648651953002
0.11343580487319106
0.11419156471162746
0.11419156471162746
0.11419156471162746
0.11386665755843726
0.11465410268550624
0.11542368181917569
0.11542368181917569
0.11381189068003807
0.11319049413391143
0.11329109002784894
0.11329109002784894
0.11339093499545284
0.11339093499545284
0.11440262803699892
0.11446608432408423
0.11454787695453932
0.11517058846574331
0.11642973049717768
0.11642973049717768
0.11642973049717768
0.11642973049717768
0.11642973049717768
0.11416683045465917
0.11368320242289659
0.1149344646242335
0.11483321567401242
0.11466276628341636
0.11406809969413358
0.11425338951617589
0.11425338951617589
0.1133909766198993
0.1133909766198993
0.11326548522290834
0.11326548522290834
0.1130474242709783
0.11203440062053564
0.11297868689690305
0.11345945738981893
0.11357207550337195
0.11357207550337195
0.11372431348013201
0.1146948820487074
0.11543735369414593
0.11471145838474878
0.11522660405914456
0.11522660405914456
0.11478123046514536
0.11478123046514536
0.11466904307437743
0.11429465650487779
0.11362394508226227
0.11455410868848523
0.11554209960758992
0.11522066112848332
0.11523711424086393
0.11485706105468953
0.11450277962186158
0.1145868502687778
0.11578815285410253
0.11433952094925229
0.11535466173904241
0.11516559035504997
0.11531352447034669
0.11500878617090472
0.1154584774419931
0.11493616226930949
0.114679696233131
0.114679696233131
0.11414380760985691
0.11476399921974915
0.11482857669977234
0.1140211474095946
0.115462359580871
0.11526044083180068
0.11571484267444299
0.11564386629635662
0.11577256902126203
0.115618276039052
0.11595378488313147
0.11536196406620698
0.11384707794007821
0.11384707794007821
0.11384707794007821
0.11318696999636532
0.11418412668683221
0.11371266008117992
0.11512441753811643
0.11531600593010807
0.11592784030757473
0.1159536574291132
0.11598202591422252
0.11604678982966159
0.11604678982966159
0.1164871818994557
0.11677564785976659
0.11573968021941573
0.11524515160215137
0.1165650342490193
0.1165650342490193
0.11686105178484066
0.11599040553288043
0.11798345755242567
0.11765958697444738
0.11680417398565282
0.11680417398565282
0.11579030559777008
0.11602255389393511
0.11596268284119333
0.11554369542166601
0.11517249681863123
0.11412453172649595
0.11516775413772391
0.11655876887015709
0.11655876887015709
0.11756269176013744
0.11802732038024824
0.11802732038024824
0.11716579722540511
0.11590280921595869
0.11573372303942611
0.116548349003078
0.1154158001053459
0.1154158001053459
0.11527816005940321
0.11661107161507732
0.115824304048453
0.11578602460930223
0.11530677417134605
0.1162492451626683
0.11407769127336348
0.11407769127336348
0.1136431365730471
0.11456918520671856
0.11335821115233716
0.11337471017754333
0.11338993062896313
0.11285523129550537
0.11285523129550537
0.11351738413727021
0.11349446894751966
0.11348777361903178
0.11330660483083713
0.11195203976791643
0.11362539927293556
0.11362539927293556
0.11487315802712784
0.11487315802712784
0.11487315802712784
0.11483265112675385
0.11397636857913616
0.11397636857913616
0.11443993502723958
0.11473029399466583
0.11423144360830806
0.11389522059029013
0.11548032669356875
0.11350036059846064
0.11427744710139096
0.11430924226757791
0.11570086527806882
0.11458840567420193
0.11377428713988974
0.11416399268166907
0.11482209461911057
0.11482209461911057
0.1145621373527945
0.11478666241294538
0.11476683915862436
0.11619941103093204
0.1154781060632954
0.11446969944150141
0.11413885641149069
0.11443095413348876
0.11378473289557312
0.1137520198422834
0.11421581317993053
0.11299877510795994
0.11276304719723057
0.11276304719723057
0.11227185364660568
0.11270743353301396
0.11270743353301396
0.11270743353301396
0.11265705584678934
0.11265705584678934
0.11259574926558126
0.11259574926558126
0.11216837518238325
0.11250305502702636
0.11250305502702636
0.11280839998238242
0.1139769514880761
0.11460175620196829
0.11425502610182799
0.1136788379868438
0.11439264961810353
0.11508860679052686
0.11488793288018867
0.11488793288018867
0.11453358129973491
0.11453358129973491
0.11487689511932365
0.11422596135731727
0.11433657969884677
0.11399917115059488
0.1132264831876291
0.11318155153952209
0.11221833736837761
0.11271147438006997
0.11200902003234844
0.11200902003234844
0.11181795150354008
0.11181795150354008
0.1124894062795174
0.11285247331509737
0.11288196738958006
0.1127139855108597
0.11227896199173808
0.11336976084944707
0.11330096354448976
0.11437797491829318
0.11437797491829318
0.11485245606704114
0.11472404947095916
0.11472404947095916
0.11461811374159153
0.11577174991332227
0.11499995775198606
0.11550520560689174
0.11392084859173078
0.11392084859173078
0.11356619210641711
0.11368904782988085
0.11489336268480792
0.11483214257749677
0.11246014645410063
0.11246014645410063
0.11246014645410063
0.11246014645410063
0.1120951174389697
0.1120951174389697
0.11215880591206336
0.1125611502728807
0.1137215946016656
0.11417118857108752
0.11396521145165057
0.11435585833937748
0.11341415329020883
0.11341415329020883
0.11290104658504765
0.1126244966899734
0.11192178308624033
0.11176091782819929
0.11194185745510712
0.11171816762673914
0.11154980245267523
0.11154980245267523
0.1112911341439137
0.11117481135591611
0.11151244878169017
0.11166613896721449
0.11234329644218467
0.11367955681652088
0.11414946035588745
0.11285401101156836
0.11297468325218613
0.11297468325218613
0.11328352970823992
0.11328352970823992
0.11328352970823992
0.11508554447803859
0.11443192403571353
0.11443192403571353
0.11343858398462883
0.11343858398462883
0.11343858398462883
0.11369489025918894
0.11329152209489991
0.11299986421044833
0.11262234465534277
0.1132611641089048
0.11258508016438015
0.11269854761799966
0.11252220720032446
0.11248204538981739
0.11227264076819912
0.11207160520785532
0.11155834739866835
0.11170628882072696
0.11170628882072696
0.11174845134229883
0.11174845134229883
0.11174845134229883
0.11174845134229883
0.11174845134229883
0.11174845134229883
0.11193061985090302
0.11193061985090302
0.11290855745548065
0.11319022918225569
0.11217556758151204
0.11217556758151204
0.11301061321400471
0.11369746811998356
0.113335329779033
0.11253006114536343
0.11332698866108518
0.112802992052464
0.11354634964231354
0.1135002752539641
0.11282275019492605
0.11405174953364175
0.11337952412709568
0.11135667553265938
0.11003658804652719
0.11172980569623203
0.11160486358426258
0.11136040340332785
0.11165219768422727
0.11223843758770226
0.1120899080372982
0.1120899080372982
0.11204761606368481
0.11251411459201946
0.11251411459201946
0.11251411459201946
0.11208898204854753
0.11208898204854753
0.11205710472750484
0.11161478059445998
0.11232785306944658
0.11140637369372959
0.11089382493891115
0.11121561609541364
0.11092485887572906
0.11012681872363679
0.11012681872363679
0.1097788046495103
0.1097788046495103
0.1097788046495103
0.10893699316354387
0.10802845135983344
0.10897838479446091
0.11021119502862736
0.10959569837646896
0.10959569837646896
0.11004093220681095
0.11028978770382827
0.11101488241527127
0.11105085561673356
0.11146812911548644
0.11146812911548644
0.11182907242234914
0.11169941087108747
0.11235337309609249
0.11235337309609249
0.1120295205146257
0.11272026137868518
0.11274078512756164
0.1125953837594817
0.1125953837594817
0.11252548115877321
0.11252548115877321
0.11283242227503407
0.11260559938785822
0.11260559938785822
0.11148606487501518
0.11139228893640479
0.11227774654939263
0.11267448549746796
0.11174453134805917
0.11250020633876527
0.11402329251283157
0.11460675014086238
0.11460675014086238
0.11454599353675844
0.11453556392191734
0.11459209184240594
0.1139684247202348
0.11464351981295669
0.11439082164831554
0.11425947890682359
0.11476967994322998
0.11461191487721052
0.11458596602504256
0.11393110663971123
0.11408754710203263
0.11456781345870885
0.1152010900059957
0.1140901764742179
0.11382443333949564
0.11399843123398304
0.11360524299509908
0.11325722578518803
0.11331548081428693
0.11331548081428693
0.11247030349743528
0.11207109086091158
0.1113236654046033
0.11149487423129648
0.11182430560054599
0.11061123364287855
0.11250220138706687
0.11250220138706687
0.11383564768447403
0.11365005402560054
0.11447121034534288
0.11522543459611184
0.11493802702340454
0.1145523926448367
0.11405583354150449
0.11295728301742014
0.11174018362130063
0.11170465990930248
0.11065880659285496
0.11127692976084876
0.1098614972449254
0.11091316673161332
0.1106296371632127
0.11177049190981024
0.11265449099060916
0.11243640137714142
0.110944190063951
0.10898268593471738
0.10963857780494557
0.10981949969627078
0.11042426301782103
0.11113090791544092
0.1105833148538353
0.11012034215952309
0.11055580401307932
0.11027061308945411
0.10992639487389655
0.10902527028696639
0.10915722404282094
0.10796092498625016
0.10801813428412985
0.10801813428412985
0.10706828042070837
0.1067216639808333
0.10786267240684604
0.1085437746983735
0.10829292699902947
0.10829292699902947
0.10829292699902947
0.1090623473502021
0.10868994406481139
0.10871975553690717
0.10871975553690717
0.10912264998305417
0.10736300415178328
0.10841866285079346
0.10841866285079346
0.10841866285079346
0.10841866285079346
0.10836370403202068
0.10836370403202068
0.1083590803378377
0.1083590803378377
0.10927671644340707
0.10968124032108706
0.11016504919231929
0.110187959331627
0.10911493214523182
0.11053262816267939
0.10926661575437249
0.10951498181956834
0.1098669835913333
0.1098669835913333
0.1093388609484219
0.1088090068137947
0.10919862317649676
0.10996997664102098
0.10873554376041793
0.1078443364799073
0.1078443364799073
0.10900260228766022
0.10764419491806423
0.10586478466270643
0.1067975226646308
0.1071142496408615
0.10713551783578623
0.1070002039390949
0.10665098615842941
0.10778067219165882
0.10763648273451024
0.10544316261796673
0.10586910709202747
0.10697121901863517
0.10697121901863517
0.10735152190369002
0.10580416479872508
0.10580416479872508
0.106548717691124
0.10696928102458698
0.10853613461288665
0.10872876087551403
0.1090933764109032
0.1090933764109032
0.10954413413137884
0.11019608340687168
0.11115528767870438
0.11105183928643067
0.11134266507688895
0.11190774066371514
0.1111198393626168
0.11142348487652537
0.11095915015380751
0.11153565391511507
0.1119072995606566
0.11264250561319705
0.11179817740714992
0.11247822986985473
0.11211017258358913
0.11208862255049361
0.11208862255049361
0.11246733094931512
0.111895830870689
0.11190027229113726
0.11093227381482651
0.11093227381482651
0.1106261578762921
0.11084437234090085
0.11081271178528311
0.10991968856827135
0.11073422813968169
0.1101822739990665
0.11034952783961492
0.11022268726626167
0.11026824614148836
0.10820690971608563
0.10733592206732238
0.10733592206732238
0.10802126431869177
0.10887884986695756
0.10801081137422601
0.10779968906454364
0.10779968906454364
0.10785015049493368
0.10785015049493368
0.10785015049493368
0.10889905466662746
0.10889905466662746
0.10897577435481809
0.10920936605369252
0.11004667754735441
0.11026046700842221
0.10980948808060062
0.10980530743150908
0.11060554429786407
0.11046590077315294
0.11023023814480232
0.11238424172674996
0.11265603623846243
0.11265603623846243
0.11265603623846243
0.11265603623846243
0.1126758407732097
0.11202654720229697
0.11191101531456633
0.11300151241194407
0.11290098995247626
0.11139792597313469
0.11093560785166917
0.11093560785166917
0.11103434279244379
0.11043054114915722
0.11043054114915722
0.11138363086724125
0.11131536619071308
0.11109422457193716
0.11109422457193716
0.11157970740663664
0.11157970740663664
0.11127801691437204
0.11127801691437204
0.11127801691437204
0.11252053446698632
0.1115857163314884
0.1115857163314884
0.11203088225572375
0.11115068561520482
0.11117561536246219
0.11117561536246219
0.11117561536246219
0.112095931269338
0.112095931269338
0.11299768981290187
0.11342381602125945
0.11327465498158687
0.11305387375209161
0.1126186507939926
0.1126186507939926
0.11295466762302886
0.11288608573887196
0.11235075638526118
0.1125455274572396
0.11233478404866352
0.11271220710084787
0.11291420498065946
0.11259443548649255
0.11300499486219111
0.11216792141566831
0.11205413546184005
0.11168035259990727
0.11168035259990727
0.11100023061016716
0.11050163234951463
0.11107116380873325
0.11168942376181118
0.1118116359632392
0.1118116359632392
0.11199712901836838
0.11111849985117457
0.11195694116145197
0.11195694116145197
0.11182160201163537
0.11210317771990541
0.11210317771990541
0.11210317771990541
0.11194568145398957
0.11293658815265549
0.11183287408619919
0.11278981654397743
0.11230971020897947
0.11230971020897947
0.11230971020897947
0.11183519045161305
0.11183519045161305
0.11200778019654098
0.11274247144749647
0.11165959740451777
0.11291933636320528
0.11211950338656515
0.11104260160053296
0.10995416842410935
0.10897345057719202
0.10893960225171181
0.10935664346225525
0.10935664346225525
0.10888968434948337
0.10888968434948337
0.10914705588706859
0.10914705588706859
0.10914705588706859
0.11049537533816521
0.11102214316516112
0.11083344391744769
0.11100578209069362
0.11014438483112451
0.11101681576850773
0.11114068411824295
0.11213615751739917
0.11213615751739917
0.11381413324025247
0.11327452669355195
0.11353941191884452
0.11173792875892598
0.11190839166068677
0.11190839166068677
0.11032771529099221
0.11150642523395185
0.1119998556126535
0.11261516941118194
0.11218725905318215
0.11218725905318215
0.11121832129536723
0.11120378195182914
0.11120378195182914
0.11120378195182914
0.11127813058497753
0.11056807215536417
0.11064050375289257
0.11089995512895715
0.11020058538173087
0.11006896651798348
0.11006896651798348
0.1100166037063516
0.1100166037063516
0.10991716746425077
0.1101211346495722
0.11026363330188527
0.11191515179875942
0.11155994317971897
0.11087230772539472
0.10991186745570539
0.11048476799495238
0.11048476799495238
0.1108042006546925
0.11081287857445013
0.10944369505077677
0.1103224002773356
0.11181060426298862
0.11129881432780589
0.11129881432780589
0.11123997554800896
0.11090831716555531
0.11090831716555531
0.11114248732416351
0.11114248732416351
0.10936901031269379
0.10976565225159003
0.11008799936704311
0.10934450010446703
0.10934450010446703
0.10957053467520209
0.10957053467520209
0.10979471979802298
0.10945273758595508
0.11037526099879878
0.11016165270098961
0.11061965052148547
0.11144821201810967
0.11088386490716481
0.11036817257067467
0.10918460410284785
0.10877127799516709
0.10877127799516709
0.10934784672758027
0.10930161981696336
0.10930161981696336
0.10930161981696336
0.10930161981696336
0.10930161981696336
0.11069915902079122
0.10995258369711118
0.10952792636027778
0.10960334461119177
0.11003314619432487
0.11025077386858871
0.11106826801635765
0.11110538571032526
0.11096537549116854
0.11249306307131662
0.11358521170809512
0.1147909170999214
0.1147909170999214
0.11357717312214119
0.11357717312214119
0.11382943243818494
0.11304722010601126
0.11331242094427951
0.11281033287163657
0.11320545419052608
0.11336176505854507
0.11336176505854507
0.11336176505854507
0.11398096322397581
0.11398096322397581
0.11409774882762874
0.11409774882762874
0.11302220815844662
0.11302220815844662
0.11280404538303017
0.11280404538303017
0.11280404538303017
0.11343251603931852
0.11496944165649722
0.114168070180292
0.1152218675820868
0.1152218675820868
0.11389497184437883
0.11402838606581273
0.11447496873089877
0.11357597668652505
0.1142557368502516
0.11443948736371373
0.1145078909274238
0.11323219056991114
0.1127995583746177
0.11376466500924572
0.11376466500924572
0.11378731641677263
0.11441427405943737
0.11410027360296848
0.11602332772380362
0.11602332772380362
0.11639216937792823
0.11549910923502937
0.11635660882665026
0.11498705629786513
0.11381929657207672
0.11426515732443693
0.11312701569746443
0.11244352852590037
0.11179449003822528
0.11144576196712844
0.11106645141069359
0.11188979255459902
0.11228854529156913
0.11228854529156913
0.11185619483071847
0.11172658377098023
0.11291399112419398
0.11411378221948895
0.11401109447827514
0.11441428521642476
0.11524298814810877
0.11524298814810877
0.1148848972430277
0.1148848972430277
0.11529125086577399
0.11529125086577399
0.11425541868911603
0.11425541868911603
0.11428504020716027
0.11411953106827927
0.11448068141801723
0.11448068141801723
0.1146759678905462
0.1146759678905462
0.1146759678905462
0.1149940522242679
0.1146613615237439
0.11481495828385696
0.1143583005748929
0.11399532870805724
0.11507308247154954
0.11522752581758888
0.11534834777885604
0.11534834777885604
0.11587232930889016
0.11542318973137763
0.11464003644504182
0.11403305842416339
0.11403305842416339
0.11403305842416339
0.11313454284259654
0.11313454284259654
0.1136400802305206
0.11370823525058316
0.11334743199516277
0.1137802626035943
0.1139636135329146
0.11438659723107913
0.11438659723107913
0.11438659723107913
0.11348360819225228
0.11348360819225228
0.11395943073814242
0.11364352295148056
0.11364352295148056
0.11431048723536748
0.11439075323080863
0.1149165791488394
0.11411320978519997
0.11569328845176645
0.11541705063977035
0.1139553767861599
0.11482171995479272
0.11433670184163637
0.11394234372535107
0.11394234372535107
0.11383779404580706
0.11437834727321941
0.11447508154075448
0.11354043863817664
0.11353108403113422
0.11359556848226107
0.11416476107927241
0.11406728345609755
0.11406728345609755
0.11357948862440825
0.11241969533171696
0.11241969533171696
0.1136839710759174
0.11340948431753081
0.1131854135219583
0.1131854135219583
0.11262412711995015
0.11385444588033244
0.11453929269446166
0.11453929269446166
0.11492308870378425
0.11441947373442148
0.11260096850205863
0.11210986382528645
0.11254155503364797
0.11330688234376952
0.11420886885285164
0.11369003587397448
0.11434551056130006
0.1141654615507628
0.11391297600466731
0.1135620634415478
0.11303788412284882
0.1134703251720813
0.11421885373710577
0.11292032630624536
0.11293833372395196
0.1146687825732103
0.11486873038497618
0.11434237210450945
0.11550844320277028
0.11569129030841956
0.11528644990633369
0.11391808875365846
0.11348219410646666
0.11384395883940886
0.11394307112436468
0.11394307112436468
0.11263082272676195
0.11326630053583377
0.11448067706550322
0.11514401916248786
0.11467650128888333
0.11270957721800068
0.11243582028879534
0.11246542425593843
0.1128597217548323
0.1128597217548323
0.11135089333686089
0.11156217841697344
0.11090995087312816
0.11090995087312816
0.11071634048758015
0.1107686698696822
0.1117152639465104
0.11219853104375753
0.11204894349461508
0.11247320179741475
0.11283722286123586
0.11385517417575342
0.11343893648384515
0.1129374468929014
0.11163497375790497
0.11163497375790497
0.112398280158299
0.11205608479950799
0.11205608479950799
0.11205608479950799
0.11202099627610615
0.11181105553158548
0.11340503865601052
0.11221274421626189
0.11041037937901063
0.11080739872315887
0.11080739872315887
0.11009523119580528
0.1098956862147926
0.10934502708634629
0.10923140542862872
0.1106273833174667
0.10999006936216425
0.11024981847842456
0.11024981847842456
0.11024981847842456
0.11046212053157167
0.11130080617670529
0.1110853957132338
0.11168041728768333
0.11136010922101103
0.11048453961844797
0.10927360601373758
0.10921552244556353
0.10976631045899861
0.11032159179810073
0.11074890179114621
0.11222167300691924
0.11246100712004226
0.11233049015100774
0.11233049015100774
0.1133551129635384
0.1126646381456346
0.1126646381456346
0.11139477960367093
0.1103750615494066
0.1108328990544038
0.11045404388781797
0.11045404388781797
0.11045636294255623
0.10906095888643405
0.10906095888643405
0.10906095888643405
0.10906095888643405
0.10906095888643405
0.1084136342044214
0.10992586745391576
0.10953321616642361
0.10991591392295935
0.10892909968611902
0.10901315556059178
0.10803498264802966
0.10796100164061227
0.10832152423227213
0.1089047643561526
0.1089047643561526
0.10799278937382392
0.10933065885868462
0.10920272622794945
0.10913906766302159
0.10964637836814098
0.1107454592385218
0.11155294089053747
0.11210895867556936
0.11175570452838016
0.11165921198399753
0.11165921198399753
0.11035500674823126
0.11035500674823126
0.11051057573852689
0.10998614194256971
0.11110158706209496
0.11109153881939103
0.11162335661721454
0.11248333815776602
0.11252922853637537
0.11220232802548367
0.11221276278388932
0.11220945337017739
0.11217444066252541
0.11217444066252541
0.11321262067393495
0.11408358123799144
0.11399497569092754
0.11479937386940654
0.11475096837944117
0.11475096837944117
0.11528858792823538
0.11528858792823538
0.11546841740171919
0.11605480640608438
0.11706732414629387
0.11718250412699906
0.11684577172605197
0.11684577172605197
0.11658799496690686
0.11639013786959349
0.11715198704196281
0.11608653910054588
0.11683603989287254
0.11615005593276403
0.11615005593276403
0.11630682539174282
0.11630682539174282
0.11593444766321752
0.11571499062383012
0.11642824214945499
0.11642824214945499
0.11649665378858116
0.11570211350139599
0.11592377120319544
0.11700645088861629
0.11604778828268807
0.11604778828268807
0.11604778828268807
0.11597141009642703
0.11597141009642703
0.11494790371766415
0.11559069165245253
0.11466321227192594
0.1145455986798233
0.1145455986798233
0.11520448368946744
0.11527607075924201
0.11527607075924201
0.11597182865297774
0.11582742534738241
0.11611324000504714
0.11611324000504714
0.11737333986016321
0.11780542566287794
0.11780542566287794
0.11707225290435842
0.11823657972242216
0.11823657972242216
0.11868560385037487
0.11699434952101967
0.11789713803040426
0.11715392455216235
0.11673388717020312
0.11627215533613743
0.115493900679117
0.1152802790753829
0.1153621274433796
0.1153621274433796
0.1153621274433796
0.11615702097347869
0.1159338949167552
0.1160315841957859
0.11680809472324065
0.11772208127399499
0.11772208127399499
0.11772208127399499
0.11723422975122717
0.11666302753119308
0.11696753142440067
0.11729781803538916
0.11670502767500841
0.11657746275117362
0.11445633617592185
0.1142711880135154
0.1142711880135154
0.11485121393602032
0.11421607320512948
0.11361017416147873
0.11484091214251785
0.11394194217759165
0.11390029800361975
0.11420437275286396
0.11456526587250405
0.11337759042837971
0.1145729798200829
0.1145729798200829
0.11591612790087764
0.11566349356472919
0.11566349356472919
0.11446620932338297
0.11445457697643968
0.11489065796923054
0.11414591455536964
0.1147588359149031
0.11557863648369794
0.11602058153287621
0.11602058153287621
0.11575064939664413
0.11545531365670438
0.1154848948758155
0.1154848948758155
0.11713810839800141
0.11734921798235426
0.11694824882317455
0.11700147384666656
0.11700147384666656
0.11700147384666656
0.11676636162338486
0.11676636162338486
0.11676636162338486
0.11703335949277881
0.11620216589477704
0.11555986781169426
0.11555986781169426
0.115366018248575
0.11509540644641313
0.11447444413469497
0.11343589807529281
0.11443460236371508
0.11511115108671378
0.11500045249650336
0.11383288097116645
0.1130033233569807
0.11252221566360225
0.11187844277001363
0.11203667863187172
0.11192320222727098
0.11339044369851072
0.11364022378780678
0.11351040954930985
0.11232181699370489
0.11220242815345714
0.11188403076862241
0.11412910912419329
0.11412910912419329
0.11412910912419329
0.11405769107701376
0.11372653468334495
0.11414178712602892
0.11309918685214639
0.11327261165112346
0.11336866498099292
0.11459256055124317
0.11395042707672941
0.1143872374827999
0.11477337043372551
0.11474541348812806
0.11448697921597685
0.11470186128501687
0.11389000891298762
0.11389000891298762
0.11413319827389333
0.11413319827389333
0.11413319827389333
0.11413319827389333
0.11392314442303872
0.1143117518559052
0.11368884548881009
0.11372720741142407
0.11372720741142407
0.11362337512112324
0.11328115834841046
0.11351005319819155
0.1136996600525822
0.1136996600525822
0.11537935105230834
0.11677315829087154
0.11641997449567565
0.11558746771054569
0.1157219250310747
0.11507196855546023
0.11465357313817144
0.11545418165621302
0.11601205576273409
0.11590735615175887
0.11605469098050389
0.11496265595670158
0.115480525327533
0.115480525327533
0.115480525327533
0.1156870263470531
0.11614413221686026
0.11620398434215612
0.11616362865684099
0.11553190537106886
0.11528100819511028
0.11494744865723791
0.11621662161335218
0.11651672242682011
0.11651672242682011
0.11634044057479696
0.11591293148629066
0.11546980245121634
0.11546980245121634
0.11474966472005535
0.11445773392781293
0.11453646676743202
0.11402063216976178
0.11402063216976178
0.11403276106266025
0.11320012442018282
0.11378164617006226
0.11311187610982981
0.112865602800218
0.1124619091871647
0.11139728618628539
0.11053488465575166
0.10992258406722172
0.11057676771863038
0.10974105426399607
0.11170788710338694
0.11039654936531558
0.11137570586609195
0.11150065043871489
0.11007409438640571
0.10964904948383583
0.10964883830022602
0.11053273203284554
0.11042883510039016
0.11004319184943913
0.10957319375250338
0.10957319375250338
0.10957319375250338
0.10937269995388396
0.10922387605121264
0.10962175723666208
0.11038848369556506
0.11038848369556506
0.11134627959670762
0.11184094042139267
0.11184094042139267
0.11069152858874885
0.11069152858874885
0.11131860131913392
0.11052718427036211
0.11216146119978702
0.11139301574588568
0.11139301574588568
0.11162497356595784
0.11103362080207281
0.11235360128774634
0.11235360128774634
0.1128967502305619
0.1128967502305619
0.11322068027230352
0.11322068027230352
0.11462889201538877
0.11456716554070265
0.11432519317008921
0.11473308624739402
0.11473308624739402
0.1149290602441902
0.11487887472105908
0.11523235738767527
0.11523235738767527
0.11523235738767527
0.11534505349564293
0.11715551856232233
0.11598912816783076
0.11410870251955449
0.11410870251955449
0.11459494293211214
0.11459494293211214
0.11330093959074684
0.11359161997075316
0.11367614699273164
0.11354353294359006
0.11339715404495421
0.11339715404495421
0.11366039838517934
0.11211882316740489
