0.11015338737144077
0.11015338737144077
0.11015338737144077
0.11015338737144077
0.11015338737144077
0.11015338737144077
0.11015338737144077
0.11015338737144077
0.11015338737144077
0.11015338737144077
0.11015338737144077
0.11015338737144077
0.11015338737144077
0.11015338737144077
0.11015338737144077
0.11015338737144077
0.11015338737144077
0.11015338737144077
0.11015338737144077
0.11015338737144077
0.11015338737144077
0.11015338737144077
0.11015338737144077
0.11015338737144077
0.11015338737144077
0.11015338737144077
0.11015338737144077
0.11015338737144077
0.11015338737144077
0.11015338737144077
0.11015338737144077
0.11015338737144077
0.11015338737144077
0.11015338737144077
0.11015338737144077
0.11015338737144077
0.11015338737144077
0.11015338737144077
0.11015338737144077
0.11015338737144077
0.11015338737144077
0.11015338737144077
0.11015338737144077
0.11015338737144077
0.11015338737144077
0.11015338737144077
0.11015338737144077
0.11015338737144077
0.11015338737144077
0.11015338737144077
0.11015338737144077
0.11015338737144077
0.11015338737144077
0.11015338737144077
0.11015338737144077
0.11015338737144077
0.11015338737144077
0.11015338737144077
0.11015338737144077
0.11015338737144077
0.11015338737144077
0.11015338737144077
0.11015338737144077
0.11015338737144077
0.11015338737144077
0.11015338737144077
0.11015338737144077
0.11015338737144077
0.11015338737144077
0.11015338737144077
0.11015338737144077
0.11015338737144077
0.11015338737144077
0.11015338737144077
0.11015338737144077
0.11015338737144077
0.11015338737144077
0.11015338737144077
0.11015338737144077
0.11015338737144077
0.11015338737144077
0.11015338737144077
0.11015338737144077
0.11015338737144077
0.11015338737144077
0.11015338737144077
0.11015338737144077
0.11015338737144077
0.11015338737144077
0.11015338737144077
0.11015338737144077
0.11015338737144077
0.11015338737144077
0.11015338737144077
0.11015338737144077
0.11015338737144077
0.11015338737144077
0.11015338737144077
0.11015338737144077
0.11015338737144077
0.11015338737144077
0.11016412197317768
0.11016412197317768
0.11000076086250851
0.11000076086250851
0.11000076086250851
0.10950675262155986
0.10950675262155986
0.10979301442564775
0.11028876478600255
0.10960661455245448
0.10900903570152486
0.10900903570152486
0.10900903570152486
0.10900903570152486
0.10848549926261439
0.10848549926261439
0.10756694457806386
0.10721196081402448
0.10708826415755744
0.10738767894585854
0.10738767894585854
0.10738767894585854
0.10748920774451301
0.10660877708652568
0.10694078248901484
0.10656451604565524
0.10721837971712866
0.10721837971712866
0.10721837971712866
0.10590878069586868
0.10590878069586868
0.10553236072251657
0.10584715492546927
0.10592560826187117
0.10592560826187117
0.10783349376749572
0.10837133345214492
0.10837133345214492
0.10765997226991844
0.10723049447684734
0.10732282489507468
0.10741105348395445
0.10730282962653628
0.10831710443407275
0.10807727612185776
0.10807727612185776
0.1098171344708826
0.1098171344708826
0.10910362470275214
0.10910362470275214
0.10815184746241165
0.10809418174295626
0.10855433417544139
0.10935272655156712
0.10938022943664774
0.10977040606008474
0.1097806481482854
0.11014523583387598
0.11001822587886
0.10875991810854875
0.1078581925316978
0.10703630741940606
0.10803850041841388
0.10817230089350449
0.1095216297956187
0.11017528851087575
0.11006812433423666
0.11021570321636255
0.1095817712039757
0.1095817712039757
0.1095817712039757
0.1095817712039757
0.10921800861684404
0.10921800861684404
0.10921800861684404
0.10972672065394538
0.11002635715321764
0.11029529149086617
0.11066299352942235
0.11039441937330567
0.11086693111687389
0.11086693111687389
0.11159544775633926
0.11049759555844882
0.11061211220003521
0.11205409125182002
0.11225682931963402
0.11225682931963402
0.11255353723063537
0.11134929868403913
0.11077777489393552
0.11039962003062588
0.10932560304196784
0.10884642987046125
0.10894922697732037
0.10948979230992664
0.10955856049719233
0.1089189926376211
0.10896210947058257
0.10822079537035238
0.10822079537035238
0.10825743000552654
0.10978569777360749
0.10978569777360749
0.10978569777360749
0.1106126032877613
0.11077245111656224
0.11077245111656224
0.11130040056789187
0.11161016529579873
0.11222066988326697
0.11222066988326697
0.11289646074096737
0.1132149467366713
0.11268793095700196
0.1128033917616463
0.1129004221032994
0.11242914392663206
0.11230014550999258
0.11306610382106862
0.11343760806999997
0.11362068951028514
0.11370144082550032
0.11370144082550032
0.11443153116175682
0.11366684478470102
0.11368171619778629
0.11368171619778629
0.11371222222944728
0.11312782634428678
0.11365866798112179
0.11328935776317446
0.11379121185174167
0.11391304286860768
0.11389716446781069
0.11389716446781069
0.11302303110582419
0.11344507463116744
0.11373788885779415
0.11373788885779415
0.11302453225884776
0.11302453225884776
0.11263899152408188
0.11263899152408188
0.1129258424456585
0.1129258424456585
0.11341750878274044
0.1130847556221502
0.11298842078308999
0.11268241555379006
0.1135389644577921
0.1135389644577921
0.1135389644577921
0.11326393580399584
0.11451893972086433
0.11478880679089612
0.11330770124823399
0.11233219239914889
0.11277166804601339
0.1124734314927365
0.11370198635409408
0.11399015494091426
0.11399015494091426
0.11399015494091426
0.11530712458550688
0.11530712458550688
0.11536581231054278
0.11517570147378933
0.1154190001707927
0.1154190001707927
0.11745119026280164
0.11641246614548217
0.11583666935773033
0.11491390742540235
0.11464637734685626
0.11432164197666926
0.11432164197666926
0.1132153430397709
0.1140347940418452
0.11411583266872687
0.1133883620641792
0.11271377483369992
0.11271377483369992
0.11200736524673553
0.11279830480049452
0.11214174805017335
0.1118868062016155
0.1118868062016155
0.11048344017263519
0.1093558983315381
0.11105965816546828
0.10930110874585962
0.10888683864976378
0.10894391486917875
0.10982744867921343
0.110426170122115
0.11093648582117989
0.11098816757783485
0.11144520643299612
0.11144520643299612
0.11144520643299612
0.11010035400529934
0.11003736625958575
0.11029070204270147
0.11081027567412291
0.11147922622469027
0.11036211671330723
0.10982240990410509
0.11089285275499006
0.11187700216184313
0.11106417356587976
0.11225533765061879
0.11191959320581482
0.1116819255087731
0.1116819255087731
0.1119364144492705
0.11060454028947353
0.10941759918388433
0.10888635982442492
0.10941649948174252
0.11045468954455567
0.11018003058140868
0.11068636969205148
0.11100072559168347
0.11111807723802182
0.11111807723802182
0.10988058244580515
0.10988058244580515
0.10847455689551179
0.10802483538173534
0.10802483538173534
0.10879820527591794
0.10879820527591794
0.1097175059027142
0.1097253975955033
0.11198623381710467
0.11131860790093415
0.11048515157053952
0.11118121345780169
0.11109841709125107
0.10988873160063892
0.11024583893729548
0.10929354754533453
0.10929354754533453
0.10876809208434109
0.10856603800327629
0.10795006425474908
0.10798337417471358
0.10805073892437163
0.10925221200696335
0.10941831470363385
0.11052656257828654
0.11052656257828654
0.11052656257828654
0.11035761992987828
0.11073473346984808
0.11073473346984808
0.11073473346984808
0.11073473346984808
0.11132720066549355
0.1112934017106802
0.1112934017106802
0.1118021284785999
0.11266631455484354
0.11394907901183539
0.11351506677084873
0.11255270444454336
0.11359954811804392
0.11445521400824471
0.11445521400824471
0.11299821026643675
0.1140148829315313
0.11397163795490484
0.1142636387290692
0.11394753035424267
0.11449078387620963
0.11491162649834287
0.11414708996788785
0.11397182702580029
0.1142678989638556
0.11422681898684384
0.11366701117402582
0.11351941209401495
0.11365379764970913
0.1139755042109839
0.11353432357147461
0.11353432357147461
0.11353432357147461
0.11353432357147461
0.11355575119341224
0.11415097154747998
0.11415097154747998
0.11328872667227839
0.11328872667227839
0.11302983419857057
0.11309401284911275
0.11343029443755677
0.11284400477828478
0.1114598050361979
0.11103007423793057
0.11162971254294887
0.11116055621612096
0.1107975365692145
0.11218177367753018
0.11133678554775225
0.11231516439004922
0.11046700846943491
0.11069532672868337
0.11090570631926529
0.1109971541379627
0.11032870461899484
0.10970581903694021
0.1099452838115194
0.11077855434322409
0.11185399948052518
0.11151835682934819
0.11256948924584773
0.11256948924584773
0.11291247979700947
0.11368713925580635
0.11368713925580635
0.113900226203772
0.11256269656659276
0.11256269656659276
0.11231193578824594
0.11151130490381944
0.11106649068272273
0.11106649068272273
0.11054495235886111
0.11074256966841876
0.11042278566030228
0.11132889700601918
0.11139315014707346
0.11025522702406156
0.10875452229566736
0.10969968749813803
0.10999962795547419
0.10965162622671797
0.10965162622671797
0.10904511224774675
0.11028832358988924
0.10967112871154633
0.10964079791726743
0.10964079791726743
0.10927236925195291
0.10960972685466806
0.10960972685466806
0.11094997772298272
0.11085070853292421
0.11085070853292421
0.11038433569473516
0.11027768717104425
0.10923042057883398
0.1095557965255075
0.10951141743417085
0.10951141743417085
0.10898302862184175
0.10820135676935416
0.10820135676935416
0.10820135676935416
0.10753633673187121
0.10714215852233848
0.10714215852233848
0.1075541688707638
0.1075541688707638
0.1075541688707638
0.10769973981678485
0.1079813064016589
0.1084127383460111
0.10710655650448367
0.10746071235478505
0.10746722431947955
0.10723770370087245
0.10674483254954975
0.10647776339979816
0.1065876337786569
0.1065876337786569
0.1065876337786569
0.10712440623872331
0.1085192542167303
0.1077949994013867
0.10788175413445225
0.10819074579759433
0.10858446989695085
0.10805181585678163
0.10805181585678163
0.10805181585678163
0.10847613313489912
0.10847613313489912
0.10847613313489912
0.10898199706046842
0.1087206503379617
0.10902588241515856
0.10903258551228324
0.10947853917121499
0.11143230961488566
0.11171692896321908
0.11055917988307847
0.1099156960652734
0.1099156960652734
0.1099156960652734
0.11005575521775733
0.11005575521775733
0.10922793272273544
0.11125894910239986
0.11050720718642607
0.11030484549850243
0.11030484549850243
0.11119333484700011
0.111028738678764
0.11011934055017251
0.11011934055017251
0.10928971155452642
0.1089752924770838
0.1089752924770838
0.10930017957212196
0.10909464606676024
0.10909464606676024
0.10909464606676024
0.10866293747721374
0.10866293747721374
0.10998045179875188
0.11112930940790113
0.11232307835848003
0.1112368964747072
0.11039173768940917
0.11060627602779198
0.11129539059380529
0.11322173843183503
0.11284920779810345
0.11284920779810345
0.11298702540442544
0.11264788986214705
0.11264788986214705
0.11244879307784435
0.11237491591839352
0.11237491591839352
0.11275873323131562
0.11226106959967416
0.11288943875431644
0.1127297331145578
0.11220700862176954
0.11206136619878512
0.1132398248431642
0.11277293828343421
0.11262456973316239
0.11197548389653614
0.11163867771187758
0.11147467165719019
0.11147467165719019
0.11147467165719019
0.1113975538178681
0.11024472960626155
0.11024472960626155
0.11115303543351396
0.11075982207358048
0.11043466759362564
0.11043466759362564
0.11043466759362564
0.11043466759362564
0.11095817937961003
0.11160339446730057
0.11188996226704917
0.11169135266596054
0.11169135266596054
0.11194304600867513
0.11230861972059598
0.11182161591158017
0.11213351419720485
0.11152173376541605
0.11232055760667725
0.11324923934234768
0.11425082698932754
0.1144193113286365
0.11332042274688613
0.11366029557122231
0.11366029557122231
0.11366029557122231
0.11270874293790079
0.1132029826826014
0.1132029826826014
0.11194576251094764
0.11271405984485387
0.11191274365034251
0.11314141116204526
0.11454221488554252
0.11345836241228185
0.11323178249965828
0.11158196810685225
0.11206516814516289
0.11159424842202571
0.11122216484072311
0.11237300688931623
0.11237300688931623
0.11276791839205548
0.11278019576778416
0.11260516653411698
0.11202694424781447
0.11090434545899577
0.11026589670169648
0.11026589670169648
0.11071258920940139
0.11169374591184943
0.11169374591184943
0.11179791248751844
0.11225433012818879
0.11522907669424273
0.11522907669424273
0.11430480170548046
0.11620790532850496
0.11607455178489166
0.11559655033007042
0.11589758537010067
0.11548833546853304
0.11630645032401002
0.1163083829059813
0.11712113348211235
0.11747249158435054
0.11642111313731479
0.11642111313731479
0.11684948060130376
0.11714111573865087
0.11747743230406694
0.11671360153560191
0.11756340165834711
0.1173916158970241
0.11737888890472745
0.11705255597977052
0.11776656514864862
0.11776656514864862
0.1171322952448217
0.1171322952448217
0.11519742657957904
0.11519742657957904
0.11526485793321904
0.1149003183792974
0.11516336737460922
0.11516336737460922
0.11516336737460922
0.11605429501066376
0.11599370171249818
0.11600525683072134
0.11523084644820437
0.11589945722454405
0.11707074920202604
0.11707074920202604
0.11655895869301386
0.11655895869301386
0.1178779010594521
0.11791451877743811
0.11778842524418903
0.11770367220384616
0.11809315452296869
0.11749886126119416
0.11673458621703106
0.11714169980296901
0.11753668511908343
0.11723810632063968
0.11723810632063968
0.11687253154430591
0.11687253154430591
0.11687253154430591
0.118042178588658
0.1178766830452314
0.11860294365614207
0.11820079966468483
0.11810165000780816
0.11776435456887456
0.1180943871195256
0.11751009119350844
0.11689224947659509
0.11770459561256755
0.11808854310028277
0.11784722487351025
0.11784722487351025
0.11828067457704436
0.11901044542367056
0.11901044542367056
0.1188711514758853
0.1188711514758853
0.1188711514758853
0.11903896153987277
0.11844016906648117
0.1171739890844986
0.1179318031044523
0.11849238742689096
0.11876706752428083
0.11912751067972395
0.11886697222121961
0.11901715085783339
0.11901715085783339
0.1186767961923224
0.1186767961923224
0.11841759449067984
0.11841759449067984
0.11765655244577777
0.11719613641073821
0.1172981030073258
0.1173120353575955
0.11663780710023237
0.11706783314135184
0.11669850929443669
0.11547024533136689
0.11547024533136689
0.11485238265849132
0.11524472123786324
0.11630756159120358
0.11597727683246391
0.11751750752620636
0.11703702070440099
0.11719555042061237
0.11687389595023286
0.11783337531299741
0.11731986784784404
0.11708560455874521
0.11584857089152671
0.11584857089152671
0.11584857089152671
0.11658563919865463
0.11657966926069206
0.11688699615354552
0.11546484223035268
0.1167637692794587
0.11726271109303148
0.11734631341488685
0.11801360780607603
0.11816853759116927
0.11799563540452761
0.11732041348293391
0.11774112724212611
0.11774112724212611
0.11775317965838576
0.1170714567159899
0.1178776118418024
0.118181208095127
0.118181208095127
0.11916026727960378
0.11874318443515343
0.11874318443515343
0.11824378190473214
0.11824378190473214
0.1183357264806494
0.1183357264806494
0.11786857055418758
0.11801909790398026
0.1179372162211228
0.11835111794543464
0.11832659798434568
0.11756106088134043
0.11687192631085698
0.1176917522230807
0.11830624339943824
0.11849927508649423
0.11862401843355985
0.11712816039402428
0.1167000149290595
0.1167000149290595
0.1169694221683533
0.1169694221683533
0.1169694221683533
0.1167525226488487
0.11645224754372563
0.11781544047764063
0.11766911459457054
0.11835816805697628
0.11835816805697628
0.11915703606975293
0.11882171876475478
0.11776247999488572
0.1173289617556157
0.11784623239334743
0.1181331297549833
0.11761215490763363
0.11761215490763363
0.11827627268471269
0.11895022676925375
0.1186259782258698
0.11855425169826012
0.11855425169826012
0.11855425169826012
0.11823828839303555
0.11823828839303555
0.11833731431280327
0.11823099630240978
0.11836671001872931
0.11858246670772722
0.11822203667785933
0.11960551538941522
0.1195097292582402
0.11945234986878674
0.11945234986878674
0.12079132133679289
0.12098286743593882
0.12083884539750145
0.12068434988030206
0.12096456637572052
0.12096456637572052
0.12074172652055845
0.12074172652055845
0.11989500434638937
0.12041986902683711
0.12049779935383166
0.12071983948964463
0.12077151871802173
0.12077151871802173
0.12077151871802173
0.12090023254535266
0.12090023254535266
0.12090023254535266
0.12090023254535266
0.12139828689431556
0.12139828689431556
0.12134990762089233
0.12123605931024198
0.1212309453982223
0.12102210643492052
0.12102210643492052
0.12071789856164364
0.12041304757106644
0.11976372097064454
0.11926355636210423
0.11906228865854679
0.11956133201450535
0.11956133201450535
0.11956133201450535
0.11956133201450535
0.11892462560686433
0.11945609764959325
0.11875085166108616
0.11790939977188032
0.11871125222409605
0.11914896265160903
0.11909101293591705
0.11915498084148864
0.11869016832141002
0.1187413880511301
0.11898196718400494
0.11778064314794229
0.11619476913054234
0.11740272974867794
0.11740272974867794
0.11740272974867794
0.11740272974867794
0.11739854420058858
0.11739854420058858
0.11607755060820399
0.11627325863937327
0.11599285750945464
0.11599285750945464
0.1150970866124982
0.11561654209278126
0.11609157820950668
0.1156650054065833
0.1142241139794967
0.1129277917017676
0.11312713347402178
0.11249046760208384
0.11300127702254528
0.11401001864409062
0.11401001864409062
0.11401001864409062
0.11316623452096083
0.11359755151677353
0.11371779341433748
0.11355016312262858
0.1132431913212975
0.11298487217017002
0.11298487217017002
0.11296987566698129
0.11278302112835287
0.1109159531946745
0.11131201518076875
0.11021201837929999
0.11016754596434954
0.11016754596434954
0.11016754596434954
0.11035828592187251
0.10968189311779472
0.11067452595075135
0.11129310650471916
0.11027554532498016
0.11054272043522842
0.11092451296563847
0.11168776135115346
0.11192024277414374
0.11327938562801933
0.11327938562801933
0.11331795720110875
0.11396300075135471
0.11472394514262564
0.11394370537280755
0.11331202921472483
0.11368336622677082
0.11368336622677082
0.11368336622677082
0.11305476605932069
0.11305476605932069
0.112103740038446
0.11291040291330008
0.11252118158261804
0.11181667733266165
0.11191597616272235
0.11191597616272235
0.1117288497611038
0.11192971607369258
0.11272698892662406
0.11260725848797982
0.1144705890035301
0.11424567343027539
0.1145807834410304
0.11392952444732339
0.11341477207633466
0.11408075731428538
0.11408075731428538
0.11325398557281594
0.11356432918141493
0.11445136624580511
0.11423132193243783
0.11402406286452733
0.11402406286452733
0.11432788001122855
0.1143420336946637
0.1143420336946637
0.11558739824449822
0.1162160866670938
0.11618502123570869
0.11638164616801645
0.11582333425473275
0.1168929298124683
0.11736445819791562
0.11729950657098105
0.11757443624177549
0.11757443624177549
0.11813034217382484
0.11811866488699149
0.11784871257290867
0.1174085724760352
0.11785458813289157
0.11811006190101217
0.11955424795722695
0.11915770130714917
0.11915770130714917
0.11962116275357593
0.12074314748569832
0.12074314748569832
0.1202257347973254
0.11985989734066513
0.11985989734066513
0.1198697365224505
0.1198697365224505
0.12005225063552724
0.119985422600752
0.11978531952306054
0.11953859454503052
0.11897148087418559
0.11994169710895809
0.11992155906006652
0.11987795883542826
0.11856439210517704
0.11856439210517704
0.11846898658287318
0.11927675838988246
0.11823521219285038
0.1189364368296331
0.11890718275159702
0.1188603617148521
0.1177252624007485
0.1178962945412805
0.1178962945412805
0.11817525985156727
0.11850021095149749
0.11860149679473818
0.11791403390535632
0.11728115977417959
0.11596536097397377
0.11620489699465451
0.11620489699465451
0.11633614888853153
0.11624522297986886
0.11738710153945774
0.11777032161425306
0.11654439270143643
0.11669024976247594
0.11701793710853278
0.11701793710853278
0.11743452243372936
0.11773293822101799
0.11600650803959514
0.11600650803959514
0.11602673898468058
0.11602673898468058
0.11559298556466235
0.11557518778467603
0.11575586125800141
0.11558226454428341
0.11552018344074985
0.11552018344074985
0.11552018344074985
0.11634899778172722
0.11590919805270597
0.11625506705184945
0.11625506705184945
0.11626953877110265
0.11626953877110265
0.11567630598112898
0.1149376432959369
0.11441565072633819
0.1148620063731493
0.11610590143850211
0.11504916318591973
0.11486433001334276
0.1155784742468284
0.11732859612006566
0.11665147730962971
0.11602879409828412
0.11559470011218423
0.11566740040854505
0.11589983050506131
0.11589983050506131
0.1166369988756637
0.11553971261265152
0.11723254973415818
0.11617523179076875
0.1160046696339177
0.11419946620919412
0.11342647419169294
0.11470837780428077
0.11412116459028819
0.11538329074070852
0.1154196033019116
0.11441043670097635
0.1143456778536611
0.11451166833451001
0.11482352162853597
0.1139072825472104
0.11444234394000594
0.11425532582752748
0.11425532582752748
0.11385519773778147
0.11293342073411929
0.11360367098310167
0.11271794305255614
0.11292654386655708
0.11317752176461655
0.11317752176461655
0.11313948862975462
0.11344845590262834
0.11344845590262834
0.11437547457501757
0.11472932529341068
0.11498278568166968
0.11371710488284868
0.11371710488284868
0.11371710488284868
0.1141910247147416
0.1141910247147416
0.11441048656865557
0.11462548169577419
0.11455760861878303
0.11456269026930589
0.11456269026930589
0.11456269026930589
0.11258805944203218
0.11255241142277289
0.11255241142277289
0.11313717118081591
0.11249127670350628
0.11226672865474303
0.11267048185216916
0.11225321196852382
0.11282329293774468
0.112362581660575
0.11218737810367835
0.11228846600419205
0.11240609706336957
0.11273853286668488
0.11273853286668488
0.11358560062322548
0.11412655120690204
0.11407600641002977
0.1142838226126624
0.1142838226126624
0.11496719155119622
0.11496719155119622
0.11496719155119622
0.11496719155119622
0.11466114397221673
0.11466114397221673
0.1147984395881883
0.11431884770306842
0.11431884770306842
0.11390492424438686
0.11501931836172612
0.11501931836172612
0.11642177912161872
0.1155196379940066
0.1161244355197134
0.1161244355197134
0.11591551776947277
0.11488324352023171
0.11566199940573443
0.11680230981869023
0.11680230981869023
0.11761428566793886
0.11834426941541011
0.1184044055457988
0.1184044055457988
0.11784559353481784
0.11784559353481784
0.11703703964240572
0.11703703964240572
0.11709914457998953
0.11567670256074665
0.11605145846194133
0.1165042645385091
0.1165042645385091
0.1165042645385091
0.11713262763179823
0.11674373397490664
0.11782731732769708
0.11654240395663155
0.1167258625129296
0.11728227757781186
0.11728227757781186
0.11670908907188499
0.11592089956088465
0.1158704917712033
0.11510452446012494
0.11510452446012494
0.11573755924778707
0.11641751956910837
0.11657419839727458
0.11652701970276814
0.11645296727501185
0.11645947917845775
0.11645947917845775
0.11717589511945643
0.11717589511945643
0.11717589511945643
0.11794095089811549
0.11641731039635361
0.11655503631285719
0.116935277334323
0.11712301558813343
0.11705756788871746
0.11625012276985833
0.1170999290855871
0.11781842558184208
0.11688872218092439
0.11768640618665817
0.11677327182077309
0.11728696428011859
0.11713525127679628
0.11756231119765348
0.11721177393881461
0.1171965786295432
0.11725075864755684
0.11789966272424282
0.11789966272424282
0.1179324424403302
0.11780406490021007
0.11773817312714857
0.11779619637724963
0.11938787135899571
0.11923675482252494
0.11923675482252494
0.11836381433991104
0.11836381433991104
0.11797059869350587
0.1181621374315646
0.11933576447086293
0.11933576447086293
0.11880576550397065
0.11880576550397065
0.11796140578010582
0.11904539478108823
0.1181007096956263
0.1181007096956263
0.11818101200677464
0.11818101200677464
0.1183773475488992
0.11749638972547914
0.11749638972547914
0.11749638972547914
0.11827361821839898
0.11848874103038848
0.1182573271147294
0.11641230172629939
0.11775968288072228
0.11806004303673448
0.11761144221142714
0.11712971967730464
0.11865407370215988
0.11844123883544043
0.11889069652166517
0.1198061613201957
0.11864921637039756
0.11979125519425726
0.12036581745744704
0.12036581745744704
0.12036581745744704
0.11929024755889293
0.11929024755889293
0.11844832305419943
0.1177858865232662
0.11624220857349335
0.11624220857349335
0.11659224398425025
0.11659224398425025
0.11660249107164132
0.11637452050562133
0.11637452050562133
0.1174616281372323
0.11693521632509817
0.11627685559787909
0.11544254943186333
0.11648827713284231
0.11655722431067427
0.11655722431067427
0.11649169716324644
0.11599774593631693
0.11599774593631693
0.11641901550359973
0.11650603126509868
0.11587568425958085
0.11587568425958085
0.1159008198725644
0.1159008198725644
0.11627185213631587
0.11631260102028776
0.11585567151334318
0.11585567151334318
0.11488520467420936
0.11481331388666213
0.11541383836426669
0.11548892524913748
0.11525385386621245
0.11525385386621245
0.11525385386621245
0.11299755855801827
0.11269730706641998
0.11165408743797828
0.1115185694563623
0.1115185694563623
0.11229760613349267
0.11203023307700832
0.11294365269793644
0.11310631365644949
0.11292229978371554
0.11395868857175176
0.1143782749997962
0.11426875770084118
0.11345500017146262
0.11479963463383404
0.11425432018794873
0.11339263456226953
0.11330673526119613
0.11363990760779583
0.1121893214826738
0.1119344127422641
0.11169371369125308
0.11265675300500384
0.1113650569492516
0.11123671010376794
0.11254025288290546
0.11216888918274359
0.11299530116428647
0.11338492990611804
0.1136750808600189
0.1131511633500986
0.1131511633500986
0.1131511633500986
0.11336093488945345
0.11352126136062005
0.11352126136062005
0.11488443741033674
0.11526783485986201
0.11482689221662877
0.1143766190887304
0.11517981137595355
0.11627787718385918
0.11638468556186536
0.11638468556186536
0.11591806710081004
0.11632959081307405
0.11678724432984725
0.11499428213368885
0.11499428213368885
0.11490668719054369
0.11552098877941336
0.11552098877941336
0.11570072429920134
0.11719035895752261
0.11609803959391485
0.11609803959391485
0.11612385188488672
0.11689602834131516
0.1148606426464282
0.11360400975356132
0.11380204338861567
0.11388893958521638
0.11388893958521638
0.11388893958521638
0.11403870005513113
0.11335439881413152
0.11406171620390966
0.11482358722438177
0.11517861269618118
0.11391323311243429
0.11318842239657415
0.11256572210445077
0.11283900905572428
0.11283900905572428
0.11283900905572428
0.11283900905572428
0.11315636311289047
0.11209911577620914
0.11299539278378327
0.11456662453720755
0.11479826594958559
0.11459531899624852
0.11525522418858312
0.11450242475250319
0.11253778436170589
0.11268878780571329
0.11268878780571329
0.11242698302691911
0.11300942146247922
0.11179829060418303
0.11191575505418658
0.11311900242153702
0.11278702423934929
0.11278702423934929
0.11278702423934929
0.11226556679958298
0.11224934131403519
0.11231316122290008
0.11231316122290008
0.11243371351732523
0.11337741045560833
0.11337741045560833
0.11235931024600984
0.1125553845714622
0.11220436685840772
0.11245342782639856
0.11130891327611198
0.11130891327611198
0.11060676242110902
0.1106031948804161
0.1101155246341507
0.10997207074031304
0.11063128062473696
0.11063128062473696
0.11038942218713212
0.11135191932782654
0.11051037965377836
0.11134316364989964
0.11109582452083273
0.11080172157581548
0.11108230018671086
0.11156818719947215
0.11156818719947215
0.11183043129134417
0.11183043129134417
0.11118543964821107
0.11088387409667545
0.11119104027409382
0.11052876264381366
0.10937673284507557
0.10947099707788281
0.10947099707788281
0.10947099707788281
0.10917010120388111
0.11108990144951765
0.1100708822773618
0.1100708822773618
0.11052505573162694
0.11052505573162694
0.11131321116593419
0.1118478693405402
0.11323485172012865
0.11290076162011586
0.11306954199412425
0.11248552300588781
0.11374614737447233
0.11471680890430991
0.11485926990010083
0.11485926990010083
0.11378578879685705
0.1141670881493506
0.11427227727826564
0.11528804632990618
0.11583592291026384
0.11583592291026384
0.11583592291026384
0.11611018155835427
0.11660171368443385
0.11711862856107878
0.11768232138624173
0.11782688986241871
0.11797396992622149
0.11855496109700595
0.11852240973855957
0.11852240973855957
0.11852240973855957
0.119590240646463
0.12062788833889591
0.12119549092323198
0.12065445394866389
0.12068363121387803
0.12030246672656118
0.11999381988649828
0.11970975257290563
0.11902861057659918
0.11818037452623106
0.11823151921618377
0.11873739809103666
0.11873739809103666
0.11986207295435818
0.11986207295435818
0.11851412291606629
0.11851412291606629
0.11851412291606629
0.11797124793047661
0.11753897670376934
0.11907789926894743
0.12003679960599983
0.1198244641295731
0.1198244641295731
0.12069523625987186
0.12069523625987186
0.1200300044325418
0.1200300044325418
0.1200300044325418
0.12033452417998741
0.12131461733267819
0.12134024491625746
0.12129443495592673
0.12098321353082989
0.12105651579595927
0.11941796487273455
0.11924784691322476
0.11967761769124682
0.11921042684912732
0.11979082287186175
0.1184179270316085
0.11823826041306693
0.11760547582704257
0.11643667824216132
0.11568859235275276
0.11501091712735521
0.11422790624425871
0.11392078105733851
0.11472903696651408
0.11565320864572888
0.11426694164561084
0.11448281756569266
0.1145208288881418
0.11425151965216714
0.11390945513871753
0.11451305693301844
0.1146755035308737
0.11579857438085482
0.11579857438085482
0.11513861373703586
0.1148996130541628
0.11384426025098854
0.11388104436866704
0.11405455548071167
0.11472672862192478
0.1150697117315992
0.1150697117315992
0.11498105673374512
0.1150349417631128
0.11538415227661954
0.11459465094482657
0.11355703390136573
0.11385156202665246
0.11385156202665246
0.11393832309826045
0.11281739032135557
0.11240184393784189
0.11240184393784189
0.11395211814040974
0.114073785140107
0.11323810159819081
0.11323810159819081
0.11432305671098916
0.11579001555120785
0.11579001555120785
0.11505675432052273
0.11546735527138727
0.11546735527138727
0.11546735527138727
0.11578275865005487
0.11700459690463622
0.11698419146468673
0.1163672392126571
0.1163672392126571
0.11753402545791382
0.11753402545791382
0.11753402545791382
0.11880217617199464
0.11912031634624866
0.11845972675632599
0.11746983431590073
0.11696552012331363
0.11770504173302046
0.11749720876093986
0.11724757906790151
0.11678243671205284
0.11669278832648594
0.11720753607084688
0.11708421165535099
0.11782474625977783
0.11857266456724783
0.11725728144983583
0.11644032227752499
0.11668801863637845
0.11668801863637845
0.11633411049266357
0.1170724482540726
0.11836449965486723
0.11893104589963882
0.11893104589963882
0.11908943000505488
0.11848575629854695
0.11900598279923111
0.118731228609842
0.11787675008047264
0.11787675008047264
0.11787675008047264
0.11850774753646742
0.11819433342887314
0.11819433342887314
0.1175479934864137
0.11732137796197567
0.11754813012207098
0.11663558870411186
0.11813634763439892
0.11813634763439892
0.11813634763439892
0.11660226678002071
0.11617724338241203
0.11628541613815736
0.11699540569756404
0.1170821244389838
0.11768512240148991
0.11768512240148991
0.11770048917280024
0.11770048917280024
0.11692248349587914
0.11692248349587914
0.11864574409789444
0.11911670068578502
0.11911670068578502
0.11911670068578502
0.11795888678734993
0.11795888678734993
0.11795888678734993
0.11802047326022978
0.11795287796267809
0.11795287796267809
0.12034884445511725
0.12034884445511725
0.12036248249366036
0.120840550913823
0.12000536231110669
0.12129831236070561
0.12087661370156996
0.12087661370156996
0.12101937505165083
0.12079960157339176
0.1212177062744703
0.12203482557538835
0.1214109929190026
0.1214109929190026
0.12001399337655212
0.12001399337655212
0.12109709123193606
0.12036734222687474
0.12036734222687474
0.12084526425749416
0.12131037461647726
0.1202426445175099
0.12113102490495035
0.12048523235886952
0.12002325292248349
0.11952921118473897
0.12110905881820294
0.12093078787817003
0.12021757930582222
0.12057468944979968
0.12054908117224403
0.12054908117224403
0.1197172185403276
0.11887559877443712
0.11815994812508722
0.11931222392983251
0.11803768257435099
0.11764563391040149
0.11764563391040149
0.11764563391040149
0.11681396662367734
0.11546699969548949
0.11546699969548949
0.11649244184467364
0.11630295703502294
0.11630295703502294
0.11676340295050314
0.1166102669789924
0.11730704000782911
0.11730704000782911
0.11748043032955828
0.11757490886769471
0.11757490886769471
0.11777911583663848
0.11751210994238402
0.11788501530065341
0.11788501530065341
0.11738140132277158
0.11738140132277158
0.1172917447932711
0.1172917447932711
0.11705007460430401
0.11683320837339677
0.11683320837339677
0.11680097162476222
0.11707620317203724
0.11707620317203724
0.11707620317203724
0.11728372226117813
0.1157538511763452
0.11620943091567185
0.11544967206955171
0.11580341663305808
0.11580341663305808
0.11631774009906601
0.11553979366069363
0.11657086595894403
0.11748164542310888
0.11748164542310888
0.11668845915101306
0.11603064035782847
0.11679331544098931
0.11549673649120928
0.11525342013811236
0.11474781564673275
0.1153725066580672
0.11632847004266206
0.11499383638740243
0.11478700799874063
0.11491275099051408
0.11512185137234114
0.11488964365251385
0.11452004121517602
0.11453244735294056
0.11400401338852763
0.11422614358418602
0.11413746438335116
0.11413746438335116
0.11471843667569591
0.11255222080735454
0.11255222080735454
0.11176546701103088
0.11200030718997137
0.11278255393113051
0.11337543255763571
0.11461019468736622
0.11386546884327899
0.11386546884327899
0.11255142476051831
0.11391269332974105
0.11366499639551202
0.11470316280736546
0.11443320714817541
0.11468449917938346
0.11468449917938346
0.11468449917938346
0.11514268633842882
0.1162465076123836
0.11549398800610963
0.11627617257777763
0.11627617257777763
0.11635718345897432
0.1166790113347877
0.11573451450898967
0.11515621454093138
0.11515621454093138
0.11591645299940377
0.11599434801963218
0.11604865899969279
0.11623455585771077
0.11729888899045401
0.11706460380580319
0.11785251009271541
0.11785251009271541
0.11732282474956074
0.1161037289107457
0.11633126393512304
0.11672473699973748
0.11701158208037375
0.11781036325885776
0.11714560337404596
0.11700618554315309
0.11784993037605036
0.11784993037605036
0.11731483265028385
0.11731483265028385
0.11658926398973347
0.11693866780067227
0.11604137787451516
0.1161410243883121
0.11553933552403377
0.1142223846209225
0.11535511417990851
0.11514082432962429
0.11514082432962429
0.11495158080897884
0.11479338108381847
0.11496300555864956
0.11547084564240016
0.11604249974052791
0.11558731568908977
0.1155571246751691
0.11537313923756393
0.11537313923756393
0.114475271027414
0.114475271027414
0.11565055587772972
0.11553235003433666
0.11664746483976317
0.11701514924719035
0.11693654090296855
0.11681645466556265
0.11681645466556265
0.11556023509060954
0.11449758638205762
0.11480785682212412
0.11635137507607048
0.11605881604853964
0.11605881604853964
0.11692715022421629
0.11689474396693521
0.11661425155874493
0.11661425155874493
0.11661425155874493
0.11616015959598097
0.1164939213925951
0.11722094411009054
0.11738230022839118
0.11738230022839118
0.11545051263234915
0.11570815211809977
0.11570815211809977
0.11570815211809977
0.11570815211809977
0.11549721509323489
0.11549721509323489
0.11549721509323489
0.11539279804814541
0.11538724330431473
0.11526719005258554
0.11438579336496757
0.11616049308846844
0.11599290097289543
0.11545857787139541
0.1152989884913685
0.11547954963005191
0.11521555336901326
0.11545680221362828
0.11574357124799717
0.11568831461407901
0.11544446191453178
0.11512268565630403
0.11625381212824253
0.11618464823925038
0.11516338416567548
0.11639228654564246
0.11659492833472901
0.11684189084428014
0.11615987257676368
0.11615987257676368
0.11659488549561835
0.1161340388577373
0.11662871436227103
0.11651709510813443
0.1164082143104754
0.1164082143104754
0.11621314617379938
0.11635444901620667
0.11716074549390043
0.11798764890573966
0.11770462160284781
0.11802143314503197
0.11802143314503197
0.11866666115863199
0.11827055484363987
0.1189329983485673
0.11857649596437084
0.11793686092257358
0.11761479491700458
0.11917638037356702
0.11928565472074813
0.11966950397062212
0.11949738322935505
0.11931766858649896
0.11985027621054463
0.12070914605126566
0.12061483227133475
0.12061483227133475
0.11942064618362579
0.11975403616706179
0.11856927105504403
0.11787140251420837
0.1168648160210465
0.11777615504456469
0.11899836395749763
0.11909167205682292
0.11734144588950322
0.11711083781351653
0.11627800001751724
0.11626966427880851
0.11560199548830155
0.11560199548830155
0.11570804872879839
0.11570804872879839
0.11575552703558022
0.11526098288415641
0.11526098288415641
0.11526098288415641
0.11458229945039021
0.11505757982287296
0.11546051765979747
0.11636726612167851
0.11622340005287912
0.11639687126564037
0.1163437991680246
0.1160169816649092
0.11532659313684622
0.11492347034865802
0.11521801018236846
0.11694897174143687
0.1171435158628431
0.11622360190068526
0.11542462144817885
0.11619119221023887
0.11718252632859139
0.11728646289483577
0.11665270097980947
0.11658066275658016
0.11590827051979805
0.11596918435623185
0.1169116628345377
0.1168503294570882
0.11520697708125326
0.1147722459530469
0.11467153411752756
0.11447509391872587
0.11339790040152457
0.11310983448652934
0.11251860392340719
0.11141862645057872
0.11146922071841063
0.11146922071841063
0.11228607956414567
0.11286756665936351
0.11271439595245968
0.11394599627434256
0.11394599627434256
0.1147048179960957
0.11465812150074711
0.11510011945712505
0.11384841285318219
0.11531368738502026
0.11466040715115705
0.11466040715115705
0.11346356839986033
0.11346356839986033
0.11261953154609869
0.11340097916768549
0.11532860112904873
0.11550426599599938
0.1161460237964304
0.11624290567257281
0.11624854236483227
0.1153151329703245
0.11482211059095243
0.1136510458272254
0.1136510458272254
0.11425008915409317
0.11393744270696214
0.11483618631720839
0.11485125102404051
0.11485125102404051
0.11535425203002153
0.11485490618518254
0.11547500212841405
0.1150353663095278
0.11403230479394906
0.11291070720519616
0.11369687813881861
0.11278262345126888
0.11253424712507759
0.11253424712507759
0.1145275946502715
0.11465295029845335
0.1149868539826252
0.1149868539826252
0.1167052662159024
0.1167052662159024
0.1167475577051693
0.11638115794843958
0.11638115794843958
0.11732216265170613
0.11732216265170613
0.11738095340176327
0.11722012119839431
0.11722012119839431
0.11697106884174985
0.11696274643538944
0.11602985744738434
0.1155403459479337
0.11499195481995278
0.11574352911539294
0.11555410460712004
0.11555410460712004
0.11555410460712004
0.11555410460712004
0.1145573507768146
0.1145573507768146
0.11513197199006765
0.11467423541629855
0.11370992854534598
0.11359882378051983
0.11367204134858692
0.11426287435471427
0.11362620434525701
0.11424883324900716
0.1138463904991263
0.11397939020046007
0.11334457850414034
0.11317483654052767
0.1139730445924075
0.11230736581198193
0.11230736581198193
0.11209996811225177
0.11170044322200162
0.11187318257708756
0.1119237328801214
0.113356145583954
0.1135509886997854
0.11387263627802163
0.11452351025088855
0.11422911671633483
0.11444713391492733
0.11450272958678799
0.11450272958678799
0.11450272958678799
0.11477301920530411
0.11490920231676073
0.11455589241480904
0.1129076611067113
0.11285093205631308
0.11397501295263221
0.11383809327318072
0.11436347550761919
0.11356659226941175
0.11297761313060074
0.11235416684277205
0.11235416684277205
0.11235416684277205
0.11235416684277205
0.1122556216533032
0.11228596803342447
0.11228596803342447
0.11161520081492374
0.11171690648752974
0.11171690648752974
0.11119086060166888
0.11121370458095939
0.1116553615195619
0.1116553615195619
0.11174283426788754
0.11180565603851592
0.11245491282826407
0.11245491282826407
0.11285157045170226
0.11285157045170226
0.1133769671913981
0.1126434153345709
0.11192780984815803
0.11192780984815803
0.11161109203058354
0.11121062130784436
0.11166682387322958
0.1108592810426871
0.11060782322555898
0.11060782322555898
0.11058429664147891
0.11058429664147891
0.11203039367491294
0.1119839827695776
0.11248198123546685
0.11348684898450528
0.11330919648977511
0.11352975773427348
0.11335166142106659
0.11521619302715592
0.11631524400488326
0.11631524400488326
0.11645722839474937
0.11563084048007398
0.11537197595479502
0.11489470153986171
0.1152951402155401
0.115068454072615
0.11558509945045713
0.1151920079947369
0.11530718700885458
0.11408579403857744
0.11451185330885796
0.11436739451697522
0.11436739451697522
0.11456816364501161
0.11329113064273441
0.11324091481660016
0.11363133340073868
0.11363133340073868
0.11432956958195162
0.11423182490277142
0.11448353633135129
0.11269594190071994
0.11434987942035087
0.11458226851277262
0.11447636805340149
0.11365034529111094
0.11433554862833598
0.11369194426022876
0.11388577517188356
0.11355946179968586
0.11456460735038664
0.11445026613149638
0.11403735052811698
0.11446957993760276
0.11492457065446697
0.11492457065446697
0.1150394982601793
0.11409786766441064
0.11410921529940934
0.11394463660500738
0.11282308579471224
0.11471492336620319
0.11424591562109208
0.11425780589773649
0.11377199943351282
0.11377199943351282
0.11286184378229767
0.11256238114850545
0.11275306658884797
0.11292126362529072
0.11221660635852708
0.11259489528459286
0.11270649518880224
0.11291940914225607
0.11291450649889971
0.11291450649889971
0.11258981966783611
0.11252766418389998
0.11292575825248415
0.11228095579282699
0.11230939621468546
0.11245212023198109
0.11310374331329176
0.11310374331329176
0.1126506258567195
0.11271315608998635
0.11271315608998635
0.11411736554929744
0.11437063419471385
0.11346258635056557
0.1131266799258172
0.11297511945661212
0.11315265605735478
0.11281878230528034
0.11266559021016079
0.11225391038039603
0.11220974102599254
0.11316449994376938
0.11293268056906841
0.11333071744078448
0.11333071744078448
0.11257024085041789
0.11278118675085391
0.11276979499241324
0.11247298354900924
0.11209634002026787
0.11316648382078787
0.11316648382078787
0.11397437268969135
0.11264349481395546
0.11264349481395546
0.11264349481395546
0.11264349481395546
0.11345177303561825
0.11320604719366817
0.11443184911349942
0.11402857507982157
0.11336841759060609
0.11347118738631132
0.11226562025008155
0.111688583580932
0.11195739453100242
0.11286295077466438
0.11286295077466438
0.11385582764036754
0.11306162562588465
0.11291605282281604
0.11252270021132124
0.1123190377723847
0.11264966214262948
0.11349743895407514
0.11372043856328946
0.11372043856328946
0.11372043856328946
0.11370570597350566
0.11370570597350566
0.11375681133976377
0.11375681133976377
0.11338590199264584
0.11338590199264584
0.11370941662714842
0.11447123770987296
0.1151644865345562
0.1151644865345562
0.1151644865345562
0.11616886361634386
0.11616886361634386
0.11615299375572989
0.11576299172646283
0.1169680935214939
0.1169680935214939
0.1169680935214939
0.11663052028951636
0.11512091051640568
0.1154241148691068
0.1154241148691068
0.11522456692468917
0.11583166739961069
0.1167117317600071
0.11583094268313851
0.11548000591217651
0.11565284834357331
0.11534427707451961
0.11564539229529447
0.11612875377543962
0.11492008499388584
0.11447571778242863
0.11378284909880851
0.11391901509640533
0.11528239830083821
0.11528239830083821
0.11502234889522614
0.11502234889522614
0.11502234889522614
0.11502234889522614
0.11502234889522614
0.11477252609269079
0.11543709538537943
0.11543709538537943
0.11521298057503279
0.11521298057503279
0.11521298057503279
0.11469139910173211
0.11434243945783529
0.11423119095618017
0.1143628871988521
0.11361330375340697
0.11361330375340697
0.11361330375340697
0.11379731670862753
0.11297376511237144
0.11297376511237144
0.11323732792371917
0.11323732792371917
0.11299104277236587
0.11299104277236587
0.11318555493814235
0.11423192893301448
0.1141975610479236
0.11362985544034929
0.11367876596241468
0.11367876596241468
0.11492498217706244
0.11501334277675868
0.11501334277675868
0.11501334277675868
0.11501334277675868
0.11434758202604885
0.11479262863940216
0.11546628434166256
0.115640754167134
0.1153236628857606
0.11539754590792399
0.11564579836769985
0.11564579836769985
0.1160466894175968
0.11605416567008994
0.11601841053029403
0.11571795356044105
0.11618968715826182
0.11618968715826182
0.11660810951416839
0.11575488829316087
0.11546615048256537
0.11517870645692643
0.1146855617828695
0.11507117953292222
0.11580918529614304
0.11618119882368574
0.116670290517224
0.116670290517224
0.11672011792553767
0.11636980534969331
0.11727559912252805
0.11727559912252805
0.11827115429805714
0.11808374827464692
0.11898815486152435
0.11898815486152435
0.11898815486152435
0.1190748787609464
0.1190748787609464
0.11944916123573973
0.12001016313251422
0.11988837710654864
0.11981399937369894
0.11981399937369894
0.1190469196042304
0.11923543923672693
0.119421311365031
0.119421311365031
0.11825706538219916
0.11838754594482354
0.11906932021176513
0.11768869093427631
0.1178415812749758
0.1178415812749758
0.11849294212922229
0.11727277190865056
0.11727277190865056
0.11727277190865056
0.11656894482119623
0.11690149887898904
0.11643338727832228
0.11687921988399254
0.11582805462525994
0.11708300529770728
0.11796815183233608
0.11898806741292002
0.11822498721888602
0.1173459942549378
0.11742466213534475
0.11760821967336735
0.11732244366608495
0.11672367338667029
0.11739503676718349
0.11623251806283082
0.11608946315142847
0.11608946315142847
0.11579653933537357
0.11530161597466393
0.11564993211057757
0.11469827628422127
0.11469827628422127
0.11452117962281715
0.11452117962281715
0.11446458238436737
0.11501779724634303
0.11441176675892178
0.11483163964082116
0.11484332652336145
0.1145008365996587
0.11543708575198156
0.11526708831111701
0.11457561343104197
0.1141584645244246
0.11354812642156484
0.11354812642156484
0.11317433369163732
0.11273902721399344
0.11273902721399344
0.11361596581710105
0.11297321741498333
0.11297321741498333
0.11360191117416937
0.11432820337719939
0.11432820337719939
0.11452439114818606
0.11394053616483892
0.11468011870772987
0.11301925424600394
0.11221718647649766
0.11213113572044885
0.1126967076265305
0.11243285718689511
0.11243034259983983
0.11221866637796596
0.1124894472629102
0.1124894472629102
0.11154277167272483
0.11375414308313563
0.11313533010867921
0.113353360390459
0.11352331128357843
0.11446118879712089
0.11368694178176221
0.11283024384098896
0.11341361735322486
0.11481822501890424
0.11537858231237064
0.11537858231237064
0.11537858231237064
0.11531550709730945
0.11512303919935891
0.1146790180836129
0.11442146739416856
0.11472862144364711
0.11456131166874452
0.11516513129278397
0.11513116161068779
0.11483647041670493
0.11532101295241386
0.11532101295241386
0.11532101295241386
0.11546605013034163
0.1140471085314903
0.11375742390953292
0.11375742390953292
0.11323399048505693
0.11330896858635087
0.1130530120366742
0.11355629498845511
0.11426679163733962
0.11426679163733962
0.11442541208141337
0.11468603340718077
0.11378507318016416
0.11287600977453423
0.112769676483019
0.1129482793570179
0.1129482793570179
0.11337890451160375
0.11378694685389212
0.11385635320757521
0.11543838945655505
0.11444509273562488
0.11400177624910403
0.11418963734707901
0.114162581779415
0.114162581779415
0.11453553426611494
0.11453553426611494
0.1140609736132248
0.1140609736132248
0.11434522309788238
0.11423355873423996
0.11349151192750885
0.11468922556205717
0.11429903386884413
0.11444936469731395
0.11483319219373368
0.11483319219373368
0.11583554386410787
0.11571354363215006
0.1148137119520642
0.11387344704423243
0.11387344704423243
0.11310118764273595
0.11242891297757526
0.11330452147351826
0.11349917260460823
0.113133325798405
0.1139726515242862
0.11372459489309923
0.11393043512118578
0.11376166278793186
0.11354790106252136
0.11356892998050798
0.11444424424630911
0.11443367715177258
0.11416317290745137
0.11575205159631641
0.1153854123441632
0.11565186215481614
0.11464938937837599
0.11523207204156417
0.11605204042529965
0.1157372730946966
0.11633614990106075
0.1157862135574797
0.11610990798771025
0.11603673144708931
0.11558798940578824
0.115781234712726
0.11647366446066382
0.11637796792009053
0.11669092739338771
0.11600107078821294
0.11605785149974925
0.11663935188905347
0.11663935188905347
0.11566306503575766
0.11608727399670453
0.1170408476591045
0.11825819234803642
0.11881162433748586
0.11877578990833472
0.11877578990833472
0.1182155179447986
0.11844852710129959
0.11844852710129959
0.11785224242348831
0.11741640138574196
0.11738074202532794
0.11839741419143297
0.11750766203773108
0.11750766203773108
0.11856751859976779
0.11908590351629933
0.11908590351629933
0.11857024612976415
0.11866562185422747
0.11873290707113646
0.11873290707113646
0.11928100217056319
0.11928100217056319
0.11928100217056319
0.11915355763646383
0.1191358912033883
0.11804933533172705
0.12009358596533827
0.1198961819720083
0.12128197720144054
0.1212578387520386
0.12152180970418883
0.12011587797890272
0.11973970639846021
0.11979030117975963
0.1180499721166061
0.1175469328907411
0.11734452597216712
0.11700026113991804
0.11655051540739943
0.11655051540739943
0.11655051540739943
0.11584234392406396
0.11570447797303617
0.11570447797303617
0.11528497859266697
0.11528857720300749
0.11692934467817036
0.11772076450033164
0.11772076450033164
0.11772076450033164
0.1179736532675293
0.11841283862411865
0.11823560646119449
0.11773903657520404
0.11715126059352851
0.11787743271288566
0.11754910397304545
0.11705712567669387
0.11650356996423283
0.11674990063936869
0.11674990063936869
0.11800078098246804
0.11761045542812458
0.11720201875865185
0.11720201875865185
0.11720201875865185
0.11604685532856511
0.11484641414509178
0.11482162410253052
0.11482162410253052
0.11558888326489188
0.11449700677569649
0.11449700677569649
0.11501400253398945
0.11510402057408156
0.11424247272644868
0.11429253883822776
0.11376495874872534
0.11422487448108722
0.11585294533494732
0.11593511856051442
0.11444974445901675
0.11501004440311645
0.11550954460436459
0.11550954460436459
0.11579546401129917
0.11646372412473027
0.11441033567130035
0.11441033567130035
0.11441033567130035
0.1149153569743409
0.11394422121080322
0.11359476735357742
0.11286061130980495
0.113925751542473
0.11535088615924077
0.11535088615924077
0.11449056218203367
0.11449056218203367
0.11449056218203367
0.11414376873129643
0.11414376873129643
0.11414376873129643
0.11414376873129643
0.11414376873129643
0.11379728917519827
0.11410360978867934
0.11359264189970655
0.11259898436091922
0.11316642968220605
0.11402233730169188
0.11291255694110716
0.11307749276882424
0.11291709952458845
0.11387357647760107
0.11488155023866828
0.11380933916405422
0.11331146098612685
0.11331146098612685
0.11331146098612685
0.11329631109421107
0.11412106245918817
0.11372371451201826
0.11321942151179173
0.11221694627959687
0.11321937985844314
0.11338724279805841
0.1147065244825416
0.11447960499003108
0.11580674671226962
0.11703385934918982
0.11626996473475366
0.11626996473475366
0.11626996473475366
0.11673477370476748
0.11681625343978212
0.11585338628810757
0.11614679022405709
0.11681107946791296
0.11635602711800612
0.11664463849479426
0.11645095314991116
0.11626476983917722
0.11626476983917722
0.11658498885899767
0.11796618610524404
0.11798828222239177
0.11743119372410396
0.11743119372410396
0.11757339032088372
0.11639710415143144
0.1172391265483628
0.1172391265483628
0.11709074631657818
0.11709074631657818
0.11739760027535626
0.11644539330824372
0.11657857478106666
0.11692065187168435
0.11635905414438504
0.11580015108215397
0.11597209288945601
0.11559101638476942
0.11522977014988443
0.1152159575677308
0.11459621175309638
0.11614005762353866
0.11580232822216283
0.11580232822216283
0.11613552718446421
0.11613552718446421
0.11570317204566033
0.11754100384473347
0.1174030305557574
0.1174030305557574
0.11675268999760444
0.11596555852497013
0.11510580811936544
0.11628055720511424
0.1157283953650378
0.11580321552926273
0.11599895286741306
0.11493929705497527
0.11493929705497527
0.11395075509170272
0.11417828062604765
0.11374577277237385
0.1131716437618132
0.11337076558256931
0.11229163763207997
0.11392807932657505
0.11392807932657505
0.11382174978550498
0.11276576067154064
0.11264289427296625
0.11268628185070684
0.11402225147048133
0.11467342479424396
0.11404452186789528
0.11471285284632003
0.11537390790084952
0.11594751101641057
0.1171452451532216
0.11671090857848661
0.11620894953510125
0.11578980558604059
0.11624605929779896
0.11706654068058835
0.117394903132326
0.11742836257186877
0.11595513338718443
0.11726632014768093
0.11726632014768093
0.11568092588492522
0.11568092588492522
0.11600620631683681
0.11600620631683681
0.11762256920044263
0.11635253266395561
0.11635253266395561
0.11648629587837726
0.11648629587837726
0.11640899060417721
0.11753942147899538
0.11713296838484204
0.11713296838484204
0.11655571628906031
0.11739516713362805
0.11843582416031585
0.11812776108739352
0.11939978528085414
0.11892680049447717
0.1191778314369331
0.1191778314369331
0.11832626579599516
0.11832626579599516
0.11804161439457812
0.11804161439457812
0.11859422285165
0.11796130579350107
0.11810174315629236
0.11751077982290054
0.11751077982290054
0.11711826949859833
0.11848021796084036
0.11843298460301015
0.11845714055811049
0.11881196949815703
0.11795825510178078
0.11795825510178078
0.11769693948544946
0.11858459530031897
0.11858459530031897
0.1196605758209845
0.1196605758209845
0.1196605758209845
0.11784335757336155
0.11867896660762865
0.1197296984559644
0.1213418157071033
0.12217234962956162
0.12196117798848323
0.12022945444981838
0.12039168979905937
0.11928024106323781
0.11961774625079302
0.11961774625079302
0.11964799416533599
0.11976678904039302
0.11976678904039302
0.1204996854508036
0.12051153984603596
0.1189437207929215
0.11799591244589488
0.11852466522866138
0.11933290525899223
0.11929627971198997
0.11892281492530049
0.1174535786858238
0.11736876162880537
0.11736876162880537
0.11632443894449626
0.11715853541803774
0.1180330869541152
0.11897818849726409
0.11897818849726409
0.1187288823647604
0.11631251013365655
0.11694546705556248
0.11735949576419959
0.11731404950830714
0.11697708018290748
0.1178838420185668
0.1178838420185668
0.11817448875776744
0.11716452057619528
0.11684795004824762
0.1162064968432171
0.11624483021416147
0.11579462645146676
0.11477427368094287
0.11477427368094287
0.11476379952176996
0.11458064505034589
0.11448721457430162
0.11448721457430162
0.1148598355737564
0.11615956976947867
0.11655202067528704
0.11655202067528704
0.11645953042919445
0.11645953042919445
0.11655517069996271
0.1185407957889581
0.11828239330078137
0.11788490905155892
0.11703084109351428
0.11669051763965482
0.11614174110900066
0.11614174110900066
0.11579328846539105
0.1164772726701086
0.1164772726701086
0.11649831228892991
0.11664364686937669
0.11771094668274244
0.11787444552993462
0.11686167430728873
0.11619001867166684
0.11619001867166684
0.11620482751360349
0.1159006580951052
0.1159006580951052
0.11587473305372167
0.11558040202696099
0.11558040202696099
0.1139392930771668
0.11370775079175453
0.11387066625983708
0.11506099681857286
0.11545856626896336
0.11581694167586047
0.11516456310129856
0.11416159149265173
0.11417728249281262
0.11447737466040375
0.11453510413159491
0.11453510413159491
0.11405824948516136
0.11397143453248852
0.11397143453248852
0.1145760664722363
0.1135648169196846
0.11341201235940444
0.11341201235940444
0.11328923947642505
0.11358758194569227
0.11358758194569227
0.11457631528694272
0.1158227493432206
0.11593118399625285
0.11559042994068937
0.11559042994068937
0.11593876318043823
0.11593876318043823
0.11591834444636726
0.11527056788243377
0.11576352010389918
0.11576352010389918
0.11607347411389456
0.11607347411389456
0.11582289851449726
0.11634183282652553
0.11705831008948515
0.11554643790086185
0.11554643790086185
0.11670352799954786
0.11670352799954786
0.1175319335054821
0.11810805371567829
0.11700736152438401
0.11700736152438401
0.11793927042665409
0.11758990196767508
0.11797880956374762
0.11739883345643673
0.11728976391687859
0.11728976391687859
0.11690420334209194
0.11799293514117713
0.11720313604257711
0.11600470556908815
0.1153032487074075
0.11561023868307808
0.11538607871449333
0.11495878236648932
0.11495878236648932
0.11504297623391925
0.11504297623391925
0.11575116859848082
0.11635483620956717
0.11530500101215625
0.11568851129261795
0.11585878172405446
0.11585878172405446
0.11564950223915427
0.11564950223915427
0.11669999698536125
0.11625615418519614
0.11606367318513573
0.11567573682893038
0.11725104628483407
0.11648830492146191
0.11648830492146191
0.11648830492146191
0.11471255049055556
0.11483383651836905
0.11558222340942258
0.11558222340942258
0.11479439878463614
0.1154636893207819
0.1154636893207819
0.11540402361763942
0.11580797871601174
0.11556536442800469
0.11606159865216177
0.11604734976358393
0.11604734976358393
0.11565344357860805
0.11539301106567112
0.11539301106567112
0.11588234163500431
0.11616102109803382
0.11583024986200374
0.11485534433863182
0.11463662013202407
0.11489066342018693
0.1139082291152915
0.11321945585527961
0.11417272032540202
0.11417272032540202
0.1141063847501234
0.11503762181564321
0.1141671583141525
0.11401149454455534
0.11382455877701933
0.11320405358945962
0.11320405358945962
0.1135816508162502
0.11405093398996714
0.1137537908217406
0.11297799793044423
0.11297799793044423
0.11297799793044423
0.11297799793044423
0.11297799793044423
0.11391760385387326
0.11391760385387326
0.11477588401965848
0.11555847332105855
0.11624509985645
0.11607831331108168
0.11564787041927327
0.1144299125614709
0.11428485818526454
0.11428485818526454
0.11446696328073634
0.11549091906157997
0.11549091906157997
0.11657460000127375
0.11712186350085313
0.11658794000432757
0.11618634046582009
0.11730573375153235
0.11715704198524272
0.11676300990177176
0.11670142119289963
0.11670142119289963
0.11748327847805275
0.11715530394787
0.11707142368524795
0.11746361784716042
0.11695635895553985
0.11637885130980583
0.11645498562624246
0.11752115548304737
0.11701357601544234
0.11701357601544234
0.11671648484888363
0.11644897599244224
0.1164427102694643
0.11629248006062133
0.11629248006062133
0.11629248006062133
0.1166476261275675
0.11627674076442933
0.11602437874453177
0.11604830286743834
0.11634495021949581
0.11626032155016083
0.11731411105794756
0.11656425067231195
0.11618463504884693
0.11660960399138283
0.11635376076631612
0.11659914156190836
0.11671183024189527
0.11761483914417467
0.11761483914417467
0.11761483914417467
0.11761483914417467
0.11724461925052913
0.11724461925052913
0.11728845441871012
0.11728845441871012
0.11715613763845732
0.1166580804739328
0.11606443240129333
0.11648901358636037
0.1167490547423408
0.1167490547423408
0.11634265844927524
0.11674817551311449
0.11712124916723367
0.11582536830497164
0.1145746228158532
0.11465329850377783
0.11490250963335563
0.11490250963335563
0.11499516340670936
0.11498214653342069
0.11546840023476199
0.1164758574223713
0.11655583597476109
0.11632748950047789
0.1155105102216841
0.1155105102216841
0.11596479232153252
0.11628924396448645
0.11572705166259292
0.11662288008968996
0.11662288008968996
0.11662288008968996
0.1172678579610835
0.11770479613854312
0.11816075598048106
0.11816075598048106
0.11763668704421773
0.11723798883923642
0.11723798883923642
0.11755399076595263
0.11774716719667044
0.11676168128875831
0.11625170186388237
0.11582957903716012
0.11647013986379344
0.11647013986379344
0.11710983891024655
0.11710983891024655
0.11710983891024655
0.11710983891024655
0.11695362254587578
0.11695362254587578
0.11816966360835407
0.11791477545731134
0.1174073529853885
0.11778746756086915
0.11778746756086915
0.11778746756086915
0.11819704209968174
0.1189738077112722
0.1189738077112722
0.1182476181319505
0.11786596261856602
0.11731288955761374
0.11717085711286188
0.1179266719514978
0.11789958211110349
0.1174287902506583
0.1174287902506583
0.1174287902506583
0.11646439818441422
0.11808988699093186
0.11886975490993643
0.11861029086654518
0.11791856080535258
0.1176324807963798
0.1176324807963798
0.11848608398727663
0.11756457738163871
0.11807376197978169
0.11807376197978169
0.11807376197978169
0.11721962047245199
0.1164270565891368
0.11635633169681592
0.11700263671254525
0.11660310466729332
0.11755788570638374
0.1164730621329713
0.11552087482241993
0.11583267385360421
0.1154181516505906
0.1154181516505906
0.11528735656249371
0.11571697511813922
0.11525045651974113
0.11616055466883309
0.11516503326309843
0.11598082174651612
0.11598082174651612
0.11606838705303843
0.1157584674759271
0.11646819103294827
0.11680180351237111
0.11680180351237111
0.11680180351237111
0.1157083016233862
0.1162179835699591
0.11704708217386983
0.11632034455840143
0.11652767626805542
0.11553833383979678
0.11501134143888404
0.11501134143888404
0.1158178170776788
0.11622149733246304
0.11622149733246304
0.11622149733246304
0.11635478670640786
0.11627236441967692
0.11624652192379988
0.11547277377860651
0.11547277377860651
0.11670438102505722
0.1167191746803508
0.11642176134202054
0.1154818168712253
0.11506712850023325
0.11493429852727406
0.11493429852727406
0.11417073989922186
0.11359388636608744
0.1134672132896668
0.11429670432514502
0.11525274380820356
0.11499562979870276
0.11444017269851219
0.11479648502699819
0.11490089245974773
0.11491005831539218
0.11570847816971
0.11463250565250609
0.11477996645098071
0.11477996645098071
0.11488960980547051
0.11479270483197025
0.11468003590128224
0.11468003590128224
0.11468003590128224
0.1139082066552561
0.11430367662007775
0.11408710300135226
0.1143310735524493
0.1139784376722826
0.11297177108014564
0.11208467353413405
0.11163450873692571
0.11205083938758317
0.11149925257856674
0.11158557192330254
0.11046492248902356
0.10990459255145581
0.10995270512207903
0.11006929102409116
0.11124461316402892
0.11153480871357009
0.11046102138503291
0.10951055690335569
0.11122867532383834
0.11090735213581701
0.11155534826440572
0.11176704894487116
0.11118758396568948
0.1106050118565253
0.11091119043672211
0.10989268525346224
0.11005525154105504
0.1090411731428672
0.1094891566227994
0.1094891566227994
0.10918486568812459
0.10996743318192652
0.11017965342464771
0.11060269261356413
0.11116066738185498
0.11096314283097324
0.110117139353745
0.11048264135936639
0.11048264135936639
0.11048264135936639
0.10993188260891697
0.10993188260891697
0.11007837631289898
0.11065099009825917
0.1116676364250816
0.11187697788799898
0.11209003872329652
0.11209003872329652
0.11209003872329652
0.11237439186547994
0.11167087753993528
0.11167087753993528
0.11142939843258245
0.11142939843258245
0.11142939843258245
0.11048645788703057
0.11048645788703057
0.11097156251363229
0.11097156251363229
0.11097156251363229
0.10972107509309459
0.11124065796068454
0.11232051375998109
0.11216110632362593
0.11189858436316975
0.11306282183991401
0.113736097453802
0.11347899145601274
0.11307787512892661
0.11307787512892661
0.11303934119835239
0.1143391854336819
0.11461714622129472
0.1144108301544766
0.1131866055932658
0.1131866055932658
0.11218060355717546
0.11308817240962038
0.11286803162956542
0.11414032008512226
0.11414032008512226
0.11409214438250387
0.11350959073394314
0.11350959073394314
0.11358145725382565
0.11282422419958106
0.11269409166298602
0.11258248928167537
0.1124556974896826
0.1124556974896826
0.11140273432374341
0.11140273432374341
0.11138614317510938
0.11138614317510938
0.1114491347370544
0.11142851519548196
0.11072604637147639
0.11072604637147639
0.11072604637147639
0.11072604637147639
0.11019399681856928
0.10811159885154556
0.10780965759817342
0.10874455780854109
0.1100807248349274
0.11005546911512397
0.11005546911512397
0.11005546911512397
0.11005546911512397
0.11106614130991727
0.10979677328858496
0.1098304706113136
0.11076118903612373
0.11016880046934639
0.11106382470477098
0.11235481474339486
0.11159019867186627
0.11173653787576858
0.11167871325625814
0.11167871325625814
0.11197324461963669
0.11170773402586581
0.11244999430757746
0.11212836226258144
0.11190707658665994
0.11183632679611012
0.1130674690095676
0.1130674690095676
0.11249705827516351
0.11371212233707491
0.11334022265271346
0.11337318188538306
0.111763037756244
0.11315160919056626
0.11315160919056626
0.11231130089293269
0.11216093396088485
0.11206586251225503
0.11211641081652088
0.11211641081652088
0.11146397143135994
0.1102889113596021
0.11062776476001444
0.11043585291438561
0.10934953847445107
0.10968977170625323
0.11045777892182922
0.11043933940955045
0.10998901422427926
0.10991353770808099
0.11152767249634976
0.11182232514403932
0.11180355708595738
0.11180355708595738
0.11172750530494724
0.11152926758950987
0.11162953158865635
0.1119103412697856
0.11165637697127345
0.11165637697127345
0.11165637697127345
0.11157984139792153
0.11164500442865531
0.11141162299231008
0.11185902450503146
0.11263802363589272
0.11263802363589272
0.11343748756102298
0.11343748756102298
0.11343748756102298
0.11283025761440944
0.11237158389163937
0.1121626422520879
0.11194848703538078
0.11104811435712997
0.11130328209320116
0.11130328209320116
0.11166579500579817
0.11129662161381192
0.11151825218619178
0.11174472094734267
0.11189885671191228
0.11181460429328942
0.11301429308829634
0.11196030862799108
0.1121245064724875
0.11209650420419189
0.11256984652668194
0.1130614072626418
0.1130614072626418
0.11269903375161398
0.11349008429587182
0.1130702566625788
0.11327927992146651
0.11337947502901587
0.1130075795671636
0.11235160892619468
0.11313937328722284
0.11313937328722284
0.11382161928673319
0.11396609726687734
0.11392057164259171
0.11392057164259171
0.11392057164259171
0.11387694746309987
0.11323004301450633
0.1128879764501278
0.11240318755086462
0.1120056850627357
0.11320507688308015
0.11283492633500707
0.11235886649940226
0.11312789848037588
0.11322486614891265
0.11236189604164297
0.11297201928344751
0.11336096386541221
0.11276497458536106
0.11276497458536106
0.1130473797426265
0.11371045873266375
0.11342606182130051
0.11382266823172563
0.11363855854013545
0.11220371622573916
0.11248049334622014
0.11143827138742952
0.1119293970680017
0.1119293970680017
0.11148135234139167
0.11185962367775502
0.11161717951267532
0.11161717951267532
0.11160405873557147
0.11067938876402611
0.11067938876402611
0.1111566901616524
0.11181545941644601
0.11181545941644601
0.11145501588858707
0.10963358199059654
0.10879918383937776
0.10879918383937776
0.10879918383937776
0.10865947453394854
0.1096127923173354
0.10936813801037103
0.1094033620066773
0.10940022579902793
0.1090802317877518
0.10993133060771257
0.10960313206268844
0.10960313206268844
0.10960313206268844
0.10963827652310477
0.11006766960695775
0.10959274972577336
0.10943711115883831
0.10924993507442886
0.10853023742666511
0.10853023742666511
0.10853023742666511
0.1086988772759176
0.10850092514702789
0.11005920719107865
0.11005920719107865
0.11005920719107865
0.11034398664984985
0.10919073446718217
0.10919073446718217
0.10846533993444132
0.10910507384861991
0.1100156197462469
0.10870971255333604
0.10914396351152368
0.11048453314981274
0.11048453314981274
0.11009512462949216
0.11104784781745153
0.11006989699386431
0.11027197469755487
0.1098933949281125
0.1098933949281125
0.11017077505012766
0.11114245422951882
0.11184381073858772
0.11364296458281299
0.11364570727899768
0.11403830345985363
0.11430684979855556
0.11338049783902468
0.11369963902650632
0.11327494529268908
0.11393712057789082
0.11328095368992935
0.11328961145581902
0.11366492650951276
0.11337727152731897
0.11297547564417527
0.11310157738739865
0.11135799054708445
0.11100328664332745
0.11156244201695355
0.11213483555411623
0.11229947872904528
0.11220099912580456
0.11297670792484142
0.11413314066688801
0.11413314066688801
0.11307511208428887
0.11334671767603682
0.11323165284521758
0.11399548207374267
0.11512101126485673
0.11512101126485673
0.11527965103738189
0.11524023951600827
0.11618741535213885
0.11618741535213885
0.11589275922682829
0.11465375991570892
0.1144831297370209
0.11559932345593678
0.11559932345593678
0.11559932345593678
0.11370231050059283
0.11240814367483394
0.11232142432033121
0.11214675213548551
0.11164965417112031
0.11143220493818827
0.11119259064976236
0.11119259064976236
0.11194720010284548
0.11295120400877455
0.11195867075085218
0.11195867075085218
0.11231647933657694
0.11257308062879735
0.11235094040163401
0.11232532708314466
0.11343947950947313
0.11432592111214418
0.11348220714978688
0.11258908350970358
0.11218005480519759
0.11193641661344046
0.11229967068761974
0.1127409251970148
0.11204058148547173
0.11204058148547173
0.1124221286807669
0.1124221286807669
0.11240539320574659
0.11323940947075771
0.11359815526638083
0.11242429300338176
0.11242429300338176
0.11247410237615356
0.11287285496706495
0.11189764754024449
0.11139509143310602
0.11258322728942215
0.11312758178565217
0.11312758178565217
0.11189789045318675
0.1125777379434229
0.11254973086915213
0.11254973086915213
0.11254973086915213
0.11229466349951722
0.11229466349951722
0.11213877096283127
0.11106503942978904
0.11172324803128068
0.11090060001093585
0.10952572786638985
0.11044707822792534
0.10992904109269162
0.10956502074132056
0.10956502074132056
0.10973743825031484
0.11003763301855347
0.10962243763134932
0.1103265956577847
0.11015938570952999
0.11012032535572457
0.10990740951656733
0.1094535320521098
0.10905244493366069
0.11051145875031605
0.10988096253278093
0.11166847118229736
0.11227440450897744
0.1121630466222948
0.11164072732661821
0.11164072732661821
0.1129859700594974
0.11124749305416562
0.11199871147263629
0.11088941527548306
0.11189185753338213
0.11177862087588875
0.11187670585912192
0.11169468671158772
0.11225121793048576
0.11108721478591241
0.11179492804591606
0.11216476075622002
0.11196268945549212
0.11204642546676857
0.11330016431640821
0.11362742824489043
0.11344992646741037
0.11352426351903447
0.11367881557368971
0.11435627566768913
0.11337988479137985
0.11337858782653812
0.11449662649070862
0.11626130472352811
0.11626130472352811
0.11704101974233624
0.11704101974233624
0.11572063999248533
0.11572063999248533
0.11615098777877605
0.11615098777877605
0.11672065294101543
0.11658725613273052
0.11690298963637283
0.11690298963637283
0.11679477406965913
0.11724644001180977
0.1165891116647962
0.11704445424986006
0.1166930085908492
0.1168121371651504
0.1168121371651504
0.11744835531105338
0.11692057181093282
0.11594479004629109
0.11539614302443726
0.11571615361744478
0.11571615361744478
0.11557881869900101
0.11560680583767692
0.11470250202035223
0.11409642306073285
0.11413804789952793
0.113644829615132
0.113644829615132
0.11379544936228506
0.11379544936228506
0.11395263325690087
0.11395263325690087
0.11395263325690087
0.11403107939991415
0.1139994110877291
0.11420462920254988
0.11420462920254988
0.11540817665346037
0.11447703525759541
0.11529579959465831
0.11532619561167513
0.11532619561167513
0.11490944763762947
0.1134525035809552
0.1134525035809552
0.11384214181374507
0.1131285589612258
0.1131285589612258
0.11247936042121497
0.11138226678610835
0.11133873075567798
0.11234622442661951
0.11234622442661951
0.1132429446760529
0.11281927999258157
0.11407236085460327
0.1143383006487159
0.11417433034364528
0.11461937925729991
0.11461937925729991
0.11461937925729991
0.11433199972172182
0.11376088417692037
0.11490520776695609
0.11490520776695609
0.11529312310258086
0.11608968728031753
0.1154630897518412
0.1154630897518412
0.11478959445780396
0.11553773854876906
0.11553773854876906
0.11519189328881552
0.11519189328881552
0.11632662470844556
0.11525291471681597
0.11552685884842145
0.11559333420326963
0.11559333420326963
0.11596977249094978
0.11596977249094978
0.11675290867369537
0.11707665974722672
0.1165787828371175
0.11678568234368454
0.1174317065116509
0.11691045465547736
0.11677307992450686
0.11677307992450686
0.11677307992450686
0.1167407631922528
0.11730497491514456
0.11730497491514456
0.11664598666366521
0.11652169942387013
0.11551696982902698
0.11573823929739477
0.11573823929739477
0.11553504697665849
0.11600676267053388
0.11600676267053388
0.11659648417015946
0.11564446783358763
0.11638808797915297
0.11600736003952562
0.11661997020109788
0.11661997020109788
0.1162167811915829
0.11561675924162053
0.11567032646954975
0.11560534902124929
0.11494161144663126
0.11594445789487628
0.11567440158797401
0.11654464321707905
0.11672435390840163
0.11641936890483975
0.11627773853801228
0.11746022839457475
0.1172890148608271
0.11634256670507119
0.11554167753999196
0.11543023042845901
0.1139572067429642
0.11521740647181798
0.11553542973093421
0.11553542973093421
0.1153891167893306
0.11501408536851047
0.11501408536851047
0.11478438892088698
0.11494160677219603
0.11495845391162761
0.1160502243600487
0.1156488271512089
0.11536927428439737
0.11571378063990755
0.11691402703602183
0.11691402703602183
0.11678423192384783
0.11640678230501086
0.11677308435247923
0.1166685577677605
0.1166685577677605
0.1166685577677605
0.11822097259637486
0.1192615467190715
0.11817517381869744
0.11813548865921661
0.11670770216183507
0.11720294887104697
0.11721756064187115
0.11782939895253566
0.11782939895253566
0.11782939895253566
0.11758297604925746
0.11758297604925746
0.11758297604925746
0.11866133434508215
0.11866133434508215
0.11676264785390916
0.11689088134010059
0.11689088134010059
0.11754701248724524
0.11827231436581605
0.11827231436581605
0.11816356816831824
0.11776772880281018
0.11789415062573284
0.11929018216727749
0.11779229640550896
0.1181383899811062
0.11820629857688078
0.11820629857688078
0.11794098512678743
0.11704275917540943
0.11704275917540943
0.11789347319903012
0.11917605250450777
0.11907406184530352
0.11802895377881051
0.11916405953970514
0.11909254157692811
0.11895156272578962
0.11971920741932972
0.1192113869141454
0.11840122212710523
0.11840122212710523
0.11840122212710523
0.12003847556401029
0.11914080495009137
0.11914080495009137
0.11811569541194383
0.11677483588998872
