0.12744257377849666
0.12744257377849666
0.12744257377849666
0.12744257377849666
0.12744257377849666
0.12744257377849666
0.12744257377849666
0.12744257377849666
0.12744257377849666
0.12744257377849666
0.12744257377849666
0.12744257377849666
0.12744257377849666
0.12744257377849666
0.12744257377849666
0.12744257377849666
0.12744257377849666
0.12744257377849666
0.12744257377849666
0.12744257377849666
0.12744257377849666
0.12744257377849666
0.12744257377849666
0.12744257377849666
0.12744257377849666
0.12744257377849666
0.12744257377849666
0.12744257377849666
0.12744257377849666
0.12744257377849666
0.12744257377849666
0.12744257377849666
0.12744257377849666
0.12744257377849666
0.12744257377849666
0.12744257377849666
0.12744257377849666
0.12744257377849666
0.12744257377849666
0.12744257377849666
0.12744257377849666
0.12744257377849666
0.12744257377849666
0.12744257377849666
0.12744257377849666
0.12744257377849666
0.12744257377849666
0.12744257377849666
0.12744257377849666
0.12744257377849666
0.12744257377849666
0.12744257377849666
0.12744257377849666
0.12744257377849666
0.12744257377849666
0.12744257377849666
0.12744257377849666
0.12744257377849666
0.12744257377849666
0.12744257377849666
0.12744257377849666
0.12744257377849666
0.12744257377849666
0.12744257377849666
0.12744257377849666
0.12744257377849666
0.12744257377849666
0.12744257377849666
0.12744257377849666
0.12744257377849666
0.12744257377849666
0.12744257377849666
0.12744257377849666
0.12744257377849666
0.12744257377849666
0.12744257377849666
0.12744257377849666
0.12744257377849666
0.12744257377849666
0.12744257377849666
0.12744257377849666
0.12744257377849666
0.12744257377849666
0.12744257377849666
0.12744257377849666
0.12744257377849666
0.12744257377849666
0.12744257377849666
0.12744257377849666
0.12744257377849666
0.12744257377849666
0.12744257377849666
0.12744257377849666
0.12744257377849666
0.12744257377849666
0.12744257377849666
0.12744257377849666
0.12744257377849666
0.12744257377849666
0.12744257377849666
0.12687835532947594
0.12596137747007458
0.12429355957744583
0.12363482046165888
0.12360940835729596
0.12276769404292556
0.12212557867308217
0.12258170602319099
0.12188160550396442
0.12187481433065032
0.12187481433065032
0.12167280965431691
0.12167280965431691
0.1212151637970916
0.12031812091990687
0.12099814310324494
0.12129065503165448
0.12129961974146591
0.1201689461366178
0.12185175287875907
0.1208931527259614
0.12159694990604217
0.12250078163322696
0.12183293340330562
0.12196966343040391
0.1226236566099979
0.12229832358594783
0.1221983640774463
0.12218867406109843
0.12132755014601751
0.1224628703571509
0.12351576472172966
0.12351576472172966
0.12351576472172966
0.12319402071780565
0.12418496914701399
0.12461967726667149
0.123900454394732
0.123900454394732
0.12250760633234078
0.12292816381723985
0.12293013339308136
0.12310255031485937
0.12310255031485937
0.12310255031485937
0.12289354435072772
0.12278332190662242
0.12252995608498167
0.12252995608498167
0.12185413137916801
0.12088073957903551
0.12088073957903551
0.12024757687721653
0.11956449828152084
0.11956449828152084
0.11942996032659298
0.11890914837256572
0.11800704239579167
0.11821995691312152
0.11895010573085575
0.11856176979757202
0.11827269821230636
0.11827269821230636
0.11827269821230636
0.11796110826852216
0.11822414973814176
0.11725089492911642
0.11698033817577264
0.11823367189961696
0.11843729855307351
0.11773231644852288
0.11773231644852288
0.11760874861723844
0.11632253826554521
0.11632253826554521
0.11647104300693124
0.11778200128361008
0.1174020398978319
0.11811868584665323
0.11841240831740583
0.11841240831740583
0.11728951409489227
0.11722480368157835
0.11722480368157835
0.11853637125593044
0.11854220284661943
0.11725115479237885
0.11725115479237885
0.1166686159334763
0.1166686159334763
0.11603134352694873
0.116091660345989
0.11580124537164495
0.11619213242963738
0.11727977054021288
0.11727977054021288
0.11706164292217137
0.11746238325796553
0.11746238325796553
0.11604315279203814
0.11604315279203814
0.11564526842480084
0.11564526842480084
0.11564526842480084
0.11564526842480084
0.11564526842480084
0.11564526842480084
0.11468701207474047
0.1144125147991227
0.11417171648285433
0.11418826311359954
0.11468821829740881
0.11389399438383181
0.11406818246972639
0.11424924449269037
0.11323045089617159
0.1130544615001229
0.1130544615001229
0.11222688789799543
0.1126978240530489
0.11284513386482758
0.11284513386482758
0.11427643967709415
0.11374642407463359
0.11457859194430028
0.11458298470055613
0.11441237817689656
0.11473936547321134
0.1152214982603867
0.11399672513290236
0.11374710434859782
0.11245989511849924
0.1146951771892773
0.1146951771892773
0.11466072790941058
0.11466279312440797
0.11527402580243148
0.11433240939577298
0.11486394869836353
0.11486394869836353
0.11411837035373773
0.11411837035373773
0.11377098073820896
0.11377098073820896
0.11462968159041544
0.11462968159041544
0.11405794667546457
0.1135019374007582
0.1135019374007582
0.11413648358644199
0.1142473085876566
0.1142473085876566
0.11457523809241492
0.1145448037516859
0.11420167380755572
0.11358413520413982
0.11324833071368746
0.11388369642358977
0.11441685483088615
0.11503785513720256
0.11500233864402727
0.11500233864402727
0.11623965061899502
0.11405385623745254
0.11377397597475862
0.11396974363112591
0.11410345012765032
0.11410345012765032
0.11407944339383204
0.11511523810571056
0.11455086015202288
0.11455086015202288
0.11419008532396348
0.11364201651194282
0.11461869468672886
0.11421687487594472
0.11375672010986772
0.11444724673809588
0.11443321349409175
0.11443321349409175
0.11343781979306343
0.1132644499188948
0.11414785750349432
0.1147756869611082
0.11440487092635662
0.11495146599911105
0.11550408280308397
0.11550408280308397
0.116176436311533
0.11513152998338722
0.1147713621354678
0.11420215976810615
0.11420215976810615
0.11342507234992692
0.11407901247174865
0.11421318495880202
0.11494832942626812
0.11318616085110325
0.11318616085110325
0.11302355713791619
0.11166423770205391
0.11140969601157036
0.11140969601157036
0.11218115005956102
0.11235875917338795
0.11312547621750087
0.11323748825015088
0.11332213399212071
0.11332213399212071
0.1126460121493894
0.11259132151614713
0.11218564852402826
0.11195528879975539
0.11176153542292608
0.1116141303704409
0.1122192146942709
0.11292809135544168
0.11307097606571181
0.113642708720298
0.11289470636278165
0.11281232851870959
0.11281232851870959
0.111661024002563
0.11220481403645839
0.11220481403645839
0.11304027330020928
0.11304027330020928
0.11304027330020928
0.11336170041862537
0.11400329915745436
0.11453159644838397
0.11477266994055206
0.11543905516378838
0.11432081829861264
0.11432081829861264
0.11375972343104138
0.11417059130889545
0.11431436631900455
0.11461019579176836
0.11461019579176836
0.11447190737937198
0.11467528260365942
0.11467528260365942
0.11421688081108199
0.1144745497135868
0.11448048300600669
0.11448048300600669
0.11349638797543299
0.11362877200373435
0.11362877200373435
0.11362877200373435
0.1146585954778723
0.11496172116797862
0.11482618529201255
0.11516116699881203
0.11506275299670098
0.1149308003538259
0.11473916912242575
0.1161862871401408
0.1161862871401408
0.11527053132665431
0.114474741488391
0.11380348900170194
0.11373759755664158
0.1133032352366004
0.1133032352366004
0.11362077001195978
0.11362077001195978
0.11317134990379422
0.11245488492815311
0.11246758699456778
0.11197934696957022
0.11173286285971247
0.11307164182185461
0.1120279646106181
0.11398394616986726
0.11424910002052475
0.11424910002052475
0.11443317362550479
0.11318213945577578
0.11318213945577578
0.11318213945577578
0.11419921849399027
0.11420081426744867
0.11420081426744867
0.11525416433940645
0.11328021200856883
0.1143335598103719
0.11332576002095276
0.11332576002095276
0.11378864161778068
0.11378864161778068
0.11378864161778068
0.11319243775737177
0.1127562311262786
0.11263683942210294
0.11172323072361878
0.11178735744613678
0.11271807019762184
0.11271807019762184
0.11381791099747349
0.11381791099747349
0.11381669438093686
0.11395307956472192
0.11288698077721554
0.11272840263467673
0.11223539353942116
0.11223539353942116
0.11223539353942116
0.11191406079758844
0.11197873194229856
0.11178656246821979
0.11011743092346594
0.11011743092346594
0.10975465130203955
0.10910469753754569
0.10910469753754569
0.10910469753754569
0.10896545953673918
0.10896545953673918
0.10955154282269257
0.10955154282269257
0.10942503819437385
0.10926413507721573
0.10896427881624665
0.10836985975373818
0.10836985975373818
0.11008138264355799
0.11008138264355799
0.11010732673807795
0.11010732673807795
0.10940136227407943
0.10987753442815665
0.10940450118778514
0.10927757795697055
0.10946944072813107
0.11001323785048303
0.11001323785048303
0.11039657014500504
0.10933866216519383
0.11005323322479686
0.11005323322479686
0.11113210125197982
0.10988353721382753
0.10885533133600783
0.10959611196502084
0.10895392495689836
0.10851993301094125
0.10786269766524526
0.10849549589086732
0.10865953155890108
0.10878992136919194
0.10858868305102021
0.10864310160729625
0.10921859155832107
0.10921859155832107
0.10983606775929435
0.10957789261630978
0.11071364123626865
0.11028392514640557
0.111062548938633
0.11065232034730105
0.11079952040162665
0.11079952040162665
0.110622218920559
0.11019141835349387
0.10959386309313772
0.10932644712151042
0.10930264722190221
0.10930264722190221
0.1094144942546894
0.11008443411058334
0.10965655431630368
0.10780996578518366
0.10874853638245448
0.10764921814689878
0.10742513027421775
0.10711683950780371
0.10822838629938768
0.10965679907601529
0.10853534065790876
0.1080479389279106
0.10774867872156511
0.10774867872156511
0.10774867872156511
0.10831866427671051
0.10774877340307482
0.11024791798753901
0.10995130847784115
0.10995130847784115
0.10932633038682374
0.11007106549786892
0.11015125650096885
0.10937776075743144
0.10949095104311458
0.10946079355178931
0.10946079355178931
0.11052225247815373
0.10997603841242454
0.10995959181613797
0.11042157773499393
0.11206066412535846
0.11116231311151042
0.11116231311151042
0.11041744976925952
0.11171616091669183
0.11168020752281609
0.11168020752281609
0.11168020752281609
0.11213917818673703
0.11229815596491573
0.11259158475373886
0.11259158475373886
0.11118857179693518
0.11090717258348605
0.11125609152641623
0.11181429631609663
0.11135170014559963
0.11179027927818334
0.11179027927818334
0.11067824412893756
0.11067824412893756
0.11067824412893756
0.1093043524056262
0.10985333199604387
0.10872673739461466
0.10916740216370616
0.10916740216370616
0.10791770279641036
0.10892148079247455
0.10892148079247455
0.10932983151736048
0.10974231904264692
0.11020626022836105
0.10994462324404301
0.11011818054189704
0.11010759117899616
0.11081919719331015
0.11023639183639503
0.10992339891518066
0.10992339891518066
0.10979689536153528
0.11008086378363935
0.11008086378363935
0.11055356007565653
0.11072355794782401
0.109534772750028
0.10942989788085816
0.10986375567388107
0.11003911685048652
0.11027548971846667
0.11025153364849376
0.11103615725239258
0.11158159929454162
0.1117264681793493
0.11228352280909475
0.11086373280748195
0.11159354226036018
0.11210136105428968
0.11210136105428968
0.11093533474244141
0.11093533474244141
0.11058735943198769
0.11061474289224996
0.11000521918112503
0.1103385117658614
0.11082608008860025
0.11096612322521252
0.11014448426871504
0.10940808401578093
0.11023629858950032
0.11230416936077153
0.11149120844208324
0.11180383652918141
0.11164852637918046
0.11166509120141423
0.1118886069279658
0.1118886069279658
0.11218539167470606
0.11240136999042576
0.11171266486409029
0.11124955809154594
0.11053675068490414
0.11053675068490414
0.11122396920925061
0.11251795459513939
0.11290544005400667
0.11175998697650329
0.11064947766716854
0.11133201057967805
0.1097911270565952
0.10976933776557424
0.11022390750097688
0.11044313753943605
0.11018296019621612
0.11147375383856015
0.11156462577748295
0.11143433544381644
0.11106109376334054
0.11089776207235011
0.11089776207235011
0.11093617900358822
0.11203544226766929
0.11151431583350771
0.11186306560484113
0.11123638135278806
0.11129941919074628
0.11084616935480995
0.11084616935480995
0.11143081892168724
0.10976296677963655
0.11018705496845103
0.11036204307858641
0.10949892762889613
0.11011974056541493
0.11020674485498702
0.11050409721495104
0.1111974290503714
0.11187614602971867
0.11187614602971867
0.11142417263905419
0.11135178570884098
0.11054493282470512
0.11045455846048258
0.1107254585894434
0.11004384160965522
0.1102180931443501
0.10942346245845971
0.10897043371719722
0.10897043371719722
0.10849954152845787
0.10896771179965457
0.10896771179965457
0.10837620756973299
0.10757391201583247
0.10701167721573433
0.10758074982229744
0.10749120748942786
0.10663888291942293
0.10656133004940246
0.10720434615112646
0.10802080714023353
0.10742100928599384
0.10582545799620735
0.1056062638431888
0.10687730150059095
0.10729411506235893
0.10851107259637201
0.108053717717927
0.10884816370637028
0.10875692331504568
0.1081219138009438
0.10773459961440829
0.10709026819094879
0.10748944786062531
0.10676104311681602
0.107601941102131
0.107601941102131
0.10755053317194177
0.10675340578925945
0.10675340578925945
0.10708625387983174
0.10708625387983174
0.10708625387983174
0.10595893743672477
0.10697630806201569
0.10697630806201569
0.10644314451618687
0.10672899811491048
0.1060883382733382
0.1060883382733382
0.10601913593731985
0.10572479203507658
0.10570855283068686
0.10635542991461203
0.10629502005977635
0.10617865652573753
0.10781969130336443
0.10796062275923268
0.10796062275923268
0.10836750707150035
0.10848029526580376
0.10852926568726518
0.10852926568726518
0.10896540300909735
0.10887749797769743
0.10831829876748979
0.10913553445591621
0.11012337182141652
0.1091495928403219
0.1091495928403219
0.1086381513901575
0.10924223133501534
0.10847478427201704
0.10899484889805194
0.10868827070773183
0.1090875531576866
0.11000987193925574
0.11050165940330445
0.11001386775394593
0.11066578915259515
0.10939162825882631
0.10896410325459892
0.10862123939556956
0.10970568419855475
0.11086339244235205
0.11064432405381969
0.11149328352079904
0.11329713036848926
0.11240906678264528
0.11248018656625518
0.11288571069251206
0.11288571069251206
0.11219186694556821
0.11236031294759057
0.11127482053285263
0.11123426974714688
0.11123426974714688
0.11140452195147438
0.11231197937658831
0.11407608140367735
0.11361102342860374
0.11172041585872365
0.11252362388272014
0.11322867940423105
0.11331051392443446
0.11499002853940324
0.11499002853940324
0.11459255852512205
0.11453073066058221
0.11513193131962336
0.11504886661456887
0.11459077776114068
0.11389465839515457
0.11461215807723052
0.11446848746998822
0.11516686658769007
0.11383141228794323
0.11346786180831854
0.11346786180831854
0.11377240431915552
0.11433091725365264
0.11392226309001816
0.1146486210485295
0.1142691148463376
0.11338573168083128
0.11292048067979164
0.11304769271151405
0.11252435828640736
0.11252435828640736
0.11252435828640736
0.11229466191978682
0.1125886806250434
0.11310674292696728
0.11333849597727651
0.11381562960722422
0.11322716805890573
0.11280780327596565
0.11261925828416003
0.11373562451479168
0.1149944526494175
0.11588235547575922
0.11588235547575922
0.1158726568612782
0.11420745915122664
0.1134116298855
0.1148591855452142
0.1143148454898004
0.1143148454898004
0.11473035600019352
0.11499506082845493
0.11499506082845493
0.1144786185769699
0.11513179367052322
0.11513179367052322
0.1152198720876294
0.11500615645164135
0.11504837862092877
0.11657889857274377
0.11497294841090468
0.11406896454310929
0.11406896454310929
0.11373479242801757
0.11465538285067543
0.1145636512610351
0.11416029394212024
0.1143656157528375
0.1143656157528375
0.11491062829662557
0.11431348209271101
0.11391636800979973
0.11391636800979973
0.11423189059316327
0.11398421285839483
0.11380429820752354
0.11434954080732088
0.11494230629168378
0.11398789732632754
0.11398789732632754
0.11463117553136301
0.11352139458110323
0.1133765798802344
0.1133812812866388
0.11342916518024354
0.11301138217888322
0.11257281640381203
0.11149428575333051
0.11077974821831164
0.11162829963230805
0.11171276690905822
0.11100168643404552
0.11046408713922545
0.11003128998048599
0.11072621917226863
0.11074708783472356
0.11074708783472356
0.10980853122084269
0.11002686378711697
0.11089017986145012
0.11089017986145012
0.1120764083062132
0.11096076748486616
0.11060665345213797
0.10916510408302692
0.10982844236643216
0.11103367253573711
0.110335595135964
0.11098414569733316
0.11098414569733316
0.11209761104863536
0.11209761104863536
0.11116645677603089
0.11170571460235215
0.11228423495497318
0.11160558565666047
0.11197870033844662
0.11281245056588926
0.11253875217099768
0.11274060272448443
0.11227482727457534
0.11276830705341835
0.11167128659925493
0.11141090480508649
0.11110249935968124
0.11037299245905224
0.11196394800769786
0.11270696600542177
0.11270696600542177
0.11284648227823149
0.11286515598948803
0.11358237813298923
0.11358237813298923
0.112087787123281
0.11187103987714447
0.1124113043427906
0.11206858059845903
0.11108346213096776
0.11068666652026876
0.11134913771457249
0.11098108098897705
0.10949102400653492
0.10949102400653492
0.11065196923480802
0.11034082409602491
0.10980763575502446
0.11083597021968092
0.11005104404725728
0.10991417758080088
0.10944476607382303
0.10969601056023742
0.10969601056023742
0.10899191067362175
0.1090376220325133
0.10917746294595598
0.10950061749120486
0.10961541204952253
0.1094924261321064
0.11019933946354302
0.10848301998382258
0.10910526050133018
0.10956057057492234
0.10980655295015175
0.11028542889743588
0.11091805220642058
0.11105076438780048
0.11108160622114159
0.11112232812291326
0.11112232812291326
0.11166666990899896
0.11132090761716733
0.11163940755854385
0.11186730976368686
0.11260759033451849
0.11260759033451849
0.11299535753331773
0.11286139713801219
0.11244995837651517
0.11244995837651517
0.11191565357543509
0.11224086859319288
0.11262413741509286
0.1128028521200941
0.1140814972051585
0.11424538670595188
0.11394377330248529
0.11312579502952834
0.11187756244586118
0.11192337746625254
0.11262570556339062
0.11254769563675109
0.11222365811075047
0.1135149911240763
0.11255957659310405
0.11251732488384246
0.11273942787407251
0.11273942787407251
0.113244859742803
0.113244859742803
0.113244859742803
0.1138797240699352
0.11384953306693489
0.11405743189640215
0.11396710114562879
0.1153368301563185
0.1153368301563185
0.11596151070216533
0.11616025418418303
0.11698603858108388
0.11698603858108388
0.11570423012313788
0.11500714396534252
0.11381945528981825
0.11381945528981825
0.11304466800001808
0.11288298964905209
0.11309085372423915
0.11309085372423915
0.11497547228145852
0.11563277427790088
0.11548018254329671
0.11609737299357069
0.11659969044354929
0.11522288299713908
0.114881243830464
0.11570285711636753
0.11566135017590404
0.11566135017590404
0.11548197790104886
0.11548197790104886
0.11674451973221206
0.11674451973221206
0.11674451973221206
0.11674451973221206
0.1152733143866183
0.1152733143866183
0.1140735765422715
0.11423161699269765
0.11423161699269765
0.11250282908640276
0.11259031808152048
0.11262643400235241
0.11262643400235241
0.11070192103430113
0.11070192103430113
0.11073134672169481
0.11032203907697173
0.11006549795819655
0.11006549795819655
0.1097465679689885
0.11051667683460355
0.11051667683460355
0.11051667683460355
0.11070226058302234
0.11104644989740849
0.11169512482972975
0.11090486934736031
0.11153845674672729
0.11153845674672729
0.11132433280631925
0.11064757053647871
0.1112395099752108
0.11219799368458437
0.11263177075317671
0.1111749308659221
0.1111749308659221
0.11179383835337012
0.11179383835337012
0.11179383835337012
0.11286829263059249
0.11213891215018411
0.11216530600331091
0.1122112961314663
0.11267806240680797
0.11150268545456982
0.11090551907190814
0.11090551907190814
0.11090551907190814
0.11069002129812511
0.11078937823128827
0.11098708239568024
0.11218398261243868
0.11160174064489041
0.11142673667833973
0.11217782630282956
0.11098326045370487
0.11098326045370487
0.1114105616016013
0.11083447802016724
0.1106593718532991
0.11188734453875523
0.11138674173776843
0.11138674173776843
0.11093726954074308
0.11205909318388371
0.11242930895180767
0.11261917245232721
0.11247687982041799
0.1121420905199084
0.11214761768229181
0.11214761768229181
0.1125063577750528
0.11297693208936425
0.11252264337965685
0.11252264337965685
0.11320381843688392
0.11253998677669418
0.11199295088762565
0.11156668627944977
0.11102626357511668
0.11102626357511668
0.11102626357511668
0.11106861325456523
0.11106861325456523
0.11106861325456523
0.11181185112284445
0.11181185112284445
0.11092605894587769
0.11106727421378448
0.11197445861584873
0.11298263908470163
0.11445592291818064
0.11445592291818064
0.11398966977479832
0.11398966977479832
0.11286820787268032
0.11286820787268032
0.11176751867560338
0.11087949812415575
0.11074133339573193
0.11149408127645632
0.11188556944577879
0.11096226729410266
0.11124854952709602
0.11064662685453001
0.11064662685453001
0.11064662685453001
0.11054082441106922
0.11154906983454733
0.11231780552430118
0.11319571848452212
0.11088911353081732
0.10980977826793341
0.10980977826793341
0.10908370679407801
0.10946353887613412
0.1092746711249897
0.1092746711249897
0.10862271424030011
0.10862271424030011
0.10862271424030011
0.10798761620520915
0.10909793393849429
0.10958258333947475
0.10958258333947475
0.10938338311982662
0.10941730800035367
0.10941730800035367
0.10941730800035367
0.10941730800035367
0.10903675225443706
0.10972806698757516
0.11170648105269267
0.111680730888762
0.111680730888762
0.11110274486639182
0.11139848532522298
0.10985768802465884
0.10962284438224196
0.11010065659109196
0.11045164121155653
0.11074866344751665
0.11074866344751665
0.11019278214197456
0.11006103218938912
0.11051531376015064
0.11000135292913746
0.11045664541769638
0.11060731395324247
0.11196091829115333
0.11196091829115333
0.11260019111471231
0.112707910110165
0.11262758228794982
0.11319520715746523
0.1144797736296437
0.1144797736296437
0.1144797736296437
0.11388868366357494
0.11388868366357494
0.11388868366357494
0.1142890828435037
0.1148381035516728
0.11527615286896968
0.11517283742575683
0.11515631876358291
0.11447530664511582
0.11463233623205586
0.11335772195562796
0.11335772195562796
0.11323181101112367
0.11332156690304641
0.11289038481572564
0.11289038481572564
0.11369449835023897
0.11386444670674908
0.1139179712374825
0.11342153266689195
0.1134598058944625
0.11292816919975006
0.11387321343966873
0.11363962231068053
0.11496262636754931
0.11543272638502622
0.11578003195115277
0.11633593963261638
0.11566822031074549
0.11545961330443623
0.1142019496135799
0.1142019496135799
0.11361856232239126
0.11347051400556979
0.1122665124872391
0.1136393987244609
0.1121004136144485
0.11234505143743165
0.11203496377040204
0.11183749056227857
0.11218867577207214
0.11074204494927771
0.11082180576480262
0.11137808165444806
0.11137808165444806
0.11137808165444806
0.11137808165444806
0.11303247401949043
0.11325724454280173
0.11319759058489572
0.1116561822100795
0.1116561822100795
0.11215341759911199
0.11331227866415879
0.11331244891162331
0.11331244891162331
0.11331244891162331
0.11321345165830554
0.11413930360081254
0.11413930360081254
0.11493629940789875
0.11452049441931265
0.11430464098465083
0.11379234339269445
0.11341461870947954
0.11344043315879783
0.11245661186252447
0.11326247304381803
0.11267652144324014
0.11214927158415397
0.11135084692584933
0.11245081855014451
0.11141598066004593
0.11133365390304645
0.11089551384526918
0.11037294344204822
0.11037294344204822
0.11066606007658927
0.11066606007658927
0.11389724456459628
0.11442083031778535
0.11442083031778535
0.11336838954123526
0.11311908705216592
0.11260394558656925
0.11260394558656925
0.11130671168216125
0.11130671168216125
0.11130671168216125
0.11227805932576466
0.11253096316333605
0.11334032552865117
0.11301953735744541
0.11301953735744541
0.11332590228360302
0.11340774416395298
0.11368448437347058
0.11368448437347058
0.11351418246214923
0.11337020987644554
0.11506029339365183
0.11463036854033967
0.11471493874201867
0.11608339649512256
0.11608339649512256
0.11533498514117319
0.1146672482437352
0.11428467995847079
0.11427229301918897
0.1121930341435164
0.11151681734250536
0.11151681734250536
0.11184580836938797
0.11184580836938797
0.11144108251136507
0.11175170968005117
0.11129243276649461
0.11071072700702742
0.11070839993904195
0.1109998062364192
0.1114675147061125
0.11183468216732888
0.11183468216732888
0.1109571955829939
0.11053584478781307
0.10998253967698206
0.10998253967698206
0.10998253967698206
0.10993408484295608
0.1103050900762305
0.11110788563124453
0.11114976824731207
0.11187623375252156
0.11187623375252156
0.11187623375252156
0.11187623375252156
0.1110497808161673
0.11073006971802525
0.11175137205622908
0.11113378137798291
0.11045443590718976
0.11156159819913959
0.11158754290676477
0.11038804360964535
0.1108693284116979
0.1108693284116979
0.11159657021447784
0.11022930160721427
0.10917382464441952
0.10925229066613894
0.10874889644924343
0.10946838152743707
0.10946838152743707
0.1107124724514923
0.11104673447124835
0.11097412602387689
0.11097412602387689
0.11150374819523635
0.11043807822538336
0.11043807822538336
0.11022148532489073
0.10973927017980424
0.10845765498130604
0.10730326435844623
0.10698709633362302
0.10775735117835002
0.10852339755735177
0.1081178967872783
0.1081178967872783
0.10915233639345003
0.10915233639345003
0.10915233639345003
0.11054887268297095
0.11028760234622083
0.11028760234622083
0.11030212199215562
0.11030212199215562
0.11050176388016296
0.10981416192528298
0.10981416192528298
0.10838940440150859
0.10860625092082629
0.10860625092082629
0.10802088658040963
0.10808605504730463
0.1074507617846246
0.10714015477772416
0.10725462183703097
0.10732926088397111
0.10714054006194293
0.10722633292472775
0.1082540840482472
0.1082540840482472
0.10818254754593246
0.10895335463952517
0.1094616218083945
0.1094616218083945
0.10937695292122183
0.10937695292122183
0.10813431767717402
0.10706926818736258
0.10745511015854012
0.1079311546504893
0.10764045998300675
0.10731531385547922
0.10807187880546155
0.10807187880546155
0.10791352751377883
0.10848792852200816
0.10923270590701147
0.10931743609517075
0.110388876836786
0.11094347878621501
0.11124895066661596
0.11085749019136011
0.11143857017868104
0.11143857017868104
0.11106595446644464
0.1100380731501877
0.11009446709487035
0.10975176233823371
0.11020306392919335
0.10951083756286778
0.10920721422249625
0.10942446912327537
0.1100305100302024
0.10932165339296462
0.10946680692912128
0.10946680692912128
0.1083608934052835
0.10935840649629137
0.11023961795820697
0.11023961795820697
0.10974489954154938
0.10948353706402407
0.11062312430475366
0.11112768022345462
0.11117130520432907
0.11102352231112601
0.11105136367075294
0.11132768944332992
0.11138423618137286
0.11207579443862259
0.11080764236326461
0.11121044053296848
0.11184192409581756
0.10985139069069534
0.11092818450228586
0.11158294425519716
0.11158294425519716
0.1106464889158207
0.11115472039064887
0.11115472039064887
0.11169404318637421
0.11229050858719172
0.11184720339662764
0.11262536462893037
0.11248856859277098
0.11248856859277098
0.11303994680416889
0.11320397675632962
0.11427520972456108
0.11497025184441181
0.114197135599269
0.11393747363155898
0.11393747363155898
0.11350201067923105
0.11350201067923105
0.11164780474101602
0.11164780474101602
0.11116251538917851
0.1116757454031626
0.11168280152394945
0.11168280152394945
0.11233317364211476
0.11248203218866405
0.11248203218866405
0.11220671234673073
0.11220671234673073
0.11080226070992065
0.11080226070992065
0.11135377433822716
0.10970463182394452
0.10970463182394452
0.10982951578195382
0.11087051516795741
0.11034504634189977
0.11034504634189977
0.11034504634189977
0.10986705137902261
0.10986705137902261
0.10986705137902261
0.10986705137902261
0.11037439249888834
0.11027513006965883
0.10998736390699125
0.11066993959662304
0.11080051823376519
0.11101536116473537
0.11155144857053448
0.11054561671145173
0.1101408041445929
0.11181241179723021
0.11065602313811701
0.11134738388574725
0.11301491208021672
0.11366491325341731
0.11363590913722242
0.11433464624145087
0.11452694812078025
0.11313403359695637
0.11313403359695637
0.11215261037484836
0.11231907443516075
0.11179416659726944
0.11179416659726944
0.11095380358141102
0.11089622872101407
0.10931890187168393
0.10781346269551713
0.1074860416780638
0.10858433888992815
0.10766239745514275
0.10890472947816729
0.10855075471212475
0.10769572499849474
0.10721645138389232
0.10717390306411229
0.10751432769092702
0.10693207966391875
0.10690602073720204
0.10610498460905543
0.1061874735399258
0.1066822937079507
0.10817744301457341
0.10782273857031979
0.10710081313853036
0.1066338522018294
0.10637855931204195
0.10637855931204195
0.10725911369567297
0.10781880052621233
0.1079103643977259
0.10758204104664124
0.10758905628622681
0.10756704205711146
0.10758324907568884
0.10716588249754777
0.10699556903435842
0.10699556903435842
0.10677731480447131
0.10677731480447131
0.10677731480447131
0.10803417807788912
0.10797252054746537
0.10822453829584204
0.1079340753128201
0.1079340753128201
0.10869423596787305
0.10869423596787305
0.1098576757265305
0.1089459690038767
0.10913811654594771
0.11033035114905894
0.11016996693926973
0.11016996693926973
0.11097409026399387
0.1114413971816816
0.1114413971816816
0.11104709081218328
0.11059248571366954
0.11118150586210197
0.11138450033408971
0.11138450033408971
0.11154213300874247
0.11154213300874247
0.11057501843839755
0.11122634938338204
0.11097980081866175
0.11068811986497207
0.11142149814199848
0.11123232984212579
0.1102403860234337
0.10880603302463866
0.10885982697691726
0.1093079959035599
0.11032165694419448
0.11032165694419448
0.112023865635262
0.11184534002114511
0.11184534002114511
0.11184534002114511
0.1109579421355303
0.11088279267107647
0.11052377124438313
0.11151552621992995
0.11235864367944728
0.11296260548577285
0.11429558736742258
0.11439069013517016
0.11303591653822251
0.11329342415407596
0.1125276782405915
0.1125276782405915
0.1125276782405915
0.11234365166545636
0.11184867593074535
0.1125396526495879
0.11131982423919302
0.11131982423919302
0.11131982423919302
0.11131982423919302
0.11134406829931733
0.11122311157419426
0.11088821345413957
0.11209217082405903
0.1122419080124355
0.1129025854518663
0.11362828589100799
0.11394106060816046
0.1144557297106289
0.11453229898568082
0.11525747204408436
0.11508667766975093
0.11508667766975093
0.11508667766975093
0.11508667766975093
0.11480262402857097
0.11510680214671051
0.11510680214671051
0.11529578641242838
0.11426849941965249
0.11426849941965249
0.11426849941965249
0.11324369723740767
0.11330467849768157
0.11276678704601624
0.11200931515937725
0.11200931515937725
0.11200931515937725
0.11311865482075069
0.11215937863977055
0.11156751637223034
0.11156751637223034
0.11156751637223034
0.11170236194620031
0.11201999388646916
0.11175945870869726
0.11175945870869726
0.11218173238990609
0.11248381048728173
0.11248381048728173
0.11248381048728173
0.11248381048728173
0.11248381048728173
0.11220168436708255
0.11108724012870845
0.11230995710214396
0.11213127363346628
0.11178824459801248
0.11159797809091364
0.11260461890707654
0.11262484329729723
0.11391098874858036
0.11391098874858036
0.11385466123259828
0.11385466123259828
0.11383149144969906
0.11386619393832367
0.11386619393832367
0.11386619393832367
0.11386619393832367
0.11313649465039516
0.11234588540811077
0.11227184145333671
0.11130715560155756
0.11309078491224857
0.11218765064937891
0.11228405334436614
0.11184138722374301
0.11224238369460403
0.11235860126799865
0.1123496074922858
0.11241643368505577
0.1118651404851905
0.11127920811499509
0.11127920811499509
0.11238835687041682
0.11238835687041682
0.1120020827438382
0.11185595835649757
0.11144046619245171
0.11057218583429876
0.11047927972632055
0.10950269871392533
0.10835019946676858
0.10895843516772959
0.10883613896481828
0.10923161199537555
0.10958183487991818
0.11033197461147358
0.10974145374266504
0.10701387734460793
0.1069708696858207
0.10864278194872436
0.1090963688555247
0.10990402406706212
0.10990402406706212
0.10990402406706212
0.10970722040348074
0.10970722040348074
0.10938420734848663
0.10879204411604462
0.10776522691690923
0.10750877124003454
0.1069261694608173
0.10665628097672811
0.10797077104250129
0.10807587623737809
0.10809554959404524
0.10788843520531934
0.10750203144755816
0.1089565262246367
0.10811100331321599
0.10837773669516935
0.10879724566366974
0.10893900108684558
0.10815774260514792
0.10815774260514792
0.10765219263697819
0.10763504443141328
0.10695758585865356
0.106906554710178
0.10719105955823408
0.10719105955823408
0.10718705378161258
0.10772146294011227
0.10832026941512811
0.10832026941512811
0.10936519087691833
0.10923727967314494
0.10881148153934889
0.10928300404369644
0.10916165440610387
0.10996655190701132
0.10996655190701132
0.11047920002892836
0.11051225171128581
0.11150271235746512
0.11138896002844943
0.11236554438304355
0.11268499945811222
0.11222384764443666
0.11194570726928747
0.11194570726928747
0.11194570726928747
0.11260353965410502
0.1133302046755203
0.1133302046755203
0.1133302046755203
0.1133302046755203
0.11341015616670543
0.11385186190285544
0.1125972017364607
0.112318749189095
0.1122247370395433
0.11274892021937656
0.11274892021937656
0.11274892021937656
0.11274892021937656
0.11196483529703388
0.11197240612754944
0.11292013196548464
0.11340165830152017
0.11452233311751864
0.114133718862583
0.11354049699892263
0.11354049699892263
0.1146223247784669
0.1146223247784669
0.11516568078609771
0.11525723762860017
0.11538225933514128
0.11439508430592356
0.11295745981946481
0.11295745981946481
0.11276764925918724
0.11276764925918724
0.11381220643686436
0.11252907003522807
0.11073367341536257
0.11033482019904202
0.11144906611531107
0.11038493222775705
0.11038493222775705
0.11035905974011566
0.1107261535930702
0.11049517057512347
0.11049517057512347
0.11049517057512347
0.11124123994378972
0.11150570013090064
0.11253661430766615
0.11415612664872554
0.11435958639402023
0.11407059295928944
0.11380434243682443
0.11358069874738128
0.11426394846531034
0.11319040712541911
0.11436907335457774
0.11424656376871252
0.11501241293170518
0.11544773897065276
0.11420018302155321
0.11420018302155321
0.11226696239930349
0.1115162892314205
0.11171235256793377
0.11049372458030972
0.10987140529238573
0.10987140529238573
0.10968121110773059
0.10954113917426335
0.10919293586429796
0.11038326445721158
0.11148545291551623
0.11231642823569125
0.11259847721111335
0.11293556620241395
0.11181901811288911
0.11221632949281868
0.11259384801049481
0.11259384801049481
0.11219045580614959
0.11160294095508902
0.11174236098544205
0.11140235487878272
0.11206297155319546
0.1105298335709895
0.10966372636921781
0.11018893422329074
0.11041414668807542
0.11038809293749959
0.11056100540630115
0.11120561367312932
0.11072319397756283
0.10977114638709234
0.10913434881780047
0.10913434881780047
0.1087255401064953
0.10874243747975544
0.10824320546210155
0.10839955260638791
0.1087265980058193
0.10922551616709611
0.10899790261273198
0.10857210349736747
0.108934492417119
0.108934492417119
0.10795860527510652
0.10753605756024255
0.10562279478548654
0.10562279478548654
0.10578577766294942
0.10605847433389315
0.10605847433389315
0.10678728929199927
0.1070918964016978
0.10692176825383874
0.10683749140229744
0.10773018379356254
0.10790059379584302
0.10842959361119608
0.10842959361119608
0.1092297789678948
0.1092297789678948
0.10998568441078727
0.1101205243734962
0.11030967782135408
0.11030967782135408
0.11089278405358964
0.1098989335028524
0.11043683390076932
0.11006032067061589
0.11057139152414777
0.11057139152414777
0.11068810093414613
0.11079788261266978
0.111881922242615
0.11121034275316527
0.11150609800983481
0.11150609800983481
0.11150609800983481
0.11047372134350773
0.11005089851900852
0.11005089851900852
0.11098320950535481
0.11037998152855882
0.11029534353786277
0.11056235884540175
0.1107443893920425
0.10925753981304141
0.10939851870913278
0.11013909504628679
0.11080719472198032
0.11080719472198032
0.11089971593252959
0.10992340562662276
0.11066057070064565
0.11021687022455637
0.11007633587467887
0.1099721256833763
0.10951994577331176
0.11142499065139781
0.11129765274404005
0.11053999564780477
0.11119710354351246
0.11068114151388914
0.11106607674334716
0.11092512552510732
0.10956072645751443
0.10906886602305507
0.10900347253472042
0.1097147791583231
0.10913356525568023
0.10970706097580972
0.10970706097580972
0.11055922249297087
0.11011653480945514
0.11027196821521064
0.11045608449456379
0.11070724455878145
0.10920758178442218
0.10874449348486388
0.10872509446171269
0.10864317424471562
0.10745611292736608
0.10648674475230842
0.10515209257209658
0.10590011280978343
0.10612500920161602
0.1053576712017012
0.10611924798749121
0.10631438521103129
0.107255853862997
0.107255853862997
0.10776280863469391
0.10849095129368747
0.10833059090446892
0.10879972176614282
0.10876916250774478
0.10876916250774478
0.10759069584618021
0.10759069584618021
0.1080371865516965
0.1087184871159094
0.10973533430767872
0.11027081655275284
0.10978361847929137
0.10996671867161177
0.11034470762358455
0.11034470762358455
0.10985295114749875
0.10985295114749875
0.11015654618941695
0.11034024719119308
0.1097434468865817
0.10908865351527461
0.10963855168329523
0.10884725418636072
0.1089792694513994
0.10885200830585212
0.10919030203779329
0.11016190135630312
0.11016190135630312
0.10931216499809744
0.10997779974984613
0.11015432558523941
0.10954277444026206
0.11067660785024674
0.11238111514001538
0.11256268407763147
0.11319180701761816
0.11378616158159087
0.11378616158159087
0.11349343905631146
0.11349343905631146
0.11457649749205338
0.11584905647214477
0.11732361457920801
0.11711219306623394
0.1175381805736115
0.11748691481011408
0.1179199826915529
0.1179199826915529
0.11722025187049162
0.11533310362252351
0.11484568759808818
0.11494538457553938
0.11537468661314115
0.11537468661314115
0.11556791941706716
0.11498114015584525
0.1152532200226521
0.11527406609674097
0.11540337413999242
0.11439344231738179
0.11493918782917406
0.11502058931391562
0.11502058931391562
0.11477605193795395
0.11451945685909527
0.11362126708382421
0.1117765618468432
0.11144047236408954
0.11205366854571014
0.11137018858408473
0.11089712513618724
0.1113207701633789
0.11157689916816911
0.11152433672389249
0.11154719970632081
0.11154719970632081
0.11151755570154494
0.11109999983716658
0.11013268271347759
0.11041432555812804
0.11041432555812804
0.11041432555812804
0.11041432555812804
0.11070833229857276
0.110997447891482
0.11090576457398352
0.11040851911918076
0.11026147328236317
0.10997229735533189
0.10923094424272682
0.10902011735561769
0.10939540607939355
0.10939540607939355
0.10884317770146995
0.10979689681740513
0.10937484616847626
0.10881500548867144
0.1088811701057992
0.10868874497832132
0.10910178620669565
0.11002236260331659
0.11002614095366141
0.10928893666089974
0.10876439624090913
0.10876439624090913
0.10991812095857777
0.10993836737513214
0.10961758308040742
0.11041335374366759
0.1108104835271431
0.11157965653288976
0.11029997522025574
0.10959040973708209
0.10832239181637729
0.10884108521416824
0.10884108521416824
0.1097373726306791
0.10884815692962453
0.10943550879216069
0.10942736751037353
0.10942736751037353
0.10992318566973368
0.10973064575443713
0.10957440951705177
0.10921962842940441
0.10913567397252251
0.11210369939697269
0.11330134862064646
0.11243424297622039
0.11243663101966475
0.11212340069420701
0.11243099206981334
0.11133500807434332
0.11133500807434332
0.11133500807434332
0.11099330563799836
0.11093210420649965
0.11101816483435062
0.11164791038906126
0.11140641304180074
0.11163692412711908
0.11163692412711908
0.11283339627084152
0.11099838599878117
0.1115173270883725
0.1110101767114566
0.11221868230581292
0.11221868230581292
0.11221868230581292
0.1123124995464179
0.11285987831808426
0.11273536563660745
0.11273536563660745
0.11111326157009033
0.110463357421651
0.11111410769400318
0.11040733504249302
0.11040733504249302
0.11015002086828463
0.10946768697247027
0.11041289992817158
0.11050962656423727
0.11197447099475395
0.11197447099475395
0.11162536819911426
0.11082248411453616
0.11082248411453616
0.11140169895977357
0.11069840358813325
0.10981084972930537
0.11080468749918415
0.11172608397016029
0.11172608397016029
0.1103332801471302
0.1103974408567484
0.11134611911274694
0.11117884773198483
0.11120086205656057
0.11050745091078357
0.1114383440810898
0.11195008385233568
0.11195008385233568
0.111647536544995
0.111647536544995
0.1117361114092216
0.1117361114092216
0.1109672389690896
0.1109672389690896
0.11213515047627236
0.11334835638883273
0.11334835638883273
0.11334835638883273
0.11334835638883273
0.11409341650123554
0.11409341650123554
0.11318221332782294
0.11312135868488749
0.11312135868488749
0.11398326094465612
0.11373443355807514
0.11247049059036662
0.11289384366910736
0.11305409664007761
0.11314860957971096
0.11198658017285086
0.11140066636610711
0.11174564450326196
0.11174564450326196
0.1121727510844042
0.11311836809221724
0.1138759124387981
0.11421409414480307
0.11407630674474231
0.11393609837746362
0.11372434403535182
0.11319248269057115
0.11354877264051264
0.11384075397729536
0.11438830350087356
0.11482440514506667
0.11482440514506667
0.11495044141698778
0.113905308249415
0.1146259627957599
0.11468658406641022
0.11468658406641022
0.1150882972982481
0.1150882972982481
0.11638298766251631
0.11540466519281624
0.1164775692551854
0.11632718840774316
0.1157261939101459
0.11606444691087608
0.11568238759727412
0.11533950943627265
0.11533950943627265
0.1160904041043351
0.11562380221403527
0.11544076949324344
0.11565798184692497
0.11565798184692497
0.11559707870172352
0.11557126108083787
0.11557126108083787
0.1161201010030085
0.11528158873479978
0.11528158873479978
0.11498760714782573
0.11634935736634387
0.11634935736634387
0.11541929294556398
0.11500673658962869
0.11537802323545215
0.11522618623261384
0.11477071029405486
0.11388526723959254
0.11507221481229131
0.11597656216622934
0.11555699375810286
0.11636512515255927
0.11636512515255927
0.11636512515255927
0.11614957856906447
0.11783432161427106
0.11727343817017284
0.11727343817017284
0.11657181190419906
0.11657181190419906
0.11657181190419906
0.11723943159194276
0.11723943159194276
0.11772925797833654
0.11772925797833654
0.11772925797833654
0.11772925797833654
0.11766844293646446
0.11772872386025764
0.11772872386025764
0.11808501377274176
0.11750809732347572
0.11701287255682136
0.115948002449029
0.11613016825242807
0.11613016825242807
0.11497969444788361
0.11465396516025912
0.11457888522509081
0.11452477426429596
0.11547262631838559
0.11547262631838559
0.11591600459849422
0.11530606389561329
0.11537878886893113
0.11515247449915358
0.11374396204232844
0.11374396204232844
0.11310405661637006
0.11325243080200961
0.11380669852306984
0.1147905001867088
0.11462750868775184
0.11431237355410417
0.11431237355410417
0.1147560779549673
0.11449859858800096
0.11468108480142422
0.1147011918368726
0.1147011918368726
0.11405375599261265
0.11467157161356856
0.11533342339863603
0.11502185833233654
0.11530103410612562
0.11449172984614775
0.11449172984614775
0.11449172984614775
0.1150267263594531
0.1141693234167403
0.11476474294903469
0.11347677760380269
0.11330100315363527
0.11330100315363527
0.1140166336644097
0.11378295746436139
0.11333049043562354
0.11288532105306245
0.11318623429351876
0.11282454512944808
0.11119018916489443
0.11176513269638702
0.11226118083844976
0.11369339226708912
0.11296325720473561
0.11296325720473561
0.11281689432452925
0.11281689432452925
0.11281689432452925
0.11298438864359203
0.11239622850781893
0.11239622850781893
0.11239622850781893
0.11173097817261018
0.11245566547719325
0.11230396154414178
0.11230396154414178
0.11230396154414178
0.11230698605869836
0.11163801372664581
0.11120602750874616
0.11183892316432684
0.11183892316432684
0.11057621842478987
0.11016503298041445
0.11016503298041445
0.11016503298041445
0.11016503298041445
0.11050040617098429
0.11050040617098429
0.11050040617098429
0.11050040617098429
0.10953718938005738
0.10990745360411026
0.11038063720248958
0.11183331489484805
0.11255839395202512
0.11348367264674183
0.11348367264674183
0.11348367264674183
0.11297228199502186
0.11416896736832748
0.11455033636544727
0.11455033636544727
0.11293524953152141
0.11293524953152141
0.11293524953152141
0.1133511187426742
0.11416554057998521
0.11416554057998521
0.11395554716948318
0.11395554716948318
0.11348189501671185
0.11338820922743623
0.1134744686756797
0.1134744686756797
0.11272651322372311
0.11202521590266584
0.11236470411407459
0.11254131432406689
0.11295003852152649
0.11221361848526304
0.11101941581978012
0.11094315078803282
0.11037045138858786
0.11079797514193497
0.11058364463294668
0.11053291520878565
0.11029706678735554
0.11025315483172166
0.11039455017752443
0.11145485012143062
0.1112957999385167
0.11202530661312535
0.11092537029814137
0.11206076429454914
0.11187214335007561
0.11187214335007561
0.11303136692603918
0.11271978261798526
0.11280060960265202
0.11280060960265202
0.11274951681120872
0.1125738135552372
0.11386399102344096
0.11312256965404201
0.11332179165506913
0.11576903071121693
0.11576903071121693
0.11652543964962551
0.11680993906801079
0.11663710825064809
0.11663710825064809
0.11632031760218768
0.1168678524646753
0.1168678524646753
0.11702943853473635
0.11639817522602391
0.11685835588009015
0.11707345774821376
0.11707345774821376
0.11716550689551156
0.11716550689551156
0.11682502827206137
0.11682502827206137
0.11701976995110247
0.11865057721306137
0.11742991527156316
0.11742991527156316
0.11700189843479776
0.11700189843479776
0.11723212982393548
0.11565683935836205
0.11490606248406489
0.11490606248406489
0.11374443523413007
0.11428846157886208
0.11434615162725646
0.11354541912367655
0.11426953731787115
0.11546832083197078
0.11546832083197078
0.11549680896506445
0.11560830977800177
0.11560830977800177
0.11559308790633314
0.11623853438549885
0.11704929686927477
0.1162279237397573
0.1161187467974007
0.11497625150997422
0.11490929827503775
0.11467114194353689
0.11508729269128906
0.11470706215512715
0.11444509273663614
0.1147357777084375
0.11495252268045826
0.11538779398597869
0.11622430798389302
0.11652825181379407
0.11541807658720342
0.11491754893879326
0.11481097138443383
0.11481097138443383
0.1147760587413141
0.11341804865672869
0.11349912484982584
0.11344324666319491
0.11346359220670123
0.1132113346270274
0.11260506301139817
0.11260506301139817
0.1130620758669523
0.11333735471159313
0.11333735471159313
0.11333735471159313
0.11323715285082801
0.11323715285082801
0.11304202014084896
0.11310156184216237
0.11321972733019169
0.11456782610636808
0.11491367639237403
0.11491367639237403
0.11390657998694902
0.11459472926546742
0.11393902465438249
0.11393902465438249
0.1151893770810533
0.11525797827402752
0.11532863209558761
0.11491812530625072
0.11499037775100644
0.11508982869479491
0.11461823923814492
0.11461823923814492
0.11476538871095956
0.11432832481288925
0.11445746888169253
0.11491325376377316
0.11491325376377316
0.11624521264594635
0.11615637211634575
0.11615637211634575
0.11502069091020982
0.11534529827082714
0.11441110097554039
0.1144510983307761
0.1144510983307761
0.11440983667465703
0.11455902757102007
0.11455902757102007
0.11664756851710788
0.11664756851710788
0.11628686819379151
0.11656086678864132
0.11656086678864132
0.11552187532504454
0.11477695566999817
0.11477695566999817
0.1148980763761606
0.11490010001093687
0.11653612112348777
0.11652044327791325
0.11593248141779405
0.11588475420476117
0.11588475420476117
0.11607558354655918
0.11631852899886566
0.11631852899886566
0.11502767074997586
0.11548149085544404
0.11548149085544404
0.11510333573971396
0.11454616214905743
0.11415876462740834
0.11462346299797763
0.11489595371219531
0.11558691212434914
0.11410796099852122
0.11404723269425159
0.11408130001058431
0.11364776896346093
0.11331127884810625
0.11353847819694107
0.11330275972549449
0.11457396784946763
0.11397314436111496
0.11457291895900668
0.11470801345768931
0.11470801345768931
0.11595692040894064
0.11573468785840138
0.11700886455548454
0.11700886455548454
0.11623144521992584
0.11623144521992584
0.11694291324974011
0.1159282892844643
0.11552330396068394
0.11552330396068394
0.11604545595354453
0.1153645574305465
0.11553652020312538
0.11484530141343186
0.11416638625055554
0.11443461138044668
0.11443461138044668
0.11443461138044668
0.11281017192112974
0.11281017192112974
0.11409156653607383
0.11409156653607383
0.11428686899723564
0.11428686899723564
0.11452350417179291
0.11452350417179291
0.11452350417179291
0.11452350417179291
0.11452350417179291
0.11452350417179291
0.11452350417179291
0.11283858969738707
0.11330048382972668
0.1134128600957426
0.11311316487468784
0.11173880041918514
0.11140118609695417
0.11140118609695417
0.11140118609695417
0.11098158787803201
0.11098158787803201
0.11111028471796476
0.11242704224939466
0.11276922896971164
0.11280366675594149
0.11174779760404628
0.11167136679651489
0.11141133541016715
0.11086527994019871
0.11086527994019871
0.11053085976484178
0.10994684074702626
0.10994684074702626
0.10999517434040543
0.10999517434040543
0.10982449127336787
0.11008008739210745
0.11122580347947225
0.11176669187284126
0.1119913703483495
0.11166672244705446
0.11238308645129019
0.11187296796721424
0.11278443191287987
0.11181932074199044
0.11183636059365336
0.11211451827220364
0.1117578445398586
0.11258479588322118
0.11258479588322118
0.11241990825703015
0.11241990825703015
0.11305024120038741
0.11295094635891181
0.11250329398338307
0.11250329398338307
0.11164747034978291
0.11223548071005623
0.11220263958394464
0.1130908413283579
0.11396518019961302
0.11323159101695435
0.11359531073080147
0.11321826402114601
0.11321826402114601
0.11281864032249245
0.11253812226120456
0.11349995253047772
0.11396839416202159
0.11459118781891191
0.11309212783471323
0.1122774955820675
0.11235817384054668
0.11249735393661944
0.11227397772121171
0.11191494140335013
0.11198901991298726
0.11159522927374811
0.1109589687562367
0.11105305990098255
0.11105305990098255
0.11083453394821005
0.11125724598722117
0.11240313046497917
0.1120411494160457
0.1115943631607923
0.1115943631607923
0.11286302843361007
0.1132120187623696
0.11354086306411865
0.11383775371799913
0.11290670288908741
0.11275705798015202
0.11323640772537613
0.11264956866363583
0.11188042260818505
0.11188042260818505
0.11188042260818505
0.11297534533954656
0.11253299677842626
0.11253299677842626
0.11324346255537066
0.1137833273328905
0.11377123200969169
0.11252873308861588
0.11275771037421681
0.11275771037421681
0.11249515424250654
0.11209328002071049
0.11221632031155723
0.11221632031155723
0.11221632031155723
0.11221632031155723
0.11153092430376825
0.11153092430376825
0.11153092430376825
0.11100806436508788
0.11067588247792666
0.1107224082263636
0.11102818087729517
0.11088788332727141
0.11088788332727141
0.1117836512179834
0.1117836512179834
0.1117836512179834
0.1113259684168228
0.11154061117696056
0.11123617551104235
0.1102982334600641
0.11092803082144856
0.11072983999725268
0.11106128316818216
0.11019349410710069
0.11011426031832648
0.10976746012914675
0.11094692707400462
0.11062447048663969
0.11038819443396325
0.11038819443396325
0.11038819443396325
0.1106164774126362
0.1106164774126362
0.11144641224181488
0.11157849994690834
0.11115056387465284
0.11115056387465284
0.11128037469236958
0.11025699812958008
0.11095439172086548
0.11171434031714313
0.11171434031714313
0.11214569724866708
0.1131135310312214
0.11307495416717567
0.11275912756585996
0.1125310723698824
0.11357026204865986
0.1134180230127347
0.1133443797967651
0.1133443797967651
0.1133443797967651
0.11346744003832411
0.11346744003832411
0.11371380931586897
0.11371380931586897
0.11429799685459237
0.11440743578533326
0.11440743578533326
0.11440743578533326
0.11386955948149867
0.11413700830529853
0.11537231510160667
0.11567919465004872
0.11511900907826293
0.11567140539087067
0.11567140539087067
0.11512776944707437
0.11612360305209306
0.11562918075034477
0.11515184333193625
0.11517505952403792
0.11462625879193615
0.11420097675547629
0.1147902792488769
0.11540306402422695
0.11657522037999613
0.11613938518267708
0.11669313939138201
0.11666987415593347
0.11774056274640109
0.11715926555379129
0.11715926555379129
0.11783285995421708
0.11663475607029819
0.11662109180013988
0.11662311209933446
0.11639878268290735
0.11571413973294066
0.11571413973294066
0.1160886811623971
0.11510273400958282
0.11565834241419042
0.11565834241419042
0.11598060869193255
0.11598060869193255
0.11624939266522707
0.11624939266522707
0.1157840529154047
0.11661590776612094
0.11658007556361911
0.11732509632971284
0.11713478197594077
0.11760135770723075
0.1179863911692264
0.1171674870855783
0.11683717082840953
0.11671478570738524
0.11748145121731053
0.11685017986381252
0.11684740021367848
0.11784974750892993
0.11847381896483938
0.11832239783527138
0.1189441157502041
0.11884458426496655
0.11901975141743991
0.11806537478588622
0.11719112059689508
0.1175068256389853
0.1175068256389853
0.11640576988797746
0.11591874187616988
0.11649869822092371
0.11649869822092371
0.11539984738265922
0.11648987750706331
0.1176639290012115
0.1176639290012115
0.1176639290012115
0.11740975506071272
0.11851957334609475
0.11899418333783898
0.11862688017899152
0.11862688017899152
0.11795410532862134
0.11797277934698207
0.11797277934698207
0.11823472535488347
0.1178494718490002
0.11789344048759916
0.1180487698426082
0.11756560572026661
0.11730892805551353
0.11696911796198187
0.11687776520198376
0.11687776520198376
0.11675548663293601
0.11606874676929396
0.11606874676929396
0.11606461294890022
0.11606461294890022
0.11710444314112761
0.11611617668462047
0.11611617668462047
0.1157228918712182
0.11626838913006284
0.11608818555427351
0.11656090193919899
0.11664175494523467
0.11604426477879619
0.1150938809029257
0.11447499041595766
0.11519808670784094
0.11519808670784094
0.11508614350808821
0.11498557768042574
0.11496161793031165
0.11552468011456622
0.11669899242454511
0.11636734399552746
0.11636734399552746
0.11611275265803786
0.11532734984414225
0.11532734984414225
0.11556994766337648
0.11420414757470526
0.11421257317686799
0.11387150664159224
0.11359368114277953
0.11449063705954936
0.11464958146830208
0.11464958146830208
0.11473706883760111
0.11475730297583954
0.11522020698365892
0.11513714361895913
0.11611974264952193
0.1168006009364996
0.11631940021036707
0.1157334254933035
0.11522493204001638
0.11547460369983936
0.1150882303464972
0.11530705133649512
0.11420944484792017
0.11457187431750185
0.11457187431750185
0.11462237350203235
0.11386043372108617
0.11386043372108617
0.11388426188688831
0.11440540365546154
0.11391397475851359
0.11391397475851359
0.11313294294226446
0.11313294294226446
0.11213967748324126
0.11213967748324126
0.11111705049527724
0.11111705049527724
0.11032213533390559
0.10978574375484688
0.11013963035939303
0.10992977911320621
0.10992977911320621
0.1109421161842134
0.11141442548191045
0.11103366811131779
0.11058824627784043
0.11099204085183507
0.11120358687926929
0.11102399573916803
0.11082305503716958
0.11069638948281589
0.11104129690431717
0.11058816556737183
0.11003042346039509
0.1100384986693889
0.11007386089842387
0.11024996450055242
0.11117264446148123
0.11094352017588573
0.10875517070782192
0.10863647097697628
0.1083175937495582
0.108104174683014
0.10796286690933349
0.10796286690933349
0.10836492050950931
0.10816655037114876
0.10774334864496166
0.10734392333856835
0.1073797101274983
0.10751476779471573
0.10737547983318807
0.10745077989967895
0.10705261671097323
0.1072005855856846
0.10744088598491364
0.10661120664009738
0.10579398643410248
0.10733421179970716
0.10733421179970716
0.10787188523368456
0.10730424001728874
0.10841364096017518
0.10975729671939313
0.10975729671939313
0.11050522352628625
0.11090539602355531
0.1099023422886456
0.1099023422886456
0.1106501263313112
0.11007547740939205
0.11014211958743698
0.10941234117161949
0.11022092972969712
0.10909038641325755
0.10938178914140549
0.1091996020349966
0.1094053398133295
0.10998281657587046
0.11019223806291507
0.11019223806291507
0.1096267572649284
0.10933282133826486
0.10933282133826486
0.10950364834226585
0.10861893676913671
0.10861893676913671
0.10861893676913671
0.10861893676913671
0.10837299338939316
0.10837299338939316
0.10895480609068356
0.10911494131734158
0.10936615880087347
0.10917194148921922
0.10917194148921922
0.10966361747439453
0.11039080768047735
0.11039080768047735
0.11049179323592413
0.1104256195606269
0.11133485818216807
0.11140407991550141
0.11255599720219
0.11255599720219
0.11231550580601539
0.1118446144740802
0.11051440303402607
0.11057448228078363
0.11117588736877472
0.11073781955248765
0.11003907632419153
0.11036221407848248
0.11057775300548142
0.11057775300548142
0.10982211105524776
0.10982211105524776
0.10982211105524776
0.10975246492273175
0.1103811802404989
0.11066062547093043
0.11137139792231024
0.11114389970713177
0.11096201428260419
0.109612224123321
0.11028002325912646
0.11028002325912646
0.11142687414826459
0.11142687414826459
0.11251397905761769
0.11251397905761769
0.11251397905761769
0.11253255719032211
0.11302721045115384
0.11330279094644366
0.11292589018556747
0.1127743046670088
0.11112664456227113
0.1106574348462308
0.1115325368375355
0.11201281279107846
0.11258372431566437
0.11244705728788318
0.11236881723764092
0.11284355052545586
0.11266391184589285
0.11266391184589285
0.11239571256688835
0.11253769258462848
0.11202817829133442
0.11195636418516193
0.11188350589162199
0.1120431135105031
0.11360316173231137
0.11372210899383672
0.11426212074405419
0.1139857217960111
0.11439946232047377
0.11439946232047377
0.11367072661028421
0.1138129002820653
0.1134002017105094
0.11396024158991026
0.11369418113802472
0.11365257124364118
0.11376638745247984
0.1128141799784482
0.11176815637761219
0.1121942421971152
0.1121942421971152
0.11160712767069723
0.11183848420229553
0.11200918854900131
0.11200918854900131
0.11232361378046347
0.11232361378046347
0.11262344513913893
0.11263195430106096
0.11258853014506111
0.11251169518665685
0.11251169518665685
0.11309802466696386
0.11309802466696386
0.11309802466696386
0.1133533761391206
0.11294261624203364
0.11294261624203364
0.11411294674745887
0.11508400856147888
0.11467472959923464
0.1141567972284478
0.11307072935364876
0.11307072935364876
0.11454927009765402
0.11569034299832355
0.11643913206196843
0.11702950893143643
0.11702950893143643
0.11681303345729321
0.1172501087623863
0.11673082571358638
0.11673082571358638
0.11673082571358638
0.11758670711661615
0.11759129901355875
0.11704416063036491
0.11689132253470985
0.11689132253470985
0.11689132253470985
0.11709192830767229
0.11709192830767229
0.11626638349543836
0.11626638349543836
0.11722511951495589
0.11689691930353194
0.11777861105822693
0.1172770940892384
0.11737110920583754
0.11737110920583754
0.11780302112584548
0.11838388920732562
0.11830363323024266
0.11807116412958905
0.11807116412958905
0.1168460877345448
0.11580264190052837
0.11599790339301044
0.11619643979674733
0.11614699536430971
0.11644940067976708
0.11567650050424462
0.11609589457709443
0.11563019612726845
0.11576031326846205
0.11576031326846205
0.11561922820542474
0.11611977689032747
0.11473287733045658
0.11502693688396734
0.11500917924713812
0.11567827114973726
0.11482895298523597
0.11482895298523597
0.11630075080255062
0.11581462982010327
0.11581462982010327
0.1138316718736352
0.1142721904272893
0.11441417143634747
0.11521512315855488
0.11584702881484105
0.1162040896440997
0.1162040896440997
0.1162040896440997
0.11673343865094979
0.11597265412809861
0.11597265412809861
0.1168947178717326
0.1168947178717326
0.11661991556035146
0.11661991556035146
0.11709126310551071
0.11662915362252392
0.11662915362252392
0.11567294683946676
0.11652014115410333
0.11563379125916211
0.11592633149846378
0.11617585067506422
0.11569061475883716
0.11482779947541438
0.11577417314092187
0.11497677862384724
0.11499846650419245
0.11651858671772088
0.11842527591462064
0.11729635210631924
0.11646248640455828
0.11569917846177173
0.11562489476137695
0.11618236064593401
0.11685578113478476
0.11548201918653353
0.11498754379182424
0.11536920906069367
0.11462769595836432
0.11462769595836432
0.11462769595836432
0.11387267161642985
0.11217312587363246
0.11217312587363246
0.11281632239291363
0.11281632239291363
0.11281632239291363
0.11310740904562357
0.1122588743357714
0.1122588743357714
0.11096590434813963
0.11116906684947492
0.11242515088616876
0.11242515088616876
0.11242515088616876
0.11305714206938136
0.11417104119406445
0.11296435356346106
0.11382644501068175
0.11344227393259924
0.11366292171767711
0.11366292171767711
0.11387583519749268
0.11446303717075577
0.11527827766972111
0.11563304239369913
0.11601591423579098
0.11599476008729781
0.11622551304780264
0.11513572248200796
0.1156196013710823
0.1156196013710823
0.11587331017359477
0.11532824230308741
0.11532824230308741
0.11532824230308741
0.11590751603587254
0.1148346169147131
0.11510821581007648
0.1140620132445163
0.11531877228163209
0.11678130281227211
0.11538169997177884
0.11538169997177884
0.11547284882774045
0.11591509104382475
0.11514111338392068
0.11514111338392068
0.11514111338392068
0.11417565315536891
0.1148659992196148
0.11498715811381288
0.11337755304869968
0.11302889589983042
0.1124964243702089
0.11228625104539096
0.11268346521251352
0.11170384211643787
0.11170384211643787
0.11163222756841613
0.11163222756841613
0.11163222756841613
0.11267659955776434
0.11162017863246707
0.11162017863246707
0.11162017863246707
0.11158327869152164
0.11196386350780686
0.1118570155683474
0.11153657913302961
0.11188321511896805
0.1110524971313253
0.11189628191509413
0.11205309566998911
0.11205309566998911
0.11293676788574435
0.11274984517754567
0.11253765162194068
0.11283497338163904
0.1133981871232173
0.11326420693648814
0.11312635210372488
0.1133467048825217
0.11255407544401967
0.11300472573961254
0.11300472573961254
0.11481647770982452
0.11444862767543477
0.11381091728908928
0.11381091728908928
0.11381091728908928
0.11304080103181183
0.11315209675439682
0.11269628860892328
0.11326612844829183
0.11300441427042143
0.1117574285919583
0.11262884884202738
0.11164305709735328
0.11164305709735328
0.11173165131328491
0.11329648174769029
0.11303486120945182
0.11303486120945182
0.11297793808845676
0.11310650656358578
0.11310650656358578
0.11229795450355678
0.11272559812647388
0.11197911472492858
0.1121713718233238
0.1121713718233238
0.11213095633420832
0.11231102179822974
0.11231102179822974
0.11167503971215828
0.11232452536570539
0.11143546631465732
0.11180974817850653
0.11107091272949028
0.1113390220610045
0.1110913999089914
0.1110913999089914
0.1110913999089914
0.1110913999089914
0.11088917583939457
0.11165053566096828
0.1123486444745429
0.11288010574018846
0.11206955426874096
0.111592800999327
0.11101225049739653
0.11145384072784267
0.11145384072784267
0.11145384072784267
0.11077591955221695
0.11137575918525733
0.11253140465453157
0.11180652918416346
0.11180652918416346
0.11189244830421421
0.11247739557490222
0.11286146746835878
0.11286146746835878
0.11290210610106076
0.11216970604711538
0.11326463780114937
0.1129669972640725
0.112779531292627
0.1131457088329547
0.11389547874839921
0.11389547874839921
0.11389547874839921
0.11559357638848655
0.11495142046040963
0.11549957061440823
0.11549957061440823
0.11443624345989871
0.11456872285425934
0.11403974128677416
0.11561990538145563
0.1162058306237671
0.11688344055011742
0.11800208607060571
0.11720812548529842
0.11720812548529842
0.1161184646044292
0.11535001417673528
0.11444644962024783
0.11495039646692315
0.11452679234623023
0.1149625029590716
0.11492811538961546
0.11476410696518438
0.11543933521966308
0.11456207330735046
0.11382820345978793
0.11428245647621238
0.11489888732323597
0.11364118800156969
0.11254211618112651
0.11137536386899471
0.11188055542619264
0.11267419033519187
0.11254639713838044
0.11390437505839497
0.11406360550828534
0.11406360550828534
0.11295391741684328
0.11378089599259848
0.1138265782207402
0.11375099680873699
0.11390256531063622
0.11405971689856535
0.11360086000791288
0.11360086000791288
0.11360086000791288
0.11468175416136142
0.11468175416136142
0.11578122085367981
0.11578122085367981
0.11545298793531114
0.11618542869194436
0.11611143599472074
0.11584738779048528
0.11510596441684769
0.11607940008640115
0.11607940008640115
0.11652869673363296
0.11579142367584745
0.11598812800950686
0.11704358422469771
0.11645023618181481
0.11686373324961119
0.1178471498018584
0.11784970407741745
0.11784970407741745
0.11775979011540096
0.1179137837202184
0.11725731054468161
0.11569154304751621
0.11578261585867368
0.116380837920203
0.11590173496954002
0.11640616704859337
0.11565497166746184
0.11629100301215331
0.11616291312647585
0.11636693590189252
0.11678193218115038
0.11599128190084357
0.11530923032050759
0.1159445858358384
0.1159445858358384
0.11730796846236416
0.11730796846236416
0.11702819180389026
0.11780777915239367
0.11801580889457848
0.11798579268247031
0.11813863798915467
0.11813863798915467
0.11665234079021997
0.11742812698331957
0.11818412603879133
0.11782815066620238
0.1178580376929999
0.11729683260210226
0.11678420968356826
0.11623555823555252
0.11680524497589236
0.11680524497589236
0.1178648841098532
0.1178648841098532
0.11834646806648151
0.11834646806648151
0.11825760745895704
0.11927152006746478
0.11927152006746478
0.11932700774486031
0.11871187363923813
0.11871187363923813
0.11871187363923813
0.11807766086867909
0.11814806402811971
0.11857353583643697
0.11920555096748182
0.11920555096748182
0.11956643340623825
0.12027874616238945
0.12107529342550644
0.12088781447220598
0.1203432163612031
0.12101428175032783
0.1204889936042584
0.12117251823033734
0.12047583724381196
0.12047583724381196
0.12114017368880615
0.11942906999644441
0.12015104905587437
0.12015104905587437
0.11905132162909432
0.11905132162909432
0.11905132162909432
0.1194477964104843
0.11925613517326954
0.11937467027795842
0.11952556300642142
0.11952556300642142
0.11886769437913074
0.1196916848659521
0.11979512572394616
0.1205081036442665
0.1205081036442665
0.1201153891097084
0.11949351079564278
0.11960156659324442
0.11962177234522187
0.11962177234522187
0.11958125516128536
0.11932839991811958
0.11932839991811958
0.11924867415689532
0.11771862730771107
0.11673027884977326
0.11673027884977326
0.11487899714587925
0.11579421269322775
0.11579421269322775
0.1156047782769566
0.1151095782730688
0.11500935489561374
0.11449388840428798
0.11375602774413573
0.1141993646803318
0.11468845285496976
0.11492085266559104
0.11422776757628904
0.1142847080362457
0.1142847080362457
0.1142847080362457
0.11455794130220887
0.11509962648816205
0.11541877663940572
0.11388864966016085
0.11377915446612125
0.11377915446612125
0.11420808976391177
0.11420808976391177
0.11430071520530045
0.11538286944436717
0.1156606220567187
0.1156606220567187
0.11706923418335978
0.11763800677166239
0.11776463629691096
0.11776463629691096
0.11715021461819461
0.11715021461819461
0.11617546876287105
0.1159553248839546
0.11629659116842764
0.11652791173001949
0.11566646608059179
0.11469091203240595
0.11469091203240595
0.11575605683169794
0.11575605683169794
0.11575605683169794
0.11575605683169794
0.11575605683169794
0.11578885591692498
0.11578885591692498
0.11602086957264694
0.11602086957264694
0.11602086957264694
0.11537946950234708
0.11648215749445814
0.11521771359659834
0.11671292526416742
0.11605622137186225
0.11605622137186225
0.11668617363854364
0.11554348868371639
0.11518306871863143
0.11579873002576205
0.11595459366104514
0.11595459366104514
0.11595459366104514
0.11559341360331099
0.11559341360331099
0.11648184146672352
0.11509888708956725
0.11509888708956725
0.11573138858628544
0.1152983377967277
0.1152983377967277
0.11567631933707702
0.11683649887218626
0.11683649887218626
0.1169906956349524
0.11689441568466373
0.11689441568466373
0.11689441568466373
0.11623140731102284
0.11623140731102284
0.11484822521778934
0.11538294924679979
0.11538294924679979
0.11564294391163349
0.11564294391163349
0.11564294391163349
0.11534407931364823
0.11454070344634754
0.11445341933508696
0.11452858008414457
0.1142232400329124
0.11572664638448248
0.11572664638448248
0.11572664638448248
0.11407683331043637
0.11416286873683391
0.11379345613437242
0.11329880680620177
0.11329880680620177
0.11395437736799502
0.11395437736799502
0.11408813721814083
0.11534421153915171
0.11534421153915171
0.11449442199409371
0.11413422193873626
0.11462305705461753
0.11481026494636684
0.1161335595843818
0.11625692911762094
0.11574478743323262
0.11574478743323262
0.11458010689352079
0.1131529576413586
0.1127810962170422
0.11239987591474675
0.11276334222324691
0.1122987094220742
0.1121930497318208
0.11167176981821339
0.11176109438907278
0.11208670131777787
0.11208670131777787
0.1121121157025563
0.1121121157025563
0.11216895343603005
0.11085077321268136
0.10938498473730059
0.10930191697946391
0.10948339758998887
0.10996942253401985
0.11103186374336445
0.11103186374336445
0.11142659993946365
0.11151525362484037
0.11151525362484037
0.11151525362484037
0.11120238886428072
0.11016116013291352
0.10957109630706831
0.10957109630706831
0.1100942086833797
0.11007627607728535
0.11054317404264645
0.11048652018171377
0.11041573898866677
0.11041573898866677
0.1095097789010524
0.1095097789010524
0.10956420250914416
0.11032115764894666
0.11002680636972276
0.11015581191777277
0.10979350026549753
0.11017173356791214
0.1106158159597199
0.1106158159597199
0.11070180927943742
0.11031712697278874
0.11012139100151239
0.11012139100151239
0.11062922446095613
0.11062922446095613
0.11070864804918772
0.1099273821709561
0.11146219585628321
0.11154405415976577
0.11205772628131716
0.11198260660311682
0.11137152604377114
0.11009465276081923
0.10968284611609633
0.11008113253877475
0.11008113253877475
0.10943060739363754
0.10943060739363754
0.10970007895192779
0.10979045229161051
0.11060765291882968
0.11120382241380855
0.11119214978063999
0.11119214978063999
0.11113049672220916
0.11036538504934527
0.11064526855052209
0.11149324930628993
0.11051492606838091
0.1116114580911675
0.11103989371161012
0.11103989371161012
0.1107463668075728
0.1107463668075728
0.11111950814649948
0.11136286789576491
0.11225527826228879
0.11225527826228879
0.11215827734357366
0.11215827734357366
0.1115793232306701
0.11156518317628582
0.11157667636699173
0.11185404524971922
0.1131235043757007
0.11278544291623646
0.11278544291623646
0.11303821539361868
0.11315076422897412
0.11188507064287292
0.11242466823322798
0.11242466823322798
0.11210489331763561
0.11121399602656887
0.11121399602656887
0.1121970187220214
0.11273741460872398
0.11362938594554248
0.11283937678906092
0.11470450775615426
0.11470450775615426
0.11522969788296508
0.11437912060563755
0.11485431186632462
0.11223029259024893
0.11215662070795855
0.11177221708820065
0.11227831522027334
0.11206091006888418
0.11204585268762811
0.11124612099867114
0.11124612099867114
0.11113067378073029
0.11073713229261613
0.1107876233630315
0.11124748362513104
0.11124748362513104
0.11122623806015838
0.11024311315137673
0.11153559694778467
0.11205732901799471
0.11215259281343329
0.1114149090783712
0.11125726484979782
0.11114250685575575
0.11142965403178355
0.11175693902175848
0.11218028068141281
0.11125914830307512
0.11097115762139152
0.11053701307469517
0.11104287377551088
0.11104287377551088
0.1101982669500539
0.1110291279036604
0.11030257282666826
0.11053899281925623
0.11052750854346935
0.11009331944912983
0.11009331944912983
0.10982319167205692
0.10985629532745861
0.11014522444407963
0.11075107785806741
0.11127327851237166
0.11127327851237166
0.11084157163778999
0.11280607100985908
0.11328012968510336
0.1139870793299138
0.1139870793299138
0.11370724145044288
0.11370724145044288
0.11354599540965903
0.11354599540965903
0.11354599540965903
0.11320489374885546
0.11297860211799125
0.11313064407811367
0.11279614759386727
0.11390029148540393
0.11390029148540393
0.11390029148540393
0.11390029148540393
0.11390029148540393
0.11351700090324378
0.1138322030341003
0.1138322030341003
0.11330914645127614
0.1128341742697383
0.1128341742697383
0.1131909046130253
0.11227111011099154
0.11148243127911509
0.11148243127911509
0.11172021866037035
0.11172021866037035
0.11273198399294317
0.11293465720609383
0.11177898981064396
0.11177898981064396
0.11148376982642952
0.11148376982642952
0.11090558304910995
0.11076930699222061
0.11076930699222061
0.11068854709725837
0.10969579594494809
0.11098706402882504
0.11124445299303322
0.1112563623402277
0.1112563623402277
0.11114060526580506
0.11187276003740801
0.11094544775303249
0.11082807285892385
0.11102285161928654
0.11086853487776512
0.11124069348141657
0.10981649929563606
0.10981649929563606
0.11052219892596778
0.11052219892596778
0.1111881314631733
0.1123637206411282
0.11166143726702676
0.11166143726702676
0.11161238379754337
0.11139107900768228
0.11139107900768228
0.11152597522730893
0.10995389258156042
0.110641665980517
0.11056094753975218
0.11101728826359138
0.11011622740396193
0.11034592059488282
0.10897631333541047
0.10801592780232937
0.10736563845971725
0.10833338105626616
0.10852387502414586
0.10861853425873871
0.10806348363417197
0.10780331192005317
0.10844972589748386
0.10905083425177131
0.10905083425177131
0.10905083425177131
0.10818367022674245
0.10852700307925638
0.10928797255796062
0.1083210638400542
0.10838115862943833
0.10838115862943833
0.10838115862943833
0.10951193103813701
0.10915250816779087
0.10980610518506922
0.1098419512587547
0.10954296098336934
0.11020443100824101
0.111857872375869
0.11061693557498777
0.11034325634776605
0.11034719385960443
0.11052991044977961
0.10987100152379696
0.10987100152379696
0.11049546175652002
0.11011320085295956
0.11089183403954822
0.11083037140863547
0.11026300608105791
0.11112936820082206
0.1108301335938938
0.11079551033392444
0.11184853455745086
0.11120459738380196
0.1114063356353031
0.11126559291046485
0.10955031476471372
0.10986235671910605
0.10944252759007597
0.11019661627461978
0.10952392950048732
0.10894786912624083
0.10948918394831747
0.10948918394831747
0.10901446367127059
0.10901446367127059
0.10870478785551725
0.1084318517682716
0.10836115924495247
0.10885876873549268
0.10940019218617879
0.1089733645811042
0.10889059932711848
0.11001056648673832
0.11001056648673832
0.11008358545351478
0.11002950586376527
0.11040586904225784
0.11040586904225784
0.10965083619618637
0.10937914024666612
0.10884365111712561
0.1082151512345792
0.10831174253294275
0.10804712294353058
0.10807531412436426
0.10780348795960781
0.10780348795960781
0.10749699954579225
0.10738896752539216
0.10738896752539216
0.108299603546394
0.10822151532097865
0.1091310387834888
0.10977816326899972
0.10961190487310221
0.10986316025179915
0.11091923007203443
0.11078426141955944
0.11015194738920249
0.1100588521543178
0.11123498735036373
0.11187696326696582
0.11267989235230344
0.11284213735955928
0.11217778873863883
0.11229487156945304
0.11191986020568064
0.11354682347292391
0.11259425462450144
0.1127891391222081
0.11309393218195506
0.11309393218195506
0.11348780383764236
0.11365375302490852
0.11353694162786475
0.11304467541586648
0.11314413174161282
0.11314413174161282
0.11321085247160763
0.1116985313646888
0.11191366399719473
0.11147150258191248
0.11045439730260391
0.11045439730260391
0.11130793049974158
0.11232249507957412
0.11232249507957412
0.11403370070158954
0.11379690391114893
0.11308510051861595
0.11288490925594476
0.11363999684299655
0.11363999684299655
