0.12848668477431563
0.12848668477431563
0.12848668477431563
0.12848668477431563
0.12848668477431563
0.12848668477431563
0.12848668477431563
0.12848668477431563
0.12848668477431563
0.12848668477431563
0.12848668477431563
0.12848668477431563
0.12848668477431563
0.12848668477431563
0.12848668477431563
0.12848668477431563
0.12848668477431563
0.12848668477431563
0.12848668477431563
0.12848668477431563
0.12848668477431563
0.12848668477431563
0.12848668477431563
0.12848668477431563
0.12848668477431563
0.12848668477431563
0.12848668477431563
0.12848668477431563
0.12848668477431563
0.12848668477431563
0.12848668477431563
0.12848668477431563
0.12848668477431563
0.12848668477431563
0.12848668477431563
0.12848668477431563
0.12848668477431563
0.12848668477431563
0.12848668477431563
0.12848668477431563
0.12848668477431563
0.12848668477431563
0.12848668477431563
0.12848668477431563
0.12848668477431563
0.12848668477431563
0.12848668477431563
0.12848668477431563
0.12848668477431563
0.12848668477431563
0.12848668477431563
0.12848668477431563
0.12848668477431563
0.12848668477431563
0.12848668477431563
0.12848668477431563
0.12848668477431563
0.12848668477431563
0.12848668477431563
0.12848668477431563
0.12848668477431563
0.12848668477431563
0.12848668477431563
0.12848668477431563
0.12848668477431563
0.12848668477431563
0.12848668477431563
0.12848668477431563
0.12848668477431563
0.12848668477431563
0.12848668477431563
0.12848668477431563
0.12848668477431563
0.12848668477431563
0.12848668477431563
0.12848668477431563
0.12848668477431563
0.12848668477431563
0.12848668477431563
0.12848668477431563
0.12848668477431563
0.12848668477431563
0.12848668477431563
0.12848668477431563
0.12848668477431563
0.12848668477431563
0.12848668477431563
0.12848668477431563
0.12848668477431563
0.12848668477431563
0.12848668477431563
0.12848668477431563
0.12848668477431563
0.12848668477431563
0.12848668477431563
0.12848668477431563
0.12848668477431563
0.12848668477431563
0.12848668477431563
0.12682502494001863
0.1254725587762219
0.12500424372611327
0.12421393281101605
0.12484453289818392
0.12484453289818392
0.12418149760132915
0.12393289493966943
0.12333278752367428
0.12333278752367428
0.1217387472922912
0.12146924636379451
0.12146924636379451
0.1207615503093094
0.1207615503093094
0.12052679736427423
0.12106376653126584
0.12078350125432682
0.12078350125432682
0.12020311125148431
0.12020311125148431
0.12020311125148431
0.11944298085069395
0.11941086150621723
0.11941086150621723
0.11819625301340914
0.11819625301340914
0.1184242203347355
0.1184242203347355
0.11811763073223987
0.11682454022873373
0.11731826597438899
0.11727341634281756
0.11656060249820202
0.11578544895717693
0.11558320149145088
0.11554424588926657
0.11578294025097806
0.1163076397759601
0.11573744854190954
0.11534411779199115
0.11462376878612822
0.11439316581775277
0.11439316581775277
0.11538778637257847
0.11467151299653268
0.1145052683664899
0.11538200006495394
0.11466089941400981
0.11346989406069981
0.1126345334454456
0.1126345334454456
0.1126345334454456
0.11218376628666255
0.11282888390271639
0.11282888390271639
0.11271257349752294
0.11367283321289906
0.11294761294374206
0.11337513522681844
0.11258049102387789
0.11364485331475224
0.11364485331475224
0.11419130440432139
0.1135424530368886
0.11348053446423674
0.11348053446423674
0.11296130187999434
0.11201991015134996
0.11115456191395186
0.1110849741876775
0.11168672680049886
0.11268542181207973
0.11268542181207973
0.11270987373704794
0.11270987373704794
0.11270987373704794
0.11186606787729803
0.11207712445938046
0.11281530311378565
0.11279410417657355
0.11139968513246136
0.11089496040312956
0.11089496040312956
0.11083695188630087
0.11152931894951165
0.11175458433040207
0.1118119593533042
0.11204109012790399
0.11090468292200834
0.10919399209855185
0.10740749958139677
0.10638801271850146
0.10673374610449723
0.10751143656185207
0.10864133372629119
0.10943055802257534
0.10890691432853285
0.10944281271892811
0.11069905339961544
0.11117562137861518
0.11069567192728029
0.1106811673491982
0.1106811673491982
0.11072042646488973
0.11125770564693545
0.11204365164629101
0.11134658468604189
0.1117709455125011
0.11023708787037306
0.11023708787037306
0.10988090649301431
0.10978306489761243
0.10978306489761243
0.11003553709786516
0.11003553709786516
0.11003553709786516
0.11070642784462437
0.11006641806651174
0.11086206525312808
0.11107873561362712
0.11104487165580505
0.11087304125857081
0.11060736300520692
0.11060736300520692
0.11040047505624018
0.10964812358391202
0.10825071295798237
0.10904885479731112
0.1109798503863859
0.11118684039282277
0.11118684039282277
0.11118684039282277
0.11210402782396882
0.11202174899488701
0.11259981772021388
0.11216725122852558
0.11121234015180323
0.11095228727556235
0.11067316582953564
0.11055365437292766
0.11140011535752394
0.11157687556172094
0.11250488605866507
0.11211051238779692
0.11180750409262351
0.11215894848974867
0.11115041444139637
0.11188550291663883
0.11218812602835197
0.11218812602835197
0.11218812602835197
0.11226851577976109
0.11341236904201435
0.11300388912146159
0.11327828168490031
0.11517517534442735
0.11532619310575677
0.11485359863224835
0.11485359863224835
0.1144494203461177
0.11341065773372674
0.11387062833053993
0.11361129350800607
0.11298810376226401
0.11283736309335224
0.11189547530836197
0.11189547530836197
0.11189547530836197
0.11225117688778455
0.11382027379414152
0.11382027379414152
0.11306713529481786
0.11306713529481786
0.11344464331223238
0.11344464331223238
0.11326500081940977
0.11393799812687284
0.11439675663395328
0.1146124206635807
0.1146124206635807
0.11378892588762113
0.11322601554915612
0.11322601554915612
0.11320273766141394
0.1126204294385755
0.11275047975082479
0.112310162295882
0.1133478581538589
0.11264329706557226
0.11215451278617362
0.11215451278617362
0.11237577615409942
0.11197731449816649
0.11197731449816649
0.111739661367738
0.111739661367738
0.10989531661839656
0.11093173276632867
0.11093173276632867
0.11005164834121077
0.11027295750553862
0.11027295750553862
0.11027295750553862
0.10993782324929333
0.10993782324929333
0.11092923701124374
0.11000409305752588
0.11093368983581439
0.11158550046295689
0.1114123038846244
0.11170139161363282
0.11058788327116978
0.10994383818477099
0.11069990910484423
0.11069990910484423
0.11038228615217324
0.11076939997230444
0.11076939997230444
0.11091058077673505
0.11091058077673505
0.11025755958887429
0.1107097650672694
0.11021977736155864
0.1101368166444552
0.10948336346222866
0.10972162326338764
0.10988899897681481
0.10988899897681481
0.10912889054967748
0.10912889054967748
0.10989973593464952
0.1103107439179521
0.10931098937569642
0.10942711702215037
0.10942711702215037
0.10921989696043433
0.10870224227859583
0.10870224227859583
0.1086608713649082
0.1092736524812274
0.10964869329373571
0.10964869329373571
0.10964869329373571
0.10999379687345075
0.11052727235506904
0.1110036767321463
0.11176009024014465
0.11142244156867251
0.11125921023618622
0.11028914671794667
0.11028914671794667
0.11167816778207833
0.11123751469312998
0.11091953881849717
0.11091953881849717
0.11240418930453794
0.11219012489272914
0.11201872514827052
0.11188065386251286
0.11105245837112543
0.11124778845323602
0.11037385369674925
0.1092714180950727
0.10955129130477846
0.10955129130477846
0.1108706009907563
0.11082866711790737
0.11057533781408253
0.11046124072172268
0.11030066006411986
0.11031524235550032
0.10866101158540106
0.10916572123063209
0.10959684492583771
0.11020577484966666
0.11028999687020113
0.11028999687020113
0.11028999687020113
0.11016780857587129
0.11108339335356418
0.11118111865885845
0.1111027705407464
0.11076267093619596
0.11081102792822162
0.11192256499312687
0.11156919263912914
0.11106116462724239
0.11033833674761477
0.109955379467169
0.10995680410283455
0.10953091973462406
0.11026421911219499
0.10893343028355812
0.10953820542219384
0.1105527209015311
0.11083112597659875
0.11083112597659875
0.10937226411526477
0.1098799040592632
0.11010239337810747
0.10957911849759652
0.10953301572584882
0.11034187671625124
0.10893833415973028
0.10825244542737328
0.10799651504625712
0.10866504336214022
0.1094665861671291
0.10881270731194657
0.10881270731194657
0.10839111221113948
0.10938032935392675
0.10995168658668421
0.11022625874641322
0.11022625874641322
0.1100003760997632
0.10941767602765691
0.108900552060954
0.10940058903300832
0.1094304087851882
0.1094304087851882
0.11072385993956939
0.11097879777879015
0.10927816858071357
0.10929765908391158
0.10922449463469566
0.11037699062780389
0.11149003667719498
0.11149003667719498
0.11149003667719498
0.11032473206621222
0.1110024477244843
0.11155829947756134
0.11155829947756134
0.10981137112775495
0.11054052929324368
0.11134602066620833
0.11185152315171971
0.11093137737976805
0.11194205100612692
0.11127543509887775
0.11063599319218502
0.11095481699756715
0.11148750378769805
0.11100922548986462
0.1099601983115254
0.10992420143348602
0.10992420143348602
0.10992420143348602
0.11061488925317463
0.11080829178147941
0.11046260915084159
0.1105518410396461
0.10993560315821503
0.1113261597765662
0.11133564170870558
0.11133564170870558
0.11133564170870558
0.11100351706940517
0.11040621618085125
0.11040621618085125
0.1101252882195369
0.10870850467685758
0.1090662743316308
0.10958661836580504
0.10859918093111931
0.1077948161289085
0.10818254568825536
0.10774988465613113
0.10660900158730291
0.10746789931497247
0.10847754369898396
0.10925970812671923
0.10973515069415866
0.10838755161665901
0.10778704089032208
0.10778704089032208
0.10732071770420601
0.10807366873268806
0.10807366873268806
0.10860505189634946
0.10794272241724115
0.10708379428263382
0.10718221695076104
0.10771493439588967
0.10771493439588967
0.10741699883518176
0.10768251094039248
0.1059698757335956
0.10508550170277323
0.10624575300753694
0.10534439784490322
0.10456746041562302
0.10465132767803659
0.10487685699838216
0.10480564772808225
0.10480564772808225
0.10522721960914445
0.10522721960914445
0.1041923418502496
0.10503908254061979
0.10366643365664886
0.10320442972063669
0.10321831901517085
0.10290113912922463
0.10346932077881262
0.10393092324840356
0.10393092324840356
0.1042067612631
0.10413542755370031
0.104889258033615
0.104889258033615
0.10431580255383784
0.10470064726059948
0.1054788000128053
0.10618132314700188
0.10618132314700188
0.10706964782253757
0.10656351742680112
0.1070752154130248
0.1082753811702344
0.1084140640658258
0.1084140640658258
0.1084140640658258
0.10758438497658392
0.10783548911567778
0.10783548911567778
0.10783548911567778
0.10783548911567778
0.10846392673044114
0.10913058349857481
0.1086367410656008
0.10976740954042051
0.10955876104487497
0.10983753625243682
0.10822188191365055
0.10788633644625925
0.10798274023228861
0.10726384152258568
0.10734858667756973
0.10734858667756973
0.10678681573280219
0.10684783547337298
0.10733096509139146
0.10744031953375228
0.10776858296842223
0.10736649354408001
0.10736649354408001
0.10736649354408001
0.10685660397948354
0.10781601289306766
0.10781601289306766
0.10695374153628233
0.1068565298002004
0.1068565298002004
0.10675941045761844
0.10672477591769458
0.1061663462246225
0.10672386026196194
0.10735719825979781
0.10609584093623962
0.1060478452782385
0.10644921997288788
0.10615399781215336
0.10536202014657041
0.10754337248506382
0.10636193912052747
0.10678479649262829
0.10732046035245774
0.10626333358009062
0.10708221745445631
0.10688865210256307
0.10679946525146339
0.10754735731338676
0.10719583684331413
0.10706865794213521
0.10735582157596256
0.10867706353977899
0.10881944040233733
0.10802611453566474
0.10717096235624303
0.10731677469529265
0.10698634777965292
0.10698634777965292
0.10745835828987128
0.10745835828987128
0.10733069663854822
0.10782150030523728
0.10767567804864428
0.10801374875024518
0.1077215327913337
0.1078399941925205
0.10756896818204509
0.10736547510088612
0.10715179888932258
0.10754020654662474
0.10723542419733817
0.10741327359185408
0.10853924962106819
0.10893473617705846
0.10831764066753093
0.10831764066753093
0.10754750514176355
0.10737514912722056
0.10768856412652088
0.10802837607262324
0.10740809216164829
0.10684180766951566
0.1064060671785286
0.1064060671785286
0.10667437770789572
0.10718545326881883
0.10784496276756703
0.1082448018708668
0.10710431261305825
0.10703097276643707
0.10748793004434548
0.10856361393126417
0.10883846956096654
0.10853310120547105
0.10853310120547105
0.10753796470871378
0.10651709135563107
0.10651709135563107
0.10802303093872324
0.1081243205202246
0.1081243205202246
0.10844231810466068
0.11006958214639358
0.11006958214639358
0.11037140479004734
0.11072704906091825
0.11159801727269164
0.10942829893173076
0.10771809165903679
0.10771809165903679
0.10877870705769282
0.10877870705769282
0.10886437966038957
0.10923702786008918
0.10968657831453425
0.11012067227808299
0.1081550977012527
0.1092636491682285
0.10929196675386747
0.10893479731385675
0.10896762962149317
0.10779543388850622
0.10779543388850622
0.10779543388850622
0.1085046866773248
0.1085046866773248
0.10749044030494334
0.10843614474146428
0.10993460835423585
0.10993460835423585
0.1094350082794897
0.11025191897388699
0.11025191897388699
0.11071925737317946
0.11071925737317946
0.11071925737317946
0.11026540199950133
0.10913389981490373
0.10874372081556068
0.10824817032758877
0.10889749453091033
0.10871349592972208
0.10850064371691256
0.10740987450989288
0.10643364868941213
0.10837974937142741
0.10682814686834045
0.10675371586621922
0.10670254368298264
0.10670254368298264
0.10704941523537695
0.10598461405601664
0.10498572510840914
0.10613908724993451
0.10665952648217213
0.10652743103642585
0.10594011921606208
0.10594011921606208
0.1070928970327471
0.10744349676931117
0.1074565557625827
0.10819486728474803
0.11031830520967134
0.11084456291802064
0.11071769145949852
0.11023034660931555
0.11163918690474889
0.11093798834949996
0.11084582180638823
0.1111632913941442
0.11296161494593915
0.11272093762363654
0.11379096750575804
0.11353721576748411
0.11210323271213869
0.11169690358328876
0.11135602049547351
0.11135602049547351
0.11115615003272034
0.11102785125111429
0.11050114076583789
0.11015870981893035
0.10972680834045072
0.11022945383613346
0.1103306294196135
0.11059023348698598
0.11059023348698598
0.11048657406251693
0.11048657406251693
0.11048657406251693
0.11028029614497034
0.11029687573488715
0.10978055875018441
0.10995985334373382
0.10991254388543821
0.1096778793920565
0.1096778793920565
0.10960964961564605
0.10960964961564605
0.11059690867499386
0.11138823776459465
0.11083513880464836
0.1104611332565654
0.1104611332565654
0.11004382860974048
0.11093698723994785
0.11093698723994785
0.11138495923182419
0.11189687080055981
0.11333595649969093
0.11332159409824853
0.11380692955619438
0.11380692955619438
0.11380692955619438
0.11428718235816417
0.11357912579553626
0.11365888445195446
0.11350622238604824
0.11241887326840645
0.11165406410336862
0.11165406410336862
0.11167097767076904
0.11148008882913746
0.11148008882913746
0.11060454148824965
0.11119368482918235
0.11136314672606099
0.11089438037089054
0.11091522149995989
0.11091522149995989
0.11112259128811083
0.10972070192991802
0.10926535840147518
0.1087120911035435
0.10951035670422453
0.10951035670422453
0.10915284828260016
0.10902185200690041
0.10905479418318285
0.10885499299658832
0.10885499299658832
0.1092692968172708
0.1092692968172708
0.10922776939378619
0.10921847034035444
0.10932496424339969
0.10778080970854008
0.10841698976406583
0.10863621717212313
0.10863621717212313
0.10863621717212313
0.10902344526785157
0.10857592398982623
0.10835734354897845
0.10699890182081057
0.10761418002766339
0.10761418002766339
0.10761418002766339
0.10725667495469043
0.10725667495469043
0.10836610688043032
0.10836610688043032
0.1095260494328248
0.1095260494328248
0.1095260494328248
0.10770558975835966
0.10736804702169432
0.10667496944655748
0.10642374098007971
0.10674978706807306
0.10596094572554017
0.10584813824733949
0.1068826670445418
0.10587204601032627
0.10653123812307785
0.10799585284501885
0.10799585284501885
0.10814002070103519
0.10715489700344093
0.10715489700344093
0.10759161752249415
0.10741050347237746
0.108724713547509
0.10855485960739152
0.10817224503699888
0.10822243010776304
0.10870620191107955
0.10870620191107955
0.10870620191107955
0.1090075328434902
0.10790453301327142
0.10896617201206586
0.1097267496293541
0.10983329995252009
0.10983006284044797
0.11029974927499789
0.11029974927499789
0.11118144365866146
0.11132504361609806
0.11122167851771668
0.10932257679927031
0.10894540705579932
0.10884571404416225
0.10782636070155527
0.10726152995095481
0.10726152995095481
0.10883038822579583
0.10883038822579583
0.10671348914165045
0.10880700545974922
0.10829576145506545
0.10892375585732567
0.1097244714756762
0.10752348258148953
0.10736795300576087
0.1076966769024912
0.1076966769024912
0.10743745875171483
0.10743745875171483
0.10768522019779178
0.10891782315582102
0.10930897619526879
0.10978588032518172
0.10961157255732856
0.10987163161933013
0.10888591332091244
0.10842657550011539
0.10849860076735955
0.10844754069683285
0.11027277686673984
0.11041636270151346
0.10983243359333664
0.10965193421357321
0.10986603531042728
0.11012127751929573
0.11012127751929573
0.11012127751929573
0.11049954411500272
0.11099478293355586
0.11099478293355586
0.11115171250510086
0.11049372344289089
0.11027511077598254
0.11036220969649185
0.11133110048936841
0.11096099999006559
0.11227420659695335
0.11189027786766832
0.11218041926342062
0.11156621730997711
0.11215416232679444
0.11309493194617412
0.11200789071905112
0.11200789071905112
0.11239763387797266
0.11184012780473927
0.110764140346401
0.10976942128380358
0.11103700533827449
0.11134961891620831
0.11114491729676486
0.11114491729676486
0.11055716958463388
0.11055716958463388
0.11018844772904576
0.11037866054975462
0.11001490151209133
0.11065567497922404
0.11056495049343494
0.11052159885041289
0.10981466752134166
0.10910839361815387
0.10910839361815387
0.10910839361815387
0.10974411193987164
0.10918627015951471
0.10918627015951471
0.10983052585773256
0.1103624329749408
0.11031175329947962
0.11031175329947962
0.1097902859743509
0.10924429980980216
0.10908131690661044
0.10874997179440561
0.10874997179440561
0.10724547226085496
0.10724547226085496
0.10754720839644474
0.10755224033463298
0.10771021405633151
0.10819616529703777
0.10677553235612522
0.10677553235612522
0.1069132229888672
0.10811749313944616
0.1091496173349541
0.10998947979815908
0.10998947979815908
0.10902554784500809
0.10741007348805658
0.10746698362042834
0.10592727400441243
0.10693125108235962
0.107286641984183
0.10730761570972012
0.10610224125031897
0.10610224125031897
0.10636538387260248
0.10685932243974006
0.1080076162768194
0.10724454294646078
0.1069406325525994
0.10760552893556875
0.10735925611843872
0.10788990934238549
0.10788990934238549
0.1078625112079117
0.10653071257073987
0.10640746575286841
0.10673690429674858
0.10701534933468243
0.10701534933468243
0.10788535030982722
0.10604178061981089
0.1068997478825137
0.10835500220299171
0.10878901225135558
0.10933583489056636
0.10933583489056636
0.10933583489056636
0.10931722879559846
0.11140325697364542
0.11097702735181106
0.11040750288247794
0.11159980580808866
0.11159980580808866
0.11166270211222215
0.1118960576604608
0.11278282653431697
0.11283736166881432
0.11283736166881432
0.11360969000420618
0.1137849542771016
0.1140924239912415
0.11324177843098954
0.11408020568310186
0.11522643814696253
0.11474907273901121
0.11583678129408374
0.1166343663265805
0.11641419757368751
0.11641419757368751
0.11622142384053076
0.11591578915115751
0.11618197147208531
0.1155184598373744
0.11536689269608112
0.11556012616501951
0.11556012616501951
0.11539462251207176
0.11539462251207176
0.11553095754604584
0.11685550830428353
0.11651463740243022
0.11661366495317874
0.11732577201804999
0.11846757546892021
0.11738181883056527
0.11725889369421412
0.11653702165075931
0.11612207115082791
0.11602831957685292
0.11618871589723184
0.11591953620354749
0.11591953620354749
0.11591953620354749
0.11591953620354749
0.11591953620354749
0.11452609791955937
0.11473893781193266
0.11545626311681628
0.11432780147145134
0.11479747443102836
0.11479747443102836
0.11531013587454272
0.11531013587454272
0.11528244502512187
0.11430909433040531
0.11287055745311131
0.11327243482440885
0.11339572276553336
0.11303921788910795
0.11420672173611471
0.11486874926574878
0.11508246952317029
0.11508246952317029
0.115945956513049
0.11532846414252079
0.11532846414252079
0.11532846414252079
0.11532846414252079
0.1150034464543783
0.1150034464543783
0.11529954987613315
0.11509328721293613
0.11557709874899237
0.11526248244195261
0.11547402026686943
0.1142877497791948
0.11283051031241932
0.1130845651772379
0.1129951147521485
0.1129951147521485
0.11313660088861455
0.11248053644137354
0.11224843547090545
0.11287547701539678
0.11154576271074144
0.11150918711939219
0.11150918711939219
0.11150918711939219
0.1120770612350292
0.1120770612350292
0.11203907646704446
0.11223432748587943
0.11237535052256462
0.11260456778072887
0.1116835402109119
0.11152765618576682
0.11213876990254668
0.11250710433866831
0.11214791781996616
0.11214791781996616
0.11191967764666769
0.11095548970048201
0.11120116819263455
0.1118410890899767
0.11198731776510458
0.1119495019091821
0.11168414823594584
0.11168414823594584
0.10998873700987061
0.11110244216560569
0.11094842340662318
0.10999118183003247
0.11034237325441129
0.11034237325441129
0.11098669927325845
0.11133440357328729
0.11185430616087089
0.11185430616087089
0.11219287825883423
0.11256096276408496
0.11250469196302526
0.11243633279802961
0.11274786008257053
0.11275814753868955
0.11288848656462921
0.11206679437728605
0.11269034635206025
0.11347189932594871
0.11254967294669885
0.11254967294669885
0.11254967294669885
0.11259629168378192
0.11330401148889234
0.1133078688905335
0.1133078688905335
0.11264874597665435
0.11264874597665435
0.11258357969662737
0.11250236628849046
0.11235942251893066
0.11286700981796938
0.11415032197647886
0.11405767592365802
0.11356856487325787
0.11357376907621464
0.11357376907621464
0.1126418974143439
0.11178520926552274
0.11178520926552274
0.11338649528513682
0.11432601971807785
0.11432601971807785
0.11432601971807785
0.11432601971807785
0.11432601971807785
0.11441859158963366
0.11538102984506544
0.11538102984506544
0.11401740082231562
0.11410614248402032
0.11410614248402032
0.11334441046170508
0.11328080789963517
0.11151775578293202
0.11151775578293202
0.11151775578293202
0.1118497821633791
0.1120403963080276
0.11202460147160549
0.11262838524086691
0.11309732095571741
0.11368789856949618
0.11377040385600741
0.11390292469066499
0.11410912910040732
0.11410912910040732
0.11410912910040732
0.11428797805599025
0.11402078945145273
0.112885702045967
0.113324270924169
0.113324270924169
0.113324270924169
0.11310398732274914
0.11310398732274914
0.11285739712191006
0.1127314408525492
0.1127314408525492
0.11304994114505759
0.11299784079054012
0.11299784079054012
0.1123949657838607
0.11158494150015584
0.11237058799282766
0.11234558059632199
0.11307078797000682
0.11307078797000682
0.11307078797000682
0.11235358040893689
0.11168840083961432
0.11155047265868356
0.11033705107135458
0.11033378517321121
0.11012559722499697
0.11012559722499697
0.11149361443083218
0.11195656240642152
0.11292317185593184
0.1131223768254956
0.1131223768254956
0.11382138692194677
0.11382138692194677
0.11275542138162169
0.11268753400738554
0.11248975844271934
0.11231748184271291
0.1129621690313555
0.11316618439946773
0.11336424104420278
0.11250570070280627
0.11301810485073308
0.11258379362919814
0.11246961132101986
0.11246961132101986
0.11289736524206379
0.11289736524206379
0.11306599055920155
0.11296934023193539
0.1131095502680576
0.11288604267564668
0.11288753378084594
0.11178700226576081
0.1117888843656944
0.11098372636108277
0.11270454327881153
0.11283451020893497
0.11387348965909196
0.1139809439306439
0.11405878450159784
0.11405878450159784
0.11405878450159784
0.11325540509217599
0.11263803291071346
0.11256559733890029
0.11239200783573111
0.11093712946662751
0.11099024427522036
0.11145374543245101
0.11145374543245101
0.11245326341296676
0.11359236938888705
0.1127661504242645
0.11337777082570467
0.11385521703180958
0.11385521703180958
0.11299543298542927
0.11364804564308932
0.11321102936649802
0.11216960712632486
0.11216960712632486
0.11215178525421124
0.11291964518915054
0.11382089265851919
0.11308684989807546
0.11308684989807546
0.11326888544517381
0.11326888544517381
0.11325307531098225
0.11302689721934643
0.11283174299869798
0.112398385465906
0.11204630984334665
0.11117036673117933
0.11100001189573071
0.11062618391551761
0.1099719499599703
0.1099129099466825
0.10914654506931672
0.10949509080776515
0.10949509080776515
0.11034414657938318
0.11034414657938318
0.11034414657938318
0.1107983698212533
0.11108078958804947
0.11149295301229946
0.11149295301229946
0.11202612431886676
0.11172523298540295
0.11200029593635333
0.11200029593635333
0.11263486687835343
0.11352323627030675
0.11352890060873554
0.11368054193118894
0.11378383010149065
0.1132616266935778
0.11232467674433405
0.1123370732057837
0.11195860428541625
0.11137863377399818
0.11385396845810257
0.11352841381707861
0.11363751331134342
0.11298868229757475
0.11370986103678903
0.11359679801362053
0.11416252127761388
0.11392560141128129
0.11471556675627805
0.1140726323556153
0.1136835693860018
0.11354904781730303
0.11354904781730303
0.11332081259807665
0.11354846207790005
0.11268598858864566
0.11215851355141769
0.11269050925883538
0.11339325854250797
0.11262773554068387
0.11256629030763987
0.11271124301960296
0.11486396405145835
0.11424158654273997
0.11483084281209036
0.11483084281209036
0.11425738156116715
0.11355572909627568
0.11316753099496671
0.11316753099496671
0.1136893558064501
0.11311978230381207
0.11291969263473986
0.11305067725089195
0.11327238112416506
0.11327238112416506
0.11220671749683539
0.11220671749683539
0.11220671749683539
0.1129714910473428
0.1129714910473428
0.11302504810319687
0.11302504810319687
0.11326497024404518
0.11308394005436812
0.11385185271845025
0.11395577386485843
0.11236128973324515
0.11290290748895884
0.11372382013074861
0.11341694986180408
0.11344186554118309
0.11344186554118309
0.11412363418824474
0.11412363418824474
0.11300680340823364
0.11266835686480625
0.11207490426289167
0.11216710406472395
0.11294069442225997
0.11294069442225997
0.11294069442225997
0.11386200730663662
0.11388510937049036
0.11412147549507651
0.11282602209394992
0.11267725149212444
0.1137570835797261
0.11369744088877902
0.11283075150782228
0.11278887520853655
0.11242382709841243
0.11158634821186075
0.11194708219302159
0.11118133158280817
0.1093178308459393
0.1084661950459982
0.10806559377959463
0.10899813280537113
0.10793233646630251
0.10713357761089051
0.10786171018354822
0.10733352134336194
0.10717724051145204
0.10717724051145204
0.10662054289393959
0.1059332491124079
0.10558703367086256
0.1074281098629825
0.10936213662774696
0.1097761421203256
0.10978474418315738
0.10978474418315738
0.10978474418315738
0.10978884115415462
0.10871224890159673
0.10706105950760247
0.10706105950760247
0.10613631829296927
0.10770540243107869
0.10763225767857702
0.10794097684150716
0.108568045198039
0.10864651567224334
0.10887987923870598
0.10742529153828528
0.10789051450711974
0.10817633746561509
0.10696023847643055
0.10714621360929495
0.10678711979594485
0.10651921444059531
0.10651921444059531
0.10651921444059531
0.106278274700768
0.106278274700768
0.10524445015593421
0.10489240153231302
0.10489240153231302
0.10498851011311779
0.10544947027360213
0.10544947027360213
0.1056385419339159
0.10611484318848383
0.10519518856384615
0.10519518856384615
0.1060165743560027
0.10614444339756235
0.10618160111786232
0.10487422781811574
0.10569295648013076
0.10462642890167985
0.10477072631512999
0.1049081721071352
0.10561826784618278
0.10561826784618278
0.10600525864714709
0.10600525864714709
0.10600525864714709
0.1062635972325573
0.10589318644359674
0.10666135235848466
0.10647413807751278
0.10648755938800736
0.10648755938800736
0.10508799883557106
0.10469906619165596
0.10554499602804092
0.10509784497574387
0.10533189706695725
0.10497716857073223
0.10497716857073223
0.10520066599492699
0.10434299576681823
0.10434299576681823
0.10424431308159031
0.10472131914492505
0.10494914064842524
0.10517933145065063
0.10517933145065063
0.1055083267008393
0.10579066689023629
0.10543063969564516
0.10529250088192536
0.10602192591943961
0.10671566658088097
0.1068893096007721
0.1069924674208991
0.10485247867833257
0.10427363409267613
0.10422676999581491
0.10508601294963031
0.10423857343001505
0.10396066113532838
0.10471027101555853
0.10530388458784129
0.10627405228887617
0.10609327849816133
0.10615292090893902
0.10623664029821268
0.10593410422057357
0.1062729503472421
0.1062729503472421
0.1064616883440888
0.10641296732196427
0.10629108985140705
0.1068291357318041
0.10649015582020055
0.10649015582020055
0.10644202718281526
0.10644202718281526
0.10644202718281526
0.10608592026705
0.10595557501363684
0.1050560230145471
0.10351672736537453
0.10427615016349467
0.10415081371272084
0.10415081371272084
0.1040866857394735
0.10408895729686152
0.10524393401564291
0.10414826328382912
0.10355016326790802
0.10352318661568209
0.10340999905914809
0.10236837730845509
0.10236837730845509
0.10267578280078257
0.10267578280078257
0.10225460044193263
0.10308843004796825
0.10208909934081409
0.10191398525067384
0.10235364472294196
0.10349708101250008
0.10345130464130987
0.10392498064278372
0.10477546360235973
0.10462590352450533
0.10362135130575148
0.10332758357241346
0.10332758357241346
0.10332758357241346
0.10332758357241346
0.10322713898437905
0.10227752751133144
0.10219772974218172
0.10220387991955157
0.10201676487442897
0.10207293767767547
0.10207293767767547
0.1028023980507275
0.1028023980507275
0.1028023980507275
0.10303717777288947
0.10374826953821562
0.10382349729310503
0.1027168517515171
0.1027168517515171
0.1027168517515171
0.10204269710847631
0.10246331187421764
0.10246331187421764
0.10188511183164208
0.1026527424227858
0.10310586728213303
0.10310586728213303
0.10305604550530402
0.103738563598668
0.10399428138683194
0.10445270043099228
0.10325983501868076
0.10325983501868076
0.10254323618648596
0.10215928053305035
0.10215928053305035
0.10228169261208535
0.10326085334781893
0.10371873890375889
0.10318261200970599
0.10388046786290327
0.10360676580335176
0.10389113317320854
0.10169159540033476
0.10187613502595552
0.10187613502595552
0.1025187206141311
0.1025187206141311
0.10251092915636642
0.10242079758851207
0.10209133015342142
0.10167234956235627
0.10167234956235627
0.10167234956235627
0.10151549694310005
0.10151549694310005
0.10151549694310005
0.1009273513399716
0.1009273513399716
0.10116150199794918
0.10011523835008942
0.09864626275732197
0.09856422643674943
0.09884794329681384
0.0983520844835522
0.0983520844835522
0.09789115659181113
0.09789115659181113
0.09789115659181113
0.09814853958478262
0.09892705931122814
0.09852687312470847
0.09849272897377594
0.09849272897377594
0.09845627925505765
0.09865354609257838
0.09915105665720124
0.09983010256749619
0.10014279433698277
0.10166956811774643
0.09991897197896549
0.10105558756485543
0.10122556311389923
0.10070038173836697
0.10070038173836697
0.10140070386676035
0.10211788532436825
0.1025133191336703
0.10165703969489327
0.10236678884342891
0.10165990736164866
0.10165990736164866
0.10067834096491511
0.1014265106132506
0.10272188275527115
0.10272188275527115
0.10424458729250373
0.10423228167098131
0.1037035570189879
0.1037035570189879
0.10463930515236136
0.10390784903019759
0.1050185524714583
0.10640882928756466
0.10557565504511673
0.10673723095292942
0.10673723095292942
0.10643835143554148
0.10672765171735231
0.10669788019502154
0.10669788019502154
0.1068828503071238
0.10701089037594919
0.10727950657605319
0.10741518554095067
0.10741518554095067
0.10666349915976561
0.10585676177021654
0.10585676177021654
0.10500969128498969
0.10607060132261308
0.10607060132261308
0.10682212385535614
0.1064115820751738
0.10751195966814116
0.10751195966814116
0.10737326784590942
0.10740785696312641
0.106162708276393
0.10700434017388066
0.10736359906306993
0.10701309269785614
0.10650484938759053
0.10650484938759053
0.10650484938759053
0.1055144440799555
0.1055144440799555
0.10470595044928878
0.10515871568280835
0.10621307916819936
0.10613108820500984
0.10613108820500984
0.10613108820500984
0.10613108820500984
0.10613108820500984
0.1065079787437943
0.10750663480469111
0.10696523908953386
0.1083614198268668
0.1083614198268668
0.10857026615397579
0.11008866324525561
0.10965494997106351
0.11047325131650848
0.11096249246112279
0.11082588736235183
0.11010580489630457
0.11103291544898335
0.11045353078372468
0.11035127032785055
0.10953275705811955
0.11077946083927169
0.11150645086823255
0.11061046198965468
0.11160828313937086
0.1133104795892228
0.11384455430713092
0.11384455430713092
0.11262489062959881
0.11273448896309984
0.11326748337953974
0.11342396716563127
0.11417675651104939
0.11454363525952561
0.11562903994896524
0.11452674036853251
0.11611623827797449
0.11573208000554357
0.11573208000554357
0.115027583369118
0.115027583369118
0.11362386599786442
0.11356356614013875
0.11356356614013875
0.11354822011816093
0.11379955137468087
0.11397327324589245
0.11379862452249617
0.11337731000466096
0.11235687127042182
0.11183841320749115
0.11208220708515956
0.11314376160957411
0.11314376160957411
0.11309928219257871
0.1132178969476547
0.11401396160626802
0.11401396160626802
0.11423229536201007
0.11314283330031183
0.11333117701854001
0.11341736056413991
0.11279057642301575
0.11311489133015885
0.11347059629321701
0.11347059629321701
0.11309780486463063
0.11221518276764055
0.1117946168970186
0.11212261034923664
0.11212261034923664
0.11299145168971919
0.11256021603611639
0.11263786441684215
0.11194100306760317
0.11203910914050812
0.11169001532032634
0.11308865110231556
0.11308865110231556
0.11246139926622337
0.11253430759247068
0.11202237766006135
0.11322999088883029
0.11257264347572997
0.11194108112709536
0.11180093358584253
0.11191483385765871
0.1108611166062679
0.11051242671376384
0.10943718194035339
0.10950124425072573
0.10959047361165945
0.10974057019687138
0.11008455437610036
0.10993596214053533
0.10909299287685366
0.11038528199081594
0.11000307049535035
0.11038442700318069
0.10937357133079909
0.10886608272109569
0.10842645926683518
0.10842645926683518
0.10825320253999406
0.10858830755088429
0.10865535362929164
0.10883256226030305
0.10856634597331855
0.10753394678297382
0.10753394678297382
0.10710189312784694
0.1078538928221241
0.1078538928221241
0.10735539591759566
0.10735539591759566
0.1065826740511575
0.10675209034128055
0.10576718205858489
0.10499384175062665
0.10499384175062665
0.10572569482933415
0.10572569482933415
0.10572569482933415
0.10514182776952935
0.10514182776952935
0.10566212816645267
0.10566212816645267
0.10594100422469384
0.1062442179699812
0.10615633289400735
0.10720595991393439
0.1070289109422718
0.1064884284091588
0.10779264574460042
0.10729396821778313
0.10729396821778313
0.10635532227271521
0.10631584520897482
0.10631584520897482
0.10614071608977675
0.10630120164518987
0.10670446458137225
0.10678381477599795
0.10735965219483123
0.10698596799942071
0.1070724027464378
0.10686003974831569
0.10686003974831569
0.10686003974831569
0.10601926239005219
0.10761970630084797
0.1067386168186015
0.10645148588659764
0.10582414080220798
0.10582414080220798
0.10567112175699223
0.10545568459753467
0.10500850035994895
0.10473557428266529
0.10522268934277611
0.10380062156282183
0.10358003919013228
0.10350720606640877
0.10350720606640877
0.10358966487555994
0.10336601598564123
0.10311333673353248
0.10470920815265294
0.10488180212666667
0.10488180212666667
0.10488180212666667
0.10553024853984314
0.10649384975353002
0.10670022632774773
0.10670022632774773
0.10685478933549225
0.10666289994586202
0.10625172249080031
0.10619888569629642
0.10620886971576379
0.10620886971576379
0.10529151282651333
0.10580474673512943
0.10609121958673855
0.10679731882158285
0.10630434477262997
0.10630434477262997
0.10693062096333278
0.10629810666114398
0.10642953120362833
0.106311764777788
0.1079733781126846
0.1088062054750658
0.10914689582407198
0.10846767132179125
0.10846767132179125
0.10917563491557714
0.10941535106748623
0.10942362314854184
0.10965772506408787
0.10950950070519583
0.11062887806981987
0.11135528301232396
0.11054713216764155
0.10954356394037498
0.11083619565221195
0.11141076680381584
0.11152128274606449
0.11021440730847527
0.11052261316892381
0.11052261316892381
0.11060468457554426
0.11013625720092358
0.10910538649218021
0.1101581755401681
0.1101581755401681
0.11004192131191906
0.10925620152497788
0.10850742308876944
0.10850742308876944
0.10889248890780799
0.10889248890780799
0.10926909119736959
0.10891096335903505
0.10809947968847235
0.1082630382091764
0.10839148951076841
0.10858336790665937
0.10871001767411642
0.10852312879049548
0.10852312879049548
0.10948355744367255
0.10959703739594401
0.10983548595640531
0.10983548595640531
0.10951689602245851
0.10848477968195273
0.10848477968195273
0.10839415454691304
0.10925221089771531
0.10961397520022394
0.10941693053221688
0.1092274104410393
0.1093857151335423
0.11063965120465304
0.11021134196804502
0.10925333562221572
0.10966042740588136
0.11044516792461187
0.11018876763363998
0.11180098573323884
0.11200608350598068
0.11306901137271548
0.11306901137271548
0.11288013413291056
0.11179546905885861
0.11125322285220343
0.11144003074850357
0.11130739852958169
0.11110173123677552
0.10989071619142675
0.110585509410494
0.1092720482719768
0.11033790720748242
0.11033790720748242
0.110029917604871
0.1101282072754917
0.10996171107908304
0.11053576247906803
0.11093646433717214
0.11137270098302157
0.11246544045996602
0.11246544045996602
0.1135698615533558
0.11262731387369404
0.11263458658665201
0.11318388475668967
0.11358942942465718
0.11340377923755694
0.11415531848946481
0.11415531848946481
0.11415531848946481
0.11415531848946481
0.11432175251922554
0.11432175251922554
0.11356597320218499
0.11356597320218499
0.11356597320218499
0.11356597320218499
0.11356597320218499
0.11356597320218499
0.11356597320218499
0.11356597320218499
0.11352746586210559
0.11352746586210559
0.11225336439835656
0.1115923575093912
0.11166347458484045
0.11198755199020505
0.11226990141602247
0.11278755536858144
0.1127401328078066
0.11199736650420983
0.11212881499615507
0.11232511933890907
0.11223953346654246
0.11175298615609934
0.11157040647349419
0.11055076724503753
0.11055076724503753
0.11083479698314272
0.1110860171426156
0.11216292615965315
0.11216292615965315
0.11216292615965315
0.11129820235949217
0.11106480268405376
0.11019211910226706
0.11107382022177137
0.1100333408097152
0.11093548785088968
0.11093548785088968
0.11093548785088968
0.11043908720609744
0.11053603901075293
0.11096255378690498
0.11108308409387617
0.11050368782267685
0.10899397353853224
0.10833497275895655
0.10865660164722854
0.10815116132572122
0.10903607859961874
0.10903607859961874
0.10920418547611783
0.10920418547611783
0.10915473963523264
0.10915473963523264
0.10915305521414644
0.10890996087310888
0.10877796218304771
0.10856968729376718
0.10760087775897323
0.10701063258773236
0.10701063258773236
0.1084864188408278
0.10884724400774463
0.10884724400774463
0.10871181048237194
0.1085397101536433
0.10874746233057042
0.10874746233057042
0.10842425375118858
0.10922189127712029
0.10825326199068397
0.10930053809671628
0.10907259325452738
0.10907259325452738
0.10908532512757992
0.10860264441504598
0.10783371257334921
0.10783371257334921
0.10781585672748338
0.10859703190110553
0.10927366962956034
0.10927366962956034
0.10877985826898837
0.10877985826898837
0.10851749475397571
0.10928555818219471
0.10849960831356732
0.1081163121105394
0.1081163121105394
0.10771918971685142
0.10737295113573586
0.10737295113573586
0.10774546414850765
0.10920736853431108
0.10802231630123182
0.10707149979105494
0.10707149979105494
0.10707149979105494
0.10707149979105494
0.10727974546910271
0.10727974546910271
0.10804157613064513
0.10743341412613155
0.10774712479388224
0.10720759805472585
0.10720759805472585
0.10766953436686237
0.10841334346768741
0.10804040725858279
0.10709238875308032
0.10709238875308032
0.10728105068778676
0.10792847705046825
0.10800698990345534
0.10950223062650752
0.10813450744827523
0.10813450744827523
0.10813450744827523
0.10826700193036037
0.10765660623251258
0.10802755274536374
0.10777799924487769
0.10865692734444392
0.10827929582487676
0.10767990293721322
0.10760432719386644
0.10790966773752347
0.1079775979769341
0.10873928568721813
0.10794744830214208
0.10849193868191305
0.1075590548567081
0.10772033068819077
0.10749743519845353
0.10688548645545842
0.10744179227086131
0.10835042163446841
0.10787161448008865
0.10884944813627719
0.10885510997551355
0.10904790535557818
0.10904790535557818
0.1086009271907832
0.10947633376180078
0.10976871814663278
0.1109720990229227
0.10973927225083098
0.10929055117174237
0.10895182566856626
0.10937384159942902
0.11018440234500336
0.11127343965584832
0.11028913050983759
0.11040534778188597
0.11012522153817735
0.11012522153817735
0.11091865636850781
0.11191766263469338
0.11225478516309345
0.11156163815108648
0.11076407612115584
0.11022525789903588
0.10927124372456323
0.10873162400414889
0.10809019385264249
0.10809019385264249
0.10809019385264249
0.10809019385264249
0.10829519248444637
0.10981280761965931
0.10817883689438434
0.10856415944312857
0.10856415944312857
0.10856415944312857
0.10856415944312857
0.10874237242847073
0.10889137218442793
0.10667269822148033
0.10661986273394478
0.10631815778735555
0.10609290700810496
0.10610645098344207
0.10620745609331168
0.106918792606451
0.106918792606451
0.1073142466555499
0.10475339097846154
0.1036773344572768
0.10485019982883857
0.10565226736624382
0.10535198550081597
0.105353478812982
0.10456248741846091
0.10514064724569207
0.10486350081374637
0.10593745337842567
0.10495116604693219
0.10351992577738185
0.10417666943387119
0.10513712604332254
0.104841717905415
0.10521112554289583
0.10521628601032292
0.10554866070137722
0.1056565787921571
0.1067050635480393
0.10650531219943969
0.10650531219943969
0.1066629064224476
0.1066629064224476
0.1066629064224476
0.10729938808241879
0.10729938808241879
0.1083551052268723
0.1083551052268723
0.10876464415961681
0.10876464415961681
0.10923991596408797
0.1076753438559985
0.10816596831896737
0.10818666632336618
0.10862805312583733
0.10897358127061554
0.10864903331235444
0.10969515799945415
0.10956491080395955
0.11012406107594155
0.11034460311261765
0.11048552878070655
0.11082131620572337
0.11073527455605613
0.11045539825926244
0.11045539825926244
0.11096526636630165
0.11085422398831764
0.110853233505932
0.11085658479487419
0.11085658479487419
0.11085658479487419
0.11091830050855081
0.11118362402321445
0.11126614709121876
0.11155553373136837
0.11155553373136837
0.11100485245278292
0.11134872280809288
0.11082494234021914
0.11047727230625251
0.10923653868548301
0.10822985790835679
0.1080283160961014
0.1080283160961014
0.10731375487496067
0.10852281145837854
0.10852281145837854
0.10823984947954812
0.10806807588215887
0.10806807588215887
0.10842159399221017
0.10803559184023986
0.10853085341890677
0.10824491115550332
0.10926886071741833
0.10964295442918066
0.10936762576528973
0.10962989346213861
0.10946870967590103
0.10884424554688145
0.10862804012527316
0.1100116124585224
0.11143504342762353
0.11214930759925541
0.11295202621028341
0.11189031605506569
0.11217952533830007
0.11239407402658529
0.11239407402658529
0.1115549881378468
0.11171082402410587
0.11208410217374767
0.11208410217374767
0.11208410217374767
0.11174273793572177
0.11174273793572177
0.11146483763220219
0.11264420946489591
0.1121329540525031
0.1121329540525031
0.11104480332539157
0.11151037068543963
0.11151037068543963
0.11099715655048133
0.10996059896523419
0.11071818239002976
0.11065440393823064
0.10954031713206537
0.10842605074847497
0.10842605074847497
0.10842605074847497
0.10833415498254227
0.10753693493486373
0.10826124158799587
0.10827404918575789
0.10779568413095258
0.10706410834817144
0.10789212856851141
0.10827728719348316
0.10827728719348316
0.10895439490087483
0.10829089554652954
0.10902167478673029
0.10864804529198982
0.10703756154615618
0.10662512693583943
0.10625332417452776
0.10625332417452776
0.10648663633760341
0.10648663633760341
0.10863247202332864
0.10881637213367044
0.10929737355301966
0.10929737355301966
0.11031396425413773
0.11013990920142253
0.10989862001996269
0.10987399071653133
0.10922617505145198
0.10925512661342775
0.11018673027631413
0.1101992719333143
0.1101992719333143
0.11043364486608206
0.10996574399750615
0.11016471612064166
0.11016471612064166
0.11087427447968298
0.11078530294871829
0.11176009897696404
0.11160841245190281
0.11132337900340884
0.11044120603040414
0.11037035249029681
0.11023997925640229
0.10907210803044695
0.10862826653305406
0.10735245529406748
0.10735245529406748
0.10735245529406748
0.10636626544838224
0.10798573730506654
0.1082077034510446
0.10701024998517399
0.10701024998517399
0.10789383791510358
0.11007203643830965
0.11007203643830965
0.10914038520432659
0.10914038520432659
0.10984615972870143
0.10937510767931816
0.11063462696553734
0.10997059921552782
0.11049664643992539
0.11049664643992539
0.11095049225034036
0.11143398297983621
0.11111394528525455
0.11111394528525455
0.11111394528525455
0.11122198772136924
0.11049810925849018
0.11049810925849018
0.11049810925849018
0.11011874469892384
0.11068387718728329
0.11021222983928279
0.10939452862329645
0.11003795474873095
0.11003795474873095
0.11145519762374101
0.11174395860316526
0.11158715791656866
0.11195474056396133
0.11166167146818846
0.11103322938826526
0.11086913718709684
0.11140563816427412
0.11191785124852874
0.1112636997304033
0.11092853007958153
0.11092853007958153
0.11150512813076896
0.11143277959032452
0.11171406288472928
0.11205733095815763
0.1122144901477648
0.11119791933080403
0.11114603958278266
0.11216858937567799
0.11310037415920678
0.11328939650173497
0.11478963109713339
0.11532087691278085
0.114990447947114
0.114990447947114
0.11430135580311694
0.11377119112011969
0.11353000562002505
0.11204806654066946
0.1124040203122647
0.11145978810790579
0.1104028285388687
0.1104028285388687
0.11099945166963458
0.11057193354054366
0.11087835656605487
0.11087835656605487
0.11149334655548429
0.11009865924805645
0.11073929537164887
0.10998352899299388
0.10905033028428211
0.10919429883062293
0.1089124119592235
0.10893447393081535
0.10991564618310434
0.10937698951797417
0.10937698951797417
0.10937698951797417
0.1097995923824401
0.1097995923824401
0.10971747210264714
0.1099312657742098
0.1098929618927746
0.10957410610340615
0.10997828771202038
0.10985381049951869
0.10991429812976888
0.10980712334910649
0.10890235866948715
0.10913784239362675
0.10945264516209495
0.10854385858174936
0.10924560810441653
0.11027122699369567
0.11070397027903775
0.1105097788327488
0.11060260825429284
0.11002602682527474
0.11002602682527474
0.11007516122171025
0.10970825086746948
0.11023850675053043
0.10940437160509214
0.1097039308090086
0.11044219994470607
0.10950962414263707
0.10950962414263707
0.10974486596011464
0.10949522909812553
0.10836103477740126
0.10836103477740126
0.10881920582642196
0.10853316992306422
0.1071600215202217
0.10705608203087506
0.10690695492887374
0.10651032844238405
0.10651032844238405
0.10694290653707895
0.10808514019243984
0.10754270488550162
0.10791895724435464
0.10760079460484763
0.10649268407428882
0.10649268407428882
0.10733951120021178
0.10729000133491066
0.10718205823081242
0.1068916413082107
0.10648216130137429
0.1066069020014909
0.10689260012512503
0.10843116280961529
0.10733912482841933
0.10831064575162912
0.10923341918109401
0.1094327895839155
0.11076619652756443
0.11076619652756443
0.1090130787014124
0.10865297576728705
0.10845809857295481
0.10922739484680542
0.10952831240766597
0.10880338683777764
0.10815260896512459
0.1073660266952615
0.10625176012764449
0.10671022254602687
0.10704052346424424
0.106539993949694
0.106539993949694
0.10698049838787844
0.10698049838787844
0.10800523889759883
0.10791589470555692
0.10804283990855074
0.10804283990855074
0.10851523809817393
0.10691771798523704
0.10679631097418116
0.10715431379995907
0.10819278885919648
0.10819278885919648
0.10887866723354594
0.10938920781759091
0.10927657759874229
0.10994028918556578
0.10972507924683915
0.11024836596906533
0.11042623469666252
0.11070325848877245
0.11095762995545513
0.11002392045779606
0.10968050468553237
0.10968050468553237
0.10912972260076098
0.10874515980129179
0.10771391585827104
0.10735937448200991
0.10746674758049225
0.10746674758049225
0.10746674758049225
0.10746674758049225
0.10746674758049225
0.10913297485606888
0.1084346718113622
0.10853359189948186
0.1084641698506742
0.10867470648772103
0.1090936233332523
0.10853692051956963
0.10822934902983053
0.10791429371533551
0.10894464999434486
0.10874545582295438
0.10970236172850018
0.10970236172850018
0.10982038317126418
0.10981869446256481
0.10938212617612784
0.10963722736179982
0.10969738890549342
0.10966462970711884
0.10966462970711884
0.10962946551029458
0.10939376884026336
0.10896469981048858
0.10896469981048858
0.10892958162527103
0.1083616556323969
0.10802047041538902
0.10802047041538902
0.10644078256542353
0.10716412148479813
0.10758684863831106
0.10762852324394988
0.10760100373780739
0.10781941938637803
0.10798629589698501
0.1092432207413371
0.10919540001765485
0.10893830810882449
0.10777429033496758
0.10797090065785904
0.10792276579656444
0.10792276579656444
0.10770399829152429
0.10681942919432577
0.10688909922994133
0.10716172965270528
0.10718669138257526
0.10712470937665915
0.10712470937665915
0.10729720082747124
0.10854912382016858
0.10758229709985034
0.1083325102238622
0.10787957423480637
0.10734244261974227
0.10712204662823328
0.10712204662823328
0.10712204662823328
0.10734428530294295
0.10832047075468544
0.10948769227013865
0.11006148078704174
0.11143852229652321
0.11046366708247432
0.11049491382611468
0.10953292257116573
0.10765093767990021
0.10694198611291682
0.1071745781702307
0.1071745781702307
0.10704559320519183
0.10712807628534607
0.10712807628534607
0.10832771138819781
0.1080558977236037
0.1086694871203274
0.1090644935698519
0.10890593399905095
0.10908924935212462
0.10901764290580873
0.10850829672574575
0.10860845582507878
0.10763700168464076
0.10763700168464076
0.10807376797878253
0.10806902365597226
0.10837614316830707
0.10929056388339768
0.10929056388339768
0.10959954219843879
0.11033857983320638
0.1093512967408308
0.1093512967408308
0.10949561760325585
0.10935157908911561
0.10904392238701535
0.109544109398015
0.11039077084156795
0.11039077084156795
0.11068349838042651
0.11059702766324399
0.11059702766324399
0.10983289732978126
0.11177792165267439
0.11297207826046433
0.11183428944126143
0.11189332775442586
0.11189332775442586
0.11186821689358047
0.1115484979850944
0.1115484979850944
0.1108908177529705
0.1108908177529705
0.1116563683475311
0.11145136693106487
0.11168182019306586
0.11149596155891649
0.1109338836838011
0.11058234833421984
0.1104958719719568
0.11095128974086105
0.11025015915462287
0.10999221680780948
0.10999221680780948
0.11000332005319123
0.11000332005319123
0.11000332005319123
0.11070966304581482
0.11102282798865969
0.11123308246016295
0.11161559965243735
0.11049720060863358
0.10973971121437695
0.10998430334484165
0.10843268869485495
0.10843268869485495
0.10907269846926887
0.1082311784212163
0.1082311784212163
0.1082311784212163
0.10853624988046193
0.1090382121111649
0.1090382121111649
0.10815218581020888
0.10882625878377152
0.10882625878377152
0.10967529097980507
0.10895180188589067
0.10895199215931177
0.10924428946799723
0.10869846894838095
0.11006173196762674
0.10927819233675685
0.10880668392788354
0.10904261363270114
0.10935719442312541
0.11016196185044883
0.11016196185044883
0.11016237901968001
0.11087126772069315
0.1111104081741685
0.11047794085428499
0.11047794085428499
0.11105883035067818
0.10964630022754103
0.10964630022754103
0.10981569837226335
0.10921661317950036
0.10887352021431372
0.10994199401359467
0.10984480503511683
0.10995887393883581
0.11002095221108164
0.11002095221108164
0.1101558271351413
0.11019043259004539
0.11054069993476857
0.10977317590548699
0.11046063091028305
0.10993683850317224
0.10804061030738289
0.1090162477980564
0.10832645313582027
0.10808022750534277
0.10882668774072983
0.10798663728170549
0.10770961866656262
0.10655793529249978
0.106594638403067
0.10744639389776213
0.10756145052310448
0.10756145052310448
0.10720678711320075
0.10720678711320075
0.10720678711320075
0.10888469069877242
0.10880660232791689
0.10889420277164562
0.1099148109389062
0.10998981771673205
0.10862197657676184
0.10844825792476
0.10883680038204467
0.10925480692372416
0.10798215706015771
0.10796268045731224
0.10928019151326139
0.10881964361945827
0.10881964361945827
0.10791531772777874
0.10871286232328027
0.10836406696651575
0.10887738601300136
0.10931332851036044
0.10976114684936973
0.10967476148054306
0.10967476148054306
0.10962180888547293
0.1104147517293258
0.11164631994563955
0.11222604091126435
0.1109936370157976
0.1124460735049067
0.11181786222270695
0.1112698304713102
0.1112698304713102
0.11088662755852778
0.1103706507832984
0.10966858391806412
0.11079605983444804
0.10953828971702381
0.10957681479013913
0.10957681479013913
0.10868049574345393
0.10868049574345393
0.10845886424890747
0.10891097252477784
0.10867372736899153
0.10901759565892105
0.10829410733383521
0.10683129672024279
0.10683129672024279
0.10683129672024279
0.1055439000186665
0.1055439000186665
0.10645970764207685
0.10629055230749791
0.10643669095892737
0.10556967135416384
0.10559771174378776
0.10554188926062562
0.1055863012335131
0.1055863012335131
0.10606095706998372
0.10684306226125768
0.10591372104305201
0.10591372104305201
0.10591372104305201
0.1082337693629462
0.10847301533637285
0.10798412779036912
0.10810015840325328
0.10789377109235594
0.1089445099818738
0.1088433241293085
0.10911559351263063
0.10816525731326396
0.10936050164526136
0.10896327967349925
0.1084101136753763
0.1083747752420055
0.10870954461005164
0.10813678398076677
0.109244869819164
0.10990008710981994
0.10840232412942054
0.10861385293944943
0.10995310172516524
0.10915451700308076
0.10989824540895846
0.11125446048370057
0.11145713363285285
0.11179599557997627
0.11248322342904613
0.11248322342904613
0.11163458794248342
0.11090963062865056
0.1104327425644822
0.11078592841119868
0.10978276450077178
0.10978276450077178
0.11181380051622541
0.11278495632513898
0.11278495632513898
0.112778609207996
0.11291805110168407
0.11280524299694773
0.11322091144397355
0.11188582529197982
0.11188582529197982
0.11151534378146732
0.11154781363743962
0.11166689200511251
0.11140549179825761
0.11140577656420318
0.11081809124355173
0.11081809124355173
0.11137158890975384
0.11137158890975384
0.11137158890975384
0.11142826018149056
0.11142826018149056
0.1112415807217934
0.1112415807217934
0.11097214320922029
0.11055184893906779
0.1097910151337045
0.1096517519279736
0.1097186565543214
0.10888540381803224
0.11015615065578595
0.11012309371767615
0.1102525910289715
0.11052596604713283
0.11042807586362935
0.11119527227727245
0.11119527227727245
0.11094187658359873
0.11094187658359873
0.1126224976263284
0.1126224976263284
0.11320415506574699
0.11360223833508894
0.11296818737807718
0.11381403575800224
0.11381403575800224
0.11367393886205275
0.11367393886205275
0.11367393886205275
0.11367393886205275
0.11367393886205275
0.11354903522581122
0.11427717905895528
0.1142164999687707
0.11462630648602425
0.11477014830535077
0.11501021452653232
0.11496839245093372
0.11520706393392428
0.11495410539004647
0.11484075052956481
0.11398772439857169
0.11377932783261561
0.11377932783261561
0.11421394631648957
0.11273863069657214
0.11156419847631685
0.1114565562182746
0.11243139112621846
0.11098320518397295
0.11006286696704758
0.11006286696704758
0.11006286696704758
0.10943112632862598
0.10956148157648603
0.11001817383244605
0.11024416231201618
0.10925483890081998
0.10897616054575379
0.10755480994571871
0.10812894480107878
0.10816330307076584
0.1090270566712644
0.10898680581997716
0.1096098344130902
0.11010664621047007
0.11108616722512446
0.11223231520215918
0.11088643902275852
0.11126308048096602
0.11211688000258067
0.11211688000258067
0.11347393387967748
0.11347393387967748
0.11347393387967748
0.11376823183296238
0.11376823183296238
0.11424257470180882
0.1149940794381687
0.11448920820186188
0.11474750059076337
0.11426661976496921
0.11364701895536641
0.11364701895536641
0.11324203950574652
0.11466455075514637
0.11466455075514637
0.11466455075514637
0.11439629167849545
0.1147499115084704
0.1147499115084704
0.11457229515140026
0.11577463039456413
0.11514481380621679
0.11514481380621679
0.11420824305231103
0.11355781390366554
0.11487105393836135
0.11532893576632094
0.11532893576632094
0.11419305880665369
0.11456157996777074
0.11352479010923194
0.11276905064361281
0.11295709442979653
0.11231910869557327
0.1124108479069108
0.11377750463858603
0.11365916923541222
0.11425136216641676
0.11425136216641676
0.11410731414794957
0.11410731414794957
0.11410731414794957
0.11426246957544174
0.11426246957544174
0.11426246957544174
0.11325973039385982
0.1137114755729039
0.11351406191426787
0.11317733956675453
0.11299525845073766
0.1126850764806099
0.1123373509953609
0.1119977887360636
0.11221716302677288
0.11147271118085725
0.11151048709718904
0.11007084511283945
0.10917844462242171
0.10889642666487398
0.10902321081524205
0.1090105023406241
0.10909774703026046
0.10840873526559737
0.10840873526559737
0.10807435763550802
0.10846996629919907
0.10827779221674798
0.10677207917160977
0.10677207917160977
0.10756883091559158
0.10830968972125699
0.10847182038244085
0.10874944301447416
0.10865543887792041
0.10783466764820675
0.1091178593956721
0.10891523128919392
0.10891735795119364
0.10825514506638997
0.10812657737411117
0.10801311393846069
0.10990157199149292
0.10982373422119977
0.10955774892717883
0.1094066708458396
0.1083808844578515
0.10786463055805563
0.10881103530029401
0.11008549149599241
0.11008549149599241
0.10988544910201
0.11034867139402127
0.10804868461322059
0.10822625872512408
0.10759873325234927
0.10759873325234927
0.10988284653284404
0.1087948922705627
0.10955795741644395
0.10991536901960616
0.10991536901960616
0.11065465475939136
0.10958646898429426
0.11041967055159396
0.11070346895695572
0.11054065747797037
0.11054065747797037
0.11027584823666256
0.11027584823666256
0.11000506482911215
0.10972199746945954
0.10940006468230355
0.10810156670117153
0.10828168170304851
0.1078581136669205
0.1072971479722579
0.10743897032344751
0.10630825310471069
0.10665387465554024
0.1066324509650144
0.1066324509650144
0.10737693342328919
0.10702869352847114
0.10591062404114306
0.106201400340899
0.10694885952843505
0.10698588437334837
0.10717438805486561
0.10717438805486561
0.10709333749802233
0.10682554147114336
0.10682554147114336
0.10662600788338582
0.10733550359053678
0.10733550359053678
0.10787321218323279
0.10823152227901517
0.10757996659281574
0.10818299548468684
0.10847241503027603
0.10847241503027603
0.10790680616314108
0.10818447552542489
0.10809156597442272
0.10801981656118984
0.10801981656118984
0.10794537050033776
0.10794537050033776
0.10770176930545167
0.10809069906100326
0.10809069906100326
0.10809069906100326
0.10771835881935406
0.10765764112396645
0.10765764112396645
0.10806943606147781
0.10782913822728717
0.10737499573613514
0.10674267322149193
0.10674267322149193
0.10662814182179707
0.10662814182179707
0.10660672121290181
0.10776600112723893
0.10900394701665082
0.10831136114142634
0.10831136114142634
0.10827569377688409
0.10887346285122651
0.10908172068395663
0.10807962584421434
0.10807962584421434
0.1095144055452587
0.10826881159853707
0.10808782022651689
0.10865454170567422
0.10878281015501381
0.10878281015501381
0.10807098084410478
0.10807098084410478
0.10816096009086422
0.10848383353097316
0.1084603173841801
0.10724841096111848
0.10724841096111848
0.10724841096111848
0.10702477901691733
0.10654301038366976
0.10654301038366976
0.10593482392220707
0.10669319869456348
0.10676882209130434
0.10676882209130434
0.10755879176886374
0.10935653453440843
0.10995154632007303
0.10940132203589813
0.10942219461586691
0.10942219461586691
0.10918569519574367
0.11021238472893433
0.10993016426881394
0.10993016426881394
0.10970569019814906
0.11084524634564721
0.11092631516210484
0.11062229109405478
0.11062229109405478
0.11062229109405478
0.109378320326029
0.10902427433672036
0.11003592097988485
0.10957426420780748
0.10882381239750166
0.10910419685405366
0.10915635517615468
0.10921050026590731
0.10921050026590731
0.1095654492344616
0.1095654492344616
0.1097411765010362
0.11050195568371285
0.11060789955050358
0.10902908811561446
0.1091786157303402
0.10836880374550613
0.10725035105475894
0.10777112942505539
0.10777112942505539
0.10777112942505539
0.1076900821256746
0.1076900821256746
0.10719638045278183
0.10697765098080707
0.10664025372649127
0.10680842072888708
0.10813297127911398
0.10684893808064294
0.10608706180781458
0.10572192646493708
0.10555268019176796
0.10568255571007228
0.10568255571007228
0.10564278425610923
0.10521708417231203
0.10556433377722062
0.10667095167287967
0.10619047559459989
0.10619047559459989
0.10613395310882821
0.106190315206178
0.10690437281505992
0.10690437281505992
0.10690437281505992
0.10615429508293336
0.10506227981324642
0.10492924701067963
0.10492924701067963
0.10516154036897433
0.10486195472156544
0.10497459943821241
0.10413365552633981
0.10355335056717095
0.10374437727210103
0.10370249297376422
0.10370249297376422
0.103509302615261
0.10303351877137838
0.10303351877137838
0.10322784282216363
0.10386756012680813
0.10466227009926168
0.10365960583210787
0.10389397101309017
0.10436963958073686
0.10439622231029044
0.10554484694639299
0.10539662142874653
0.10539662142874653
0.10590873894311624
0.1057762780142011
0.10675402713945088
0.10683341916483832
0.10763642984009653
0.10736880692091146
0.10744692226672484
0.10744692226672484
0.10775336958219288
0.10734721499518572
0.10659086548530942
0.10706755997971855
0.10706755997971855
0.10765453430797774
0.10842833545084886
0.10905312334194991
0.10973422624509739
0.10973422624509739
0.10973422624509739
0.10909137061806078
0.1090058585087519
0.10710760828354525
0.10647051008593644
0.10617430196758162
0.10901736853488699
0.10964678432384269
0.10964678432384269
0.10928202574905067
0.10999826088002972
0.10999826088002972
0.11042719857344321
0.11024616120545551
0.10930349279319965
0.10930349279319965
0.10948688928113358
0.10899782517653836
0.10899782517653836
0.10942183617768998
0.1109612549083566
0.11164132526625575
0.11198479878931433
0.11138485217530482
0.11127811901388376
0.1120406807832456
0.1120406807832456
0.11183201549664995
0.11084220256106671
0.11040711227717069
0.11040711227717069
0.1102189972810542
0.1102023932243624
0.11032901055392365
0.11032901055392365
0.10971317898517816
0.10966746581318935
0.10844148894877947
0.10962432037697101
0.10962432037697101
0.10929979983762689
0.10914510709751682
0.10844781510983834
0.10844781510983834
0.10885511979947893
0.10746910041152222
0.10794225250254337
0.1099155215251128
0.1099155215251128
0.11098480416930269
0.11098480416930269
0.11071252892111834
0.11048079576000974
0.11048079576000974
0.1093473589097321
0.1093473589097321
0.10922408848684914
0.10941943547915785
0.10781634196270262
0.10794038688943577
0.10678498100474136
0.10727749601277305
0.10727749601277305
0.10686455950437125
0.10715955432952468
0.10811323423901412
0.10811323423901412
0.10860810715663227
0.1083322192356747
0.10843045797938457
0.10792802597909046
0.1077871747853363
0.1073963518116272
0.10736163289994952
0.10699389692472609
0.10699389692472609
0.10752593224758834
0.10855989992705495
0.1084084228300973
0.10794051045159808
0.10760591008124519
0.10807486312742104
0.10787879283692879
0.10787879283692879
0.10802601931729525
0.10881599641695847
0.10894246667481695
0.10894246667481695
0.10753204708755999
0.10855035973621364
0.11045053853186418
0.11028959715446889
0.11016465004336116
0.10885938781626343
0.10924622553566946
0.11012231476562682
0.11069729601425665
0.11072869499295297
0.11054575012508008
0.11121977905018356
0.11065049580814522
0.11100131021649938
0.11078618925793633
0.11007982584888505
0.111817119563808
0.11114499278331226
0.11157215932506867
0.1125627457011847
0.11252797551752595
0.11134210542725398
0.1108352842644305
0.1112929985137905
0.11106833624508149
0.1111544444265735
0.11076497597644183
0.11076453570046524
0.11078234486966491
0.11051227264861152
0.10978730699947759
0.10978730699947759
0.10986399132592471
0.11066845976014911
0.11114085847467706
0.11114085847467706
0.11234924012167344
0.11237380820175787
0.11279241020956299
0.11279241020956299
0.11285118417912651
0.11285118417912651
0.11219145079598528
0.11259788095625238
0.11173102100390093
0.11173102100390093
0.11173102100390093
0.1112886763820552
0.11131098884165132
0.11131098884165132
0.11131098884165132
0.11099897835303611
0.11048790229804528
0.10970760648425125
0.10970760648425125
0.10903105063310306
0.1105270781316174
0.11173428103148311
0.11149082524628975
0.11269726725661337
0.11269726725661337
0.11219494923269119
0.11230491144046138
0.11256389209746748
0.11266115117720998
0.11190771273489825
0.11120514355746572
0.11060971561441345
0.11042531548207664
0.11042531548207664
0.11042531548207664
0.1106958247954537
0.11034290267481013
0.10974104421140432
0.10984524808679152
0.10967314505737892
0.10984157620946071
0.10954277752599477
0.10933755728845695
0.11009502955125619
0.11009502955125619
0.11075610623798268
0.11075610623798268
0.11070144514619651
0.11070144514619651
0.1111616194562846
0.11072181358741737
0.10994419435019753
0.10897492246296156
0.10938945564417996
0.1095370258354366
0.1095370258354366
0.11005693487211972
0.10947995215486812
0.11055884909491079
0.11055884909491079
0.10971910870685969
0.10971910870685969
0.10971910870685969
0.1092250180871317
0.1092250180871317
0.10854322800248713
0.10854322800248713
0.10990158455444218
0.1097182904242391
0.1097182904242391
0.11046977340497946
0.10942454317285916
0.10942454317285916
0.10871463184748682
0.10871463184748682
0.10901530871098436
0.10901530871098436
0.10901530871098436
0.1088213168766075
0.10746090085916594
0.10779725694295197
0.10625766665533574
0.10693289803088911
0.10622892121396475
0.10833840681231766
0.10951725461467748
0.10951725461467748
0.10996092698209547
0.11078271573249168
0.11125046692507572
0.11110751010185858
0.10964783583053729
0.10961317491232536
0.10961317491232536
0.10990079584203995
0.10997211138851484
0.11024109130847354
0.11030886295045778
0.10981822479508656
0.10911106168783975
0.10890082909294849
0.10804973575952972
0.10786818814849469
0.1072024129300527
0.10678078553241248
0.10641798934576509
0.10799146687567325
0.10869113805442633
0.10942755278622027
0.1092669276161287
0.10998754713741528
0.10899617809435674
0.1091047946995021
0.1091047946995021
0.11012874203778952
0.11147905947167086
0.11139473403607592
0.10989335425506436
0.10996884860198591
0.10996884860198591
0.11065608427132835
0.11053486967371154
0.11196630150900314
0.11151144160070244
0.11118399955164818
0.11045476744852355
0.1106090260496281
0.11053358617507811
0.1107898405269943
0.110661799155052
0.10961490082758678
0.1106707375519431
0.11116320133828486
0.10986182625777384
0.1093335926479451
0.10882785111444154
0.10899049296720496
0.1086926977676061
0.10783734311783714
0.1076130200779873
0.10846836404809576
0.10846836404809576
0.10810082677895706
0.10826170278117646
0.10818380214828952
0.10818380214828952
0.10776462381536123
0.10776462381536123
0.1077481849446978
0.1077481849446978
0.1089229116558713
0.10824015095496851
0.10972243941259753
0.11044118405935152
0.11044118405935152
0.11090097986988545
0.10916842436510098
0.10916842436510098
0.10916842436510098
0.10917573652023982
0.10953897764748557
0.10874744233714123
0.10874744233714123
0.1095299972005328
0.1095299972005328
0.1106244129443248
0.11089410547270401
0.11209781938028722
0.11209781938028722
0.11141852653388293
0.11075206115814429
0.11126453227548747
0.11034968374980589
0.11014573758045935
0.10904704707926036
0.10882236678549229
0.10987679284540308
0.10963828765146873
0.11048232906079491
0.10989868584212338
0.1083657672037979
0.1083657672037979
0.1083657672037979
0.1083657672037979
0.1076818966267657
0.10855454457397117
0.10868900701792752
0.108213121562788
0.10801370165720643
0.10801370165720643
0.10801370165720643
0.10801370165720643
0.10790693319696769
0.10855180717578068
0.10851665593657546
0.10843402852081573
0.10895364489559835
0.10856710663714463
0.10880156958538326
0.10928327244545963
0.11080638746376957
0.11080638746376957
0.11141098020823961
0.11056575081596265
0.1096909275377402
0.10993855127312396
0.11150514655015158
0.11196910715536387
0.11271821817907354
0.11197712229451698
0.1115803285217876
0.11154232464175982
0.11123808607714504
0.11224767982263524
0.11224767982263524
0.11129754810752159
0.11156453442857517
0.11156453442857517
0.1111676111540458
0.11079458923293486
0.1117789774281219
0.1117789774281219
0.11106910446850582
0.11106910446850582
0.11108699335486232
0.11155134737035496
0.11173252952324174
0.11173252952324174
0.11164567829819458
0.11086132401815255
0.11086132401815255
0.11030260536210042
0.10979378839187275
0.10979378839187275
0.10979378839187275
0.10935945575949223
0.10957234648625087
0.11002595676344341
0.10986030171850958
0.11017037507706431
0.11017037507706431
0.11001000438597631
0.11052091228598987
0.11052091228598987
0.111322209455885
0.11181984333526011
0.11054062820245436
0.11069759029102808
0.11166967508483569
0.11293306129099459
0.11231895765023328
0.1125699388368275
0.1125699388368275
0.11293885214192997
0.11279179059894308
0.11279179059894308
0.11339888000061744
0.1132414179914891
0.112869925759201
0.11357194099204372
0.11336802803765739
0.11275643850086067
0.11299860624716829
0.11318090716146857
0.11313781483111644
0.11309219894756249
0.11309219894756249
0.11226475041393054
0.11068944098983854
0.1113035850817717
0.11117277656425797
0.11117277656425797
0.11118836517588622
0.11118836517588622
0.11049109391663033
0.11001994749221425
0.11108463668704258
0.11011344924213749
0.11016814551327876
0.11021354607521214
0.11021354607521214
0.11143305748202786
0.11183518136811801
0.11199230901193435
0.11199230901193435
0.11199230901193435
0.11158441242200066
0.11158441242200066
0.1117905091839767
0.1117905091839767
0.11020670851894335
0.11032967088783717
0.11059250548818803
0.11218819254749846
0.11218819254749846
0.1119628576962519
0.11282475538977686
0.11324301745433538
0.11201927543077353
0.11201927543077353
0.11128935488137887
0.11210126584284132
0.11261976905897673
0.11183361174463248
0.11178701693510032
0.11113732636912334
0.11110697037266645
0.11135209579853231
0.1113439951189555
0.1117535996518281
0.11204845456814211
0.11101133560192031
0.10995909185816517
0.1095796795652728
0.11063717009519322
0.11063717009519322
0.11063717009519322
0.10963811361192022
0.110121778458074
0.10912809735235382
0.10925543307297353
0.10941827416842666
0.11003905236118271
0.1103876500349588
0.11069438778284478
0.11069438778284478
0.11042635418227106
0.1111804968297675
0.11052986891682465
0.11055722855398271
0.10982652132652526
0.10958607671315511
0.10874878409480342
0.10877050699788202
0.10774371637304829
0.10816641672893573
0.10813926035662082
0.10803674491498626
0.10811003097312674
0.10765627116837863
0.10765627116837863
0.10736972227915517
0.10736972227915517
0.10736972227915517
0.10736972227915517
0.10736972227915517
0.10765382041805188
0.10715557153296618
0.10715557153296618
0.10808646275820853
0.10770617642085692
0.10822361550980894
0.10734152366014711
0.10734152366014711
0.10763985642079905
0.1084996319100861
0.10830914137056258
0.10572619356133624
0.10570047317803727
0.10570047317803727
0.10570047317803727
0.10607879581099308
0.10575161731662483
0.10604570200056528
0.10607705674904488
0.10612771137151414
0.10668416283959602
0.10606131691797291
0.10488374589375173
0.10566940748975265
0.107443241324779
0.10886513444094517
0.1076751578964493
0.1076751578964493
0.10720287330949618
0.10720287330949618
0.10704476749623039
0.10782598505132981
0.10863741984998965
0.10863741984998965
0.10925606353961713
0.10925606353961713
0.10920545199478303
0.10888736611542069
0.10802244837851895
0.10835882992532599
0.10835882992532599
0.10835882992532599
0.10892511694049274
0.10892511694049274
0.11029146719235138
0.1114346591778322
0.11109323880088501
0.11109323880088501
0.11185634267767389
0.11266329523686451
0.11247299824821483
0.11281188527604591
0.11281188527604591
0.11281188527604591
0.11224561809280517
0.11249146236292358
0.11344947053965283
0.11344947053965283
0.11344947053965283
0.11211117280692001
0.11203278634977676
0.11320826238740828
0.11320826238740828
0.11414571838493776
0.11443493654156275
0.11417998978046665
0.11389146401292655
0.11376232377526137
0.11328049605397582
0.11324816796913151
0.11417624969535889
0.11362112634620354
0.11345943489922808
0.11350097797838266
0.11377307452350455
0.11311648615349411
0.11203046928667848
0.11242522749147776
0.11277638775463046
0.11233522713959586
0.11160825290686426
0.11160825290686426
0.1116790453993492
0.11257668896680051
0.11257668896680051
0.11183105226240532
0.11183105226240532
0.1107371629773008
0.11054126639048714
0.11054126639048714
0.1107902435036888
0.1107902435036888
0.11062933390667334
0.10996986176016477
0.11041635015475285
0.11081674203798507
0.11120810667069413
0.11108337737455719
0.11178765702882136
0.11178765702882136
0.11040462443564174
0.10877273345815003
0.10907149825635011
0.10907149825635011
0.10907149825635011
0.10948212241239377
0.10972472040899686
0.1105618763670635
0.11033664974946052
0.10943572553297068
0.10980561770610286
0.11087622665493298
0.11166731570895973
0.11159639932804377
0.11047966439475446
0.11047973360127046
0.11064537572906975
0.1099340815088689
0.1099340815088689
0.10918122860926498
0.10994340476627468
0.10934186146087563
0.10934186146087563
0.10863984624340352
0.10803161076793683
0.10767872414433811
0.10767872414433811
0.10812508840513418
0.10800067674564248
0.10881656814542683
0.10881656814542683
0.10881656814542683
0.10881656814542683
0.108692192662358
0.10876690013804322
0.10876690013804322
0.10808810667753593
0.10808810667753593
0.10823673160150171
0.1084834056197982
0.10769958544809721
0.10772281075481806
0.10804863871895382
0.10813524766249394
0.10862212137158406
0.10916256503779634
0.11003473599116993
0.11003473599116993
0.11070967855516403
0.11128764242275191
0.1111373031630975
0.11070054955643202
0.11070205155825914
0.11070205155825914
0.11090772084473241
0.11090772084473241
0.1110080410625373
0.11112754532877796
0.11038346500830189
0.11038346500830189
0.1124458644421265
0.11082847515350687
0.1114151645338337
0.11187991377344977
0.11074749133828392
0.11083852226779742
0.11177521296038753
0.11129003448752309
0.11105171552222438
0.11311625310663664
0.11347755489485277
0.11369066105397695
0.11247149423139818
0.11142758666500005
0.11217322594622792
0.11166961550619198
0.11166961550619198
0.11208671781882533
0.11259853663882248
0.11189154774935559
0.11256425324783244
0.11256425324783244
0.1120773246459716
0.1120773246459716
0.1120773246459716
0.11142444834537518
0.11135378791152722
0.11135378791152722
0.11241166676822158
0.11241166676822158
0.11241166676822158
0.11249102766711773
0.11163547871772128
0.11100347912770528
0.11182456258051088
0.11182456258051088
0.11163268739472916
0.11163268739472916
0.11177792460707223
0.11235637242275816
0.11235637242275816
0.11133039805733673
0.11030933223877926
0.11086346405952739
0.11120101806321961
0.1111894404767602
0.11056952286239796
0.11056952286239796
0.1112019262858999
0.1112019262858999
0.10849285109671902
0.10988106198615503
0.10988106198615503
0.10950071231632819
0.10883873620829938
0.10917599514735636
0.10893827743022086
0.1095738016898406
0.10873426468606459
0.10904735764555003
0.11013813821102768
0.11079401523904575
0.11146800325263716
0.11108894829434444
0.11067117465741867
0.11002672333964927
0.11028276227807518
0.11070421878513037
0.11089314407991283
0.11129193961371465
0.11262537216916875
0.11337156071060088
0.1125663601025689
0.111434746895986
0.11044098260476073
0.11172043554951303
0.11183979998787973
0.11223871026193422
0.11110335772634031
0.11054811142752502
0.11054811142752502
0.11021763741475113
