0.08512486275826289
0.08512486275826289
0.08512486275826289
0.08512486275826289
0.08512486275826289
0.08512486275826289
0.08512486275826289
0.08512486275826289
0.08512486275826289
0.08512486275826289
0.08512486275826289
0.08512486275826289
0.08512486275826289
0.08512486275826289
0.08512486275826289
0.08512486275826289
0.08512486275826289
0.08512486275826289
0.08512486275826289
0.08512486275826289
0.08512486275826289
0.08512486275826289
0.08512486275826289
0.08512486275826289
0.08512486275826289
0.08512486275826289
0.08512486275826289
0.08512486275826289
0.08512486275826289
0.08512486275826289
0.08512486275826289
0.08512486275826289
0.08512486275826289
0.08512486275826289
0.08512486275826289
0.08512486275826289
0.08512486275826289
0.08512486275826289
0.08512486275826289
0.08512486275826289
0.08512486275826289
0.08512486275826289
0.08512486275826289
0.08512486275826289
0.08512486275826289
0.08512486275826289
0.08512486275826289
0.08512486275826289
0.08512486275826289
0.08512486275826289
0.08512486275826289
0.08512486275826289
0.08512486275826289
0.08512486275826289
0.08512486275826289
0.08512486275826289
0.08512486275826289
0.08512486275826289
0.08512486275826289
0.08512486275826289
0.08512486275826289
0.08512486275826289
0.08512486275826289
0.08512486275826289
0.08512486275826289
0.08512486275826289
0.08512486275826289
0.08512486275826289
0.08512486275826289
0.08512486275826289
0.08512486275826289
0.08512486275826289
0.08512486275826289
0.08512486275826289
0.08512486275826289
0.08512486275826289
0.08512486275826289
0.08512486275826289
0.08512486275826289
0.08512486275826289
0.08512486275826289
0.08512486275826289
0.08512486275826289
0.08512486275826289
0.08512486275826289
0.08512486275826289
0.08512486275826289
0.08512486275826289
0.08512486275826289
0.08512486275826289
0.08512486275826289
0.08512486275826289
0.08512486275826289
0.08512486275826289
0.08512486275826289
0.08512486275826289
0.08512486275826289
0.08512486275826289
0.08512486275826289
0.08512486275826289
0.08512486275826289
0.08579775482832108
0.08590353191107443
0.08615232501757514
0.0866252154770654
0.0866252154770654
0.08729059811496834
0.08782668307429789
0.08782668307429789
0.08917131005817461
0.08957411127923112
0.09051920672493473
0.08967622683287242
0.08967622683287242
0.08850957998729146
0.08962083186378504
0.09003154666089447
0.09003154666089447
0.09104587726527788
0.0911568640715953
0.09102958233626258
0.09102958233626258
0.09102958233626258
0.09102958233626258
0.09129970925946305
0.09199172590890838
0.09125689282453667
0.09226197115593229
0.0923452265625898
0.09171845173162003
0.09129002771680297
0.09065564215358561
0.09045874902302602
0.09100627024021656
0.0912004226458921
0.09120416901736915
0.09348415617768394
0.09475784055539327
0.09199191058798542
0.09106695922347346
0.09075564402652538
0.09077819028424312
0.09183781663663161
0.09183781663663161
0.09180456658866565
0.09175428574691599
0.09210285219520038
0.09210285219520038
0.09284829586619651
0.09258725543005687
0.0924752697479499
0.0924752697479499
0.09346256054135815
0.09467548430217428
0.09467401678219528
0.09504378816091699
0.09377347980317614
0.094432799630004
0.09517691573031951
0.09585027864318638
0.09527988102794135
0.09565615485338685
0.09503097230107718
0.09503097230107718
0.0944218191918307
0.09386105244019351
0.09406046356795397
0.0945357114764301
0.09492202851208058
0.09492202851208058
0.09492202851208058
0.09491526257719876
0.09427292023295149
0.09434000345977292
0.09673893836008772
0.09667001693166839
0.09667001693166839
0.09640018184047258
0.09564130661914814
0.09564130661914814
0.09486334598036344
0.09555347058108538
0.09533651896583888
0.09616490551301321
0.09713921725771665
0.098970992200465
0.09936559660667313
0.10009585010950228
0.09980799506753317
0.09879958184524372
0.09992351236729377
0.0991801186375466
0.0991801186375466
0.09972822117982309
0.09972822117982309
0.09972822117982309
0.09972822117982309
0.1005184427334566
0.10037189399090625
0.10045533669054695
0.10106718741653617
0.10217819769818966
0.10318591059725296
0.10273179396276116
0.1033368135903154
0.1033368135903154
0.10304170849339034
0.10304170849339034
0.10304170849339034
0.10304170849339034
0.10274159314592472
0.10173664933647025
0.10161535203295449
0.10126182712235603
0.10151756587574787
0.10126469849035359
0.1012590805093118
0.10134703469871288
0.10152072226035243
0.10152072226035243
0.10213599804179997
0.10220315955952453
0.10344335489265975
0.10344335489265975
0.10344335489265975
0.10280298963985228
0.10213744521174026
0.10228090199883234
0.10206000040211478
0.10340854300435555
0.10174085367592606
0.10163792445277971
0.10146619599270815
0.10146619599270815
0.10136388228755848
0.10201531553634012
0.1018870521292489
0.10198693823520688
0.10198693823520688
0.10232411387901355
0.102439447962708
0.102439447962708
0.10199446998347803
0.10194039699877067
0.10179360301050697
0.10179360301050697
0.10179360301050697
0.10179360301050697
0.10139823782806758
0.10107487771748791
0.10057193353925264
0.10027624100997722
0.10027624100997722
0.09959267322861104
0.10040120429247462
0.10202780983584919
0.10288322173490451
0.1023807976069917
0.1023807976069917
0.1023807976069917
0.10346838301441579
0.1023845433223659
0.10115878662959307
0.10193938351921372
0.10134240824858667
0.1016814284743281
0.10161995284001865
0.10180546076641317
0.1025719275266578
0.10316392815891834
0.10317897181908776
0.10298250607275594
0.10298250607275594
0.10298250607275594
0.10359931318762675
0.10503826346164406
0.10497234845262134
0.10497234845262134
0.10538899764565068
0.1053524267254205
0.1053524267254205
0.10520298354371312
0.10520298354371312
0.10610557485679396
0.10610557485679396
0.10610557485679396
0.10590639792979713
0.10615815292842876
0.10615815292842876
0.10615815292842876
0.10615815292842876
0.10554412448120752
0.10447753953756213
0.1047586421462999
0.10559818817444054
0.10559818817444054
0.10515725103703306
0.10515725103703306
0.10590831161248915
0.10485659010331297
0.10504432283032153
0.1047049456234507
0.1058510267648233
0.1058510267648233
0.1058510267648233
0.1048744671338684
0.10506437620599644
0.10505499116050952
0.10458829155702604
0.10590210572890436
0.10590210572890436
0.10475146399086498
0.10414671659436317
0.10453134790742563
0.10453134790742563
0.10445712028995628
0.10445712028995628
0.10483859617439083
0.10472190851157288
0.10472190851157288
0.10537396424460277
0.10564326027699548
0.10559100277364435
0.10559100277364435
0.10582347268016354
0.10667845709026379
0.10662277713334778
0.10741014597731455
0.10764551666543368
0.10718524546940254
0.10718524546940254
0.10750793775548242
0.10854235028506688
0.10883782257142136
0.10830851761876743
0.10840004061611129
0.10802067459338982
0.10766565973586016
0.10752081017144167
0.10624042684138475
0.1051113710823085
0.10458299385440738
0.10513121021099603
0.10526503327057508
0.10540655905384728
0.10650413028161251
0.10718975232252013
0.10710833100748943
0.1073249125734089
0.10763298638314171
0.10763298638314171
0.10696127414451245
0.10678767349405667
0.10698785728343477
0.10731243083630912
0.10731243083630912
0.10675454680074004
0.10550402092104992
0.10495094855398274
0.10457988601243802
0.10556038275616411
0.10556038275616411
0.10527717110471366
0.10500765963387547
0.10500765963387547
0.10500765963387547
0.10500765963387547
0.10469378572169157
0.10294379905660478
0.10227732385881848
0.10298652511963896
0.10350565432686984
0.10348381706104715
0.10348381706104715
0.10373716471199654
0.10373716471199654
0.10361630974951344
0.10477288939833898
0.1048013306239507
0.10414882227029042
0.10403095450169847
0.1057600957569072
0.10620034305216981
0.10643302065235767
0.10655919949393212
0.10596019831547389
0.10713214110225858
0.10756508482196453
0.10624536989831289
0.10648140583799319
0.1066391768646054
0.1066391768646054
0.10734776145793323
0.10671597031817988
0.10671597031817988
0.10612149061489246
0.10585446899748563
0.10581121014572158
0.10674731957059812
0.10674731957059812
0.10705821997696377
0.10610026358705782
0.10610026358705782
0.10598920607756915
0.10705796854172646
0.1065085254110133
0.1065085254110133
0.1065115463443068
0.10679088922877551
0.10679088922877551
0.10624721427111757
0.10624721427111757
0.10564152848963211
0.10461777877417772
0.10495733049465236
0.1059686035603672
0.10670811258319755
0.10521976094973631
0.10521976094973631
0.10447384588805297
0.10447384588805297
0.1041592370128608
0.10412117858594956
0.10351452027911041
0.10275798219354398
0.103406024532229
0.103406024532229
0.1026091182876705
0.10221468589823393
0.10221468589823393
0.10292380219041541
0.10292380219041541
0.10251152743170755
0.10360793872794948
0.10424708804074558
0.10427624843776354
0.10427624843776354
0.10439390896931713
0.10439390896931713
0.10512044200666665
0.10615095105845597
0.10615095105845597
0.1067012703166399
0.10726617116470966
0.10641772492717057
0.10641772492717057
0.10641772492717057
0.10626215267778913
0.1066549836286232
0.10727810591524502
0.10691070960289228
0.10593383209156344
0.1062152507702561
0.107402224354782
0.1075642760450831
0.1075642760450831
0.10781975134491542
0.10770346140242402
0.10723756307009187
0.10672939049721884
0.1065371371296698
0.10548859033708777
0.10536183750786511
0.10562833113270423
0.10392940579230688
0.10409093948164352
0.10395606873843097
0.10366569404912489
0.10366569404912489
0.10445677624361133
0.10442453381406794
0.10442453381406794
0.10497316866324809
0.10415936622427704
0.10431873308001115
0.10431873308001115
0.10431873308001115
0.10479199770823361
0.10479199770823361
0.10479199770823361
0.10463222431471053
0.10458289657204309
0.10311352773341192
0.10311352773341192
0.10360716181474072
0.10524938790422593
0.10455895978924447
0.10353122132582157
0.10325491039381827
0.10322428727451118
0.10322428727451118
0.10387575894710555
0.10387575894710555
0.10528533126424293
0.1044621874549014
0.10585802965000612
0.10520073300632704
0.10597524655017648
0.10597524655017648
0.10529071535215102
0.10462507285754889
0.10546273519431297
0.10546273519431297
0.10464211673618036
0.1041447976264092
0.10407062561389545
0.10404701856407003
0.10433866077783707
0.10468683491483062
0.10468683491483062
0.10301922484250833
0.10334382865419015
0.10329292207243138
0.10398260645038092
0.10351877578365981
0.10328258001684024
0.10445472122039762
0.10437565188139793
0.10489170964552263
0.1046077534681539
0.10399229075220513
0.10476338679557132
0.10476338679557132
0.10516559991094089
0.10516559991094089
0.10588139257483024
0.10480437384595835
0.10520283878829685
0.10539450230305215
0.10656189189692185
0.10615067859740322
0.10615067859740322
0.106794875417475
0.10796130966067626
0.10796130966067626
0.108032236918253
0.1082243998940662
0.10831747108758051
0.10818137369194757
0.10849571457246009
0.10852258914967848
0.10757984825508066
0.10797203870544247
0.10797203870544247
0.10734284528397753
0.10883896436059258
0.10984750815218895
0.10909581193403478
0.10913577781348574
0.10844504942984579
0.10744407607011841
0.109589226643867
0.10969859368280958
0.10886881413029988
0.10833970484552902
0.10862798358077422
0.10814706252838077
0.10838256359447292
0.10838256359447292
0.10838256359447292
0.10834038462134493
0.10798525899104308
0.10871472071887307
0.10901331471903618
0.10842751382126381
0.10898084461165185
0.10856294560855144
0.10856294560855144
0.10906659162255408
0.10905330084202607
0.10775681391489132
0.10615449646551789
0.10682562265570897
0.10747825468269101
0.1091003727245845
0.10807897221445108
0.10687793407732007
0.10740087710246109
0.10740087710246109
0.10866584685336843
0.10848469152342965
0.10877247379169501
0.10877247379169501
0.10877247379169501
0.10940016626508275
0.10912821849038314
0.10799841866714244
0.10795803162005739
0.10742455757017916
0.10742455757017916
0.10818920227779638
0.10818920227779638
0.10827305347231497
0.10769090199571099
0.10769090199571099
0.10651164563301015
0.10651164563301015
0.10556730057648615
0.10554933011396059
0.1064765857932097
0.10746979798107369
0.10649635023132434
0.10631129834311918
0.1059621138752936
0.1059621138752936
0.10720390919495067
0.10720390919495067
0.10646541635603134
0.10596458405897032
0.10596458405897032
0.10595033779157899
0.10636279398953012
0.1063453318913517
0.1063453318913517
0.1063453318913517
0.10663365024732113
0.10670558020936025
0.10670558020936025
0.10725023066628703
0.1071577410555581
0.10769102959417216
0.10757581677204604
0.10564597476642036
0.10609000855226512
0.10678320085914154
0.10690447108357222
0.10690447108357222
0.10783260411867303
0.10903554657430324
0.10917094340733442
0.10869705359350375
0.10869705359350375
0.10869705359350375
0.10912992364099801
0.10807232808400666
0.10852002897587956
0.10852002897587956
0.10938600226037531
0.1082466219640373
0.1088186663070959
0.10835772046650219
0.10818683236809751
0.10783995454555098
0.1084972582339037
0.1088233521590783
0.10992115165054683
0.11081074656213788
0.10997587944685776
0.10989458873033137
0.10902469740111231
0.10893199209022762
0.10853959288873781
0.10892064084564348
0.10914378197347942
0.10882301931053479
0.10918958426326007
0.10935780936912019
0.10935780936912019
0.10936165370863829
0.10936165370863829
0.1090124255879299
0.10892104597204265
0.10962287344022648
0.10865348956541665
0.10865348956541665
0.10814652435524566
0.10778797316498905
0.10807886952226159
0.10807886952226159
0.10807886952226159
0.10807886952226159
0.10945853367490585
0.10897219452410711
0.1081168531084645
0.10852789028922774
0.10902387826332934
0.1086144814955697
0.10942669649940835
0.10918471043924492
0.10982163951660646
0.10980701928458643
0.109411501374655
0.10927933609971778
0.10877416378758409
0.1082208838958654
0.1076994508161689
0.10779257517710508
0.1082038511847909
0.10821528873952875
0.1083508869524744
0.10774080638925332
0.10744358658090941
0.10772271654950791
0.10827203423069172
0.10827203423069172
0.10892054075821027
0.10897163174604033
0.10862857440212387
0.10911391109399997
0.10876891876015832
0.10917086700457584
0.11018669133772604
0.11127306540047846
0.11166061357884391
0.11196514719375761
0.11196514719375761
0.1117919034159852
0.11087085408246376
0.11039192787415039
0.11061945951260214
0.10924248207439818
0.10908294654647172
0.10908294654647172
0.1087824792416563
0.1090936496874761
0.1090936496874761
0.1090936496874761
0.10886005799144115
0.10848336523466653
0.10762263549365647
0.10762263549365647
0.10758430035689465
0.10757651151863148
0.10951619415598536
0.1096964079414266
0.1096964079414266
0.1096964079414266
0.1096964079414266
0.11009683323338947
0.11094864292955758
0.11154465882425334
0.11106042516756658
0.11106042516756658
0.11052629697749664
0.10965548894026673
0.1111408868391759
0.11083524578880119
0.11083524578880119
0.11115031390633251
0.11095421859078572
0.11125838393449274
0.11120721646303383
0.11077969146145125
0.11077969146145125
0.1097292585987139
0.10904613872132535
0.10879995563646226
0.10879995563646226
0.10869952684024302
0.1095598434583234
0.10994083254756085
0.10909805178657332
0.10961625609840615
0.11028124060326973
0.11207608290971656
0.11278282164043471
0.11278282164043471
0.11278282164043471
0.11278282164043471
0.11282731641201192
0.11341422958248501
0.11341422958248501
0.11341422958248501
0.1131098170433361
0.11338022836283193
0.11326403617795681
0.11298934945169019
0.11242326703115638
0.1119065590141465
0.11234005445419246
0.11196574369325961
0.11223854188262478
0.11206591310230819
0.11206591310230819
0.11146585889643909
0.11170343326453402
0.11122668704827246
0.11191657094957572
0.11233948282084265
0.11233948282084265
0.11195766738742673
0.11195766738742673
0.11241873600496555
0.11177057710851705
0.11020333422277359
0.11020333422277359
0.10961543752293744
0.10915681962279106
0.10926982510348249
0.1096874794382762
0.108628229416808
0.10829333583399942
0.10715636493068367
0.10740846629693124
0.10819407771828148
0.10807351090824903
0.10890321770730652
0.10901760223520846
0.10933427435548636
0.10984523837559614
0.10984523837559614
0.110545615315713
0.11223097295935416
0.11254126575319742
0.11254126575319742
0.11254126575319742
0.11315781701123276
0.11240272835202803
0.11084779242808117
0.11084779242808117
0.11084779242808117
0.11097002065601155
0.11097002065601155
0.11043198643846734
0.11043198643846734
0.10940670499343723
0.1098902794696026
0.1098902794696026
0.1098902794696026
0.10993108409108307
0.11096790067120144
0.11054927073430526
0.11011961541672738
0.10979337082154637
0.11091993258277025
0.11136981276390927
0.11229351945438967
0.11288739221489182
0.11309199493325357
0.11288677907220437
0.1120897443264157
0.1120897443264157
0.1101999590418293
0.11046701042645156
0.11070646833406989
0.11000175188792889
0.10963999164185453
0.10912682737964476
0.1076659738375798
0.10789824091228409
0.1073628521767067
0.1073628521767067
0.10670901027277661
0.10649376902537734
0.10819756297426834
0.10811836296795953
0.10743889380959147
0.10743889380959147
0.10758965494337416
0.10630749529574246
0.10630228155029045
0.10704416468079657
0.10788794183283076
0.1068966978023348
0.10775750687858998
0.10755320721470267
0.10755320721470267
0.10683770539906644
0.1067234921890854
0.10604964434837902
0.10697404278408107
0.1062875191207594
0.10722120224911828
0.10722120224911828
0.10648510034551503
0.10671684574626512
0.107319275389553
0.10745799367624685
0.10819506840477607
0.10755690710275526
0.10802643007100633
0.10850742659994926
0.10850742659994926
0.1091841076879133
0.10826611963274901
0.10819825547288363
0.10819825547288363
0.10819825547288363
0.10837371960772114
0.1091921784222298
0.1091921784222298
0.11003896082747808
0.10925778994057841
0.10951373666710051
0.10882977512805984
0.10885854740071611
0.10931677706758716
0.10931677706758716
0.10931677706758716
0.10803558409084538
0.10896386937958477
0.1098983352449762
0.10954669948388336
0.10954669948388336
0.10961862912799604
0.11050590812568303
0.11050590812568303
0.11136652619691821
0.11233494867318901
0.11238305635352787
0.11238305635352787
0.11238305635352787
0.11267816400907697
0.11326275159141247
0.11326275159141247
0.11326275159141247
0.11325493228716244
0.11298129631951885
0.11218003880796663
0.11218003880796663
0.11218003880796663
0.11109465406401103
0.11040291557359805
0.11040291557359805
0.11038514716011093
0.11013720057441982
0.11030132358988601
0.11001693183422483
0.10995494504483491
0.1095642509470553
0.10930336220012557
0.1081009906344632
0.1081009906344632
0.10797386647115734
0.1074312334135834
0.10717702258058479
0.10636364401181535
0.10636364401181535
0.10631576262938887
0.10497004306605114
0.10497004306605114
0.10497004306605114
0.10692019820359341
0.10650898143582341
0.10634274523913699
0.10634274523913699
0.10634274523913699
0.10562049669472239
0.10562049669472239
0.10562049669472239
0.10562049669472239
0.10546453958736524
0.10546453958736524
0.10519765670181605
0.10542412408594075
0.10542412408594075
0.10540528344289755
0.10605326425317511
0.10605326425317511
0.10585414580831176
0.10585414580831176
0.10741159213292516
0.10741159213292516
0.10658366370975564
0.10687281490941067
0.10647752848096038
0.10571879684619236
0.10653526538977107
0.1060852162059468
0.10577270703919996
0.10577270703919996
0.10589743600999373
0.10589743600999373
0.10548497984913174
0.10613949424965724
0.10578198215040685
0.1065323474240164
0.1065323474240164
0.1065323474240164
0.10642677271072844
0.10642677271072844
0.10578607961437479
0.10654437455003382
0.10582627074622408
0.10575498285671382
0.10575498285671382
0.10643483355357566
0.10476439811973655
0.10476439811973655
0.10449417452324494
0.10354485838885459
0.10354485838885459
0.10354485838885459
0.10376615627589456
0.10442360179645906
0.10521301646280337
0.1062306827508227
0.10655295605555136
0.10666470027324913
0.1063689844370548
0.10717628361950537
0.10717628361950537
0.10782389261144389
0.10784863604917967
0.10780914151903775
0.1077670609595561
0.10756509112317862
0.10771124169774526
0.10678410288125702
0.10759404645694771
0.10889436177817076
0.10889436177817076
0.10821487287258345
0.10821487287258345
0.1078488868664849
0.1079788415752226
0.1079788415752226
0.10733900334819002
0.10840062658360038
0.1074180732853223
0.1074180732853223
0.10662422056311092
0.1057628968813142
0.1057628968813142
0.10573796637686168
0.10590173409067791
0.10590173409067791
0.10590173409067791
0.10597438096109543
0.10647810871112574
0.10777143744512482
0.10777143744512482
0.10781976925554089
0.10784253944139559
0.10852461293746132
0.10852461293746132
0.10835886537801637
0.10835886537801637
0.10804006331076002
0.10877120222722626
0.10848935906480013
0.11001698623502383
0.1096114386034529
0.11048372455631153
0.10972667295263712
0.11003707304618314
0.10965073717184759
0.11032715674102402
0.11032715674102402
0.11004898759070217
0.10960181954784581
0.10828825175779329
0.10823342372682314
0.10755562546433871
0.1081687901012469
0.10828557913182955
0.10824472208045048
0.10726694363421234
0.10685177857974013
0.10689969187961647
0.10713957040317625
0.10745791171171294
0.10745791171171294
0.10798462600139024
0.10750874682222987
0.10851111673959775
0.10851111673959775
0.10888263124019674
0.10732755710605484
0.10732755710605484
0.10704612993789828
0.10704612993789828
0.10722947168919728
0.10687080938408006
0.10687080938408006
0.10653063610911481
0.10631996026955119
0.10631996026955119
0.10629981554110327
0.10683253550148135
0.10683253550148135
0.10744956390581192
0.10810328305890324
0.10838715532463995
0.10838715532463995
0.10781124160524039
0.10798468598990923
0.10798468598990923
0.10851123763518906
0.10861961985326607
0.10927649010839088
0.10884109170319743
0.10965051487298844
0.11096239915633639
0.11096239915633639
0.11055012009162363
0.11028670136192292
0.11011439711900295
0.11011439711900295
0.11135645257928722
0.11135978844645092
0.11158193695389942
0.11006607091203445
0.11105414751338363
0.11034865880063727
0.11075834299605168
0.11064021072405579
0.11064021072405579
0.10980482614457374
0.10979070905141831
0.10872535451620546
0.10872535451620546
0.10909421458090952
0.10909421458090952
0.10866684114997623
0.10836329745799374
0.10655385471676153
0.10680876218253976
0.10680876218253976
0.10754736803650866
0.10714967208936013
0.10812567746236126
0.10815243756045258
0.1076169811411648
0.10736962350625313
0.10765607593598582
0.10775938595860701
0.10760604882287386
0.10760604882287386
0.10760604882287386
0.10751357115494377
0.10751357115494377
0.10751357115494377
0.10895432704254443
0.10854074987864154
0.10729805093360775
0.10636588000489293
0.10701764440489146
0.10701764440489146
0.1056234027134168
0.1066054391564952
0.10543527449139171
0.10565021786181907
0.10598267703231429
0.10583918879309993
0.10579131686518596
0.10615997792168752
0.10559247973967789
0.1061641205449389
0.10580525307204905
0.10644305786965964
0.10653088294322452
0.10653088294322452
0.10621961298516625
0.1047787522694975
0.10702476235649738
0.1072937333275316
0.1072937333275316
0.1071063669954461
0.10744751726313734
0.10875483047106405
0.1095436460438637
0.10987265560635508
0.10987265560635508
0.10893749673064068
0.10912408366198126
0.10966228430619016
0.1084343626208614
0.10881218536522064
0.10881218536522064
0.10825735062386356
0.10825735062386356
0.10810490616687815
0.10915478596134527
0.10835172630649575
0.10865642494695704
0.10884302925288528
0.10799378431057485
0.10783669910948446
0.1074769451698265
0.10697626040643864
0.10744490720626135
0.10774205879740385
0.10817342818770134
0.10862418821319694
0.10850627871155163
0.10850627871155163
0.10758346944158997
0.1076556018524811
0.10745490697219903
0.10845158674566693
0.10771300543339066
0.10805465968494819
0.10829472824278175
0.10961250590342438
0.11052980053397814
0.10866501740509807
0.10866501740509807
0.10775853988294637
0.10775853988294637
0.10835264002638866
0.10796798533485567
0.10774184753063507
0.10851705542961776
0.10828226934451118
0.10792570329053214
0.10823315741819999
0.10903097624308132
0.10783900875583831
0.10759999379501728
0.10768163020264658
0.10690200050473339
0.10647342087740083
0.10611266605342509
0.10581499585992366
0.10498099443099687
0.10420218287117075
0.10526964724244503
0.10591512994152583
0.10570775829200851
0.10464756663360747
0.10464756663360747
0.10464756663360747
0.10464756663360747
0.1044642435765495
0.1044642435765495
0.10474046692257052
0.10474046692257052
0.10474046692257052
0.103840778153458
0.10395110898797462
0.10497062619528919
0.10427803127889425
0.10347477565455218
0.10224483552923198
0.10224483552923198
0.10232938496499291
0.1030207560162705
0.10390033248541374
0.10361339119978313
0.1038316481375964
0.1038316481375964
0.10363435729863922
0.1041083675924945
0.10327967769888265
0.10390850046489396
0.10323462157334862
0.10286584678584115
0.10274101032361282
0.10210210260867379
0.10210210260867379
0.10210210260867379
0.10176413099261553
0.10131666269702785
0.10131666269702785
0.10090278683325812
0.10119494312789608
0.10036724473043121
0.10115301241196184
0.10115301241196184
0.1025077022685122
0.1034145230599446
0.1034145230599446
0.10281662336536533
0.10272369309584942
0.10259818835256344
0.10269174324812809
0.10306715676301272
0.10360186696518583
0.10503271092228647
0.10439897481454102
0.10368380779739796
0.10476441508403579
0.10476441508403579
0.10442681282969675
0.10567941459702271
0.10488621343771978
0.10438409566945203
0.10306859807481071
0.10323490328547949
0.104281399191418
0.10424221097906355
0.10424221097906355
0.10395375637302767
0.10395375637302767
0.10468894850898895
0.104648918314401
0.10561430147915539
0.10561430147915539
0.10561430147915539
0.10561430147915539
0.10561430147915539
0.10569805048253775
0.10525292963696972
0.10518184390440456
0.10484263515427916
0.1047830496747861
0.1047830496747861
0.10364758161824467
0.10352487033488907
0.10367218636289385
0.10414724294936747
0.10334553803009991
0.10276441607552399
0.10348842449379031
0.10352042043052868
0.10351261820082164
0.10491323003497084
0.1048636486892635
0.10400781854105597
0.1044766098512622
0.10464153285643732
0.10467046422990406
0.10467046422990406
0.10578726051710607
0.10685908562622723
0.10626633287152584
0.10543614234532973
0.10558420396918482
0.10613748597224301
0.10634181305280122
0.10723174580963901
0.1055454717035155
0.10603590136107
0.10635120827049843
0.10561546484774666
0.10593870379356429
0.10689659540259074
0.10689659540259074
0.1066022452008004
0.10712685685291076
0.10702470435840783
0.10702470435840783
0.10702470435840783
0.10726548649357558
0.10686982713407456
0.10686982713407456
0.1068403135649437
0.10744679441720839
0.10708802467160963
0.10708802467160963
0.10571181778190883
0.10600478533509529
0.10600478533509529
0.10587197899285054
0.10587197899285054
0.10619751547086051
0.10619751547086051
0.10619751547086051
0.1065572717377345
0.1065572717377345
0.1065572717377345
0.10592464175473122
0.10592464175473122
0.10511039831037901
0.10509771352530436
0.10569286021008413
0.10501432307559976
0.10501432307559976
0.10499549512661341
0.10480406751394272
0.10502319607892069
0.10556916714258217
0.10556916714258217
0.10574510499213563
0.10602042715795863
0.10561664492874541
0.10292234362303605
0.10336802353524473
0.10367938922504383
0.10367938922504383
0.10376109031697525
0.10413934725094778
0.10432380460241479
0.104491298435724
0.10473858518227915
0.10474055869597004
0.10390412440911702
0.10390412440911702
0.10384121222206523
0.10532823441907925
0.10576248601564886
0.10574914203533003
0.10520571481153573
0.1053124216245836
0.1054764507248251
0.10576103865403232
0.10642297204028713
0.10535273305689555
0.10553233861244518
0.10520849928792748
0.10520849928792748
0.10540496400868916
0.10549066743703081
0.10512973712948759
0.10509933464151484
0.10530338310236416
0.10585294000429571
0.10585294000429571
0.1062510554989092
0.10637979367247556
0.10564032892519945
0.10590118407134799
0.10582844075002053
0.10599985357198685
0.1058385271239588
0.1058385271239588
0.10692575063748426
0.1064650250829196
0.10616731021696771
0.1052620484906474
0.10611656491690169
0.10540481770569274
0.10496996963476596
0.10496996963476596
0.10510510902097463
0.10631214701379434
0.1069731145611602
0.10685026974816803
0.10685026974816803
0.1069391444946301
0.10677250691943561
0.1063784378018816
0.10789016481224832
0.10796727122622464
0.10736876308224057
0.10736876308224057
0.10852951786313844
0.10852951786313844
0.10863197902795475
0.10713360161265968
0.10653805233324662
0.10653805233324662
0.10731381005534897
0.10731381005534897
0.10652360731945437
0.10579145801542317
0.10643873645782294
0.10643873645782294
0.10608168595038846
0.10708572408041328
0.1081083021494691
0.10788553794396476
0.10788553794396476
0.10772512819241717
0.10772512819241717
0.10814026812386372
0.10909665279050738
0.10922669378408888
0.10887120800680515
0.10751215883267091
0.10751215883267091
0.1086747474228027
0.10711309665298671
0.1064999683801578
0.10561528114723734
0.10560351808204545
0.10608084787716203
0.10594111850540686
0.10636274994596347
0.10661598234858705
0.10795219555054926
0.10778164875259619
0.10778164875259619
0.10742456136944004
0.10793979240578122
0.10840475887858808
0.1075946388461095
0.1075946388461095
0.1075946388461095
0.10770705783099944
0.10770705783099944
0.10842873689254384
0.10842873689254384
0.1083657391950787
0.10865292814409025
0.10789020935961044
0.10896462655732164
0.10896462655732164
0.10888784728713012
0.10818233579436946
0.10818233579436946
0.10718477373542094
0.10874789448038148
0.10884593668330118
0.10944232443590124
0.10884265279509887
0.10709206650825649
0.1072476611324749
0.10739072364277646
0.10688182218523362
0.10681179049768208
0.10635115353203868
0.10702937503080706
0.10702937503080706
0.10720233083244926
0.10745216296243032
0.10664590318173868
0.1054203461962277
0.10509250955947994
0.10560937521690159
0.10610234295044195
0.10640298309645059
0.10640298309645059
0.10640298309645059
0.10640298309645059
0.10702811426714201
0.10794049306662155
0.10804753726940367
0.10824820207033563
0.1071497630198278
0.10781072752143872
0.10749648325818328
0.10749648325818328
0.10749648325818328
0.10705923390873558
0.10717081837190574
0.10717081837190574
0.10794392605802068
0.10790626577052853
0.10805659700157554
0.10806421630755247
0.10840189518005033
0.1100320355393031
0.11005080478807461
0.11023403593611149
0.11007956966929534
0.11007956966929534
0.11061662415566605
0.11043190032176754
0.11087962924800873
0.11120376789609338
0.11151457490362597
0.1124692445136663
0.1124692445136663
0.11084214526594557
0.10982388433177798
0.10862313458113255
0.10862313458113255
0.10877177686262113
0.10971086186464382
0.11038877833714833
0.11038877833714833
0.10897715530992425
0.10893109984706824
0.10945190117229496
0.10802249393339533
0.10802640875949614
0.10719459810268563
0.10800729822686143
0.10673883535883168
0.1059168277025179
0.1065098130318071
0.10593784984025426
0.10632642781304592
0.10649483366623179
0.10674794114928933
0.10634461170142609
0.1062026766641397
0.1062026766641397
0.10659311789489272
0.10773513775493924
0.10935340663892797
0.10814220334982028
0.10804867155340778
0.10718164021594655
0.10659390468921914
0.10726803384197349
0.10591371972011872
0.10554381600494665
0.10608035460295921
0.10585563042058488
0.10677093271667293
0.10677093271667293
0.10650202932412321
0.10623726010983002
0.10659491719101681
0.10659491719101681
0.10659491719101681
0.10659491719101681
0.10590356157034463
0.10590356157034463
0.10555668416560773
0.10530914221693817
0.10597555325243925
0.10597555325243925
0.10597555325243925
0.10620188884448502
0.106627924447647
0.10610658800798538
0.10590334297082145
0.10641471752613385
0.10641471752613385
0.105820168721262
0.10588598520731692
0.10588598520731692
0.10627807165044752
0.10608367533719862
0.10568424580521658
0.1051450407595178
0.10503039212577014
0.10429070071814403
0.1037300029485193
0.1037300029485193
0.10335876566370537
0.10313500793792423
0.10279685181074327
0.10279685181074327
0.1027456844931545
0.10291356235002969
0.10230747903712038
0.10300610331692812
0.10300610331692812
0.10469725083433393
0.10530396116782292
0.10530396116782292
0.10477655483125933
0.10477655483125933
0.10538731133384836
0.10538731133384836
0.10482966568713212
0.10455662916441186
0.10525085526141048
0.10552149823927315
0.10669722836693554
0.10713631174001127
0.10713631174001127
0.10679773939195707
0.106938333763545
0.10776372448082071
0.1077921371122847
0.1077921371122847
0.1077921371122847
0.10797664073741671
0.10751064448410762
0.10751064448410762
0.10762923394223713
0.10880171508458879
0.10856001202163564
0.10856001202163564
0.10948447324282569
0.10948447324282569
0.10887000531498842
0.10790864303735323
0.1076461455116898
0.1076461455116898
0.10760671966221108
0.10791854275102625
0.10813697984248329
0.10716980470889248
0.10716980470889248
0.10746387556682917
0.10746387556682917
0.108742817176148
0.1078369445405434
0.1078369445405434
0.1066745529729192
0.10598016039019573
0.1068126106735713
0.10610122166757675
0.10610122166757675
0.10729081941101923
0.1086965812647327
0.10909682634222821
0.10894272855698534
0.11067949795842229
0.11067949795842229
0.11018245865743131
0.10945783941825507
0.10906243936640077
0.10820558713182005
0.10750565398535344
0.10684832737024626
0.10691710005151982
0.10623282814432741
0.10597885301130747
0.10662182120805119
0.1070656595727953
0.10698143876574778
0.10719843665071875
0.10702408607689518
0.10775487048656422
0.10727314691584347
0.10727314691584347
0.10812576483854877
0.10802262376025605
0.10724921638506565
0.10701455820810123
0.10735625078477468
0.10843380674663947
0.10843380674663947
0.1078453363239028
0.10792499715373692
0.10834844501440442
0.10796929052705828
0.10756921402978235
0.10613108785360954
0.10527699184611698
0.10575944713794506
0.10667721494153878
0.10787136821859514
0.10770635753529673
0.10759398750497187
0.10696710633870656
0.10765342321591043
0.10876601758320585
0.10864579496375155
0.10864216896860264
0.10846369214722128
0.10845136581648256
0.10838747389404478
0.10771969658441513
0.10741810357356944
0.1063383902627157
0.10694723444103803
0.10661533727497241
0.10645739838233112
0.10509327457253258
0.10460126026203961
0.10508173814511039
0.10411067025319105
0.10444322108636243
0.10508116567647428
0.10565494835491611
0.10565494835491611
0.10679213650369085
0.10679213650369085
0.10652406870103964
0.10721224793440143
0.10716017145062103
0.10779717584417252
0.10750102097009753
0.10638313165180925
0.10638313165180925
0.1060583448322126
0.10564318701803037
0.10564318701803037
0.10564318701803037
0.10627014952839638
0.10637056918856462
0.10606269647022364
0.107122386673212
0.10612214039205294
0.10507057515352333
0.1055307145750759
0.10579324341613235
0.10628510531313098
0.10628510531313098
0.10628510531313098
0.10656411659948013
0.10656411659948013
0.10578624238012269
0.10578624238012269
0.10622697037136025
0.10622697037136025
0.10467249006378142
0.10522514783501984
0.10569476692774006
0.10523009195492598
0.10499209934877178
0.10495321305111523
0.10495321305111523
0.10480413231651318
0.10519444423976648
0.10584645059877712
0.10645201575976768
0.10568213542927264
0.10585554748680141
0.10641574312242175
0.10641574312242175
0.10641574312242175
0.10797358156048156
0.10896460573128901
0.1087492687855733
0.10892569911875291
0.10950902392532973
0.10933730137383384
0.10951801170646626
0.11012777435421046
0.1101940358892167
0.1095880186204686
0.11093331200800778
0.11064935644402452
0.11064935644402452
0.10991498131927745
0.10918337653781354
0.1093367026824496
0.10988065924172181
0.10988065924172181
0.11040541276775563
0.1083516463083817
0.1083516463083817
0.1075147057322615
0.10709497174460902
0.10709497174460902
0.10709497174460902
0.10709497174460902
0.10709497174460902
0.10756698341471428
0.10701343278600417
0.1063408153993071
0.10727719207425344
0.10788281557861353
0.10770537022728643
0.10792953345078281
0.1086583717833154
0.10844015765544289
0.10722020409374747
0.1067037220233402
0.10685221023181082
0.10685221023181082
0.10685221023181082
0.10685221023181082
0.10693979316892152
0.10693979316892152
0.10722869303978091
0.10689668169219259
0.10755348235632627
0.10673145778268282
0.10778919452791501
0.10662607010483004
0.10633201951318412
0.10637491494749367
0.10646545002670656
0.1068359453725248
0.1053642678831376
0.10534869142098585
0.10572691556266271
0.10564889859243133
0.10564889859243133
0.1053473426174354
0.10567521359828141
0.10550969066985319
0.10550969066985319
0.10478241021274957
0.104937559075993
0.10469508259528872
0.10426093940891523
0.10373561236378662
0.10327885866253578
0.10327885866253578
0.10355479713113787
0.10277493516675232
0.10298868611949775
0.10398577569988984
0.10398577569988984
0.10457300948564219
0.10460201814544359
0.10460201814544359
0.10460201814544359
0.104195161216019
0.104195161216019
0.10444826440666757
0.10444660598192367
0.1043179334665868
0.10453731736479296
0.10441305314716894
0.10501402274955884
0.10518333568958037
0.10518333568958037
0.10518333568958037
0.10508060015937759
0.10502239705443336
0.10549254377277695
0.10508615281105607
0.10413096080903825
0.10521496390821675
0.10640242977219379
0.10530128615003016
0.10579051686475796
0.10552031415847987
0.10552031415847987
0.10567620750213713
0.10546721361964471
0.10560498579889004
0.10621847403100597
0.1059286508824399
0.10738412427844023
0.10738412427844023
0.1074334298153252
0.1074334298153252
0.10745006247317615
0.10604226517858398
0.10493709424084434
0.10493709424084434
0.10493709424084434
0.10471298357808544
0.10378306642268652
0.10378306642268652
0.10493664944073647
0.10541898150891943
0.105904707721493
0.10650718162357843
0.10577313439541859
0.10456925120321194
0.10456925120321194
0.10427337929461404
0.1051011208049895
0.10501447190030062
0.10611083186982474
0.10783667902962045
0.1078407262661563
0.10858473677033041
0.10807213934239272
0.10851884400102044
0.10792912871492552
0.10835845322060056
0.10930516192345485
0.10747369898881269
0.10775128834269963
0.1083451675299381
0.10835912106360189
0.10941873239993193
0.10941873239993193
0.10924684296164265
0.10953597521675587
0.10997368432831883
0.10884500717625412
0.10854659320861221
0.10784473399642645
0.10805003381677626
0.10876961306247819
0.10862319895363831
0.10862319895363831
0.10860391336060614
0.10752106088076689
0.10810736022143705
0.10846115511667949
0.10840670870039676
0.10785199128453485
0.10746151293302258
0.1080702467221063
0.10731670838177387
0.10689071542917059
0.10666215016708186
0.10804324656648984
0.10804324656648984
0.10840077425012354
0.10791982715943188
0.10926649467154445
0.10830853698972503
0.10923486010938406
0.10924439452260104
0.10942650273607912
0.1093269405435724
0.10764289485967223
0.10954635101841975
0.10954635101841975
0.10885625621330237
0.10885625621330237
0.10796455367583767
0.10832875127895007
0.10805867753615142
0.10696430634012491
0.10701168527306841
0.10673172485776475
0.10599808641296733
0.10629725936040053
0.10629725936040053
0.10671406470487155
0.10637677895538644
0.10593851725318519
0.10634682895128413
0.10561423013459578
0.10561423013459578
0.10678446471678849
0.10711408959607382
0.10764044722773444
0.10859061211429487
0.10798051880903084
0.10798051880903084
0.10824945271461692
0.10824945271461692
0.10824945271461692
0.10699158727631723
0.10699158727631723
0.1070729678886624
0.10775913102096199
0.1078559435124246
0.1078559435124246
0.10867921553909084
0.10837175361046185
0.10813301447071134
0.10845726527676962
0.10736788761215504
0.10742542782490264
0.10824491071075958
0.10878197288425248
0.10908822974862432
0.10979472692467632
0.10934667820117366
0.1099503264861432
0.10929150862591304
0.11024280404117862
0.1096991536432339
0.10937414922329379
0.1105176869739875
0.11030604488627531
0.11011947893473177
0.11011947893473177
0.11066963855130679
0.11066963855130679
0.10970280616246979
0.10956859764098549
0.10956859764098549
0.10906239182072121
0.1104325609257724
0.1104325609257724
0.10956740200721861
0.10956740200721861
0.1093141156790144
0.1089119567294202
0.10867108459768278
0.10867108459768278
0.10867108459768278
0.10943596293228547
0.10943596293228547
0.10992488882907836
0.10992488882907836
0.11064933551342813
0.10993686974152238
0.11065837839463911
0.11030909154499165
0.11025363878609634
0.1111462114888827
0.11105673445349319
0.11127640582950879
0.11046264069330082
0.11019844515330378
0.11108299091212356
0.1113478380996308
0.11124151879248907
0.11113604598280895
0.1116585169115942
0.11084912502123975
0.11101571237614137
0.11122926115250761
0.11087849099672514
0.11119780530526309
0.11235822366182407
0.11235822366182407
0.11098242259250092
0.11123137866351736
0.11133498666630894
0.11060931543676941
0.11181135038981917
0.11181135038981917
0.11146954786444956
0.11191513774043083
0.11028813445719507
0.1107810189203849
0.11215064977403426
0.11215064977403426
0.11217225394146195
0.11217225394146195
0.11178956551723201
0.11179102977283
0.11063732798026472
0.11035504764089032
0.11130082567672345
0.11130082567672345
0.1120116942004206
0.11217180005584518
0.112009633978978
0.11147678634789672
0.11084673497084778
0.11091906524612968
0.11088389099214838
0.10962950892444676
0.10982236730692446
0.10869408094383509
0.10902444416888206
0.10941571914870317
0.10941571914870317
0.10933897950469863
0.11045377781581367
0.11045377781581367
0.1105580568324155
0.1106438871157909
0.11016828965913293
0.10886969955031321
0.10913804498190334
0.10913804498190334
0.10811921804686313
0.10964332497931151
0.1085057896568677
0.10929166509858435
0.10894209768056512
0.10903852319569524
0.10903852319569524
0.10736045034988828
0.10736045034988828
0.10722012516048988
0.10664924142217055
0.10518497357942562
0.10514482085770367
0.10515728367529065
0.10605186624142847
0.10644008437883962
0.10644008437883962
0.10680808463240467
0.10680808463240467
0.1079071496076848
0.1083639257221881
0.10813759186100501
0.10830890280033628
0.10838828224113824
0.10838828224113824
0.10747262610380046
0.10823607506269417
0.10822888472777209
0.10726705180113523
0.1071799245020625
0.10685740876921221
0.10678222626165726
0.107540165069363
0.10737134238842912
0.10856044935547299
0.10806406880669588
0.1086772983915469
0.10856132265030392
0.10788093938862475
0.10687752580630479
0.10733545100842501
0.10689205689877133
0.10715512691805103
0.10669325642998789
0.1074358100584548
0.10739270262026034
0.1069735188213197
0.1062964775569135
0.10549512411691522
0.10539679196528184
0.10465754805371931
0.10533279511221912
0.10437660614172717
0.10461816893192132
0.10379190253350412
0.10336860531232189
0.1042263651125857
0.10522392240257125
0.1052770338023765
0.1052770338023765
0.1052770338023765
0.10571451723913153
0.10489836927589789
0.1058982937179904
0.10502622586512633
0.10553937840501426
0.10553937840501426
0.10548634189320544
0.10531234376868119
0.10494728012790822
0.10518130737557949
0.10480000785019367
0.10476040440965145
0.10557859578058376
0.10548365426295855
0.10548365426295855
0.10548365426295855
0.1051557788951155
0.10565118698269307
0.10565118698269307
0.10572935449674317
0.1058987975284128
0.10587211156824018
0.10682650484591952
0.10682650484591952
0.10703014162851199
0.10637329684543521
0.10673403522926989
0.1059586459573797
0.10609880070009337
0.10592733720207367
0.1072548096850433
0.10778716321640612
0.10859136959777922
0.10843239543093493
0.10843239543093493
0.10861952345832636
0.10904481598319904
0.10904481598319904
0.10940241476040943
0.10828870361084908
0.10802829880985812
0.10756945673347998
0.1069696353537856
0.1069696353537856
0.10778185711479418
0.1084947100438888
0.1084947100438888
0.10984671686229457
0.11021988876756192
0.10865831777683303
0.10848154759996224
0.10889620747090716
0.10948161957857162
0.10899731947339165
0.10899731947339165
0.10920173082066607
0.11003474536402862
0.10929466025866877
0.10929466025866877
0.1092641050090282
0.10937703977925595
0.10965901301214859
0.11044657925490906
0.11114332730824042
0.1119933520185232
0.1119933520185232
0.11074830247009027
0.11012554143526757
0.11012554143526757
0.10971146172779989
0.11032334270362612
0.10992861734135634
0.10992861734135634
0.11055649632249316
0.11090144145818558
0.11090144145818558
0.1111063417319719
0.1111063417319719
0.11170895765320348
0.11201818386089772
0.11050596181494633
0.10979050807845257
0.10811416112897539
0.10745927494668242
0.10709402722575107
0.1068554046007664
0.1060708999787567
0.10511723137212105
0.10660307373609439
0.10604642635413963
0.10585849571786622
0.10618808418337189
0.10659333419780574
0.10672226746169608
0.10741977594086204
0.10748925769601472
0.10748925769601472
0.10609016182265762
0.10603970873290296
0.10603970873290296
0.10608962029476125
0.1053167138212463
0.10638500414483378
0.10677451929296522
0.1058973719082331
0.10680907123498692
0.10680907123498692
0.10706052164546602
0.10739234795045163
0.10834549882863408
0.10769751629079806
0.1078252343543714
0.1078252343543714
0.10744188484650084
0.10744188484650084
0.10744188484650084
0.10853696598666565
0.10716891075102082
0.10716891075102082
0.10745073697101286
0.10612083761021757
0.10534016831938023
0.10534016831938023
0.10532357258628283
0.10532357258628283
0.10532357258628283
0.10450779854080948
0.10574149865425993
0.1056098396798953
0.10506651179280006
0.10525450542829162
0.10469235725785643
0.10488570467968424
0.10577424503414715
0.10571679240900957
0.10496458916443935
0.10496458916443935
0.1055791021900976
0.10605585491894932
0.10502380413700099
0.10447294877627493
0.10447294877627493
0.10452189201325324
0.10489042555773978
0.10489042555773978
0.10591562588967993
0.10607324023261985
0.10611460640036602
0.10639872114172294
0.10652830776318012
0.106078469910649
0.10686866500446256
0.10724505511827333
0.10724505511827333
0.10724505511827333
0.10760658215708913
0.10745717816770557
0.10775455125617558
0.10954041187037152
0.10954041187037152
0.10954041187037152
0.10965150853980386
0.10981004448412565
0.10981004448412565
0.11012238136430529
0.1100355730268396
0.1100355730268396
0.10966469264972653
0.10921100158950807
0.10880525760325897
0.10904238666082325
0.10849346041798848
0.10927772847631673
0.10927772847631673
0.10959710512810103
0.10959710512810103
0.10957610531516282
0.11099578146480994
0.11148655971703757
0.11066060566467435
0.11077638807258265
0.11077638807258265
0.10980441480302056
0.11051011410801835
0.10901495504046337
0.10810985582970915
0.10810985582970915
0.10810985582970915
0.10989514794863624
0.10885635692820589
0.10885635692820589
0.10917261465842028
0.10783489746743229
0.1086951687205133
0.10893854510499344
0.10856538638707339
0.10788589289423728
0.10706729812004587
0.105787099798138
0.1049827910302023
0.1049827910302023
0.10525318333746277
0.10525318333746277
0.10525318333746277
0.10443751370800357
0.10508219658820776
0.10606807036430715
0.10523789675046029
0.10523789675046029
0.10523789675046029
0.10613451146210759
0.10603201489156168
0.10544416863378164
0.10518507847795873
0.10518507847795873
0.10534218883401851
0.10533720214847446
0.10475731231541795
0.10476966318095918
0.10444638671987641
0.10444638671987641
0.10444638671987641
0.10432193634877218
0.1059155107387427
0.10598380188857574
0.10598380188857574
0.10656860352627466
0.10625743803990742
0.10659104076995887
0.10649848325671445
0.10593322219629603
0.10631239658450159
0.10528913665974848
0.1058036807812154
0.10700936890762976
0.10732949685196293
0.10623505703452776
0.10647015732525646
0.10600408136615332
0.10665963585175837
0.10665963585175837
0.1067085371121644
0.10775406899432778
0.10775406899432778
0.10742964267652139
0.10776755499419845
0.10678353646701569
0.10694927071307254
0.10731209313703743
0.10775041303599407
0.10757871121334793
0.10783394288175129
0.10738302366054284
0.10631331353121148
0.10703934350789385
0.10836976243073518
0.1081581709688345
0.10767845042872902
0.108718587490173
0.10895108099950719
0.10968717034508711
0.10968717034508711
0.10881922991092305
0.10794210272365559
0.10794210272365559
0.1092048658701263
0.1090513011693471
0.1090513011693471
0.1090513011693471
0.10947900256523421
0.10888102659477587
0.10897248948482695
0.10754684439880441
0.10683241199047203
0.10780739361395372
0.10780739361395372
0.10752211191409855
0.1091807948409996
0.10851782845001919
0.10973717489670809
0.10967517591241945
0.10967339006811923
0.10894031728397509
0.10894031728397509
0.10766793920885376
0.10835566819960459
0.10932053582424876
0.11052291904748417
0.10857637071063177
0.1087789192050872
0.10956414254833051
0.10956414254833051
0.10998332945756362
0.10930494767798629
0.10963274216285494
0.10839063215733293
0.10704419389487521
0.10710313106097598
0.10710313106097598
0.10710313106097598
0.10639849121250204
0.10639849121250204
0.1062099708930537
0.10588271005471735
0.10519962675826135
0.10510234122206387
0.1052501527153146
0.10484409144891328
0.10484409144891328
0.10484409144891328
0.10476582836487258
0.10491635335732387
0.10517377994149783
0.10532913650722296
0.10533149631719793
0.10641182770974113
0.10572859932590115
0.10572859932590115
0.10683850647538387
0.10774328693409083
0.10653001554245617
0.1070166813663777
0.10756528871125273
0.1072081540397832
0.1072081540397832
0.10614734822173391
0.10656175743345872
0.10691199979842239
0.10628160911713821
0.10537905829472026
0.10491093868504672
0.10500679680109934
0.10440827326098386
0.10475343310304716
0.10494592524284152
0.10442326220234645
0.10405050087791982
0.10491456325224292
0.10489446621188012
0.10457626992022803
0.10457626992022803
0.10410767598043315
0.10410767598043315
0.10410767598043315
0.10403151698900881
0.10420658792195303
0.10458851990123438
0.10458851990123438
0.10516365219155527
0.10529435194790494
0.10582067112560294
0.10735773178187312
0.10715048047512353
0.10715048047512353
0.10638394425500498
0.10741100423406663
0.10707556069870623
0.1069621182141894
0.1069621182141894
0.10858736581183875
0.10836338203528557
0.10813248465069884
0.10750710259528501
0.10671220354453599
0.10671220354453599
0.10640814241211005
0.10698896337541977
0.10757171732058415
0.10547720866925692
0.10577968323140251
0.1063510393745546
0.10604542812823048
0.10614516724635653
0.10614516724635653
0.10670750291947023
0.10691459527791776
0.10669956393586146
0.10669956393586146
0.10632018591237041
0.10632018591237041
0.10591862587319274
0.10609369247780244
0.10609369247780244
0.10689693210768854
0.10747449453211169
0.1061008567946277
0.1061008567946277
0.10464690969285152
0.10516838290912553
0.10527922785330666
0.10574545737397624
0.10618297970936068
0.10601424034036994
0.10503300103846606
0.10584635250910956
0.10566280744548849
0.10550464048683125
0.10444589100607389
0.10444589100607389
0.10471641257131775
0.10629101562882298
0.10629101562882298
0.10632874199434762
0.10639794629979892
0.10641377608032056
0.10589777160652909
0.10636367079922535
0.10636367079922535
0.10597368359525083
0.10680530400628707
0.10621640757304598
0.10718568585741678
0.10718568585741678
0.10652998910916457
0.10652998910916457
0.10545618350486445
0.1066509231597196
0.10651434328336766
0.10597723850080631
0.10597723850080631
0.10587018551739086
0.10587018551739086
0.10591035943561228
0.10622815202760941
0.10622815202760941
0.10586961247190775
0.10670452761346266
0.10670452761346266
0.10682759609204588
0.10648631369185488
0.10697973426713593
0.1061821540480458
0.10596585893213717
0.10679612270924459
0.10484866879429199
0.10550835593701632
0.10564000594969883
0.10542522905987342
0.10507921798433145
0.10485243785449716
0.10453382912660455
0.10453382912660455
0.10514497220040857
0.10607848094224166
0.10602330327493652
0.10744162570597184
0.10661424364152954
0.10661424364152954
0.10825199199168742
0.10815099627456658
0.10796708555008144
0.10656404196946621
0.10656404196946621
0.10533849880033498
0.10533849880033498
0.10655379181922273
0.10655379181922273
0.10521245683563517
0.10664030170043479
0.10605647797990424
0.10678073653253962
0.10804834629315965
0.10811681581116585
0.10819500013684458
0.10769238963011495
0.10769238963011495
0.1073047781701261
0.1073047781701261
0.1062510762270571
0.1062510762270571
0.10586576398899158
0.10586576398899158
0.10566433776976722
0.10534653469930694
0.10534653469930694
0.10705566347722713
0.10678256313279008
0.10630744700327407
0.10760289396365842
0.10852421078122984
0.10852421078122984
0.10839399204670028
0.10713605980408888
0.10787138634100411
0.10640640268994826
0.1058692749447529
0.1068313654805952
0.10666893070441548
0.1067075229410891
0.10603142604024
0.10603142604024
0.10622499544398771
0.10622499544398771
0.10654638047271142
0.10654638047271142
0.10639135009571905
0.10716780072002326
0.1076848759130647
0.10664604455034811
0.10604971149765395
0.10610759616238125
0.10660920557087154
0.10660920557087154
0.10624964410690123
0.1059383228637179
0.10615005447942932
0.10631136837713807
0.10640089292810777
0.10551474693738805
0.10500064464359182
0.10500064464359182
0.10500064464359182
0.10510180417668176
0.10527286835152098
0.10527286835152098
0.1050171415588874
0.1050171415588874
0.10589364467550488
0.10620109264217824
0.10704513906587791
0.10704513906587791
0.10639511017392048
0.10769529222949745
0.10673787969661606
0.10742775538251689
0.1071614534605235
0.10616341227863324
0.10616341227863324
0.10616341227863324
0.10795220060314911
0.10763099238522089
0.1073764478053429
0.10736582510605529
0.10773590584516489
0.10773590584516489
0.10665089536461213
0.10731357033505542
0.1088935583354751
0.10853703268812508
0.10956488641023905
0.10862746735456907
0.10871814903718566
0.10957250497975977
0.10995988269795189
0.10930159571975766
0.10752172895694104
0.10898775631751552
0.10831276110903576
0.10858276313250895
0.10713068134383563
0.10772122677174881
0.10768193965694894
0.1079263459859932
0.10816906885489198
0.10816906885489198
0.10816906885489198
0.10926233490371641
0.10954670265464388
0.10954670265464388
0.11068890333795328
0.11055110652641963
0.11025923417461013
0.11014851638010092
0.11014851638010092
0.10979266451976588
0.11063653510403029
0.11065324047128638
0.11065324047128638
0.11115698387066451
0.11141739576001354
0.11141739576001354
0.11141739576001354
0.11115088121752406
0.11106565912559142
0.11142766887561037
0.11194326122338433
0.1137829058426479
0.11428736973536531
0.11394675205390752
0.11227760700775405
0.11257653372957352
0.11282762843435759
0.11170582782308097
0.11030467522176185
0.1093840576360675
0.1093840576360675
0.10855051900133864
0.10845914832719407
0.10760571648645247
0.10767898529187811
0.1066744603457604
0.1066744603457604
0.10655523931365758
0.10608921063676016
0.10608921063676016
0.10608921063676016
0.10550864641476165
0.10648176501622582
0.10648176501622582
0.10661784357086701
0.10740564971822153
0.10773178618632427
0.108741979549687
0.108741979549687
0.10870065757684345
0.10908172212530373
0.10908172212530373
0.10911921208326554
0.10966863152140513
0.10956467327326881
0.10900869417512914
0.10936562387161025
0.10966796602128681
0.10901993078697632
0.10928604727085826
0.1091579447339711
0.10896699849775036
0.10884231465179636
0.10816068905924628
0.10816068905924628
0.10835444524540011
0.10882110373965254
0.10955988401706751
0.10955988401706751
0.1101943276128535
0.11049500713139426
0.11078478014721459
0.10986974330143638
0.10986974330143638
0.10975618883569516
0.10929207575335535
0.10966496828756485
0.11119217240320113
0.11103519218300832
0.11238454522013044
0.1114120725962467
0.11113852413794824
0.11193971137875262
0.11143206259321366
0.11215545934256889
0.11212909184187798
0.1127657750663303
0.1127657750663303
0.11265614754474414
0.11290424506566082
0.11197778898894406
0.11133009597414958
0.11081208175806344
0.11155959509216676
0.11155959509216676
0.11253938072470285
0.11232328095537615
0.11232328095537615
0.11257305970781724
0.11228349233737996
0.11228349233737996
0.11232091830567206
0.11296777236779879
0.1130993403229234
0.1133945556910676
0.1147281948717355
0.1147281948717355
0.11438404779170781
0.11368987855174617
0.11369010602043188
0.11455908105984114
0.11422668169893915
0.11382024065689493
0.11359726236265986
0.11359726236265986
0.11344536633787537
0.11320120729351466
0.11303007326325636
0.11267300771828119
0.11257325116841581
0.11349418357907763
0.11233925984017454
0.11233925984017454
0.11283059618604775
0.112756645238472
0.11305300281043605
0.11305300281043605
0.11351445360667817
0.11384035797583585
0.11358881721046704
0.11290792452816553
0.11227193058606012
0.11331859840984569
0.11422296262030042
0.11392121277301162
0.11407361013721105
0.11547984312148116
0.1147928072739357
0.1147928072739357
0.1147928072739357
0.1147928072739357
0.1147928072739357
0.1139580602883576
0.11359708420150796
0.11350254107088305
0.11312578142391176
0.11293223104049586
0.11244621149107517
0.11386331354503422
0.11303194921376454
0.11328121823391599
0.11401455038014223
0.11401455038014223
0.11313770879144364
0.11214484058766556
0.11137230857281456
0.11021445914339398
0.11088815773800326
0.11138008080803406
0.11123709659179168
0.11114241817065992
0.11114241817065992
0.11125682338289873
0.11158457721362217
0.11158457721362217
0.11158457721362217
0.11185953303011423
0.11185953303011423
0.11137991510080202
0.11137991510080202
0.11188922934695583
0.11214080943733597
0.11363651092820799
0.11351952739219869
0.11376234012423779
0.11376234012423779
0.11311215579951697
0.11254040197506936
0.11254040197506936
0.11193580512375849
0.1119605042787804
0.110547541722806
0.11056212158244065
0.11056212158244065
0.11188487931367765
0.11193443492395164
0.1123148111689474
0.11069111390118878
0.11118306754260754
0.11118306754260754
0.11058538988974943
0.11176612875661937
0.11216031478319842
0.11216031478319842
0.11194138692458132
0.11136653627122252
0.11136653627122252
0.11119419662017083
0.11119419662017083
0.11106806921326003
0.11122893161385138
0.11243765460145631
0.11224991364164641
0.11285640078952848
0.11315932153205659
0.11290469940635195
0.11280630215504096
0.1126288006512888
0.11323974111985573
0.11193929029996455
0.11193929029996455
0.11216402146261731
0.11284724199841485
0.1127638954666641
0.11262839452870903
0.11360582038979926
0.11285594296906125
0.11397928435733715
0.11297294511137389
0.11318616794085255
0.11245616677083634
0.11141322284486624
0.11163583394119155
0.11163583394119155
0.11163583394119155
0.1118582203943577
0.11136677678752566
0.11094834347383431
0.1109576471065263
0.11123897150704291
0.11060756204344262
0.11194183420805073
0.11136083387238747
0.10969223907967811
0.10884668662462817
0.10884668662462817
0.10792741143130595
0.10616863577176114
0.10614787419565933
0.10756735186388562
0.10678741990995835
0.10667612786609616
0.10667612786609616
0.10596288822084694
0.10712108038976104
0.10775983281672616
0.10718359568703302
0.10659453459058978
0.10636759951895701
0.10720590411739528
0.10694702624143353
0.10694702624143353
0.10699334203615257
0.1088616891941196
0.10860051777228928
0.10838113199088246
0.11033447047932769
0.10986501246857744
0.10986501246857744
0.11063515853755956
0.11063515853755956
0.10946285873357046
0.11110662731563306
0.11162313333685496
0.11215787373248369
0.11289207584095196
0.11228813034603546
0.11246475923937133
0.11319696723001692
0.11370220113132724
0.11370220113132724
0.11277405536143367
0.112998561428164
0.112998561428164
0.11298964736601291
0.11250846267224418
0.11275930222406447
0.11346906376610892
0.11346906376610892
0.11340288292148301
0.11342933496800088
0.11301223687024803
0.11235452940520303
0.11235452940520303
0.11201414122990568
0.11240219137646885
0.1114058333823818
0.11149744387920589
0.11149744387920589
0.11149744387920589
0.11197770078370756
0.11195582248656678
0.11259048256113291
0.11159539637588646
0.1118518014386343
0.1115576719381954
0.11047142606435179
0.11030514575445632
0.10986250836723073
0.1103944629869009
0.11009633387065779
0.11045368714446031
0.11045368714446031
0.11163195261892402
0.11250738260621974
0.11200583052224294
0.11304506222356603
0.11304933115256284
0.11276912746997143
0.11276912746997143
0.11276912746997143
0.11248848332633224
0.1123625302903516
0.11139057526353517
0.11183513876269034
0.11267937590300077
0.11321126232202267
0.11367343013832483
0.1129969539030666
0.11372056902519717
0.11372056902519717
0.11372056902519717
0.11372056902519717
0.11269154146646924
0.11295707311259358
0.11416963702717517
0.11416963702717517
0.113548469592611
0.1126015684672361
0.11216245198893571
0.11150462888636932
0.1113617207377551
0.11123366592786371
0.11103329891952206
0.11220928651534078
0.11184464258669875
0.11236150499114081
0.11330694976742543
0.11350091741799316
0.11178740695418446
0.11178740695418446
0.112336965451884
0.11241408268550723
0.11254787016550963
0.11250196552804782
0.11132462312433532
0.11116255306700906
0.11238105885576566
0.11228554976195287
0.11304172583745618
0.11346073539001521
0.11209668573128222
0.1117269136328788
0.11131806763399905
0.11116552778379855
0.11116552778379855
0.11116552778379855
0.11098733381353489
0.11119841230480902
0.11152354349074557
0.11119905825100163
0.1115707974140691
0.11132593199550941
0.11081615925111245
0.11043377172468871
0.11105125804928927
0.11001260517696229
0.11061533395769042
0.11093010796908631
0.11067146394282291
0.10997397913401538
0.11052188252769808
0.10974925511451804
0.10870344036950516
0.10870344036950516
0.10870344036950516
0.10981805181121482
0.10966579327664325
0.10967823072211068
0.10967823072211068
0.10967823072211068
0.10888124454345349
0.10951038191958305
0.10974579197031754
0.10974579197031754
0.11025427285147697
0.11009942445151692
0.1099003171471884
0.1097776130927712
0.10829391925746394
0.10821878628461122
0.10810431465881006
0.10858318297940549
0.10844080560036573
0.10866806670714745
0.10919308538727678
0.10919308538727678
0.10907810348024251
0.10926167841604362
0.10906681889910669
0.10859929962796376
0.10945107756802598
0.10954197860270674
0.10904051458268377
0.1094494984360061
0.10961769670844078
0.11000999912877912
0.11000999912877912
0.110715036230066
0.110715036230066
0.10999689130710631
0.11047587846926682
0.11109438604914836
0.11109438604914836
0.11010194520490453
0.11067915266858483
0.11067915266858483
0.11128706092082444
0.11191961584441
0.11191961584441
0.11191961584441
0.11207510022098265
0.1129484115750153
0.11300004750808193
0.11288215275954465
0.11294050648210778
0.11294050648210778
0.11216061859935685
0.11254347368518246
0.11178598028701772
0.11260435874836358
0.11173566611745527
0.11170405926747078
0.11112203700058065
0.11112203700058065
0.11140498146966224
0.11107449954823032
0.11193393825291276
0.11252757096644811
0.11321473894002229
0.11185503074824399
0.11270786603902415
0.11151582285752969
0.1116824632841056
0.1116824632841056
0.1116824632841056
0.1116824632841056
0.11187327835730476
0.11135796748356235
0.11135796748356235
0.11114552144180923
0.11183192880753448
0.11201603905442295
0.11164302594790142
0.11223156579635525
0.11251460044886068
0.1125898551230264
0.11297292121562391
0.1127346749553474
0.11301719257067375
0.11294892938758555
0.11283136751216379
0.11307578022390835
0.11363264095543166
0.11407857329145674
0.11306400388248898
0.11157634255651341
0.11192180064800361
0.11300455855195311
0.1127369120711347
0.11217805511233382
0.11142549566599111
0.11120300715892245
0.11092449170644478
0.11092449170644478
0.10962170431531551
0.10962170431531551
0.1106848571024972
0.1106848571024972
0.11160960618346703
0.1113527601677164
0.11007336675664285
0.11013641877336611
0.10999379288648135
0.1103542178949825
0.1104296704088066
0.10876931775323163
0.10961651846097867
0.1093796517751673
0.10891120152045461
0.10955264392692728
0.10943390983123386
0.11017253916425626
0.11073221504127831
0.11048791577360234
0.11058617951395447
0.1108947291295135
0.11034881774421401
0.11034881774421401
0.11043544429779899
0.11117925220174663
0.11052155675029258
0.11052155675029258
0.1113096748705251
0.11186102070816505
0.1112239711261081
0.1100184506623479
0.1100078703645719
0.11108951998169211
0.1117564720211535
0.11194045849357855
0.11225719615741972
0.11225719615741972
0.11204397470091124
0.11293638322178069
0.1131795912587402
0.11368294848226583
0.11411291364642448
0.11411291364642448
0.11247374817465153
0.11247374817465153
0.11141598885131627
0.11148553964445798
0.11110075319684648
0.11028841772667483
0.11028841772667483
0.11148005230189172
0.11147878357233441
0.11121953212183139
0.1104268229429808
0.10985861728258271
0.10985861728258271
0.10985861728258271
0.10950636450315977
0.10950636450315977
0.10749897932521094
0.10749897932521094
0.10749897932521094
0.10742543201791284
0.10731636259957306
0.10779598887747166
0.1061396222203561
0.10616882528430015
0.10681368098175295
0.10681368098175295
0.10709179471926382
0.10759932114834346
0.10759932114834346
0.10745317012647362
0.10745317012647362
0.10769528984264547
0.1084618759755008
0.10849141508273356
0.10736140206451435
0.10580143934069619
0.10537038640928227
0.10537038640928227
0.10605231181020071
0.10693497951538233
0.10693497951538233
0.10740211612232864
0.10600120690024349
0.10579568834099136
0.10599167682382334
0.10681172115160784
0.10651910352421282
0.1064225771044225
0.1064225771044225
0.10597807955947547
0.10669183067352955
0.10715701962583794
0.10702217657798103
0.10749298939850556
0.10652108349965422
0.10652108349965422
0.10652108349965422
0.10581664821660323
0.10581664821660323
0.1060904081343513
0.1060904081343513
0.1060904081343513
0.10610595893443107
0.10621572137661564
0.10496955730278199
0.10496955730278199
0.1057613939900035
0.10493135240312056
0.10493135240312056
0.10498756020062415
0.10408034483136046
0.10408034483136046
0.10519937333620376
0.10519937333620376
0.10519937333620376
0.10573997469097174
0.10573997469097174
0.10480303193312222
0.10445556139301145
0.10470169723754587
0.10470169723754587
0.10460647326701662
0.10460647326701662
0.10458584987007478
0.10491566636235496
0.10469951800880874
0.10428627770248584
0.10419316363938051
0.1045973380019738
0.1045784533989569
0.10478464935691718
0.10511720700109511
0.1048248900479267
0.10446694195533374
0.10476594508416305
0.10470083494208877
0.10505016380794702
0.10661705826493563
0.10750345300307426
0.10680635492286164
0.10680635492286164
0.10702123828291231
0.10864706049716476
0.10864706049716476
0.10864706049716476
0.10864706049716476
0.10820431010393611
0.1083700043582427
0.10887314371764092
0.1082540646783599
0.1082540646783599
0.1082540646783599
0.10807609639838726
0.10807609639838726
0.10741113279882648
0.10797702271750632
0.10797702271750632
0.10797702271750632
0.10776167967995481
0.10715920673827907
0.10694019541959754
0.10827682071406486
0.10781154319073431
0.10737733446341542
0.1068930113187973
0.1068930113187973
0.10633888945200579
0.1058497327859262
0.10664615404062636
0.10743100424920458
0.10760444929091599
0.10747254834282499
0.10747254834282499
0.10747254834282499
0.10671529241166754
0.10736189897596912
0.1068815779187863
0.10715521199855421
0.10703864461650103
0.10625490564393827
0.10664016076614331
0.10664016076614331
0.106307453299718
0.10685708715259933
0.10803595064699273
0.10817037301238518
0.10896055579060059
0.1085736305683423
0.10902043856920254
0.10941238462176575
0.10941238462176575
0.10968024711301738
0.11007857579788836
0.11007857579788836
0.10918730530220337
0.10918730530220337
0.10884042588695442
0.10802479942738649
0.10986742451380853
0.10986742451380853
0.10986742451380853
0.11045365089243923
0.11045365089243923
0.11089959134592065
0.11140829550799629
0.11106109366335938
0.11106109366335938
0.11056770716865914
0.11041803446066714
0.10894939878356212
0.10894939878356212
0.10894939878356212
0.10894939878356212
0.11005959645520587
0.11005959645520587
0.1098974401431486
0.1098974401431486
0.10958069823487543
0.1098298111029096
0.10950685485662623
0.10950685485662623
0.10950685485662623
0.10988713056974297
0.10935954025575752
0.10874252984499315
0.10874252984499315
0.10977161231371489
0.1095225670612098
0.10918047246434535
0.10920137339559853
0.10920137339559853
0.10893087510168721
0.10894461440153592
0.10813815086381706
0.10883454143009197
0.10874882803373107
0.10758043280879398
0.10807881075847045
0.10820012184805357
0.1076705691347682
0.10781493485591483
0.10843885666007204
0.1081128219184575
0.10862988273628087
0.10823123046306637
0.10823123046306637
0.10880257342328813
0.10792926298458982
0.10792926298458982
0.10735565183598665
0.10800704295234674
0.10812500736555736
0.10773512201136136
0.1081716034579852
0.10970954653271797
0.10970954653271797
0.10970954653271797
0.10956187232270424
0.10891792648248495
0.10923058899766314
0.11031287362691705
0.10960206662546554
0.1100832012297672
0.11042459004893118
0.11062793148769243
0.1111684222821211
0.1111684222821211
0.11088680779098901
0.11121660027854627
0.11121660027854627
0.1105106788590705
0.1105106788590705
0.11027079582244369
0.10910951298231217
0.1095071871980657
0.10932753871349041
0.10974150215850875
0.10951980940286703
0.10916739238400558
0.10916739238400558
0.1085208817630638
0.10862879418522349
0.10862879418522349
0.10922203862343613
0.10955235791049536
0.10955235791049536
0.10990475816423448
0.10990475816423448
0.11045077270208889
0.11045077270208889
0.11116441376962533
0.11102846521636436
0.11070110465725148
0.11109817451169907
0.11109817451169907
0.10970612726240449
0.11066275410092889
0.11067256891101704
0.11119478242940278
0.1103449677745726
0.1103449677745726
0.1103449677745726
0.1103449677745726
0.1103449677745726
0.11062165254091308
0.11062165254091308
0.11032793882751527
0.10933303348436185
0.10981067536732217
0.11015669446630147
0.11015669446630147
0.10995689336432608
0.10855286725248624
0.10917458328050217
0.10917010632277055
0.11071672465617738
0.11068552244187761
0.11070386439228178
0.11056695011699533
0.11055137569093065
0.11055137569093065
0.11057550768605479
0.11128665790043539
0.11119212822464626
0.11119212822464626
0.11126548223462104
0.11042027772736147
0.10961231500802189
0.10885909716183657
0.10969771102616709
0.10969771102616709
0.10904098425292862
0.10804350804364131
0.10804350804364131
0.1085442196873187
0.1086715566088012
0.10736267139623615
0.10881674774797423
0.107961697431965
0.107961697431965
0.10827363240166865
0.10780941542410782
0.10921231790742435
0.10886251476916954
0.10908149090862576
0.10910397055178968
0.1090551159224571
0.10879772406530816
0.10875316642180871
0.10957946839576824
0.10957946839576824
0.10864102712209414
0.10763382376194228
0.10790481262180271
0.10839627551844815
0.10888546663448884
0.10937532677115364
0.10839196467285442
0.10700610449485132
0.10727089213443748
0.10723150140188162
0.10723150140188162
0.10654411406418894
0.1063678082544384
0.10700519091736622
0.10649143484067006
0.10557862012333886
0.1057712500511968
0.10560234003549668
0.10554949633229639
0.10699573854922372
0.10630325929465514
0.10653818519235124
0.10653818519235124
0.10653818519235124
0.10593090075545644
0.10720026715300773
0.10700340566332324
0.10700340566332324
0.10752081198629977
0.10752081198629977
0.10725895226004085
0.10848575303276431
0.10848575303276431
0.10882716350675346
0.10882716350675346
0.10817660490754816
0.10915996821836356
0.10967417602138232
0.1109377883092558
0.1109377883092558
0.1101609284801711
0.1101609284801711
0.1101609284801711
0.11014672367691385
0.10978010006947808
0.1089487156884379
0.10844578656134106
0.10946765993298439
0.10842451588938226
0.10842451588938226
0.10938753365351407
0.10859879261694112
0.1093566036345092
0.1093566036345092
0.10954251865927533
0.10806123321891704
0.1075073739853822
0.10796146109797307
0.10796146109797307
0.10656193591233754
0.10639536171649523
0.10725597819219816
0.10748085801769369
0.1071230049944262
0.1071230049944262
0.1071230049944262
0.10705505396029913
0.1075693174761044
0.10749731462865916
0.1070922692873655
0.10648903882877195
0.10606589714691683
0.10606589714691683
0.10599225284415051
0.10716969350166274
0.10792976177680863
0.10695962811712817
0.1080014724466254
0.10814961719135603
0.1086771425428046
0.10799685389092965
0.10808547283529318
0.10937818739031609
0.10982757797117314
0.10942797270693387
0.10851442566727679
0.10778353323627737
0.10778353323627737
0.10781133341604025
0.10792703272220086
0.10932204808271437
0.10946705691027565
0.10920736910998385
0.10920736910998385
0.10870605300971771
0.10870827993013632
0.10951989393919434
0.11012118014891173
0.11005604021225512
0.11050558942677038
0.11050558942677038
0.11077753753475875
0.11077753753475875
0.11077753753475875
0.11034940139228601
0.11034940139228601
0.11152744247703963
0.11095456077017711
0.11095456077017711
0.1127343824759773
0.1127343824759773
0.11164848259660827
0.11159249085193916
0.11159249085193916
0.11132176386777151
0.11195956391544763
0.11358668926565849
0.11292180716788358
0.11103650334008593
0.11103650334008593
0.11046738869190104
0.11026383783792622
0.11116682358003058
0.1116072323154417
0.11133004844984971
0.1114628200790304
0.11096754652330183
0.11098611189565487
0.11112116106166457
0.10909469976004722
0.10909469976004722
0.10962868661794323
0.10959546328834599
0.11084037686286645
0.11024908004222445
0.11024908004222445
0.11027765548285233
0.11100375372527561
0.1111292940422467
0.11089414527489767
0.1113694552101798
0.11167843973780736
0.11167843973780736
0.11218906578866196
0.11218906578866196
0.11183856140041026
0.11177939109691735
0.11206553368071515
0.1124891782640749
0.11228325997505831
0.11281768105703519
0.11281768105703519
0.11241362115142554
0.11241362115142554
0.11317187555774946
0.11350137596978802
0.11350137596978802
0.11315637303144337
0.1127121917646824
0.1127121917646824
0.11348748229502433
0.11332885316557131
0.11338423552086689
0.11338423552086689
0.11344887101342187
0.11343831247619152
0.11234920488480044
0.11291494777229287
0.11345775813606068
0.11344515102301479
0.11376408094677107
0.11430812740281031
0.11435173521073064
0.11439906801706802
0.11501947219721396
0.11501947219721396
0.11447229299730027
0.11372836207031634
0.11278348290514066
0.11278348290514066
0.1127389117888163
0.1132661991428006
0.11465575108973661
0.11465575108973661
0.11397432227016484
0.11304728066779089
0.11324965914227249
0.11411470321221448
0.11356631699595089
0.11356631699595089
0.11356631699595089
0.11583974440417505
0.11583974440417505
0.11583974440417505
0.11491574352212522
0.11491574352212522
0.11552848781114401
0.11531510581039126
0.11542126867098533
0.11546473413187895
0.11470239413642234
0.1141548104862014
0.11417846958635285
0.11443016592135848
0.11412451476868776
0.11412451476868776
0.11409899241373553
0.11464415692947277
0.11356619179102367
0.11432733246452623
0.1145461564398827
0.1145461564398827
0.1145461564398827
0.1145461564398827
0.11428145906443728
0.11338239406830587
0.11278366661625493
0.11238820614731329
0.11136912644114648
0.11112576895664857
0.11062553525581902
0.11063824621725164
0.11131356544903992
0.11131023214870649
0.1102207747742593
0.11007324766794435
0.11051061367886451
0.11113588459973513
0.1109705933865522
0.1109705933865522
0.1091259391988857
0.1091259391988857
0.10794864259428344
0.10788320595274734
0.10918216150552576
0.10918216150552576
0.1087692142871438
0.10911027995595107
0.10976318994704842
0.10976318994704842
0.10981947577198216
0.10889179775486048
0.10913069005831749
0.10914502032889883
0.1078417053776204
0.10669722027225284
0.10718408662083777
0.10718408662083777
0.10697567918612223
0.10802737731304561
0.10796626882720481
0.10796626882720481
0.1078087668132322
0.10786748371036665
0.10840038286917265
0.10908211339575194
0.10971547079168745
0.10891196339039748
0.10932682037228579
0.10943866755889942
0.10915528344573829
0.10915528344573829
0.10902079644483104
0.10816666335625852
0.10728822511723991
0.10771662122261402
0.10669870437834382
0.10597565267018712
0.10733621908497193
0.10733621908497193
0.10733621908497193
0.10607570946609932
0.10551812108656695
0.10530510982831986
0.10552764499171338
0.10552764499171338
0.10513211271398583
0.1045970142422432
0.1045970142422432
0.1045970142422432
0.10529255817474938
0.10524226009577946
0.10524226009577946
0.10496209600776218
0.10436458114829196
0.1046815648248657
0.1046815648248657
0.10417754085626997
0.10417754085626997
0.10474347409726288
0.10484334121947696
0.10446936212732737
0.10295598759223894
0.10300395060231471
0.10300395060231471
0.10441901605904819
0.10365076101778445
0.10436035312359596
0.10509142544252466
0.1056309089215561
0.10498837989145203
0.10526392323093388
0.10459462693074942
0.10549235831005936
0.1048230096901652
0.10413048215626997
0.10424490700807303
0.10424490700807303
0.10397846701748592
0.10429783379654156
0.1052950073799865
0.10443728657143578
0.10472411005785068
0.10478566079228857
0.10486664696556823
0.10436000384794439
0.10451069902721256
0.10638664847744346
0.10656841783259144
0.10721091845212323
0.10720246350798873
0.10632983659726705
0.10673745772817354
0.10666656860565789
0.10719826635154468
0.10696062582556311
0.10696062582556311
0.10779995048345006
0.1066236246678077
0.10680604006866361
0.1065563236120804
0.10773028093080386
0.10777967458490306
