0.1438749433271279
0.1438749433271279
0.1438749433271279
0.1438749433271279
0.1438749433271279
0.1438749433271279
0.1438749433271279
0.1438749433271279
0.1438749433271279
0.1438749433271279
0.1438749433271279
0.1438749433271279
0.1438749433271279
0.1438749433271279
0.1438749433271279
0.1438749433271279
0.1438749433271279
0.1438749433271279
0.1438749433271279
0.1438749433271279
0.1438749433271279
0.1438749433271279
0.1438749433271279
0.1438749433271279
0.1438749433271279
0.1438749433271279
0.1438749433271279
0.1438749433271279
0.1438749433271279
0.1438749433271279
0.1438749433271279
0.1438749433271279
0.1438749433271279
0.1438749433271279
0.1438749433271279
0.1438749433271279
0.1438749433271279
0.1438749433271279
0.1438749433271279
0.1438749433271279
0.1438749433271279
0.1438749433271279
0.1438749433271279
0.1438749433271279
0.1438749433271279
0.1438749433271279
0.1438749433271279
0.1438749433271279
0.1438749433271279
0.1438749433271279
0.1438749433271279
0.1438749433271279
0.1438749433271279
0.1438749433271279
0.1438749433271279
0.1438749433271279
0.1438749433271279
0.1438749433271279
0.1438749433271279
0.1438749433271279
0.1438749433271279
0.1438749433271279
0.1438749433271279
0.1438749433271279
0.1438749433271279
0.1438749433271279
0.1438749433271279
0.1438749433271279
0.1438749433271279
0.1438749433271279
0.1438749433271279
0.1438749433271279
0.1438749433271279
0.1438749433271279
0.1438749433271279
0.1438749433271279
0.1438749433271279
0.1438749433271279
0.1438749433271279
0.1438749433271279
0.1438749433271279
0.1438749433271279
0.1438749433271279
0.1438749433271279
0.1438749433271279
0.1438749433271279
0.1438749433271279
0.1438749433271279
0.1438749433271279
0.1438749433271279
0.1438749433271279
0.1438749433271279
0.1438749433271279
0.1438749433271279
0.1438749433271279
0.1438749433271279
0.1438749433271279
0.1438749433271279
0.1438749433271279
0.1438749433271279
0.14308478767590402
0.14308478767590402
0.14308478767590402
0.14231803854727695
0.14231803854727695
0.14195409532369327
0.14146894412085914
0.14146894412085914
0.14146894412085914
0.14146894412085914
0.1411848254437261
0.1411848254437261
0.1411848254437261
0.1407738212587555
0.1407738212587555
0.1407738212587555
0.1407738212587555
0.1407738212587555
0.1406584702445567
0.13958378398480029
0.13922058552501707
0.13922058552501707
0.13927014769535118
0.13908211455448696
0.13849952170834262
0.13842663127488003
0.13842663127488003
0.13842663127488003
0.13842663127488003
0.13842663127488003
0.13637355444493263
0.1347953955562765
0.13411516594116224
0.13380049678424788
0.13380049678424788
0.13380049678424788
0.13328693519130022
0.13185763699280104
0.13176858100215208
0.13165331412686126
0.13165331412686126
0.13165331412686126
0.1307016657059901
0.1296790665637568
0.12908426463015596
0.12969604263945902
0.12969604263945902
0.12894258331395925
0.1289145981381345
0.1289145981381345
0.1289145981381345
0.1287850365054783
0.1292351397186389
0.1292351397186389
0.12820586392672984
0.12809742693132123
0.12782139502598455
0.12782139502598455
0.1274765878854344
0.12769114717033447
0.12769114717033447
0.12788451890110886
0.12788451890110886
0.12747623473094694
0.12763429680657404
0.126531483994508
0.1253372678002103
0.12590327462131662
0.125140047380718
0.12532894070379866
0.12498655386446207
0.12300905003821642
0.12237210047711286
0.12226505690879894
0.12318125491081403
0.12272051664487534
0.12272051664487534
0.12391073954858967
0.12391073954858967
0.12391073954858967
0.12474853373152021
0.12474853373152021
0.12490470311478219
0.12490470311478219
0.12425312683986799
0.12310312825635306
0.12351028298841592
0.12351028298841592
0.12367531224020133
0.12403315801690236
0.12434927214616219
0.12428074381927916
0.12428074381927916
0.12428074381927916
0.12322287053247258
0.12322287053247258
0.12256376780619109
0.12174164787559992
0.12155708790900153
0.12230120224065102
0.12230120224065102
0.12245182323873102
0.12245182323873102
0.12206042791120589
0.1217512425996048
0.1205726305968489
0.12095679411851956
0.12112505242344505
0.12028806836396776
0.12028806836396776
0.12028806836396776
0.12039041316507657
0.1199933717092318
0.11998553284062541
0.1198968966365699
0.1192104294517995
0.1192104294517995
0.11835313440970628
0.11695512729641169
0.11665145411116051
0.11578930735112755
0.11660652975381139
0.1154061275146967
0.11500158462007716
0.11457780247102922
0.11420052832808544
0.11374031334309723
0.11365909580322421
0.11365909580322421
0.11416599861520134
0.11416599861520134
0.11496222308724131
0.11567822754280535
0.11585977087933852
0.11683866160676416
0.11614986022736193
0.11517701109136383
0.11401637021241261
0.11410417734215166
0.1138958939389289
0.1138958939389289
0.1142920932202542
0.11382428460973429
0.113146875901501
0.11281269813166317
0.1133806633467928
0.11244475115674744
0.1121682497795204
0.11280019536236248
0.11280019536236248
0.11280019536236248
0.1126920102353013
0.1126920102353013
0.1125155397528474
0.11239397958815336
0.11239397958815336
0.11239397958815336
0.11274116613520192
0.1123414094863181
0.11113664882715418
0.11023218249256712
0.11206051564784447
0.11217638431968466
0.11219620551402683
0.11290255195442346
0.11418162707940026
0.11374574175917666
0.11360407308988445
0.1146111643256952
0.1139752872840886
0.11371818052407759
0.11310434361170803
0.11274902723979642
0.11175891718528087
0.1113225399360209
0.11086292756047923
0.10990842239087485
0.10990842239087485
0.10990842239087485
0.10886626281153516
0.10886626281153516
0.10886626281153516
0.10976039425169885
0.10881191745111715
0.10860513793623398
0.10833482102602592
0.10856103472774838
0.10808255900086346
0.1080231518520398
0.10854061673445121
0.108735404091752
0.1080997247357964
0.1084619145831702
0.1083869412209473
0.1083869412209473
0.1088918893330357
0.10944894530106661
0.10944894530106661
0.109245370533099
0.109245370533099
0.109245370533099
0.1095118906259817
0.10920105981862697
0.10920105981862697
0.10944185985987862
0.10768285147992912
0.10790306120819636
0.10769097207283782
0.10892432933487868
0.10851323194810857
0.10974802400478195
0.11026908936046029
0.11026908936046029
0.11026908936046029
0.10997520766186833
0.11016640644107041
0.11025272131502348
0.1098672800415883
0.10943720877913674
0.10989550708091683
0.10967053405869327
0.11029069806141101
0.11033718222613821
0.10988061660095004
0.10974817976720316
0.1098136994583651
0.1098136994583651
0.1114506509642611
0.11070382831197478
0.11041948597687612
0.10920137393745778
0.10947947013644987
0.10974105524427623
0.10963786159910509
0.10890147678800471
0.10868200112443623
0.10954055685897027
0.10919990571088681
0.1103225617692486
0.10932085403358584
0.10961798706712568
0.10899359919722762
0.10885945009589695
0.10942200468149282
0.11038024903385471
0.11002941673174797
0.10962017657226708
0.10996221935400792
0.11013193223019425
0.11026603635656344
0.11112516493865005
0.11232886132020353
0.11171767586457527
0.11171767586457527
0.11171767586457527
0.11326837896675462
0.11251005127550498
0.11192442363573372
0.11192442363573372
0.11058261235216654
0.11058261235216654
0.1106344100737943
0.11003630955546102
0.11017449287483856
0.11109119293131997
0.11141321412733741
0.11200080378528904
0.11190672816850629
0.11094758884178463
0.11169935128031162
0.1096661930013719
0.10893889630320888
0.10905758680756399
0.10895824254150711
0.10888137831105439
0.1073358752279557
0.1073358752279557
0.10764760340627036
0.10762284386153206
0.10757010646280961
0.10751093023959805
0.10651774993820139
0.10440027776705381
0.10480414824379566
0.10449264376088284
0.10449264376088284
0.10449264376088284
0.10455297179041907
0.10494300282080407
0.10494300282080407
0.10494300282080407
0.10489817362675757
0.10568257525783964
0.10673089052776491
0.10580325528710541
0.10514876298263859
0.1050749950234562
0.1050749950234562
0.10567111823839472
0.10517818994029632
0.10522122190448897
0.1045673040064994
0.1045673040064994
0.10506893072930104
0.10572418929317821
0.10630624355250255
0.10694254796682007
0.10730997140847472
0.10699463001240013
0.10716432524233756
0.10836565963600374
0.10809764096721135
0.10809764096721135
0.10846482456926075
0.10862658918372037
0.10755972384436642
0.10744870171961686
0.10744870171961686
0.1073271047314149
0.10681505398542013
0.10681505398542013
0.10850540142804353
0.1079771447801155
0.10817496544142889
0.10782221621593627
0.10688927184403059
0.10668698466338623
0.1063407931696884
0.1063407931696884
0.10591619578023184
0.10619105895511613
0.10490356298417083
0.10410825932246999
0.10410825932246999
0.10424686009651071
0.10424686009651071
0.10424686009651071
0.10537440953187718
0.1052443701077366
0.10540437022126954
0.10540437022126954
0.10485278527112078
0.10380258963638107
0.10301833837160755
0.1025740547184913
0.1029303345866864
0.10281783554584206
0.10240657559152368
0.10240657559152368
0.10240657559152368
0.10240657559152368
0.10265312070125611
0.10320289378152876
0.10426386641154523
0.10484386401920698
0.10450168715555269
0.10406367610694559
0.10433457908069237
0.1036031116954203
0.10356677583603341
0.10356677583603341
0.10300098102356388
0.10271598406674246
0.1027871174396872
0.1027871174396872
0.10319424931315725
0.10244789031806989
0.10244789031806989
0.10270161670140555
0.10283242704846
0.1024905154877689
0.1024905154877689
0.10268372480880042
0.10380083720736277
0.10465335307774606
0.10505030238011295
0.10535065290226467
0.10566271911524461
0.10566271911524461
0.10437877614633156
0.10526640868433519
0.106105751883491
0.1069692828535853
0.10504271685017795
0.10409511427397933
0.10562707338817927
0.10609381706513504
0.1049896340072402
0.10522815758219907
0.10515512674403692
0.10493355992452656
0.10488407024170034
0.10419611471087185
0.10454822832706322
0.10414085285924578
0.10289572126648404
0.10241579526548465
0.10241579526548465
0.10238865502365177
0.10329283680334134
0.1031316830265705
0.1031316830265705
0.10313226393650271
0.10461266889940896
0.10493185073660616
0.10470151387807605
0.10531791970158416
0.10629255855160237
0.10636087810067114
0.10766678737872085
0.10766678737872085
0.10760617074830112
0.10722823508910481
0.10621770992538299
0.10517204033537976
0.10526223043096578
0.10553261610066306
0.10553261610066306
0.10551450120534407
0.10521257444011502
0.10520866633867693
0.1067129161655435
0.10657070368214067
0.10556929203652787
0.10524638928298324
0.10541908635292342
0.10625526902909437
0.10625526902909437
0.10595853699004089
0.10595853699004089
0.1064094197302168
0.10631985944298693
0.10536836740724548
0.10536836740724548
0.10517028809033548
0.10463893017377945
0.1050735317747104
0.1050735317747104
0.10579140545566229
0.10589976550081498
0.10662257712170571
0.10662257712170571
0.10790395853840144
0.10817816583437317
0.10813456427320464
0.10795572191306615
0.10847778512800033
0.10847778512800033
0.10847778512800033
0.10847778512800033
0.10834241265700152
0.1071838780761094
0.10786022870007472
0.10730779230665695
0.10681725996076492
0.10724799515541905
0.10726231049567478
0.10679814568462083
0.10612576311367457
0.10612576311367457
0.10525098414503814
0.1047907946976296
0.1047907946976296
0.10588573060704212
0.10644857860927019
0.10644857860927019
0.10455946412183209
0.10455946412183209
0.10558385341528323
0.10598644853472414
0.10560073458356194
0.10290036107025836
0.10290036107025836
0.10290036107025836
0.10267263734116376
0.10267263734116376
0.10233288007658928
0.10359144839159785
0.10412060708676404
0.10412060708676404
0.10412060708676404
0.10203799313174328
0.10255556837888315
0.1016649982731439
0.10215009080423773
0.1024727105869366
0.10287647539813509
0.10309182343853235
0.10406142855780469
0.10360865600622957
0.10408222107102853
0.10463615495580729
0.10500803666769803
0.10500803666769803
0.10441347301344256
0.10505708970768982
0.1050035097837319
0.1044091280674155
0.10438947338512211
0.10394273155033751
0.10394273155033751
0.10383571957115904
0.10280986085219451
0.10258130991597317
0.10296205814452272
0.10356356736018645
0.10434657363710975
0.10434657363710975
0.10539001259782903
0.10596508295766363
0.10596508295766363
0.10633589013720264
0.1067511535369183
0.10628413090478557
0.10619948575146372
0.10574116756269131
0.10550441156770597
0.10544057795693235
0.1054636827628533
0.10440055694147195
0.10412409269053538
0.10489845190954951
0.1042464544029926
0.1044016361844591
0.10403908774122478
0.103546007918047
0.10279963553612818
0.10279963553612818
0.10293289719843668
0.1039299380506525
0.10502769832120473
0.10553549423431643
0.10642526655001158
0.10604531669204952
0.10615845046391077
0.10560353555000629
0.1061980981783832
0.1061980981783832
0.10658385300440919
0.10658385300440919
0.10771755817277767
0.10871797377707514
0.10841092517825308
0.10810580313852272
0.10805177595705474
0.10849548301850928
0.10866645829218836
0.10856718034089952
0.10916338692067463
0.10990772071303789
0.10937512580772132
0.10932316456876026
0.10696695941243355
0.10696695941243355
0.10681732835054325
0.10642884906752699
0.10642884906752699
0.10672083596460466
0.10780871680634681
0.10832270420955645
0.10869829669596172
0.10868889059994477
0.10851736301122245
0.10851736301122245
0.1086120874575604
0.10976210347385716
0.11003000923847396
0.10879935605354665
0.10992768682256668
0.10936701875542496
0.10936701875542496
0.10843451094196271
0.10869705564616387
0.10799530413283259
0.10799530413283259
0.10799530413283259
0.1074910046601769
0.1074910046601769
0.1074910046601769
0.1074910046601769
0.10685927764689211
0.10773039178175561
0.10764546083435839
0.10840694136650732
0.10902653357510929
0.10902653357510929
0.10902653357510929
0.10902653357510929
0.10934014406505767
0.10934014406505767
0.10891469158076475
0.10883443162474993
0.10814298469265005
0.10851712010394664
0.10851712010394664
0.10851712010394664
0.1078872583191965
0.10759917379344827
0.10793798094744644
0.10834068153116261
0.10924359485941745
0.1090231211833343
0.108132576589109
0.10796679784775125
0.10847058183752595
0.10847058183752595
0.10871372537073787
0.10839583271976652
0.1078862038751323
0.10750237746257739
0.10750237746257739
0.10821352461818158
0.10850902955875892
0.10792876623860218
0.10698661918773382
0.10829649646637311
0.10781296398550116
0.10860210801431566
0.10954804600077485
0.10949661875371117
0.10949661875371117
0.10949661875371117
0.10949661875371117
0.10968824353762872
0.10936674951498541
0.10960893136835603
0.10960893136835603
0.11082570117003258
0.10996400509997308
0.10862038097222418
0.10862038097222418
0.10832659059757199
0.10750093561945889
0.10750093561945889
0.1089411278741008
0.10974932901448053
0.10932263196777135
0.1079980161171852
0.10727311337912303
0.10740151937785453
0.1063972858409558
0.10691551184366939
0.10715966222404875
0.1068251142810333
0.1070324249237516
0.1070324249237516
0.1087246673201297
0.1087246673201297
0.1087246673201297
0.10879934790710073
0.10884145857065694
0.10884145857065694
0.10884145857065694
0.10853619051720274
0.1080451693284597
0.1080451693284597
0.10861504773572879
0.10891538056047168
0.10924278105175765
0.11031648392042442
0.10958821079857538
0.10958821079857538
0.10910944051011129
0.1097875909161052
0.11015846518865424
0.10903515177413192
0.10843893123638214
0.10824362117769201
0.10824362117769201
0.1076995820821165
0.10684490741042564
0.10684490741042564
0.10684490741042564
0.10710485881881833
0.10599133153728232
0.10599133153728232
0.10627778621650295
0.10613619238063894
0.10561874321327905
0.10552507068055256
0.10619039027656703
0.10685895225551618
0.10685895225551618
0.10625115772571012
0.1059151611131291
0.10557506050851373
0.10588118486552298
0.10544139218462435
0.10667891682677334
0.10555533743540395
0.10654210620853596
0.10675387914096021
0.10676527300088214
0.10676527300088214
0.10783696081507912
0.10787503723782133
0.10787503723782133
0.10787503723782133
0.10867977241273893
0.10867977241273893
0.10769248911070176
0.10769248911070176
0.10747421810963313
0.10855279065669697
0.10855279065669697
0.10669772099086784
0.10702361471909756
0.10702361471909756
0.10770561045945057
0.1075866490700089
0.1072348089284292
0.10663697628760244
0.1066559208431406
0.10611948821029123
0.10703989912020073
0.10674596970766917
0.10756039882729695
0.10648858128499347
0.10628100659999591
0.10629511083261532
0.10717099145951188
0.10717099145951188
0.10726118393731839
0.10703718253252957
0.10809958819706494
0.10751800072409352
0.10757252027510958
0.10789430486049292
0.10741707661371876
0.10736871721661573
0.10663765302823658
0.10790106387471686
0.10790106387471686
0.10947681243012504
0.10947681243012504
0.10947681243012504
0.10932219274619735
0.10897142062495777
0.10986834973334865
0.10986834973334865
0.1099837343828695
0.10986796956711813
0.10935197367736353
0.10935197367736353
0.10930263942837942
0.1093908520024285
0.1088341044206037
0.10804728318459031
0.10818255321297857
0.1075930890108125
0.10747187238654644
0.10840894986226374
0.10909839212632932
0.10849219472023264
0.10769268439795672
0.10769268439795672
0.1088428693366561
0.10901256690604015
0.10901256690604015
0.10901256690604015
0.1077656873830754
0.10723159680935068
0.10523557014523037
0.10617734908946187
0.10617734908946187
0.10530586169721178
0.10397649162669763
0.10397649162669763
0.10435518348230792
0.10319501356993509
0.10252104042729163
0.10299515072079403
0.10368776329869217
0.10368776329869217
0.10386192874370062
0.10372534261164382
0.10355505404820582
0.10391252151112347
0.10338396171874246
0.10326383440786058
0.10304849105430842
0.10439653289988363
0.1042562899332107
0.1039739968806147
0.10495004530748145
0.10436644379548161
0.10459698422418305
0.104043711032873
0.10485051252066697
0.10434831241303072
0.10394088430534622
0.1039430828881044
0.10400391952127597
0.10461657017628134
0.1046241961307777
0.1046241961307777
0.10492512706500158
0.10492512706500158
0.10460808559600843
0.10460808559600843
0.10447639901090229
0.10525158196486295
0.10525158196486295
0.10525158196486295
0.1060737909560398
0.1060737909560398
0.10781460219324424
0.10801695605710056
0.10746273258411553
0.10800087475613686
0.10800087475613686
0.1084913463175492
0.1083356165278718
0.10767165176447478
0.10641547727720277
0.10688752760776704
0.10672333489873262
0.10653859234742288
0.10705939165570463
0.10617531456639905
0.10560711616878025
0.10627907082086713
0.10675752387841295
0.10682954838867732
0.1065847289552284
0.10669873254049435
0.10775127121722516
0.10775127121722516
0.10661892598071447
0.10760394571846597
0.10829556715861907
0.10893513140461586
0.10833827242056149
0.10840869413751987
0.10924101037088
0.1091730134352582
0.1091730134352582
0.10841408369879249
0.10915076296714195
0.10915076296714195
0.10840799261897179
0.10840799261897179
0.10828187064501679
0.1078920186025253
0.1078920186025253
0.10873530478558033
0.10873530478558033
0.10945004185910928
0.10945004185910928
0.10954473677289786
0.10879454477926834
0.10799423158632289
0.107782469426579
0.107782469426579
0.10648556373442107
0.10728482448900155
0.10728482448900155
0.1078874264796145
0.10771948994968654
0.10749591545095641
0.10793947761786735
0.10735511562684914
0.10482081070979149
0.1033045741902826
0.10299842454919451
0.10361842666372388
0.10314863668320273
0.10314863668320273
0.1027784957092982
0.1027784957092982
0.10340816464544125
0.10256067031842513
0.1026669183655155
0.10233162978439297
0.10084294960257587
0.10079668003243902
0.10043436253207207
0.10043436253207207
0.10018548074945581
0.10018548074945581
0.10051970546842874
0.0993611847195631
0.09912114483367215
0.09918898146583931
0.09918898146583931
0.09902156890217348
0.09836616182163013
0.09791518629535799
0.09791518629535799
0.09795004732842294
0.09885134813955192
0.09939102458060389
0.09875662028121299
0.09781777036844291
0.09715038296053378
0.09783922160501123
0.09689304425098846
0.09732618720041807
0.09684791532428245
0.0961501453301636
0.09687804428504458
0.09687804428504458
0.09688564284045743
0.09547535429763725
0.0946856867251906
0.09443599550241269
0.09471666691703501
0.09513352183304473
0.09632914219225618
0.09632914219225618
0.09650345591562766
0.09670494326274512
0.09670494326274512
0.09708257999050104
0.09911937307621004
0.09948750941221719
0.10037024775386308
0.10009222082502464
0.10096800373911652
0.10115773311577457
0.10239027377676015
0.10239027377676015
0.10271371953495023
0.1024461041935571
0.10323434031718275
0.10270887219529135
0.10352801536850544
0.10234638177349917
0.10201218408194242
0.1040307612829245
0.1040307612829245
0.10258775449468956
0.10364177674543093
0.10310441112359028
0.102662351281189
0.10384050472976086
0.10466341819923211
0.1054929125308731
0.10457438179515977
0.10444462312518402
0.10338411487149819
0.10262314917907561
0.10372460674594325
0.10375137629916699
0.10452019398946304
0.10521644440705988
0.10429111105975969
0.10507653503695905
0.10507653503695905
0.10537255048556055
0.10501320296435092
0.10412365707321353
0.10426381398416662
0.10436539950002857
0.10442586246019805
0.1050258754187016
0.10359765895897885
0.10433910114689769
0.10433910114689769
0.10366141047227471
0.10366180449036383
0.10366180449036383
0.10246290915317813
0.10246290915317813
0.10267233872198314
0.10267233872198314
0.10258584069297329
0.10258584069297329
0.10267464238777572
0.10276595821951198
0.10276595821951198
0.10372163214536954
0.10372163214536954
0.10355887048582987
0.1022439461266402
0.10191590042083866
0.10049897675180632
0.1008650869809294
0.10040054071069268
0.10153012149483578
0.1016027210779586
0.1016027210779586
0.10205105741818984
0.10260050507199239
0.10209453704394623
0.10205921068967663
0.10222036984962155
0.10277873056826867
0.10210803215592547
0.10210803215592547
0.10082384878301723
0.10040092155828494
0.10021404168761543
0.09991849125558455
0.09977220055530447
0.09977220055530447
0.10035390148267524
0.10075771974266337
0.09985389696915846
0.10038012375017273
0.10076821348474475
0.0999805711288318
0.10014826922060144
0.10112471528249573
0.10033084243012848
0.1013861670051789
0.10158745239687204
0.10049122845371397
0.10095203757088866
0.10106049909624863
0.10216482312005172
0.10240296276734456
0.10201525936532319
0.10197617043932813
0.1007165700206637
0.10077931607826031
0.10143678908350078
0.10143678908350078
0.10133658698389258
0.1019568192132667
0.1026343999934949
0.1026343999934949
0.10266714439672009
0.10375638049649974
0.10519588644953758
0.1059980464553874
0.1059823707288283
0.10567136235934177
0.10566173617635842
0.10566173617635842
0.10610327156519823
0.1056925417172847
0.1058812575566915
0.1053244204689358
0.10561633223823909
0.10561633223823909
0.1057188281883374
0.10475863755797751
0.104166446070303
0.10389155625259501
0.10535639118012215
0.10561249536466728
0.10370716081792818
0.10432508432949539
0.10431905032225268
0.1043833055098124
0.1047463294359599
0.10411598545660981
0.10506697684184937
0.10410267573516134
0.10410267573516134
0.10407894202691365
0.1045756771319978
0.10443640788683882
0.10515331272146386
0.10515331272146386
0.10515331272146386
0.10364791764573797
0.10382339113935872
0.10382339113935872
0.10420071942222382
0.10548850048511911
0.10602655096829315
0.10507623159203493
0.10516971344252257
0.10563817989782251
0.10521285104378753
0.10512329101033027
0.10512329101033027
0.10532830413534368
0.10532830413534368
0.10564362962862196
0.10651946368058791
0.10651946368058791
0.10622794548571321
0.10622794548571321
0.10637035648468049
0.10637035648468049
0.10727135457822458
0.10662256228076833
0.10763308594855708
0.1074516713017871
0.10728161227055043
0.10771460629840973
0.10897821360068403
0.10859166128211643
0.10841443819824184
0.10924292813423976
0.10902630977064609
0.10814828909861776
0.10675365886571375
0.10634137442961343
0.10676476950479824
0.10724484538175431
0.10667417734017023
0.10667417734017023
0.1065767107307254
0.10711219825475711
0.10694233220056935
0.10694233220056935
0.10713560366231542
0.10713560366231542
0.10687237328331099
0.1074322081631006
0.10812516233916115
0.10812516233916115
0.10755917853962262
0.1058969379806264
0.1058969379806264
0.1058969379806264
0.1058969379806264
0.1058969379806264
0.10513405679319539
0.1048651747112945
0.10486920728583449
0.10437418170657492
0.10482527282131837
0.10618945698422423
0.10573751624842605
0.10460587449463027
0.10494726984007569
0.10559224962007621
0.10519456580927472
0.1043296762945173
0.1043296762945173
0.10500007716456836
0.10512522029528747
0.1051155255946752
0.10584810501756718
0.10564419156870333
0.10566298289123907
0.10586679440171859
0.10586679440171859
0.10651043096916547
0.10634486806330634
0.107221593342066
0.107221593342066
0.10614939610710991
0.10614939610710991
0.10484428692673481
0.10475818180579408
0.10475818180579408
0.10449884577929879
0.10391533986110588
0.10369361917140946
0.10400973515137751
0.10392993202404306
0.10392993202404306
0.10392993202404306
0.10478149930059837
0.10426461080540493
0.10426461080540493
0.1032227177933862
0.10312472872646798
0.10316586176713607
0.1042705296233286
0.1042705296233286
0.10415069013514056
0.10415069013514056
0.10408953697938464
0.10408953697938464
0.10386312210701955
0.10363468127406263
0.10364541128545812
0.103878656804059
0.103878656804059
0.1036502846051962
0.10402878260000059
0.10247108215119465
0.10223296285862582
0.10226326445049326
0.10226326445049326
0.10282778288692841
0.102273369028538
0.10166722104085002
0.10168357291682263
0.10141655363860293
0.10141655363860293
0.10141655363860293
0.10085507406963522
0.10163952785522001
0.10113872449854888
0.10064402349958154
0.10064402349958154
0.10260729640629077
0.10245534543420803
0.10230380126829741
0.1005336776927233
0.0997817097225081
0.10075371991284575
0.10075371991284575
0.10088872412295283
0.10052776578542486
0.10096693830944409
0.10147855798002628
0.10184411845405089
0.10195337443155239
0.10195337443155239
0.10239957266534835
0.10319337005596155
0.1032529965413163
0.10312044747441532
0.10338565010363983
0.10396610745401219
0.10355451707801472
0.10284328935560767
0.10254967515609296
0.10262725366826289
0.10262725366826289
0.10295996333001146
0.10279409704891727
0.10321402926077881
0.10456465975106548
0.10332968814564057
0.10439324743885124
0.10388410761118594
0.1037072567609581
0.10461997142205508
0.10447920814603831
0.10438469661967814
0.10429141940807499
0.10437755480185854
0.10352123632119459
0.1045028158901321
0.104832342089994
0.10455869079754992
0.10308258694891842
0.10308258694891842
0.10308258694891842
0.10308258694891842
0.10256991128908878
0.10310797943830353
0.10310797943830353
0.10310797943830353
0.10310797943830353
0.10290927115204658
0.10340936817193525
0.10313676748907614
0.1027773084447988
0.10345169503167208
0.10271134339895799
0.10290623126087235
0.10262863941658883
0.10345109753025843
0.10242302394734547
0.10320819858880965
0.10409216930611566
0.10409216930611566
0.10419496102803896
0.10382149654887565
0.10382149654887565
0.10480256130081309
0.10563982854539529
0.10596992918575286
0.10697803830789615
0.10762143101362022
0.10843515064719816
0.10785189566771428
0.1081639404226253
0.10736857332771767
0.10727079362576211
0.10655253321343892
0.10660105719647854
0.10601607574712481
0.10714015073673201
0.10719871506744805
0.10547538499384744
0.1057944003323533
0.10443830607331221
0.10446981212993697
0.10480582066408173
0.1044482438018209
0.10410010373289269
0.10485750403933408
0.10485750403933408
0.10433689487831517
0.10433074389756732
0.10460689028458799
0.10460689028458799
0.10460689028458799
0.10584493736566251
0.10647011389186069
0.10669936083156899
0.10669936083156899
0.10579203689116837
0.10598159059035607
0.10588709381245322
0.1057453711128191
0.10469893507470884
0.10523468792769483
0.10436886563042502
0.10404549839048736
0.10446822505938037
0.10314081050513493
0.10269577889636786
0.10269577889636786
0.10328264808049227
0.10397869885267715
0.10407875596029684
0.10502924949445495
0.10549252950421772
0.1046217830985832
0.10557456058384394
0.10547218268977274
0.10528014235612486
0.105383150266369
0.105383150266369
0.10537454123293145
0.10465877011415439
0.10459917718129026
0.10463505255467348
0.10376357669419016
0.10471514009032569
0.10471514009032569
0.1053809958313184
0.10491789263375158
0.10491789263375158
0.10613183986047747
0.10522866502473802
0.10612747776422583
0.10682682123403663
0.10719683569688554
0.1074809251346498
0.1074809251346498
0.1074809251346498
0.10623546222486697
0.10695604658407279
0.10695604658407279
0.10674137390317093
0.10674137390317093
0.10743939860148714
0.10626522369582764
0.10758579618665545
0.10758860468311364
0.10770204236690951
0.10770204236690951
0.10798830084242944
0.10714821428686531
0.10699407549695802
0.1073877318591434
0.1073877318591434
0.1068678201085373
0.10837586983645406
0.10874357461327465
0.10868265251373174
0.10868265251373174
0.10936335697095559
0.1084729265250998
0.1084729265250998
0.10684366250600139
0.10726469730095164
0.10616126639144324
0.10616126639144324
0.10654227958965391
0.10601165964161094
0.10602988378317484
0.10683738160304772
0.10731040142860583
0.10774318231858426
0.10774318231858426
0.10774318231858426
0.10774318231858426
0.10757023008477698
0.10661133178515056
0.10661133178515056
0.10620698825159842
0.1061630536669418
0.10597598116259342
0.10514992623705983
0.10514992623705983
0.10523727717916374
0.1055892211908524
0.1055892211908524
0.1055892211908524
0.10575228728481922
0.10647131409469728
0.1056795621638769
0.10602194801755126
0.10636905050981617
0.10591175172486104
0.10532862640337792
0.1044794751901695
0.10509029118588421
0.10563997480444093
0.1053954941541244
0.10557165353132124
0.10628327195573274
0.10709183578658775
0.10631039593595797
0.10631039593595797
0.105591471253899
0.10596864530967719
0.10715998116324614
0.10715998116324614
0.10666917456274931
0.10750349331114649
0.1072479884747991
0.10737658578886132
0.10728640956746346
0.1076664711320606
0.10783538776293128
0.10811032102743187
0.10811032102743187
0.10819231145249004
0.1082495508004902
0.1080689581202159
0.1069910496994268
0.1069910496994268
0.10722455855259698
0.10722455855259698
0.10708016691195874
0.10629595052544726
0.1059396001974891
0.10577475245912867
0.10567703291259874
0.10566217999925652
0.10566217999925652
0.1059691047798444
0.10496409001097623
0.10496409001097623
0.10585087798691019
0.10585087798691019
0.10556032990952845
0.10556032990952845
0.10658151331191465
0.10596518987703617
0.10621913382896785
0.1069036192485505
0.10830799802491402
0.10836010058243493
0.10836010058243493
0.10801724965263854
0.10803548530902225
0.10863012369505293
0.10827079467913331
0.10827079467913331
0.10766095935829692
0.10766095935829692
0.10916795865640655
0.10936397445066269
0.1093969899854737
0.10925006641302348
0.10925006641302348
0.10925006641302348
0.10854295173425375
0.10854295173425375
0.10671019464620893
0.10693144621256333
0.10693144621256333
0.10646561473428608
0.10646561473428608
0.10750823066460015
0.1070668089481144
0.10616382252132132
0.10529113227318684
0.10490684961412615
0.10496790442121313
0.10449772169527209
0.10512935679542766
0.10439523793082071
0.10562001591468423
0.10435869679710402
0.10425102653645456
0.10425102653645456
0.10456677133696415
0.10477929622359702
0.10457961447290663
0.1033292685132346
0.1033292685132346
0.1051179591117987
0.10507631626845697
0.10448523749061944
0.10502211836977374
0.10463554437360587
0.10501205755871906
0.10576881279640044
0.10576881279640044
0.10689530972077743
0.10672870127355454
0.10550861082790054
0.10684966003994427
0.10608732644169806
0.10531232890015345
0.10592407782115039
0.10656557065237585
0.10669392777467171
0.10669392777467171
0.10669392777467171
0.10669392777467171
0.10605628896830997
0.10605628896830997
0.10507074269584135
0.10526386486396011
0.10642715339839157
0.10560034689466284
0.10463342337274335
0.10478317478647085
0.10560400432959122
0.10428004666075597
0.10427212963928349
0.10371074875811159
0.10371028281544561
0.10371028281544561
0.10371028281544561
0.10323930955228973
0.10323930955228973
0.10334921381654956
0.10206739356382612
0.10070477059033356
0.10081452609140808
0.10132540966186869
0.10122584950432414
0.10040150544172945
0.10040150544172945
0.10040150544172945
0.10040150544172945
0.09972183749501622
0.09938011149810791
0.1009451619405885
0.1013758735517635
0.10206715365370328
0.10071171513404927
0.10071171513404927
0.10008552819910975
0.09930646367016555
0.09930646367016555
0.0998755399206796
0.10178330213428807
0.10059485944123234
0.10046370471509618
0.0999659239841967
0.10032672446301824
0.10035155833027645
0.10075191024029874
0.10075191024029874
0.10054751502776436
0.10054751502776436
0.10037081433744105
0.10037081433744105
0.10085285869462168
0.1003711289510245
0.09908108112794983
0.09861215977845635
0.09861215977845635
0.09861215977845635
0.09911090111125542
0.09915153006784351
0.10080317021913746
0.09985225269771399
0.09825814717808755
0.0978243229648924
0.09960961493586427
0.09960961493586427
0.10165513668146031
0.10086251834065402
0.10075288703178907
0.10098361159913767
0.10297584066336797
0.10347230865202389
0.10325848695889839
0.10224137448186134
0.10224137448186134
0.10202008769044897
0.10272010309304282
0.10272010309304282
0.10211232337715037
0.10240729849609814
0.10240729849609814
0.10271661281235352
0.10271661281235352
0.10218433506467979
0.10251424260173134
0.10251424260173134
0.10267356883255259
0.10184460254243677
0.10184460254243677
0.10184460254243677
0.10184460254243677
0.10068267513567439
0.10050672885571174
0.10228225089490929
0.10274591844860921
0.10274591844860921
0.10245348092067014
0.1043233525147726
0.10470671030331928
0.10278902560139339
0.10265151971454202
0.10163192398287865
0.10163192398287865
0.10163192398287865
0.10141857606862992
0.10152164367284419
0.10186099406995311
0.10169271605498198
0.10226454015771633
0.10197652399262394
0.10200928571695536
0.10270409466345229
0.10335825371092933
0.10335825371092933
0.1032488372505814
0.10363613084197798
0.104652777987982
0.104652777987982
0.10522250673942007
0.10509810405528153
0.10518175795728194
0.1051410587074838
0.10469301498109454
0.1041136460185119
0.1041136460185119
0.1041136460185119
0.10324566785740154
0.10343111948784073
0.10342630130447883
0.10342630130447883
0.10266870177892609
0.10404813713824682
0.10390522591491029
0.10298807027040495
0.10269445545917394
0.1031561745949468
0.10346492744850605
0.10311503691069449
0.10311503691069449
0.10311503691069449
0.10346707989961383
0.10422754155177961
0.10450546926623173
0.10392145942965948
0.10365497457219941
0.10365497457219941
0.10433111104349055
0.10433111104349055
0.10433111104349055
0.10488583425312906
0.10533663994269238
0.10433225632245736
0.10433225632245736
0.10433225632245736
0.10528247239982197
0.10651731784875731
0.10651731784875731
0.10610151820369866
0.106381610424171
0.10499581096326037
0.10527513875596059
0.10619631103195191
0.10705872953934054
0.10819130428014787
0.10737017416275789
0.10743408753569243
0.10743408753569243
0.10798341217140317
0.10798341217140317
0.10798692300012887
0.10798692300012887
0.10844804537188721
0.10868541951884286
0.10792917215023151
0.10792917215023151
0.1070202886172797
0.10693349821442517
0.10691849663521148
0.10635297650428557
0.10622700912661903
0.1055306634609514
0.1046147782709491
0.10482409576154712
0.10588602200447275
0.10553182150875504
0.10505972994604773
0.10505972994604773
0.10505972994604773
0.10481732095802458
0.10546931331140966
0.10578865007419647
0.10588282141700057
0.10586690149119868
0.1062042465114692
0.10688808463407012
0.10725976418556807
0.10725976418556807
0.1064084671774609
0.10563882795589076
0.10680347090462922
0.10680347090462922
0.10636399117727285
0.10567578918807226
0.10721989143868554
0.10721989143868554
0.10813548946089192
0.10813548946089192
0.10579542547126364
0.10517987037652612
0.10532612046902588
0.10532612046902588
0.10643152968021784
0.10662916884048294
0.10679849359587204
0.10679849359587204
0.10660226776555304
0.10585480726471393
0.107149910625334
0.10752407153091197
0.10724498825697544
0.10724498825697544
0.10724498825697544
0.10711022446051931
0.10680085935518241
0.10746991200075853
0.10781273083758738
0.10858738468783602
0.10839934656185307
0.10695282216465826
0.10702556978122264
0.10855931462806553
0.10806838832888008
0.10806838832888008
0.10806838832888008
0.10758741841661708
0.10626113152942915
0.10601334707759608
0.10601319683439123
0.10672929543132378
0.10632189221245292
0.10632189221245292
0.10597458905819825
0.10597458905819825
0.10597458905819825
0.1050331059660555
0.1050331059660555
0.10474417320321795
0.10554358882666055
0.10592784281070096
0.10542543123049736
0.10443063947097259
0.10260847793630218
0.10297730936035106
0.10297730936035106
0.10371939195769891
0.10419396284098865
0.10419396284098865
0.1039781240489351
0.10365137436349688
0.10365137436349688
0.10365137436349688
0.10467080233389989
0.10527083341473206
0.10387558576348652
0.10529923939072519
0.10494724983607219
0.10523781038021614
0.10471562557132384
0.10382771546857748
0.1041030433567117
0.10424425306631534
0.10488090640256711
0.10457255356131787
0.10446881842298526
0.10446881842298526
0.10446881842298526
0.10329411831081466
0.10382431873683437
0.10490448318527405
0.10454646410490426
0.10560047399134077
0.10560047399134077
0.10491473945913435
0.10509837557722516
0.10452761377582964
0.10180174398495073
0.10135862786730851
0.10285986207891261
0.10299140525063324
0.10268113791792012
0.10235262554176772
0.1021203548508625
0.10261414956158117
0.10225231611895913
0.10235647551483022
0.10234734766158307
0.10234734766158307
0.10179336662951367
0.10189119636733514
0.10146204482058262
0.10113215360528231
0.1021918619504707
0.10151001194944446
0.10098753715859937
0.1017250593008877
0.1017250593008877
0.10190406084115221
0.10059585737696462
0.10146080548621737
0.1013612057205311
0.10043354529415541
0.10021944030322356
0.10010941471309437
0.10137868722491422
0.10052034844723179
0.10152116451385931
0.10236565054442558
0.10240177834339297
0.1028795490279551
0.10202034054708163
0.10189202598552688
0.10189202598552688
0.10336417936081535
0.10261150381469698
0.10233930367711576
0.10298390372487375
0.10258126860661472
0.10266664969748342
0.10297475869010808
0.10297475869010808
0.10297475869010808
0.10312082883142844
0.10388982095222879
0.10335767143740152
0.10242307988836981
0.1026782205344337
0.1026782205344337
0.10309718771712713
0.10306699726258754
0.10374531989841211
0.1032038297379404
0.10316672007150156
0.10364860711847661
0.10342640016110963
0.10360363752566527
0.10458944916049427
0.10499398678950869
0.10499398678950869
0.10502141524997557
0.10509783479661879
0.10441594147148874
0.10370167885566865
0.10370167885566865
0.10460375105315703
0.10460375105315703
0.10440832817268114
0.10405034857817574
0.1037443762519555
0.10277054727910566
0.1031483145944936
0.10434445875064718
0.10370667919912402
0.10299267913721022
0.10291355512606806
0.10407769217563956
0.10510847916667791
0.10460379774371498
0.10460379774371498
0.10464623505881238
0.10380070189307668
0.10380070189307668
0.10380070189307668
0.10380070189307668
0.10380070189307668
0.104103126805338
0.104103126805338
0.104103126805338
0.10439213010641918
0.10437472719747136
0.10475592817702739
0.10458219062997276
0.10458219062997276
0.10533812109151275
0.10493615766902444
0.10484084789312931
0.1042293404045558
0.10521430608819964
0.10477381925215086
0.10479438713753338
0.105430898930224
0.105430898930224
0.10523506607223987
0.10519000138183388
0.10522213325679501
0.1057295023796843
0.10504023054700982
0.1040716403875323
0.10324006214597357
0.10324006214597357
0.10230184154206727
0.10385237750788265
0.10284879294921928
0.10330150643661974
0.10330150643661974
0.10286096985960862
0.10339561509293768
0.10339561509293768
0.10213073096004564
0.1029590240196299
0.10273843562909617
0.10213219488217214
0.10175711790246743
0.10175711790246743
0.1027069908943517
0.10173352265328404
0.10173352265328404
0.10071035059384145
0.10071035059384145
0.10233859924916712
0.10217841927214318
0.10217055168446354
0.10176217031567403
0.10110912593960532
0.10130916760312615
0.10130916760312615
0.10130916760312615
0.10129361534645155
0.10140001067434613
0.10134837273108982
0.10152760830420662
0.1015982519586869
0.10251275734766127
0.10251275734766127
0.1024169645121992
0.10236202992600192
0.1038308304069038
0.10367147705107535
0.10458821946661506
0.10569670827064731
0.1041391111287527
0.10307997055390353
0.1014677548138246
0.10151287907222621
0.10116888886080516
0.10116888886080516
0.10116888886080516
0.10142556513045568
0.1016656722959572
0.10217602093253629
0.10216503297912304
0.10216503297912304
0.10211896576755028
0.10108928415497304
0.10080402353455362
0.10059105368705634
0.10059105368705634
0.10059105368705634
0.10063236568471717
0.10089786973893367
0.10089786973893367
0.10067829517708347
0.10067829517708347
0.10067829517708347
0.10189932011240314
0.10195348275670217
0.1023319845465155
0.1023319845465155
0.10222832468692382
0.10244634890760801
0.10181398972011083
0.10125882156908997
0.10111221657679333
0.10108293942124258
0.10156309256441488
0.10064653462829264
0.09935281535489814
0.10017283157005924
0.10017283157005924
0.10024769723525058
0.10024769723525058
0.1013332472465642
0.10135981046303597
0.10073937510437063
0.10186254468969967
0.10107932717881352
0.10181715763707475
0.10181715763707475
0.10181715763707475
0.10001703591114636
0.10106391263552467
0.10106391263552467
0.10054607761067316
0.10050789707870106
0.10051338738157091
0.10106323134151074
0.10178422975180093
0.10176691618614458
0.101820673023167
0.10218298905055576
0.1016302033608282
0.10159050727856643
0.10135920056141819
0.10220224925956714
0.10313439997036643
0.10314622037044281
0.10200709866281783
0.10074003910467662
0.09968256297491601
0.09985682048875116
0.09982061773002153
0.10083095712866406
0.10078736947353899
0.1013000931701297
0.10114422715586673
0.10114422715586673
0.10114422715586673
0.09992626292946381
0.09880136876426815
0.09754269430626214
0.09869451799469385
0.09924868708971311
0.09911082596661323
0.09899085198537438
0.09899085198537438
0.09842469097492253
0.09840677106848682
0.09900723392313515
0.09840920139911437
0.09917771366374682
0.09846837533161652
0.09895786234783738
0.09978247337562263
0.09893672072793627
0.09831364155199235
0.09831364155199235
0.09882609373288907
0.09838425030220724
0.09837093559971918
0.09963436142674101
0.09968613816981324
0.09914109829783624
0.09920487347723109
0.09896434308699716
0.0996241008305621
0.10009777082046667
0.1012024211365404
0.10137244512584569
0.10137244512584569
0.1024912055195189
0.10258629165974259
0.1025760294388307
0.10304251498792366
0.10323770067738215
0.10257501978597329
0.10309140125895101
0.10297378634429423
0.10297378634429423
0.10294352671301801
0.10404842611835051
0.10404842611835051
0.10340719640953534
0.10340719640953534
0.10344215062120421
0.10365563078633439
0.10528643989346656
0.10528643989346656
0.10528643989346656
0.10528643989346656
0.10484932830061952
0.10539793279695864
0.10666636058255524
0.10637801537900626
0.10637801537900626
0.10481905363271675
0.10481905363271675
0.10419242655115633
0.10459583518034136
0.10476895649423656
0.10359939960538557
0.10347337221608643
0.10347337221608643
0.10340506933297193
0.10369526462976451
0.10369526462976451
0.1032761720084123
0.10463419157303984
0.10562138594591178
0.10547237338822456
0.105323282370576
0.105323282370576
0.105323282370576
0.105323282370576
0.105323282370576
0.10472446539123584
0.10412548925101572
0.10452716054482333
0.10502203172405344
0.1056176050402618
0.10582332639778838
0.10617632727034403
0.1057549514288538
0.10554604086900526
0.10554604086900526
0.10583630352118738
0.1055683589321512
0.1057523717613224
0.10480138684576336
0.10480138684576336
0.10334924849768043
0.10360785971127524
0.10424828998210192
0.10420119913270842
0.10420119913270842
0.1054663647590436
0.10590144328009013
0.10590144328009013
0.10639972153933501
0.10639972153933501
0.10658498678688952
0.10658498678688952
0.10663952178647709
0.1053783946543441
0.10683417455267101
0.10649012696258575
0.10657263787032938
0.10724239059839075
0.10724239059839075
0.10796838339560826
0.10786843179308021
0.10867085499428014
0.10769532043025161
0.10835329394929646
0.108063908833199
0.1076289465345315
0.10745314384565398
0.10783675052781272
0.10783243233544526
0.10812827588391047
0.10821529535870932
0.10890915427774947
0.10823934443039664
0.10800634549461408
0.10898846863314023
0.10827680898791794
0.10827680898791794
0.10827680898791794
0.10951128700310155
0.10858751161510528
0.10892681243915082
0.10807791890319679
0.10736885175922528
0.10736885175922528
0.10800319715608493
0.1086451388392379
0.10995659964753761
0.10995659964753761
0.10995659964753761
0.1096013905987523
0.1087921875593217
0.10913296296191832
0.10941813057008937
0.10872071631069825
0.10863232695640616
0.10883944694943233
0.10833148821019668
0.10764460032309786
0.10815800908656828
0.10793098992311764
0.10895427000398133
0.10805978743494217
0.10733757613939325
0.10786382753080806
0.10809002194911484
0.10809002194911484
0.11024589057199044
0.10991834296169464
0.10928187599943012
0.10722677534455083
0.10722677534455083
0.10763376678130931
0.10737509239725462
0.10687355711437395
0.10652718546757797
0.10758014376331936
0.1077030177223727
0.10784372276063223
0.1070424422593759
0.1070888842282214
0.1083429376645422
0.10850557298684178
0.10919690698716396
0.1087556756835023
0.10729703241773092
0.10722368727659683
0.10786726660279548
0.10757109885106221
0.10899851340325889
0.10963828358769342
0.10963828358769342
0.10852625034727592
0.10850456366266371
0.10929923272311366
0.11060949064461596
0.11060949064461596
0.10946777314915057
0.10845689148272544
0.10981608663241552
0.10977847445641607
0.10977847445641607
0.10977847445641607
0.1106627162197974
0.11101420640643025
0.11044912366003393
0.11013619122805327
0.10951426462239752
0.10951426462239752
0.10951426462239752
0.109449720622447
0.10908797738269521
0.10666905049588798
0.10592378006431338
0.10592378006431338
0.10610401999732146
0.10610401999732146
0.10465352793349873
0.10464626321757255
0.10506847978623227
0.10506847978623227
0.10506847978623227
0.10522655028449798
0.1038214714428406
0.10404758821425837
0.10404758821425837
0.10554070165094487
0.10554070165094487
0.10554070165094487
0.10604334836916735
0.10712596070249204
0.10712596070249204
0.1067748501741824
0.10574673793937378
0.10555653286686989
0.10551841238220717
0.10525330016068062
0.10526063876452091
0.10492036777999675
0.10464203497326496
0.10524994174321999
0.10605882246021861
0.10669954797423528
0.1082845273002684
0.10643998752814206
0.10696702223558886
0.1060589635220737
0.1060589635220737
0.10645620772746599
0.10650990065710071
0.10708580015478934
0.10625979213162516
0.10616133943514866
0.10673867638550384
0.10619636357717696
0.1057969598439547
0.10721525061332088
0.10595682903297281
0.10595682903297281
0.10632217345205858
0.10632217345205858
0.106966961906074
0.106966961906074
0.10729072305506619
0.107247898715997
0.10742449271152552
0.10688157534138788
0.1075809179977368
0.1073902538506368
0.10699840191632154
0.10692282629349802
0.10692282629349802
0.10692282629349802
0.10729180148828807
0.10729180148828807
0.10729180148828807
0.10725048564192848
0.10796037516027267
0.10749342303361997
0.10643846737021562
0.10607863764811322
0.10554084074692076
0.10323721567028701
0.10327398716362644
0.10407831790152579
0.10297644779716424
0.10317852019970414
0.10317852019970414
0.10307508774323815
0.1036253121922781
0.1036253121922781
0.10453418044070693
0.10449500819629347
0.10406545869162062
0.1035343390716126
0.10364388613378946
0.10335372894590567
0.10335372894590567
0.10304000129819664
0.10315196340197351
0.10369592790678252
0.10290667480960652
0.10243513609295068
0.10243041094899008
0.10303042436881239
0.10303042436881239
0.10333972336105529
0.10420682895603457
0.10361389618322718
0.10484793344654918
0.1047327636486487
0.10534410003009335
0.10581837687051497
0.10627940065992922
0.10627940065992922
0.10627940065992922
0.10511401008669856
0.10565182632639047
0.10605122356654724
0.10605122356654724
0.10519589177189974
0.10440149852761617
0.1031916690341139
0.10149358600430539
0.10129821141771123
0.10141357718950098
0.10141357718950098
0.1008273487509268
0.10089297481007285
0.10050259399649407
0.10050259399649407
0.101799220434841
0.10200081350742463
0.10200081350742463
0.10267866451923223
0.10267866451923223
0.10310099346155688
0.10310099346155688
0.1019943054893555
0.1019943054893555
0.10292983178192558
0.10338593576245986
0.10341117173638693
0.10325859374140843
0.10416979287283527
0.10446649837144494
0.10421725739114086
0.10375869643772945
0.10370852070748743
0.10305579874843837
0.10281534903074968
0.10268768959387603
0.10202626322354498
0.10278725604425817
0.10278725604425817
0.10427755724113288
0.105300742879332
0.105300742879332
0.10538729480271737
0.10557885855972231
0.10557885855972231
0.10557885855972231
0.10602776856189465
0.10570475103543221
0.10664715133498916
0.10632499691058049
0.10517968704146843
0.10514289304430109
0.10514289304430109
0.1061272705553529
0.1057994095500694
0.10584388873675311
0.10616392077661425
0.10606192641043626
0.10548707038249552
0.10629244295277027
0.10551228260612888
0.10606359265054437
0.1066811835274992
0.10617560456184424
0.10639038965769071
0.10630324808122607
0.10727645051195635
0.10720282535003393
0.10705375282400825
0.10683707579882223
0.10683707579882223
0.10651199886879352
0.10543807764157892
0.10524140557568375
0.10524140557568375
0.10459431600526947
0.10459431600526947
0.10625604394013481
0.10546510659294195
0.10435332827667011
0.10435332827667011
0.10488245592690577
0.10488245592690577
0.10434140516160938
0.1042613475910918
0.1036885126056525
0.10278979059617639
0.10150418169375644
0.10150418169375644
0.10174951513091306
0.10208847099741483
0.1022261575748715
0.10260500020906627
0.1027654029162613
0.10279771553807285
0.10211824839385207
0.10211824839385207
0.10211824839385207
0.10211824839385207
0.10272387730619863
0.10154175579012159
0.10170634392254028
0.10274445214061817
0.10328590960577852
0.10328590960577852
0.10328590960577852
0.10328590960577852
0.10327106404157223
0.10316682365326692
0.10329391523362896
0.10329391523362896
0.10278621153894908
0.1043198848620322
0.10442902628866865
0.10442902628866865
0.10432271590498282
0.10434729417617507
0.10393574549485113
0.10337790669303519
0.10363287325883369
0.10299387398805497
0.10367190527211867
0.10270826658850787
0.10142769883030657
0.10126464735254127
0.10224914217444925
0.10346200945325917
0.10265332777558579
0.10231878113013843
0.10246352430228448
0.1020658504221122
0.1034265530039299
0.10260464932781115
0.10101125728353094
0.10128300532799521
0.1015761939138802
0.10149372115355156
0.10240507185396525
0.10244342991730086
0.10470384197793967
0.10470384197793967
0.1037449080147954
0.10364917384845337
0.10325648176723012
0.10285076924083215
0.1052909681007941
0.10478748771371452
0.10478748771371452
0.10348843941332832
0.10286197460072186
0.10286197460072186
0.10411928366902803
0.10411928366902803
0.10363437780583702
0.1037473511967813
0.104453343028606
0.10465595685993533
0.10467074836254044
0.10507321838898948
0.10544614220546839
0.10475357987928251
0.10380329366957772
0.10380329366957772
0.10380329366957772
0.104491759075543
0.10401360465031846
0.10399862114940413
0.10259645904103164
0.10238768019244229
0.10238768019244229
0.10238768019244229
0.10238768019244229
0.10172507834695133
0.10172507834695133
0.10135065696905615
0.10094134241094056
0.10094134241094056
0.10094134241094056
0.10120889168681839
0.10120889168681839
0.10120889168681839
0.10142773693202373
0.10223970978614372
0.10325870689376078
0.10325870689376078
0.10463033354796777
0.10486031540780218
0.10486031540780218
0.10562360287132377
0.10557210291603611
0.10511916107861499
0.10385451722170802
0.10457103015610149
0.10399029455851393
0.10399029455851393
0.10501585562645382
0.10532413761150826
0.10445799921525895
0.10573939795442844
0.1064720182204514
0.10654170146271283
0.10647637962558207
0.1066869718636674
0.1066869718636674
0.1075983638617496
0.10659668668778921
0.10659668668778921
0.10636687148870418
0.10666576314798147
0.1068205937001493
0.1068205937001493
0.1068205937001493
0.10618890873175375
0.10569819089083599
0.10695541688186361
0.10684965789242801
0.10645998942976036
0.10688485115460307
0.1064254448427802
0.10678832920528526
0.10727042907205772
0.10661682261645138
0.10678860541585228
0.10678860541585228
0.10678860541585228
0.1061720340642152
0.10628314758616862
0.1059516675262754
0.10511086976591094
0.10467505949045004
0.1051847574048702
0.1051847574048702
0.10543250574883585
0.1078393369331138
0.1079821233093385
0.10755877475779986
0.10794793876581608
0.10794793876581608
0.10779229966896141
0.10736497599519308
0.10722222738829458
0.1074402147954415
0.10833303686982497
0.10761918514350119
0.10816924535029128
0.10808741086172877
0.10655740002229087
0.1074235442693172
0.10864578851615303
0.1099208992281171
0.1101555320848606
0.1101555320848606
0.1094689500139732
0.11034036449039147
0.10961133485784234
0.10961133485784234
0.10961133485784234
0.1096144733150759
0.10993857825859359
0.10993857825859359
0.10964751346516305
0.11014793468842875
0.11053071571657677
0.11211031487658825
0.11251456838403462
0.11219306990830454
0.1123038593730924
0.11185753449179255
0.11027836055671758
0.10925193389213322
0.10926990636945104
0.10950171276188785
0.10957206920859858
0.10958714503969719
0.10794514993456628
0.10794514993456628
0.10876431164776663
0.10827398631318823
0.10853044477411956
0.10853044477411956
0.10829207083062371
0.10821809609452801
0.10811534053602653
0.10800973560178095
0.10838941755153288
0.10884411636916283
0.10866641548240842
0.10914555017274911
0.1093224915578219
0.1089896913712278
0.10982337497678356
0.110632655664563
0.11171549954858871
0.11163479816900904
0.11269395926655763
0.11269395926655763
0.11237383191047455
0.11328918771123009
0.11328918771123009
0.11328918771123009
0.11328918771123009
0.11308874788946845
0.11269969895612142
0.11221481060185184
0.1121873211290331
0.1129338601847052
0.1129338601847052
0.11144837865914016
0.11084031846728816
0.11157649583809577
0.11157649583809577
0.1108372895167898
0.11061796357837246
0.11151794187361852
0.11240549355535898
0.11338678950025906
0.11278068992449439
0.11278068992449439
0.11256476354731437
0.11268762668315203
0.1112481914278694
0.11088376365889792
0.11188753722429616
0.11188753722429616
0.11173523899144838
0.11173523899144838
0.1131903040759422
0.11358403918963027
0.11342265248545806
0.11323765872271228
0.11327733575502565
0.11466577746811302
0.11466577746811302
0.11455625319499756
0.11435049797816922
0.11533935175850016
0.11533935175850016
0.11551063141158548
0.11385341008650614
0.11404576823562192
0.11364240680096471
0.11364240680096471
0.1143613511286013
0.1143613511286013
0.1146742276524279
0.11326162152449665
0.11276521040335069
0.11288461147718579
0.11285587677124177
0.1130795490923935
0.11213528690940261
0.11207149044296677
0.11137457925706852
0.11161773281596904
0.11157198662645361
0.11113000124235897
0.11113000124235897
0.11111561069165797
0.11063299010989389
0.11028814986567516
0.10964304411485881
0.1098754291111058
0.11030498629817329
0.11138645245594124
0.11148398320342044
0.11148398320342044
0.11095769473242925
0.11121303713073001
0.11121303713073001
0.11099849580074743
0.11192075356765757
0.1111637608289248
0.11111950079966985
0.11221300900296781
0.11256751947438702
0.11233209102653727
0.11233209102653727
0.11119475159483504
0.11205834199205968
0.11203789897212674
0.11028984638704603
0.1093495205331215
0.1086101526161058
0.10864222354161847
0.10864222354161847
0.11016040612224907
0.11122207481239209
0.11086107770907176
0.11150753466326219
0.11188152167182426
0.11188152167182426
0.11188152167182426
0.11188152167182426
0.11111553625420466
0.11156441480663129
0.11132513131672603
0.10940610949004195
0.10906774353307651
0.10906774353307651
0.10909813880659316
0.10958177879854263
0.10958177879854263
0.10958177879854263
0.10958177879854263
0.11036409366893787
0.10995890804582378
0.10912456247711624
0.10911769096069082
0.1091463603183415
0.1091463603183415
0.10865225193682579
0.10867184137698573
0.10867184137698573
0.10867184137698573
0.10719335696780842
0.10719335696780842
0.1068255898638663
0.10743834944644569
0.10651172694634316
0.10761957240278106
0.10696447257620884
0.10696447257620884
0.1070884673220385
0.1067497465606364
0.10734053933183937
0.10690835649181685
0.10690835649181685
0.10722124548646128
0.10722124548646128
0.10722124548646128
0.10645125655534673
0.1074369431581068
0.1074369431581068
0.10731458907184263
0.10731753028135314
0.10731753028135314
0.10731753028135314
0.10775879813881876
0.10816975191861777
0.10816975191861777
0.10870530102564142
0.10904157804896647
0.10898524275706584
0.10898524275706584
0.10858089919774909
0.10815754069548027
0.10883494124507699
0.1079643792461732
0.10795070172226463
0.10795070172226463
0.10947897900968379
0.1094123903344806
0.10958588715527749
0.10886135765518545
0.1085752390835767
0.1085752390835767
0.10745710920428143
0.10745710920428143
0.10745710920428143
0.10852690377717158
0.10852690377717158
0.10997014131532365
0.10926114680198586
0.10924039272710112
0.10924039272710112
0.10924039272710112
0.10924039272710112
0.10998504407790649
0.11059035943124962
0.10993207485060205
0.10993207485060205
0.10974518046238853
0.10964869636305027
0.10938002816319459
0.10938002816319459
0.10896669998306457
0.10896669998306457
0.10902650626102814
0.1092415324648573
0.10890664843704637
0.10881885421286301
0.10783900665810425
0.10677755387191314
0.10650838950928611
0.10544942193727432
0.10592895339456017
0.10597344254421154
0.10664140064947122
0.10654079419293157
0.1073552118657241
0.1073552118657241
0.10770447076314775
0.10770447076314775
0.107709203132724
0.107709203132724
0.10885378146234342
0.10885378146234342
0.10856757122944648
0.10957548178361497
0.10987828589151193
0.1102846545458892
0.10921356178790648
0.10881607123227559
0.10881607123227559
0.10838095644025866
0.10896818836918404
0.10896818836918404
0.10864170907176249
0.10868606444129636
0.10868606444129636
0.10782109931841431
0.10745343648511836
0.10773462517018503
0.10715172432911103
0.10523754617602062
0.10518144453533233
0.10546540726288306
0.10545162281892764
0.10621095982098838
0.10621095982098838
0.1061951957109383
0.1061951957109383
0.10582508066659406
0.10635066830449297
0.10565569078678377
0.10485963403475766
0.10430177647554618
0.10429326710937326
0.10429326710937326
0.10454244622365093
0.10467421890432926
0.10467421890432926
0.10467421890432926
0.10445352295247289
0.10443845775495533
0.10476493541324498
0.10446611912901956
0.10446611912901956
0.10637234346527467
0.10587193350895163
0.10534006459310502
0.10443953801092683
0.10419217750368089
0.10316644718175721
0.10307957540847171
0.10309820773305067
0.10295535410302684
0.1030279920732943
0.10224976757118585
0.10249717044756934
0.10283780017574215
0.10418587191089411
0.10517829773076441
0.10491398700977138
0.10424832598968517
0.10449380161172614
0.10450166962622073
0.10443709675943227
0.10537163378879347
0.10461645035237734
0.10396835292427485
0.10396835292427485
0.10463585804153518
0.10542280776012936
0.10651125817297627
0.10651125817297627
0.10567513513693592
0.10651367608402554
0.10610878692979821
0.10533170472439361
0.10613939313878808
0.10628514377931851
0.10685401424052411
0.10685401424052411
0.10685401424052411
0.1079885049873374
0.10758516342283209
0.1064700908445678
0.10784102176900266
0.10683195867060079
0.10808506425408118
0.10808506425408118
0.10808506425408118
0.10838219571234464
0.10828790700538542
0.10853612215898994
0.10868537018738325
0.1095531726341493
0.10899366221241555
0.10844694390786315
0.10824251261311119
0.10869174022984035
0.10799210441144905
0.10772062422961198
0.10747172089925366
0.10699598817616437
0.10761415547247165
0.10825735124075521
0.10939840264731271
0.10939840264731271
0.11015312561333217
0.11015312561333217
0.11015312561333217
0.11033148815560163
0.10949632759821373
0.10942440516364234
0.10942440516364234
0.10942440516364234
0.1094806544551728
0.1094806544551728
0.1094806544551728
0.10921943991610453
0.10905308525493601
0.10916729445620098
0.11038737800046369
0.10996419581593084
0.10903879524087633
0.10900407019278191
0.11020287744264051
0.11022712090288012
0.10978374436085286
0.10905721620334063
0.11015503541089969
0.10885145592592907
0.1090124306142265
0.10879666185324209
0.11002398403786062
0.11002398403786062
0.11019937915021909
0.11019937915021909
0.11038088059989794
0.11046582237957529
0.11046582237957529
0.11058646310068315
0.11022956779631987
0.11022956779631987
0.11022956779631987
0.10983894440149572
0.10945711960842561
0.10887617445967088
0.10821439562755092
0.10844950438402676
0.10865102897560898
0.10865102897560898
0.10851602067774463
0.10964514452494793
0.10967316197617694
0.10982321061365839
0.109495518783479
0.10874761611951045
0.1103140942444904
0.11006592383231964
0.10977666496503315
0.10977666496503315
0.110443643549114
0.10958823806779092
0.10970351471121781
0.10904248705830963
0.10942003505820715
0.10920261502483995
0.10816108546405717
0.10893914571546243
0.1090207061807719
0.10769602531777511
0.1075695112178607
0.10789692840791179
0.1071285705442619
0.10609036419178554
0.10557076124362381
0.10560722405051864
0.1060967266871567
0.10574951909420964
0.10521838244035017
0.10616317933213819
0.10616317933213819
0.10616317933213819
0.10591033619736362
0.10591033619736362
0.1040693200521155
0.10470537043663418
0.10338130871244373
0.1045756383371363
0.10591159582923412
0.10515337139097289
0.1050380745568982
0.1051519963317605
0.10585217760138141
0.10548123817772498
0.10636567240083321
0.10636567240083321
0.1063750036225373
0.1063750036225373
0.10596394987515415
0.10604792132446224
0.10609821964748117
0.10670358769516697
0.10651925242438805
0.10651925242438805
0.10677459110912353
0.10547605580509324
0.10547605580509324
0.10357553007413935
0.10298172875779536
0.10178019197237252
0.10178019197237252
0.10178019197237252
0.10178019197237252
0.10208043064404405
0.1024460027127312
0.10186607526928998
0.10264125377304265
0.10432656952592542
0.10354419353956949
0.10417109839538148
0.10350421910101905
0.10350421910101905
0.10350421910101905
0.10350421910101905
0.10331635258035321
0.10303210364184114
0.10216262305255959
0.10323982248976299
0.10218177510892483
0.1027542093634863
0.10374528008964311
0.103714698937991
0.1038391808471167
0.10443930152603227
0.10552153579108232
0.10571436903170178
0.10515403622528391
0.10478488489655263
0.1038454544258716
0.1038454544258716
0.1045385032230342
0.10405658529505372
0.10340219761192793
0.10301482088516781
0.10302822581664008
0.10312783519535515
0.10399378125233119
0.10339001880752907
0.10296093379382604
0.10464494339932583
0.10339366393816347
0.10365895410564051
0.1042732611299767
0.1042732611299767
0.10403850537258041
0.10413801887390131
0.10496396447703896
0.10496396447703896
0.1053482165495025
0.10488654288834294
0.10434848477105381
0.10587981666383156
0.10481321695749118
0.10502949966025178
0.10512670121759389
0.1060457675945799
0.1060457675945799
0.10543731381189843
0.10475790088554698
0.10475790088554698
0.10574781102605453
0.10574781102605453
0.10557666035934364
0.10498210573434863
0.10470543148732121
0.10439125472973998
0.10432611170983995
0.10397767650064187
0.10397767650064187
0.10272463751231295
0.1017339897339705
0.1017339897339705
0.10146793596825661
0.1016696297787099
0.10174338312475319
0.10201921566779742
0.10282686505139332
0.10282686505139332
0.10282686505139332
0.10357003468099474
0.10347329200805776
0.10344087694685229
0.1031020733382041
0.10380212899590326
0.10346805421281113
0.10352524817966435
0.10296559654108771
0.10285655238573219
0.10309537631478896
0.10367884647661163
0.10356371198233189
0.10322372546269525
0.10315060654068046
0.10297908669447776
0.10316242737082769
0.10401029019667996
0.10376320919234004
0.1044369812035984
0.10373713878044698
0.10338167846230233
0.10337584385249268
0.10345729080580024
0.10251848397716398
0.10302994053924748
0.10180660834046902
0.1017512331159781
0.10211695975714104
0.10156163307926033
0.10287245504468262
0.10204169790569276
0.10204169790569276
0.10204169790569276
0.10375172352454237
0.10222247029001157
0.10236877897041546
0.10236819224024228
0.10268270271694377
0.10392686734843232
0.1041981008045599
0.1047768017118506
0.10414741850741016
0.10372893505284539
0.10347209916233588
0.10347209916233588
0.10361532282709578
0.1027354774456141
0.10287642913993517
0.10283324775910181
0.10330667956025358
0.10330667956025358
0.1027453665022619
0.10155615689046234
0.10216828060976789
0.10245505789444177
0.10172814635105183
0.10171678489297954
0.1028478665353343
0.10389766961569721
0.10463898828099652
0.10463898828099652
0.10463898828099652
0.10459148130388268
0.10558629627717966
0.10558629627717966
0.10558629627717966
0.10477165894154795
0.10477165894154795
0.10359685418420668
0.10359685418420668
0.10339301713572421
0.10416079161782445
0.10416079161782445
0.10395869072294255
0.10512905787106021
0.10544670820143315
0.10544670820143315
0.10690212414262483
0.1065460978462018
0.10611831882021089
0.10684250496475606
0.10684250496475606
0.1054910954075722
0.10491408907528399
0.10491408907528399
0.1050830434822601
0.10535404878906077
0.10703538379238269
0.10778022319279838
0.10769689968963665
0.10769689968963665
0.107495550844776
0.1068159601439289
0.10546689245760392
0.10610875448991039
0.10616105943281938
0.10564994935375498
0.10476909195140623
0.10467406998537823
0.1041583690836743
0.1041583690836743
0.1041583690836743
0.103428408839283
0.10363262381640345
0.10222186785225555
0.10294741348572148
0.10277856894064175
0.10417626173290848
0.10388768166517408
0.10455823412710782
0.10377303586960276
0.10277024628369268
0.10318953039698563
0.1038404183698392
0.10387193701172696
0.1032444966871136
0.1033804866799061
0.10322230371598853
0.10414614691626978
0.10527082604278117
0.10527082604278117
0.10527082604278117
0.10487667809123917
0.1050237569201807
0.10528702009886684
0.10399010804754426
0.10379313281724512
0.10461975927843259
0.10395832287179237
0.10383349536271269
0.10383349536271269
0.1036645636791935
0.1033457210760873
0.10400639331457004
0.10448565328087395
0.10413269385437726
0.10447970200413728
0.10419826091720463
0.1055042799608347
0.10632679354161781
0.10632679354161781
0.10578282032676713
0.1062738054784634
0.1062738054784634
0.10450567420058736
0.10459884555740967
0.10436689152109291
0.1043323525779086
0.10426614658624965
0.10471706142825005
0.10421200641992537
0.10452859297210698
0.10413074466041261
0.10487518131299164
0.10303395254111834
0.10483628818929225
0.10528336897394633
0.10528336897394633
0.10528336897394633
0.10528336897394633
0.10647188828264394
0.10676960708315854
0.10676960708315854
0.10698746573959719
0.10617757097000763
0.10483796312983192
0.10354859030935375
0.10425449022002255
0.10468683720453455
0.10468683720453455
0.10468683720453455
0.10524593244935582
0.10524593244935582
0.10510070779759736
0.1051662843638246
0.10448825991631885
0.10448825991631885
0.10424314657195993
0.1037667934257263
0.10354030573916156
0.10301233062101967
0.10390259140640064
0.10395130866429195
0.10463469143155311
0.10445739899526515
0.10340142592306839
0.10366313313157914
0.10476801014446376
0.10545025177489618
0.10619138183217759
0.10604622732331916
0.10663942613493266
0.10721826376563483
0.10702035329564356
0.10660984645528085
0.10536425404605515
0.10536425404605515
0.10586822265069201
0.10592892480906524
0.10583257628334335
0.10452529766410848
0.10369917711983453
0.1041070125710573
0.10423679827746173
0.10423679827746173
0.10429489530032711
0.10491454755438195
0.10461634019561603
0.10311373447628062
0.10363376550970474
0.10363376550970474
0.1042750212071508
0.1042750212071508
0.1042750212071508
0.1032608371389907
0.10331618794437154
0.10355541329558521
0.10358790863550299
0.10286739493098965
0.10355158357504801
0.10350303079298384
0.10319149487194805
0.10411981586101358
0.10369664126631185
0.1054562061142931
0.10588610361051422
0.10588610361051422
0.10636535099795902
0.10599759152594662
0.10613936087002657
0.10579777501067077
0.10542769666754626
0.10584176185890634
0.10524437877322959
0.10524437877322959
0.10667106839753657
0.10607653560229724
0.10561365581874786
0.10575268495625247
0.10699399092311498
0.10835020430598735
0.10845239283996784
0.10845239283996784
0.10931399376502812
0.10927964556233154
0.11073932221915161
0.11038745756982561
0.11018095169996257
0.1104844957645686
0.11171318500141281
0.11175687015122797
0.11177261358816454
0.11098581077424492
0.11098581077424492
0.11098581077424492
0.11098581077424492
0.11098581077424492
0.11045271235046004
0.11045271235046004
0.11083096896741325
0.11134100061136135
0.11117206492581695
0.11006332724069244
0.11058738314452343
0.11058738314452343
0.10942862875362107
0.11156727109641883
0.11113279446352681
0.11095481401691423
0.11084363625529244
0.11051508851872166
0.10943809765837377
0.10925366160381356
0.1102470185700308
0.10908616858533188
0.1086047763957941
0.10930729448702667
0.10830901671986327
0.10749056654103581
0.10749056654103581
0.10641236580661503
0.10638412567450016
0.10670517082389652
0.10628097014596749
0.1070567110834893
0.10597037591395878
0.10457287045645824
0.10473539143700426
0.10417134271930395
0.10417134271930395
0.10478889163482491
0.10501818893820479
0.10427020642465426
0.10444672016106755
0.10522488026878214
0.10651464526098378
0.10651464526098378
0.10571789285328101
0.10592057031725102
0.10681131454223311
0.10681131454223311
0.10593493920423831
0.10593493920423831
0.1051313377901309
0.10543836232099663
0.10534510348364653
0.10458076699084358
0.10607342051635
0.10671313707666008
0.10622225646674906
0.10596097923402659
0.10602159954543741
0.10671808584790354
0.10631341411030472
0.10654816871430302
0.10520477828564112
0.10515946285214624
0.10515946285214624
0.10559378328459686
0.1048138664786149
0.10632357176744998
0.10636424415729517
0.10569922764883112
0.10569922764883112
0.10644135882445561
0.10688390378881973
0.10753721602740106
0.1077747329143566
0.1077747329143566
0.10739419210837449
0.1073584324725228
0.10734650930426402
0.10702758174150395
0.10819254618399775
0.10825906902032241
0.10772787734660132
0.10772787734660132
0.10751721879354759
0.10728458897316416
0.10755553122673642
0.10798539545238345
0.1071803870824082
0.10747105633949611
0.10747105633949611
0.10751739881882466
0.10890122755655278
0.10932172627601838
0.10932172627601838
0.1089982563358267
0.10890326378290116
0.1076202883215695
0.10782218500581535
0.10777235828624365
0.10777235828624365
0.10745185564972247
0.10745185564972247
0.10894130682977868
0.10895664908050527
0.10926647774184406
0.10890477178924662
0.10890477178924662
0.10880367567819177
0.10902579565578127
0.1088013263078946
0.1088013263078946
0.1088013263078946
0.10811048499911385
0.10854563606778712
0.10888358597834318
0.10754273627308325
0.10720116498177036
0.10763083374805514
0.10812480731303555
0.10666128432370184
0.10666864615885162
0.10720866322640751
0.10769871410945997
0.10830520675508791
0.10829628895617815
0.10754640130468403
0.10785710156119394
0.10826306250821549
0.10793291941361936
0.10823296677431431
0.1077702499857048
0.10809627407949694
0.1085790337115568
0.10976885942578682
0.11020481816183363
0.10965834172856917
0.10890028264653542
0.10974403733380182
0.11031992639817813
0.11056395042843804
0.11083563695352583
0.11086857239873385
0.11110657767829174
0.11120063672914753
0.11014705379193841
0.10956593991015584
0.10995691099645567
0.10995691099645567
0.11008614277511773
0.11000098136949232
0.11062203600935022
0.10891637553360677
0.10896819206454497
0.1100874652026234
0.1092874720880987
0.10884235302376115
0.10741082862580383
0.1074164670378983
0.10651984549633657
0.10673635515436822
0.10673635515436822
0.10773051730973109
0.10780388804048763
0.10780388804048763
0.10780388804048763
0.10780388804048763
0.10780388804048763
0.10780212724130114
0.10737607574167005
0.10730399299531286
0.10730399299531286
0.10580953130206977
0.10629114262828021
0.10611597787329949
0.10665836952933057
0.10761587033497522
0.10697859983631718
0.10645471055491605
0.10549857828008179
0.10527415126907792
0.10441889109188741
0.10380311959935953
0.10393707413233505
0.10393707413233505
0.10393707413233505
0.10557014325209987
0.10610509797555008
0.10672890414828673
0.10687648778749519
0.10718519426080123
0.10813211097069847
0.10861448099164846
0.10822234839124877
0.10823691061544806
0.10811869232672859
0.10765991633388873
0.10913108069401872
0.10985459416448547
0.10902911781295799
0.10882363788285054
0.10959606688768289
0.10983402317841437
0.10983402317841437
0.10975393237799813
0.10861778722983194
0.10913819147079198
0.10844934753211596
0.10789262781129805
0.10822779059316348
0.10893957634684644
0.10893957634684644
0.10910190051755969
0.10915621313277274
0.10882144090980549
0.10852378926938948
0.10823535134112011
0.10796245608838827
0.10753434729322454
0.10599651714076387
0.10696278219177803
0.10697999164085835
0.10668384549991736
0.10544023791910834
0.10539054605048943
0.10509833177588965
0.10566637445722299
0.10662160047581602
0.10575052812647384
0.10494318062617551
0.10501825487601976
0.10517427345161019
0.10527174273469107
0.10527174273469107
0.10486731504875577
0.10560134120733279
0.10450683502589939
0.10588523793064085
0.10599982752688693
0.10599982752688693
0.10504104610586583
0.10527562965253814
0.10527562965253814
0.10521585551851867
0.10718786941410587
0.10668734995457506
0.10565406808483245
0.10757309049382997
0.1081060475979553
0.10797495274845666
0.10695420544758477
0.10821458851951718
0.10914495210926628
0.10914495210926628
0.10816444521456076
0.10665983419740958
0.1070866107749788
0.10713536485563623
0.10717299842870273
0.10691365777641695
0.10691365777641695
0.10742198268257742
0.1072121332741093
0.10750681610463235
0.10710683255311719
0.10719163352968408
0.10781790588911061
0.10677881399016122
0.10677881399016122
0.10631538928467635
0.10631538928467635
0.1065032935520697
0.10835442590580185
0.10755362876557016
0.10805223700457572
0.10805223700457572
0.10774838049024582
0.10842702418073025
0.10892000235451571
0.10894005338812754
0.10851224077209343
0.10788406967409989
0.10773450760612242
0.10805798553200659
0.10800011267380236
0.10800011267380236
0.10800011267380236
0.10800011267380236
0.10870347620321082
0.1098316014708337
0.1098316014708337
0.10914443318732542
0.10935771303994267
0.11023656819900989
0.10916578667165792
0.10927667342638095
0.10927667342638095
0.10935356026605969
0.10935356026605969
0.10875324127797331
0.10715831941242408
0.10829878150183897
0.10819319753128452
0.10737156153488356
0.1073807006762077
0.1073802462817842
0.10571087317919209
0.10705162957714671
0.1066332728911832
0.10705317270720334
0.10673911673331464
0.10582152207947053
0.10625266016547365
0.10665954770852136
0.10665954770852136
0.10665954770852136
0.1065210543865115
0.10551166070230303
0.10473164712785343
0.10481644604173575
0.1041216796724521
0.10425880833786631
0.10345035381169215
0.10412689547492528
0.1046542487693025
0.10510196742543355
0.10510196742543355
0.10532353079839246
0.10532353079839246
0.1048575458975758
0.10587394764009223
0.10590772925687326
0.10642168319324087
0.1067537898850984
0.10625923797093427
0.10658514882179261
0.10608466097298463
0.10563953107727816
0.10568285739506554
0.10672793958051242
0.10595270163309653
0.10601063358946237
0.10483628196342502
0.10422617703369996
0.10422617703369996
0.10478957284260337
0.10478957284260337
0.10490168959486214
0.10368834553753213
0.10381644302349395
0.10387727038099069
0.10387727038099069
0.10419593610760633
0.1043002504192967
0.1047215223636782
0.10486588702857645
0.1055241304968033
0.1055241304968033
0.10618445682131177
0.10618445682131177
0.10704614433150106
0.10616267975507744
0.10661274841037513
0.10626115500117064
0.10563176167977799
0.10604321521600889
0.10604321521600889
