0.12179145756401258
0.12179145756401258
0.12179145756401258
0.12179145756401258
0.12179145756401258
0.12179145756401258
0.12179145756401258
0.12179145756401258
0.12179145756401258
0.12179145756401258
0.12179145756401258
0.12179145756401258
0.12179145756401258
0.12179145756401258
0.12179145756401258
0.12179145756401258
0.12179145756401258
0.12179145756401258
0.12179145756401258
0.12179145756401258
0.12179145756401258
0.12179145756401258
0.12179145756401258
0.12179145756401258
0.12179145756401258
0.12179145756401258
0.12179145756401258
0.12179145756401258
0.12179145756401258
0.12179145756401258
0.12179145756401258
0.12179145756401258
0.12179145756401258
0.12179145756401258
0.12179145756401258
0.12179145756401258
0.12179145756401258
0.12179145756401258
0.12179145756401258
0.12179145756401258
0.12179145756401258
0.12179145756401258
0.12179145756401258
0.12179145756401258
0.12179145756401258
0.12179145756401258
0.12179145756401258
0.12179145756401258
0.12179145756401258
0.12179145756401258
0.12179145756401258
0.12179145756401258
0.12179145756401258
0.12179145756401258
0.12179145756401258
0.12179145756401258
0.12179145756401258
0.12179145756401258
0.12179145756401258
0.12179145756401258
0.12179145756401258
0.12179145756401258
0.12179145756401258
0.12179145756401258
0.12179145756401258
0.12179145756401258
0.12179145756401258
0.12179145756401258
0.12179145756401258
0.12179145756401258
0.12179145756401258
0.12179145756401258
0.12179145756401258
0.12179145756401258
0.12179145756401258
0.12179145756401258
0.12179145756401258
0.12179145756401258
0.12179145756401258
0.12179145756401258
0.12179145756401258
0.12179145756401258
0.12179145756401258
0.12179145756401258
0.12179145756401258
0.12179145756401258
0.12179145756401258
0.12179145756401258
0.12179145756401258
0.12179145756401258
0.12179145756401258
0.12179145756401258
0.12179145756401258
0.12179145756401258
0.12179145756401258
0.12179145756401258
0.12179145756401258
0.12179145756401258
0.12179145756401258
0.1212521443786389
0.1212521443786389
0.12005594412139824
0.12005594412139824
0.1189977375909267
0.11846000951953703
0.11846000951953703
0.1182137591272866
0.11788027845443542
0.11777894885149656
0.11735125642137272
0.11646144803244123
0.11646144803244123
0.11639426595851221
0.11600419751128628
0.11600419751128628
0.11494520271666656
0.11494520271666656
0.1148451849540639
0.1148451849540639
0.1148451849540639
0.1148451849540639
0.1148451849540639
0.11425551676865435
0.11378564851449716
0.11361181968650134
0.1138010361297229
0.11293398154886143
0.11271696014462301
0.11187784039109509
0.1106701720730383
0.1106701720730383
0.11197457611382859
0.11104641537651704
0.11018949896473655
0.11032120876217856
0.11038612152471168
0.11038612152471168
0.11031887417191129
0.11087289525950245
0.11050837128458316
0.11085002814251099
0.10996559151977313
0.11036681387093847
0.11036681387093847
0.11041089836049756
0.11041245503088801
0.110911673964146
0.11029789180840813
0.1100194869444471
0.1097381338459739
0.11020291466864938
0.11019190638259334
0.11085632494342974
0.1100916865438572
0.10973896515709208
0.11002870650548466
0.11002870650548466
0.11004270805265585
0.11004270805265585
0.11026677652815389
0.11024551658935854
0.10918963662036217
0.10946687275019024
0.10974212768852763
0.10968353054554773
0.10968833222643644
0.10944179547331558
0.10882226492912163
0.1076891803462069
0.10786749294397907
0.10786749294397907
0.10710485511120418
0.10710485511120418
0.10704226454802775
0.10732642103795291
0.10736134258711502
0.10753904978500099
0.10712250253529644
0.10679266036344466
0.10589550286103276
0.10629662360693531
0.10629662360693531
0.10725020007020526
0.10725020007020526
0.1068072545608507
0.10652891569743077
0.10728649889897007
0.10563326339764492
0.10562965491946316
0.10635191417501201
0.10635192769867989
0.10635192769867989
0.10527012197672578
0.10550058171379227
0.1063233985477807
0.10541285980447279
0.10500185296899434
0.10500185296899434
0.10452714057548937
0.10573802548429098
0.10524620184591699
0.1071536836763788
0.10714986289136473
0.10765811467736366
0.10706582962120537
0.1057185794629674
0.10506710921165352
0.10547156074662742
0.10462458463908227
0.10462458463908227
0.1045892931815537
0.10335580135095969
0.10385083814062884
0.10300868434530171
0.10385183980864672
0.10336016621697629
0.10310844668721529
0.10380161676177323
0.10407748877886738
0.10409353829645626
0.10511121902726915
0.10445595568431813
0.10370783381765113
0.10373436467128405
0.10274810385820558
0.10286035350507558
0.10286035350507558
0.10218601201148533
0.10219734527946445
0.10264531088756665
0.10347719922366548
0.10299208646400249
0.10185940368780722
0.10116333242995396
0.10116333242995396
0.10156061918575038
0.10292202842149574
0.10292202842149574
0.10328123319242213
0.10353108896602234
0.10400850101109022
0.10535237722682118
0.10571405384007984
0.1049267203476766
0.10482286888333261
0.10507129031056074
0.10507129031056074
0.10545596775675378
0.10490122308343995
0.10490122308343995
0.10490122308343995
0.10626764912174447
0.1050192084514418
0.10426036092392522
0.1054600673532033
0.10473665618981551
0.10650912757276787
0.10540981690490114
0.10558724183055937
0.10558724183055937
0.10541698234827718
0.10590900243945155
0.10642857981042972
0.1049845531403143
0.10604218518620537
0.1075654785887459
0.1079984138657291
0.10669480047622273
0.10670559517131564
0.10577084489312026
0.10446261620950432
0.1038716976401451
0.10394092518957058
0.10573589732388543
0.10621614317072349
0.10635362737793363
0.10625862666027663
0.10625862666027663
0.10600340539461832
0.1058637909395355
0.10548681308393984
0.10493115219131569
0.10568744415437498
0.10568744415437498
0.1065493877039231
0.10776412776939659
0.1076216054188962
0.10775487776804923
0.10803821077204381
0.10828319349397232
0.10786205914649148
0.10757689945635074
0.10805129447447856
0.10805129447447856
0.10809209547036429
0.10649754545629557
0.10678604529175756
0.10623295748994051
0.10561356475728008
0.10561356475728008
0.10523742960768714
0.10466738181934046
0.10482253288505336
0.1052103512572672
0.10464577955850145
0.10422582833093659
0.10422582833093659
0.10422582833093659
0.10390409110940595
0.10390409110940595
0.10466651686044273
0.10482506842001696
0.10551977187324131
0.10551977187324131
0.10606739092263613
0.10594967510588194
0.10470503539864581
0.10457961812516652
0.104073832544145
0.10380634812299969
0.1041768821921054
0.10408654935400394
0.10408654935400394
0.10408654935400394
0.10435667364161426
0.10552324343591248
0.10479813051971726
0.10638058627168887
0.10575117840341373
0.10418501612103645
0.10418501612103645
0.10369311135644248
0.10369311135644248
0.10383026696590632
0.10383026696590632
0.10382597748570561
0.10382597748570561
0.10426184637774566
0.10426184637774566
0.10342029881663273
0.10339189924039749
0.10339189924039749
0.1030103872892873
0.10406920412108525
0.10339030313634891
0.10175669257343402
0.10233169634662757
0.10225032826366429
0.10225032826366429
0.10351454312795856
0.10272868848887425
0.10272868848887425
0.10272868848887425
0.10231852821221524
0.10281547838998432
0.1045507386284205
0.10354198059550689
0.10287159046752234
0.10350796249463085
0.10429994252535787
0.10505645601787164
0.10527786447686899
0.1046690965442377
0.1045596452213505
0.1041558913729881
0.1041558913729881
0.10417804874023265
0.10450391644295115
0.10357585468763994
0.10335184014104074
0.10275019963546421
0.10304705416798524
0.10304705416798524
0.10186085910926966
0.10251987189033997
0.10251987189033997
0.10252758547443314
0.10254318988164342
0.10242251279371899
0.10373564978726443
0.10373564978726443
0.10400413678989932
0.10314454118748052
0.10314454118748052
0.10339123053061644
0.10327251036010167
0.10411774088157452
0.10385501611220764
0.10334315962370261
0.10322791596922767
0.10295606618543951
0.10330665036700466
0.1041288712054
0.1041288712054
0.1041288712054
0.1041288712054
0.10408702291389385
0.10408702291389385
0.10498406924227052
0.10704812487178232
0.10670426777731995
0.10646934976552572
0.10661723702929415
0.10683295826718586
0.10726464806079562
0.10738309375784127
0.10753872202892988
0.10934562134243007
0.10809785469095311
0.10888800672144526
0.10874576918393813
0.10859857236994701
0.10912609171035542
0.10966331944846296
0.1105004047702531
0.10974708019113484
0.10869256990079801
0.10869256990079801
0.10973390591215812
0.10871498719768362
0.10855800360677147
0.10853021218808981
0.1071514597568765
0.10669984258910416
0.10490637763716529
0.10490637763716529
0.10494392093628835
0.1056626796029921
0.10722496810810123
0.1064049312869787
0.10669196732575355
0.10829867276731217
0.10829867276731217
0.10765020086629579
0.10633967890543058
0.10693377660500193
0.10700505044735507
0.10738566452366999
0.10743397973008013
0.1082222351740467
0.1080104037512312
0.1081501890117431
0.10812786079862541
0.1064943838737159
0.10703972860688367
0.10677786638550045
0.10677786638550045
0.10673142893501138
0.10673142893501138
0.10673142893501138
0.10650222677647544
0.10708112428493965
0.10702206126663243
0.10798041154438531
0.10732056302328075
0.10732056302328075
0.10766698615706186
0.106655572680075
0.10757945174302828
0.10757945174302828
0.10784576729210461
0.10632796893829922
0.10632796893829922
0.10632796893829922
0.10624794121070945
0.10744465507763765
0.10744465507763765
0.10756684437392026
0.10759444237248186
0.10715156393634415
0.1076230130214643
0.1076230130214643
0.1076230130214643
0.10779754017634888
0.10737710507759991
0.10737710507759991
0.10737710507759991
0.10737710507759991
0.10770001954838339
0.1079452906503975
0.1079452906503975
0.1079452906503975
0.10800037471973145
0.1089728928285076
0.10957345642058101
0.1086551775298718
0.1086551775298718
0.10867859054500442
0.10867859054500442
0.10751693812399525
0.10830129846865119
0.10827177243508486
0.10691297215955549
0.10691297215955549
0.10685613432810145
0.10791527708817696
0.10791527708817696
0.10791527708817696
0.1096494300774028
0.10878587161436172
0.10959445551726056
0.10951252260112353
0.10914183257543608
0.11003616366755536
0.1094835295942406
0.10881148661632892
0.10893081191153153
0.10990237910556985
0.11086847936937497
0.11171426265386827
0.11171426265386827
0.11182995063370946
0.11170989956217152
0.1110449991274595
0.11159383262096613
0.11049193553082179
0.11018554609955832
0.10975892409031515
0.10975892409031515
0.10953157061550622
0.10953157061550622
0.11057920089996824
0.11129694376596877
0.11082953313166717
0.1095302205494929
0.1092967675829462
0.10969254201500912
0.1082108401552604
0.10792466921532318
0.10959460748317905
0.11036153944486755
0.11002185594408531
0.10986138907966828
0.11011513054783695
0.1108202341066356
0.11051764078823396
0.11006813205250246
0.11006813205250246
0.11006813205250246
0.10986351745915378
0.10995623315686101
0.10995623315686101
0.10995623315686101
0.10929157771398848
0.10944913331590733
0.10900277138321875
0.10868478513673627
0.10826112774067294
0.10738319884024464
0.10736086088418827
0.10682642391240976
0.10657049972564704
0.10702808704382026
0.10699159525647373
0.10846329260174616
0.10664849663569054
0.10668978535845941
0.10759152524299566
0.1077868162914004
0.1078198329783959
0.1078198329783959
0.10852474801882166
0.10857594485072664
0.10798715012997698
0.1074512539193639
0.1074512539193639
0.10856493427955505
0.10873836528034538
0.10770800379368685
0.10770800379368685
0.10783430187072895
0.1078044309223696
0.10971428586340372
0.10916911064269998
0.10819073135815592
0.1070174715359298
0.10723487719473014
0.10623074464472448
0.10623074464472448
0.107011801238717
0.1079010071109098
0.10790842826165858
0.10689005923507654
0.10689005923507654
0.10612261724171891
0.10708740563074687
0.10691772371429191
0.10687624511964082
0.10687624511964082
0.10708999029288993
0.10691465925550335
0.10775558399393563
0.1057971952311043
0.1058739083861327
0.10581373832653862
0.1057910860388737
0.10472689441895269
0.10523848660376325
0.10496560034219748
0.10462497975823232
0.10440060604408627
0.10378707720285772
0.10527250790707197
0.10527250790707197
0.10527250790707197
0.10473472248494924
0.10562258490442629
0.10570175589150803
0.10570175589150803
0.10665249831922004
0.10611363271949761
0.10684879838397406
0.10654518268829691
0.10661075279173213
0.10661075279173213
0.10627426618192386
0.10570239836501293
0.10619546489455454
0.10695778075319134
0.10816892125326266
0.10816892125326266
0.10816892125326266
0.10817468784686979
0.10920602799701164
0.10920602799701164
0.10969500894523394
0.1111387761078555
0.11255610638347276
0.11232938926340452
0.11235437653913034
0.11235437653913034
0.11209601304909532
0.11225078037518532
0.11334693206274003
0.11335028089603967
0.11235067890500748
0.11235067890500748
0.11235067890500748
0.11262809281632549
0.11262809281632549
0.11165432907422261
0.11251566515246625
0.11234503049106148
0.11174496007425345
0.11179984733492884
0.11273418875160908
0.11303036974598428
0.11263249547420176
0.11213121822703084
0.11213121822703084
0.1126602508159738
0.11284944233347112
0.11291580813509
0.11190233741151208
0.11139809310864394
0.11139809310864394
0.11139809310864394
0.11139809310864394
0.11071594381177723
0.11071594381177723
0.1120259830059462
0.11260861569443253
0.11252475570416426
0.11252475570416426
0.11269788121870725
0.11162579166236007
0.11162579166236007
0.11173793140468612
0.11265760564526466
0.1138879442885504
0.1150541777050317
0.1150541777050317
0.1150541777050317
0.11492709038438115
0.11445820217343392
0.11445820217343392
0.11438851138130217
0.11438851138130217
0.1141243102111626
0.11391401343325874
0.1140349634178634
0.11390124709386433
0.11390479123925683
0.11289206026839377
0.11156349468412424
0.11173570277570295
0.11235423607577123
0.11223041684092286
0.11134579325155819
0.11162270938362534
0.11162270938362534
0.11217885329352388
0.11119044072411685
0.11119044072411685
0.11100166857540061
0.11009252497178143
0.11030302371513508
0.11084353540319611
0.11241022125046032
0.11221543316294252
0.11221543316294252
0.11223762055614855
0.11223762055614855
0.11223762055614855
0.11145994943721613
0.11145994943721613
0.11145994943721613
0.11145994943721613
0.11095886639940583
0.11127481252060657
0.11127481252060657
0.11096699502834945
0.11186224703938037
0.11111627492248892
0.11025516122457511
0.1097300989535381
0.1092183150933701
0.10949525182799416
0.10965226994479266
0.1086945888582872
0.10886477895383384
0.1086985967122727
0.1086985967122727
0.10882923774025675
0.10839300049636967
0.1092827791665615
0.10971367924742538
0.10971367924742538
0.10927741273808904
0.11092718821596441
0.11070853006177601
0.11091850088429923
0.10992467783700584
0.1100313782422801
0.11079875866218432
0.11051839728504816
0.11051839728504816
0.11051839728504816
0.11051839728504816
0.11051839728504816
0.1118668449409154
0.11232919669327295
0.11156053988877736
0.11251042203480342
0.1127329409536192
0.11276705834083467
0.11255859135437946
0.11253123156283938
0.11239952636112067
0.11252321400707252
0.11260846345685638
0.11184637351591566
0.11197296872835176
0.11197296872835176
0.11197929276805038
0.11197980939544795
0.11200134237983973
0.11203109936876594
0.11132932567157934
0.11126642542270816
0.11224680846040949
0.11224680846040949
0.11088752783865811
0.11156120745615186
0.11248011301623864
0.1122822100767291
0.11145558833753509
0.11180400590867237
0.11226785094396464
0.11136998900505866
0.11136998900505866
0.11112054855604521
0.1113405998768886
0.11106626271370762
0.11007775940435614
0.1107661240363752
0.11106846973569891
0.11106846973569891
0.11013518363004439
0.11013518363004439
0.10868966035809367
0.10762572627741238
0.10762572627741238
0.1079970781939022
0.1081033504912605
0.1081033504912605
0.10824073282288112
0.10824073282288112
0.10868830011837835
0.10868830011837835
0.10868830011837835
0.10932240898341183
0.11015037270752481
0.11029147969480861
0.11029147969480861
0.11001896103924373
0.11047789727217962
0.11047789727217962
0.110092868666515
0.10975586500729541
0.10975586500729541
0.10909033796574352
0.10998783622889605
0.10752232231468481
0.10752232231468481
0.10745339858792734
0.1071420967877484
0.10711468217889951
0.10709138053585601
0.10753185831768361
0.10753185831768361
0.10772553267555451
0.10772553267555451
0.10731898574242375
0.10806274504015377
0.1085274232789261
0.1085274232789261
0.10887701111170445
0.10982245546968812
0.11042720247556963
0.1109807746516258
0.1109807746516258
0.11108540065325244
0.11125683425266157
0.11197115295036289
0.11199874560194173
0.11212040378180904
0.11152589130928466
0.1111603069304718
0.11183269979675547
0.11111646797183049
0.11111646797183049
0.11102402724143472
0.11116488640680006
0.10932323134132498
0.10930914654507302
0.10885827226178758
0.10863903990874542
0.10879760389527683
0.10949035111670315
0.1087326162550268
0.10916131051182024
0.11003056194092771
0.1111844214889031
0.11025799612874346
0.11037925071037134
0.11122212375597167
0.11074746347274951
0.1102895511078004
0.10961256025272274
0.11004379190654745
0.10976962250876106
0.10976962250876106
0.10976962250876106
0.10990980783835948
0.10967319236609298
0.10967319236609298
0.10937588330496728
0.1097805876532931
0.1097805876532931
0.11010986541303458
0.11094545457633777
0.11021129667488112
0.11051675670909968
0.11038565008333145
0.1097375605591602
0.10945149741453568
0.10961095999111323
0.10966260903078938
0.10945880424868915
0.11012797292379005
0.11089868300094058
0.11141032635252378
0.11116158583852677
0.11105519298541404
0.11105519298541404
0.11030125567506346
0.11019391550245916
0.10925741766243263
0.10892867388031234
0.10780215878680643
0.10736148428665432
0.107192550072578
0.10764541943653275
0.10896861833455444
0.10905153101611728
0.1080573521119744
0.10822698539702855
0.10875430325214504
0.10859675316371632
0.1081908159102721
0.10831711480765298
0.10831711480765298
0.10700328049741036
0.10667834665926507
0.10712734095822878
0.10849089299549167
0.10850723343287695
0.10852827253750146
0.10807103811864503
0.10837379915456728
0.10740897178444302
0.10743651306804784
0.10853785663425729
0.10853785663425729
0.10790569949401564
0.10901837008088905
0.10855472229056705
0.10693714400543193
0.10693714400543193
0.10693714400543193
0.10728231019354623
0.10826751233895913
0.10807532896952118
0.1086000679388064
0.1085664502009075
0.10927668531917491
0.10927668531917491
0.10932529605043426
0.1081759163314695
0.1081759163314695
0.10846303577178351
0.1086895918089927
0.10826713027781963
0.10836465353538882
0.10811033812544273
0.10811033812544273
0.10811033812544273
0.10783051211172298
0.10768960505292788
0.1076134377085111
0.1077442736868386
0.1077442736868386
0.10782592863084765
0.108842887667395
0.10837001365845753
0.10912392696612953
0.1102358129944771
0.1102358129944771
0.11031353521399588
0.11050745232335538
0.11049366192129749
0.11165854007483808
0.11207183660540408
0.1126649018484511
0.11337139433366898
0.11205145686237333
0.11091001529595056
0.11091001529595056
0.11005616732494748
0.11223568075681323
0.1115667937038403
0.11131353568998296
0.11109105048686374
0.11073115585582188
0.11227939877330592
0.11210943648336374
0.11236545461554014
0.11236545461554014
0.11236545461554014
0.11161669552139374
0.111668097417304
0.11107713871547184
0.11223167151616963
0.11114248142932372
0.11026902165598258
0.11021459104835232
0.11132997505259332
0.11191368699776781
0.11289528928304148
0.1131792302227611
0.11371654587572062
0.11337755988965251
0.11337755988965251
0.11422276035719107
0.11506327533290192
0.11428079262147788
0.11428079262147788
0.1151386517243043
0.11425810350631319
0.11500758122150456
0.11500758122150456
0.1154766755851396
0.11472034145395979
0.11472034145395979
0.1145682376103594
0.1134245819904405
0.11422913422196415
0.11422913422196415
0.11339675911389929
0.1141677168404779
0.11499230874831444
0.11368435206363187
0.11368435206363187
0.11389560660053584
0.11248622319740406
0.11226396283748372
0.11241509187181026
0.11213294795938894
0.11187760886372315
0.11146028666326352
0.11086563678476487
0.11184171555011387
0.11112681872663277
0.11140821849587508
0.11150656023633053
0.1121322133873118
0.11207107527898771
0.11099241457170912
0.11065753717002208
0.11007404903005533
0.11007404903005533
0.10968615309842031
0.10968615309842031
0.1100354362665966
0.11006345380423048
0.1094294354591925
0.1089394162693663
0.11010492568096136
0.1094669929866203
0.10935743437352304
0.10857952646325238
0.10857952646325238
0.10857952646325238
0.10911137629749522
0.10932557707677665
0.1089617633926328
0.10827071163506491
0.10747938511206175
0.10738860048757058
0.107458294327215
0.10770365805016932
0.10825527822895344
0.10825527822895344
0.10825527822895344
0.10809344336507803
0.10801968180088878
0.10875376412494993
0.10875376412494993
0.10836762795420408
0.10824879990684096
0.10919137305517221
0.1088845910372435
0.1088845910372435
0.10814694245397807
0.10713649503614824
0.10712988474624892
0.10782485073323746
0.10782485073323746
0.10709141148514342
0.1078832634906735
0.1075339003393272
0.10707922498152696
0.10577350396437328
0.10541616232538588
0.10570964343318846
0.10477862244525081
0.10488988007623225
0.10488988007623225
0.10488988007623225
0.10518360353649843
0.10499143238480528
0.10499143238480528
0.10495379299194109
0.10495886441686769
0.1064001140710025
0.10577368808751927
0.10558337603148432
0.10572789274144342
0.10572789274144342
0.10569679339100706
0.10625263962170108
0.10551899780101184
0.1043437721136268
0.10393039830167096
0.1036095217433696
0.10470448686093713
0.10503898840178862
0.10537732774295042
0.10537732774295042
0.1039836095918507
0.10425445707771852
0.10425445707771852
0.10439283142913859
0.10432565078227761
0.10373420328254698
0.10373420328254698
0.10387383785202436
0.10343698124068175
0.10380133125524398
0.10461040990946932
0.10461040990946932
0.10584780074977623
0.10584780074977623
0.1054790788364363
0.10494621692034493
0.10503205492996197
0.10503205492996197
0.10628378899646652
0.10498378344448504
0.10498378344448504
0.1049818348485551
0.1049818348485551
0.1049480530281413
0.10470221225190535
0.10510336829699184
0.10510336829699184
0.10509423667263613
0.10556522353802117
0.10709138317374499
0.10755288161253039
0.10749532507658409
0.10749532507658409
0.1080001430081585
0.10846009124940288
0.10846009124940288
0.10704070805179484
0.10554555190305608
0.1051908099573349
0.10450074698556854
0.10433786257591993
0.10538878241654276
0.10468403138453962
0.10513301537314858
0.10480113041022102
0.1050573987822498
0.10599389847810448
0.10589582808662516
0.10727848874187841
0.10883282204628578
0.10833214757428224
0.10833214757428224
0.10836361091043528
0.10836361091043528
0.10811688599659768
0.10824710105860286
0.1096038844198682
0.10895946197738979
0.10944746986725448
0.11013906249231076
0.11013906249231076
0.109173368428657
0.10894971670881282
0.10980913099253184
0.10915067971149127
0.1088802806365587
0.10831680549325444
0.10831680549325444
0.10796224405929276
0.10793865645230864
0.1069900569425582
0.10720792721188867
0.10784522342964369
0.10784522342964369
0.10792368440420322
0.10792368440420322
0.10767066795712896
0.10653052223612153
0.10653052223612153
0.10677215805503779
0.10672843416142547
0.10551630649032626
0.10481072026102159
0.10481072026102159
0.10481072026102159
0.10386065525372046
0.1035857823415709
0.10516515998127347
0.10518614640082548
0.10501539506423
0.106011688029159
0.10489661960008821
0.10415878917226379
0.10387618968199618
0.10387618968199618
0.10387618968199618
0.10414604988743753
0.10431989883447625
0.10510642106894309
0.10595547164565818
0.10595547164565818
0.10696248208486604
0.10657171394293234
0.10628729558941905
0.10594556874019935
0.10723712700655906
0.10700234092701738
0.10677437288540542
0.10677437288540542
0.10707602728839374
0.10713887222072385
0.10713887222072385
0.1087098494209434
0.10902969820600379
0.10993901796665213
0.10986236510852801
0.10986236510852801
0.11008665318952769
0.11040575939375079
0.11015530991890869
0.11048945255196475
0.10920564379190319
0.10880235982744847
0.10880235982744847
0.10815421014740481
0.10677219095789635
0.106182241605348
0.10628835413032188
0.10703208014262347
0.10703208014262347
0.10653097489186963
0.10722548361480495
0.10562972716155361
0.10492022261977309
0.10443867108873103
0.10366455592137883
0.10428822492330743
0.10367658644793319
0.10459767855323518
0.10503974880188371
0.10503974880188371
0.10503974880188371
0.10503974880188371
0.1056631518298399
0.10582415789305888
0.10620152738640319
0.10708093793086616
0.10708093793086616
0.10708093793086616
0.10708093793086616
0.10742092676527447
0.10742092676527447
0.10655044933877378
0.1060837702439576
0.10765772947289967
0.10765772947289967
0.10882118492568545
0.10796664345870784
0.10871172424440413
0.1087213059439918
0.1087213059439918
0.10859043664513489
0.10695054613403807
0.1068189382653774
0.1068189382653774
0.10768177801929181
0.10768177801929181
0.1070843258031616
0.1070272039799564
0.10597179113104771
0.1065481086499235
0.10719914486923501
0.10719914486923501
0.10570597017230936
0.10715196916903659
0.10766768782820042
0.10727749746796592
0.1065746246246096
0.1066349258078826
0.10588788730031361
0.10588788730031361
0.10512417062975288
0.10476391349847697
0.10511043358437963
0.10511043358437963
0.1041003568768809
0.10407134457606257
0.10426658047417786
0.10454702061152331
0.10431769712765941
0.10508659051342918
0.10513568770981764
0.10621320438258593
0.10621320438258593
0.10584745218233722
0.10532728382261686
0.10605791053506873
0.10581125582100982
0.1066549864171426
0.10547815226788111
0.10640096755798464
0.10625274111301798
0.10495325609950212
0.10501091616161044
0.10535915421983871
0.10623946320285604
0.10623946320285604
0.10628000036996431
0.10546542365294867
0.10741529960697567
0.10689735206380303
0.10689735206380303
0.10552069536674202
0.10632630395701977
0.10681446833379755
0.10681446833379755
0.10609644117792977
0.10609644117792977
0.10745280424230445
0.10745280424230445
0.10763462576335153
0.10830645776418645
0.10826792666304852
0.10782330083425021
0.10782330083425021
0.10764208399597246
0.10747598136394612
0.10711271475021988
0.10783851438638127
0.10900780438704222
0.10764184254679181
0.10745393345715429
0.10788017501578201
0.10805513692658357
0.10839663787734895
0.1084405747108468
0.1091220715297345
0.1091220715297345
0.1091220715297345
0.10845900125744129
0.10919292110012713
0.10919292110012713
0.10880732487011922
0.10910829188884733
0.10986246009967696
0.11042187516889451
0.11068976349586532
0.11112802139621432
0.11158075325181155
0.11241441607634796
0.1133071041126631
0.11337022309012207
0.11353139947819117
0.11242836841076782
0.11255180685615486
0.11261573424638646
0.11283082477803623
0.11300774959667488
0.11300774959667488
0.11258783065008686
0.11103851078685238
0.11103851078685238
0.11095614233018246
0.11131063940385447
0.11201138480413789
0.11227982700892006
0.1127785162952728
0.1116269161329391
0.1116269161329391
0.11235284279483418
0.11236538187660977
0.11106577809509094
0.1112346354699536
0.1112346354699536
0.11147070214234868
0.11181214481241952
0.11158209194829896
0.11158209194829896
0.11196888846473482
0.11169296343016458
0.11146241171935208
0.11149576392178202
0.11086601888628746
0.11081605534716983
0.11081605534716983
0.1113815305533581
0.11124434825020521
0.11073423749046225
0.1106950895997731
0.10977158194666822
0.10934995758553993
0.10922267638589449
0.10808958174875001
0.1074968597105644
0.10810307989101547
0.10810307989101547
0.10760915821962823
0.10699315654576629
0.10755094590243151
0.10702851277996321
0.10732802307360331
0.10644568941870994
0.10874079861873931
0.10906876715851306
0.10978183571806535
0.10980301364765895
0.11050668601093086
0.10899225887224037
0.10851407513697649
0.11007127220207762
0.10978104759068205
0.10978104759068205
0.11104170470758767
0.11031247585463488
0.1105411542754076
0.11075700787448667
0.11034677343278695
0.11011549062797622
0.11023037716444962
0.11191478973144368
0.1128732710466344
0.1128732710466344
0.11252331784139764
0.11149564269481632
0.1115420722656232
0.1115420722656232
0.11090408559583696
0.11167440044087493
0.11167440044087493
0.11252231239987853
0.11282518802005874
0.11242594111513256
0.11242594111513256
0.11242594111513256
0.11205503738965193
0.11205503738965193
0.11156296301706445
0.11178449775469348
0.1119316017048755
0.1123537912377877
0.11223592433353399
0.11186440751386346
0.11231448068636529
0.11254270669507814
0.11142832533266382
0.1124373612291639
0.11203671620331108
0.11203671620331108
0.11262350844485695
0.11222346974513818
0.11240168592438075
0.11293528558822993
0.11160580849959037
0.11169212687775375
0.11154092842371624
0.11181139486688542
0.11221659297237213
0.11190892209288121
0.11184717602109957
0.11115680099673306
0.10985688736797919
0.11006995447715968
0.10869929925871095
0.11033805695205977
0.11002517438179203
0.11023552638627412
0.11029322187821607
0.11084684381495476
0.11196673758567964
0.11134834504423209
0.1110749602699851
0.11042309794145158
0.11041586047968288
0.10883500021474908
0.10919153414903196
0.1079428040012977
0.10872770617454802
0.10791305762812904
0.10821632679391
0.10846222179565516
0.1083346945159716
0.1086329906017912
0.109747797155257
0.11045894667121801
0.11045894667121801
0.11039771181039543
0.11120745802460344
0.11057752922006811
0.11166779315100157
0.11053403358521734
0.11053403358521734
0.10966795393971839
0.10939075621313757
0.10937768880209817
0.1098699789100365
0.11072025143722171
0.11068158123792583
0.11071829013183543
0.11071829013183543
0.11094359595932367
0.11094359595932367
0.11094359595932367
0.1124612952600433
0.11325025214883833
0.11191390621570035
0.1118521077008088
0.11033181516464907
0.11058238855610786
0.10984842235106286
0.11008478622890625
0.10962600353012188
0.10946074184188351
0.10914677642877448
0.10903960229429123
0.10962437391367066
0.10998083770058022
0.10998083770058022
0.1102666326220404
0.1102097172656272
0.1102097172656272
0.11062108639632011
0.11062108639632011
0.10974192146909657
0.10952470972952778
0.10950997527238354
0.10849865481636818
0.10854612854033652
0.10848820836553526
0.10826985664362361
0.10817735142414785
0.10817735142414785
0.10886087284830433
0.10965321504940712
0.10988564114390331
0.1103316976431601
0.11008602709918315
0.11012628120541126
0.11012628120541126
0.10985749688623242
0.10951533562450817
0.10953416616604374
0.10913817416855705
0.10922100359236872
0.10922100359236872
0.10924132064958561
0.10895918676771463
0.10863327081661175
0.10892246390504193
0.1094610622869258
0.10855277444228342
0.10905219247151327
0.11010361591912514
0.11010361591912514
0.10963463087833036
0.1101539736079887
0.1101539736079887
0.1092931369234008
0.10869732212591342
0.10885430723043099
0.10885430723043099
0.10825264342003794
0.10763587614657114
0.10763587614657114
0.10805453536022085
0.10784828245618237
0.10784828245618237
0.10663707123919008
0.10674239868894977
0.10674239868894977
0.10616944103290722
0.10745318066165192
0.10690044799108887
0.10788623048572756
0.10744589745321025
0.10761967444571735
0.1070868563065427
0.10722741421344582
0.10658818237110709
0.10658818237110709
0.10682319188148659
0.10594967309125328
0.1054908227105541
0.10750524991188565
0.1076476536206416
0.1076476536206416
0.10826608020811901
0.10795746133570024
0.10836486887396106
0.10836486887396106
0.10810841918788502
0.10847369315775895
0.10892565213706082
0.10978381856235608
0.10932931841354358
0.1090832628575007
0.10914373981947854
0.11043076319188438
0.11007122969240148
0.10948943111493632
0.10948943111493632
0.10963238682866025
0.10903553175458429
0.11063825159776389
0.10959509731550697
0.10959509731550697
0.10959509731550697
0.10959509731550697
0.11002776867414919
0.11002776867414919
0.11073539446529963
0.11073539446529963
0.11073930123361432
0.1107174491373537
0.11095109131094248
0.11095109131094248
0.10921932830517761
0.10921932830517761
0.10897282223114504
0.10884760071265387
0.10927188084078397
0.10910531117832929
0.10910531117832929
0.10775631485048687
0.10673367842322631
0.10673367842322631
0.1058727466392959
0.1058727466392959
0.1058727466392959
0.1058727466392959
0.1059663946662734
0.10629679386962344
0.10636289316185212
0.10636289316185212
0.10610688389662078
0.105959904212462
0.1050068356043751
0.10621730550045622
0.10667557176959082
0.10612037344432444
0.10745075450478568
0.10738927055015478
0.10620336425891155
0.10591410311644076
0.10646691053193902
0.1082215741541292
0.10973941714185352
0.10993214720622488
0.10945956271091148
0.11006053102742502
0.11046929079303805
0.11021839217371557
0.10934310754389204
0.10894572217790342
0.10834742318466122
0.10834742318466122
0.108649382705686
0.108649382705686
0.108649382705686
0.108649382705686
0.108649382705686
0.10855921361128382
0.10850060952243072
0.10760079700696533
0.10749559359368549
0.10775596222941053
0.10775596222941053
0.10793607198250228
0.1067052287649025
0.10693324945032905
0.105997322846373
0.10564979588200278
0.10537937255911198
0.1061310157919564
0.10594071719393813
0.10594291659205546
0.10656387671705067
0.10656387671705067
0.10736689967514543
0.10770738553487016
0.10698647764398092
0.10786436083737799
0.10693399723951696
0.10649274252017825
0.10664650868410941
0.1066875125533373
0.10683121749344937
0.10650857329689481
0.10650857329689481
0.10786636770127309
0.10798097149186664
0.10751229606157738
0.10751229606157738
0.10751229606157738
0.10922549540944106
0.10922549540944106
0.10922549540944106
0.10748788074285448
0.10827711673016399
0.10897293376791024
0.10897293376791024
0.10903441500860885
0.10866949113876241
0.10856957690088888
0.10846173867145285
0.10725082701201405
0.10675972534290945
0.10675972534290945
0.10675972534290945
0.10616550145817545
0.10587595950157082
0.10638230073821217
0.10831759471227087
0.10845092774567744
0.10872219598118332
0.10857110218731539
0.10784673147289447
0.10847369490505182
0.10797734388913219
0.10797734388913219
0.10894890673644907
0.10846166752632092
0.10876945629651176
0.10876945629651176
0.10850348259760717
0.10722065341477784
0.10606161046677767
0.10665392132599787
0.10610733744337308
0.10744290123960863
0.10835815617068979
0.108134603666785
0.10815650157024326
0.10815650157024326
0.1074056897153598
0.1091240911361006
0.10962926299656182
0.1080765415793159
0.10803882986862698
0.10774257792906766
0.10774257792906766
0.10801471747725645
0.10695820954122287
0.10695820954122287
0.1065568153500156
0.10646701758041527
0.10605376734012541
0.10683439398626059
0.10690444002164634
0.10613896105606815
0.10613896105606815
0.10538711240948855
0.10538711240948855
0.10534113770649554
0.1075325518840636
0.10772524948053987
0.10850204763914582
0.10850204763914582
0.10850204763914582
0.10875189685573848
0.108326899939176
0.10859144778045093
0.10900319028055548
0.10971285490676991
0.11036949498386979
0.11142831424801204
0.11142831424801204
0.11142831424801204
0.11066792892547991
0.11066792892547991
0.11182470632203563
0.11233595158978837
0.11181393367172404
0.11181393367172404
0.11171098613621046
0.11033071036674962
0.10897334364659277
0.10829208032806507
0.1089121873359807
0.1089121873359807
0.10970592288631466
0.11097499310620393
0.11094206426097569
0.11135605062077669
0.11058440793562539
0.11058440793562539
0.11030948393562084
0.1095967386096185
0.1100876895365022
0.10911823703273159
0.10779628404858696
0.10834749957278826
0.10799308118838664
0.10731150752244685
0.1060010521030458
0.1068472699701781
0.10674541774883366
0.10674541774883366
0.10579512382794029
0.10579512382794029
0.10491056553579767
0.10541281812578193
0.10635688790778161
0.10787840223367892
0.10787840223367892
0.10816622615813301
0.10847742685840962
0.1087838967917421
0.10686794818097563
0.10686794818097563
0.10686794818097563
0.10696777249875647
0.10743630675910693
0.10669861898122733
0.10644185838959103
0.10591891274792406
0.10577965538292974
0.10577719624506364
0.10577719624506364
0.10624566115539914
0.1057180111678542
0.10630712321780236
0.10658486195791109
0.10738809598869567
0.10670896759480397
0.10653518681276918
0.10573224157715963
0.10798882982421892
0.10954777327946648
0.10990220519884066
0.11042951987141046
0.10940665244983472
0.11003438958415097
0.11097179913275176
0.10952203012711996
0.11089311764711161
0.11103266717184042
0.11075610506341661
0.11138297626773812
0.11149432961766022
0.11149432961766022
0.11230033259041422
0.11230033259041422
0.11178966283324376
0.11178966283324376
0.11211470916356109
0.11261488633689197
0.11261488633689197
0.11289965172326766
0.11265376236100003
0.11287939517666769
0.11287939517666769
0.11287939517666769
0.11287939517666769
0.1114482677185808
0.1108974646345395
0.1108974646345395
0.1103511813514994
0.11020877751791804
0.1098306714962664
0.11029027024147385
0.11029027024147385
0.11029027024147385
0.11150534655414183
0.11168332778047112
0.11320813918265173
0.11303456726100783
0.11249190630676069
0.11180138525652424
0.11207887416683113
0.11238854483503394
0.11171824250189025
0.11235702063870553
0.11397303521530876
0.11397303521530876
0.11526052133896832
0.11392923709052458
0.11488294493905482
0.1136187915376655
0.11340519622065882
0.11297810797838652
0.11277875965175269
0.11291554613648719
0.11291554613648719
0.11283711811725558
0.1136013737165359
0.11428467570332036
0.11417693817999539
0.11273895562575795
0.11273895562575795
0.11341423141707355
0.11372458146237643
0.11372458146237643
0.11188330517084964
0.11188330517084964
0.11219099579480935
0.11119829816736666
0.11241197131763123
0.11241197131763123
0.11217512094220344
0.11154595668017367
0.11154341020632952
0.1116866251740189
0.11110852644389244
0.11056580808114569
0.1115865852078189
0.11185483790330752
0.11145792984080674
0.11135545311964269
0.11171344812821775
0.11178531596387828
0.11207770761630986
0.11266006188306427
0.1113520152103638
0.11166172120839829
0.11020809405000949
0.11096203615355307
0.11089335215556151
0.11089335215556151
0.11089335215556151
0.11105190369729699
0.11055991721372381
0.11056821617589765
0.11028744424183622
0.11137383118807359
0.11145475632070496
0.11116557879319923
0.1121865320782927
0.11202520710367941
0.11202520710367941
0.11192616781977077
0.11192616781977077
0.1119669196773779
0.11224648225672212
0.11221592259305475
0.11221592259305475
0.11257066383041753
0.11173516295874016
0.11092959899847846
0.11109609684771352
0.11105421536310721
0.11103843964925847
0.11064711535545846
0.11064711535545846
0.11008973495535616
0.1106213729017565
0.11119644624202359
0.11036141990709235
0.11211086405314682
0.11201508279111731
0.11201508279111731
0.11264923750210512
0.11310133434424013
0.11336296415301461
0.11386405708304999
0.11386405708304999
0.11424032419738474
0.11560102645680413
0.11564444625655716
0.1155296724740032
0.11406277350333897
0.11406277350333897
0.11313700554070345
0.11412416421745743
0.11463693014811457
0.11503101618308574
0.11505582488153752
0.11409985598015324
0.11409985598015324
0.11436846997899518
0.11436846997899518
0.11403009350134455
0.11412921689662546
0.11402982636892992
0.11395008586284872
0.11376758014887417
0.11341417223239433
0.11341417223239433
0.11435863025365987
0.11435863025365987
0.11427581910025361
0.1142887580001761
0.11315950272288068
0.113437146275042
0.11455279394220313
0.11455279394220313
0.11519327675894432
0.11519327675894432
0.11577697045603377
0.11520449868854074
0.11430902332768117
0.1151416777178702
0.11505072781220047
0.11505072781220047
0.11589815239366702
0.11462305834209437
0.11426563680246918
0.11406591316433641
0.11450886984503784
0.11428304668257992
0.11428304668257992
0.11420154613803211
0.11447977229660636
0.11447977229660636
0.11365468492957848
0.11345649403561238
0.11341006032453438
0.11346349884144247
0.11396743758712423
0.11396743758712423
0.11396743758712423
0.11498599033823444
0.11356455700029039
0.11366490949137073
0.1130416151420386
0.11298792310266977
0.1132509609232171
0.11373703301358193
0.11288292345028907
0.1129609090782462
0.11291641850927792
0.11313691512774172
0.11313691512774172
0.11161335979854214
0.11110175176042766
0.11152374147671562
0.11188385609404364
0.1127655394739173
0.1127655394739173
0.11205124752582019
0.11205124752582019
0.11363192940154725
0.11402155580856002
0.11369232961342021
0.11377462788303228
0.11284781083336859
0.11349482779168903
0.11349482779168903
0.11366175825076448
0.11365419492855384
0.1154834333536217
0.11554506776254198
0.11554506776254198
0.1156094953423474
0.11534798809771964
0.11603359007011091
0.11603359007011091
0.11603359007011091
0.11686556330835217
0.11629314533269094
0.11629314533269094
0.11636541392235648
0.11673342706430725
0.11673342706430725
0.11673342706430725
0.11673342706430725
0.11584562461986349
0.11467335058260526
0.11346736049233364
0.11346736049233364
0.11345763596816576
0.1117634375020174
0.11230493058586216
0.11199353930747852
0.1118500185634247
0.11110886563722606
0.11071271327007656
0.1097795503280811
0.1108523469741015
0.11037583690425938
0.10999106969415227
0.10999106969415227
0.10999106969415227
0.10914188181238942
0.10854956496564377
0.10854956496564377
0.10854956496564377
0.10854956496564377
0.10854956496564377
0.10717136001042088
0.10668521391894477
0.10766871647853116
0.10766871647853116
0.10910862179478387
0.10968737059703583
0.11066452970886212
0.10993739764451316
0.1112099450641655
0.1112099450641655
0.1112099450641655
0.1112176712817924
0.11123836047391066
0.11123836047391066
0.11055894424458788
0.11016863864161332
0.11027805255887055
0.11031275589786767
0.11031275589786767
0.1101285898411392
0.11016780614077491
0.10875501386084155
0.10880742194963951
0.10880742194963951
0.10885841764285555
0.10982973869972582
0.10952709395676381
0.10822385266192124
0.10885247383896327
0.10895363303649143
0.1083689229781008
0.1079231294348673
0.1079231294348673
0.10822933807624814
0.10780294179743985
0.10839428629961351
0.10978238296461472
0.10978238296461472
0.11054350796788616
0.11054350796788616
0.11054350796788616
0.10917388114127499
0.10793954540777854
0.10806217105166967
0.10826148110392649
0.10823630935090688
0.10957686105359882
0.10842507584733775
0.10866688827455473
0.10859209601709792
0.10983571723683588
0.11004595897561006
0.11081061892117178
0.11094433332831476
0.11098883259475056
0.110825777005426
0.11038495637814774
0.11038495637814774
0.11038495637814774
0.11034764353942242
0.11104021352400915
0.11027991927109054
0.10945228811168821
0.10986485899142548
0.10942966925228838
0.10954567491330806
0.10844659775121683
0.10844659775121683
0.10805860559703247
0.10770523875892814
0.10745780142513894
0.10786806013730123
0.10791924543727092
0.10752577601369125
0.10752577601369125
0.10752577601369125
0.10718868840727748
0.10649820083221667
0.10649820083221667
0.10694941906255605
0.10695872666160317
0.1069692544018785
0.10676952919144368
0.10815480040519863
0.10851477619095883
0.10851477619095883
0.10814287195002326
0.10728859396698304
0.10843219203993533
0.10831978555191181
0.1089409676865478
0.109333502857427
0.10950606677659282
0.10847117454154931
0.10847117454154931
0.10997447029500991
0.10997447029500991
0.10997447029500991
0.10927671647595594
0.1085694679606397
0.10834974531981172
0.10833896669545721
0.1082887190195016
0.10748976985335504
0.10748976985335504
0.10813655511869136
0.10791893861385435
0.10839677248415285
0.10860946321822902
0.10928221390048434
0.10928221390048434
0.10954959497800343
0.10961223914189547
0.10896756938563226
0.10896756938563226
0.10918502997175354
0.10996016046529344
0.10972814047885651
0.11113925450993567
0.10978911705889433
0.10903307039577155
0.10902233072202108
0.10902233072202108
0.10902233072202108
0.10906216979018206
0.10861680902653123
0.10861680902653123
0.10861680902653123
0.10861680902653123
0.10861680902653123
0.10870852680226534
0.10870852680226534
0.10742255185413017
0.1075754413391268
0.10737977258258934
0.10775488326470484
0.10775488326470484
0.10775488326470484
0.10775488326470484
0.1088941612372873
0.10955171117308563
0.10974234509487654
0.10974234509487654
0.10974234509487654
0.11024257059696901
0.11024257059696901
0.11122610522194713
0.1108247044228551
0.11060346364932847
0.11055238020388962
0.11007045812359013
0.11044191796043203
0.11044191796043203
0.11018181105572003
0.11048102070269962
0.11156688466393665
0.11159240832006953
0.11083757663096648
0.11055866395153018
0.10964770208529184
0.11010119377315387
0.11102328285156703
0.11191667003849093
0.11191667003849093
0.11031633996527734
0.11031685874473912
0.11040172557502949
0.11040172557502949
0.11092599271685151
0.1098514074207975
0.1098514074207975
0.11081950880966152
0.11092704969908504
0.11093900617355248
0.11070819809477038
0.11084921044636496
0.11135201151279354
0.11115268124850439
0.1115847157111702
0.1115847157111702
0.10999268943292631
0.11082282196193323
0.11145320714750925
0.1113056663556635
0.11106221791718632
0.11179690584914942
0.11211566402717285
0.11211566402717285
0.1130368937692818
0.1130368937692818
0.1130368937692818
0.11314692969159847
0.1133976283814286
0.11466031344744375
0.1143691516938838
0.11300651049295497
0.11300651049295497
0.11302478642635602
0.11243519582600536
0.11332590195593205
0.11311512100495057
0.1139500854866557
0.11399239568244793
0.11303308857725244
0.11361828243881865
0.11361828243881865
0.11351035301628545
0.11351035301628545
0.11351035301628545
0.11341326708311567
0.11239029905278623
0.11375989541268629
0.11345574022882894
0.11344730578463301
0.11340586060008603
0.11278007222763732
0.11370533764451136
0.1133457449006022
0.11344089601309794
0.11345869757071864
0.11345869757071864
0.11345869757071864
0.11397621979009101
0.11388504929551983
0.11388504929551983
0.11292805334555252
0.1138607714192573
0.11313718676002545
0.1130501907513879
0.11320090874588888
0.11372605681469594
0.11299489208668008
0.11299489208668008
0.11311617907360447
0.11357586571566382
0.11430666313993523
0.11404974507919656
0.11270274758579783
0.11270274758579783
0.11270274758579783
0.11258718113319455
0.11258718113319455
0.1127017133428913
0.11204752236309583
0.11319508147646659
0.11400412106592515
0.11403811943852298
0.11403811943852298
0.11313000758231267
0.11354014044712796
0.1136491077582623
0.1134467516077357
0.11384985822311991
0.11384985822311991
0.11346198230245648
0.11405936076894396
0.11341843884171737
0.11258655198180394
0.11261557080688749
0.11326678198517566
0.11347181039026126
0.11395606176993664
0.1133084802526207
0.11428393313914129
0.11442715956576036
0.11454449668381525
0.11454449668381525
0.11454449668381525
0.11545815994922742
0.11525515187277399
0.1150495886573968
0.1146800806643315
0.1150779177503703
0.11408816229825115
0.1140685636902995
0.11516214834230351
0.11285430790571227
0.11285430790571227
0.11275957564908114
0.11230891276330135
0.11407798438601785
0.11458767198073151
0.1141402770059199
0.1141402770059199
0.11412796761554761
0.11460075548427719
0.1150106001643201
0.11419605353086316
0.11374309474840856
0.11491843859791308
0.11491843859791308
0.1148044870375934
0.1159621241489204
0.11645410705741004
0.116533749168157
0.116533749168157
0.11469077733966465
0.11545625549575779
0.11475857565967255
0.11379432774165889
0.1137043527984212
0.113784379821854
0.11273340957597332
0.11233564134982628
0.11188753272273443
0.11296571099794285
0.11296571099794285
0.11318950511262119
0.11318950511262119
0.11362087850289489
0.1133570793577973
0.11437153242640029
0.11422889758079069
0.11242708706119175
0.11285105733809808
0.11221310197005828
0.11221310197005828
0.11245231727125984
0.11271871884638046
0.11124909036472948
0.11128964720120861
0.11278902247922928
0.11296018783557242
0.11283935017764748
0.1127620306943218
0.11223805708477175
0.11171097116874275
0.11174229784395553
0.11164919698523984
0.11167807710023332
0.11253808401912337
0.11305722737191848
0.11340733246297603
0.11340733246297603
0.11340733246297603
0.11267601107898878
0.11202546752815838
0.11180718362769866
0.11226785510906376
0.11246993931404972
0.11246993931404972
0.11313093685220953
0.11417570124471271
0.11332849698609704
0.11352595001804626
0.11352595001804626
0.1146695766081093
0.11487543707726162
0.11371238104081502
0.11371238104081502
0.11371238104081502
0.11371238104081502
0.11431025519667674
0.11382362519428889
0.11418707764672106
0.11418707764672106
0.11418707764672106
0.11418707764672106
0.11448736359006133
0.11374927621620871
0.11374927621620871
0.11354519854744376
0.11354519854744376
0.11538305789360621
0.11447157848715862
0.11495297220414046
0.11446739789719164
0.11349423521988508
0.11345806207302851
0.11245771537209409
0.11249401850999179
0.11173925645729758
0.11197377988299083
0.11197377988299083
0.11113726649730192
0.11113726649730192
0.11177418097034617
0.11177418097034617
0.11220033176285178
0.11127840481955036
0.11130439217982978
0.1111976190488811
0.1111976190488811
0.11143329955742959
0.11169945723776763
0.11205740489303452
0.11107043566254572
0.1106919135489074
0.1104967297056477
0.11069160395821342
0.10994645894996145
0.10994645894996145
0.11098088444614437
0.11145120774519271
0.11151311511583027
0.1103432692554985
0.11040803469482821
0.11043261844309628
0.11112212158019805
0.11074752530319815
0.11009577141447009
0.10992121932621296
0.10970796369176947
0.10970796369176947
0.11098987340528049
0.11062157536116281
0.10910754293750385
0.10842148544964297
0.10842148544964297
0.10815192134358366
0.10887990651587184
0.10887990651587184
0.10944293873138784
0.10795616352632843
0.10951301517285394
0.11017755708751617
0.11036026989022933
0.11032826573436463
0.11032826573436463
0.11005355308706917
0.11018611962799318
0.11000541156885671
0.10927606298162103
0.10985856867888438
0.10962396458922162
0.10962396458922162
0.10871763318761753
0.10833411566599951
0.10721791677574959
0.10748843407193177
0.10735842535110507
0.10734525311440463
0.10780462176488896
0.10718288771283074
0.10619971465245823
0.10658482228505406
0.10627765667714607
0.10653718286687433
0.10580069021528513
0.10773754830827734
0.10716457807592703
0.10716457807592703
0.1068794165882262
0.10662252779729867
0.10642672537840783
0.10642672537840783
0.10642672537840783
0.10642672537840783
0.10624366067594108
0.10762965205713693
0.10830873758389248
0.10876651919930232
0.10898655115845812
0.10885718156255865
0.10888481447927204
0.10716453171986064
0.10670290918997749
0.10670290918997749
0.10595138494892123
0.1066789568811979
0.10687210741032016
0.10834116946530718
0.10772398996229136
0.10772398996229136
0.10787966201846705
0.107268271515383
0.107268271515383
0.10743551754988785
0.10811986638642213
0.10811986638642213
0.10811986638642213
0.10810252066081301
0.10766275691546684
0.10728148259485935
0.1069397123948194
0.10678355229650972
0.10767184049310764
0.1077696716508916
0.10793802386997256
0.10809625367627608
0.10790328325353264
0.10790328325353264
0.10809932078498805
0.1087351614883071
0.1087351614883071
0.10834524370648038
0.10893639404704725
0.10868301005233007
0.10819594619416698
0.10798892670107783
0.10884268123358168
0.10884268123358168
0.10835364501286085
0.10905457023367275
0.10905639346581436
0.10954937312553717
0.10871812696078845
0.10871812696078845
0.10827887724047186
0.10790927182984275
0.10849666014658187
0.10939310784815885
0.10875683749217865
0.10794609280988741
0.10838742472165364
0.1088122914387432
0.11035192188641439
0.10988775841234093
0.11041831688942758
0.11041831688942758
0.1110333113959277
0.11086101449762567
0.10939415853846339
0.1106174169006562
0.11036762723766308
0.10953480014488094
0.11118273147383029
0.11054150239186966
0.11046780552252732
0.11046780552252732
0.11086749771096538
0.11011793878265515
0.10993746604485222
0.10993746604485222
0.10993746604485222
0.11034192436823866
0.11067942609123593
0.10975789951924435
0.11074329646340404
0.11045759078030634
0.1119130351184494
0.1119130351184494
0.11179016777226006
0.11041203162419724
0.11027793237977006
0.1111717109945133
0.11152264124018167
0.11126001929882132
0.11049857322475658
0.11031466667337485
0.1093854646696748
0.11055207665055805
0.10983088556678293
0.11005791389093741
0.10944727299939681
0.10939727162750558
0.11040238847907773
0.11092563302367507
0.11094702602103466
0.11058694318651985
0.11262492965547186
0.1128886685279453
0.1128902327749624
0.11275318646879011
0.11100039343502775
0.1100564792603646
0.10993217880179812
0.1103546289218227
0.1096572859312598
0.10895212947915796
0.1086052294028668
0.10878213917005217
0.10814192708470567
0.10958625920039557
0.1105929378516655
0.1113246048773387
0.11153147997042251
0.11162730512223971
0.11151547543414875
0.11151547543414875
0.11107748929034271
0.11125992629959332
0.11101189860634035
0.11019943001071249
0.11115376169012565
0.11075309930276622
0.11034205038951636
0.11096230722606266
0.11121695593399814
0.11121695593399814
0.11096049042392744
0.11070460256013549
0.11041808871973137
0.1098323186357286
0.11092088245114186
0.11059553974839696
0.11059553974839696
0.11027322741807984
0.1107714318743701
0.11007661212255192
0.11077338285915114
0.10936017329187274
0.10879346148327036
0.1091829452284761
0.10851314921493271
0.1082553887297242
0.10843058049944845
0.10761414184696616
0.10797073447253608
0.10831424970817391
0.1084772518792406
0.10822196230828698
0.10793932052106961
0.1082837147375473
0.1079031926613884
0.10838723179522645
0.10838723179522645
0.10838723179522645
0.10892404271418263
0.10911249664583565
0.10876000936728072
0.10765384374117756
0.10838400178022149
0.10899191856373104
0.10899191856373104
0.10880604865893449
0.10831964050744337
0.10966542021090556
0.10904718843079296
0.10985416825459383
0.10985416825459383
0.11045653848640072
0.11030166970015073
0.11103743666347968
0.11173247145366873
0.11230883876731476
0.11176001728855137
0.11293728444381083
0.1132356710119607
0.1132356710119607
0.1132356710119607
0.1132356710119607
0.1132356710119607
0.11280247459383777
0.1119406425678145
0.11046918049994603
0.11101863327329171
0.11124708771417609
0.11124708771417609
0.11190924702589888
0.1106668390079397
0.1106668390079397
0.1106668390079397
0.10977498133957987
0.10977498133957987
0.11021153152231716
0.11021153152231716
0.1099702494622006
0.10969294455649578
0.1091602067150824
0.10867405979547211
0.10834291770804517
0.10806951102082965
0.10794614970501269
0.10884754756129399
0.10901426217670003
0.10868725161043072
0.10868725161043072
0.10859719298291497
0.10809191754169296
0.10825568826343164
0.10803433704333709
0.10868026972617244
0.10927325366718722
0.10735763823248214
0.10735763823248214
0.10780443842213368
0.1079929181818274
0.10750352857608955
0.10750352857608955
0.10772857236007881
0.10737382464878832
0.10759701903145909
0.10914167946936691
0.10795442431909037
0.10681872377284402
0.10743745366431227
0.10743745366431227
0.10743745366431227
0.10711798331809365
0.10738259281258793
0.1074187628638944
0.10604403065577676
0.10603003399225791
0.10625697150200934
0.1058326191676663
0.1058326191676663
0.10586193298555358
0.10585615425077288
0.10630133844505894
0.10630133844505894
0.10630133844505894
0.10630133844505894
0.1074310770454589
0.1074310770454589
0.10715189175883531
0.10716106955598748
0.10716106955598748
0.10757915968449983
0.10757915968449983
0.10804304212818945
0.10858248103539704
0.10940091184219239
0.10828228247831395
0.10828228247831395
0.10905196780701815
0.10918148095236442
0.11013138865002547
0.11011663669541444
0.11081423652488841
0.11170657704977953
0.11154195400635813
0.1112265339152114
0.11114581706117918
0.11114581706117918
0.11021417661666272
0.11021417661666272
0.11003575148620333
0.11025780025099323
0.11057754614451484
0.11093488734072883
0.11169425512535133
0.11081313234911916
0.11081313234911916
0.11089745462608631
0.11089745462608631
0.11014518846502362
0.1114010571383824
0.11160040691026679
0.11160040691026679
0.11160040691026679
0.11117446114312819
0.11060239810285487
0.11060239810285487
0.11004427943204434
0.10921857981911115
0.1088007632652575
0.11047596867681003
0.11013160917776248
0.1113730103994521
0.1113730103994521
0.1113730103994521
0.11104857342563815
0.11085167596345127
0.11109108504528391
0.11025034136401721
0.11025034136401721
0.10938468832219223
0.10957310771570629
0.11000167248821227
0.11007602639181989
0.11007602639181989
0.11007602639181989
0.11117111441711938
0.10987125821510398
0.10987125821510398
0.1108556588399373
0.10993104907379546
0.10978480419760997
0.11040726454437043
0.10986675125629886
0.10993757879916885
0.11159331705455175
0.11320952061528525
0.11298932410669665
0.11269767749363173
0.112366156067235
0.11198696196030708
0.11215036477732497
0.11166791073679105
0.11215810360124552
0.11215810360124552
0.11269478994655527
0.11264252461632308
0.11264252461632308
0.11273217869140176
0.11255234916136185
0.11255234916136185
0.11255234916136185
0.11277831136209329
0.11133732877487407
0.11133732877487407
0.11129589479044669
0.11197328699329578
0.11220875562039513
0.11351294590302
0.11340943697896808
0.1133473197554665
0.11347696318883442
0.11347696318883442
0.11318304523745365
0.11234286057432738
0.11169197204234246
0.11097890995435211
0.11095016170113205
0.11143118580060839
0.11170051319986725
0.11150189977486395
0.11278453935817448
0.11106434838051138
0.11236209985249983
0.11236209985249983
0.11193349858500948
0.1124168584631574
0.11217654939490904
0.11158347410650667
0.11143511344652768
0.11143511344652768
0.11023460598964252
0.11023407415689508
0.11023407415689508
0.11005144138883421
0.11044542842120146
0.11117159501103244
0.11029889667065468
0.11029889667065468
0.1100927382023787
0.1100927382023787
0.10922171304079031
0.10933232983793188
0.10942047068021511
0.10926295185910327
0.10920001990520645
0.1088197447241664
0.10897639575234921
0.10974465114632646
0.10917300478919748
0.11041035531841843
0.11041035531841843
0.11039792776060849
0.10967266520573782
0.10855164871721384
0.10927624104826988
0.10927624104826988
0.10860029294032456
0.10860029294032456
0.10860029294032456
0.10853816708284321
0.10928612176212098
0.11008411553509027
0.11008411553509027
0.11059010014462908
0.11059010014462908
0.11059010014462908
0.10909699553078782
0.10956588137680638
0.10956588137680638
0.10941411769182752
0.10941411769182752
0.10885215028250465
0.10911747873116794
0.10974920405180738
0.10937070536273233
0.11077781174144727
0.11079008654720729
0.1112492340270763
0.10990683112086548
0.11095287480509637
0.1110670186795853
0.11097000216122581
0.11160264481418983
0.1118688217025122
0.11144132586587718
0.11132285328166497
0.11132285328166497
0.11145496450692739
0.11234281724341035
0.11292531303877741
0.11213946147666903
0.1120405154227343
0.1119573050946463
0.1119573050946463
0.11024602584514862
0.11024602584514862
0.10940137004156925
0.11022096440242024
0.11128308054910556
0.1115672488006836
0.11211893798683567
0.11211893798683567
0.11201323185531403
0.11167821416932229
0.11213598898822529
0.11259354256950996
0.11270949079624708
0.11270949079624708
0.11255606665360542
0.11262281428788139
0.11158759138104729
0.11158759138104729
0.11250786073480655
0.11130142662752758
0.11130142662752758
0.110915297821245
0.11039959797561971
0.11051772755759186
0.11031591272544422
0.11077132144949095
0.11295512529150366
0.1126298757691704
0.11274899333871403
0.11284158012162564
0.11214531822298905
0.1123393174075878
0.11257217721155927
0.11333132296098626
0.112528420069995
0.11167960815487839
0.11091265757953069
0.11106414540337829
0.1108137445487527
0.1108137445487527
0.11115101149616492
0.11105169419072554
0.11105169419072554
0.11138581646773073
0.1118597219610464
0.11095524599965009
0.11095524599965009
0.11049090834310342
0.10965269313663878
0.10984777140420726
0.10861693628853338
0.10841218520144551
0.1095478294259576
0.1091579944590088
0.1091579944590088
0.1091579944590088
0.10984875781056475
0.10929723551101816
0.10862157249070085
0.10862157249070085
0.10735459042502905
0.10735459042502905
0.10702587747867283
0.10707264499179088
0.10707264499179088
0.1077306849626274
0.10938820239956588
0.10938820239956588
0.10803388314394882
0.10819045607638964
0.1091206514138021
0.10959901593209612
0.10983781218850736
0.1089925897199402
0.10976267388140509
0.10976267388140509
0.10866354882658033
0.10848522622510848
0.10812219747247787
0.10748386052144375
0.10767304216326982
0.10744732169797189
0.10638658674505211
0.10697858349788901
0.10770500051226999
0.10814363667596331
0.10778335602601558
0.10778335602601558
0.10864699534897133
0.10690128660523615
0.10666233927427135
0.10811792901762769
0.10798484465424422
0.10746174379491884
0.10830494082955351
0.10806486809412522
0.10745582166973495
0.1063570240033236
0.1063570240033236
0.1063570240033236
0.10688158265090891
0.10708483017166817
0.10708483017166817
0.10708483017166817
0.10650175993748319
0.1068797833900783
0.10742703039754876
0.10688474020126235
0.10736477644204223
0.10826722839145435
0.10745901206038469
0.10787388815396615
0.1084744182611324
0.10867576189856194
0.10733263945373703
0.10769962325211353
0.10877044542287476
0.10910787575615512
0.11007069823450258
0.11078513480784172
0.11078513480784172
0.10941906924123607
0.10927654621387516
0.10943389719147474
0.10815386115485404
0.10928948820069159
0.10824190557113339
0.10981985711390926
0.10964954185833549
0.11078026402225452
0.1115032396828005
0.1115032396828005
0.11123582057841491
0.11138316138961897
0.11101425450860725
0.11115177846350494
0.1100623626435447
0.11076844130873975
0.11109425046937808
0.11178996550388816
0.11178996550388816
0.11178996550388816
0.11229314785596099
0.11084797401020981
0.11054347141678875
0.11054347141678875
0.11097830542716829
0.1103049984434626
0.11212888171634645
0.11212888171634645
0.1121033483862058
0.11083858147254866
0.11063034704821996
0.10943801134484436
0.10871783678046268
0.10936761762100383
0.1098407013410617
0.10949491106773042
0.10949491106773042
0.10922926573658501
0.10922926573658501
0.10888000139592911
0.1091398340814385
0.10979369849055828
0.10870362536464605
0.10860490939517492
0.10788797913320931
0.10788797913320931
0.1083780777546125
0.1083780777546125
0.1076902519481837
0.10811549130648405
0.10811549130648405
0.10745274352272428
0.10781927528592768
0.10735003311593708
0.10735003311593708
0.10788108215425225
0.10788108215425225
0.10712301106326498
0.10851851755624867
0.10870952203729745
0.1081048268733639
0.10786030055928258
0.10747577211583562
0.10659659569688999
0.10617208954269187
0.10583787041735022
0.10583787041735022
0.10541661362550236
0.1054653379516699
0.1054653379516699
0.10586427167129474
0.1056098276114401
0.10556074328404347
0.10435181280655738
0.10435181280655738
0.1036818251582014
0.10488820451793018
0.10413070200068371
0.1038331236024257
0.10459624674272884
0.10459624674272884
0.10459624674272884
0.10459624674272884
0.10508469062525615
0.10328021711295077
0.1039644689543435
0.1039644689543435
0.10369479171042494
0.10359520640212658
0.1044789634326112
0.10351245150402184
0.10314514261619481
0.10341734850572012
0.1032672513936598
0.10374502078799896
0.10388111945474375
0.1036749665420823
0.10361834790829016
0.10404976869776394
0.10382422433257274
0.10382422433257274
0.10405874534050903
0.10364531121066785
0.10374825050715991
0.10566246896743176
0.10522559531685512
0.10389143211826012
0.10321441008838766
0.10272459525674443
0.10274516915183467
0.1023898707133587
0.1042357679483123
0.10481162987260866
0.10582327140369617
0.10660856411877452
0.1074726085615105
0.10689665172694478
0.10689665172694478
0.10689665172694478
0.10773743080530085
0.10750572191196009
0.10712228551246945
0.10667050137855351
0.10557659699670907
0.10586046429949125
0.10536440620448073
0.10572369425240838
0.10600225851131487
0.10709730856410718
0.1062856921513575
0.1062856921513575
0.10409478114954161
0.1050733516261761
0.10565366929194013
0.1067536339474217
0.10622759811920873
0.10785031379423937
0.10781729349513457
0.10730446399191626
0.10730446399191626
0.10625725788161086
0.10538669026429576
0.10538669026429576
0.10498028645424896
0.10611123236725159
0.108127239578461
0.1070760276137968
0.10851812541569952
0.10738756502131042
0.1068865894079691
0.1068865894079691
0.1076334144848827
0.10709535229921258
0.10651915049363954
0.1070460655506839
0.10610091302799948
0.10610091302799948
0.1071890681987191
0.10763481510609713
0.10779935971359508
0.10779935971359508
0.10756950566645995
0.10756950566645995
0.1075697264078838
0.10784322257183816
0.10897392383664327
0.10858632427420824
0.10885485093844015
0.10885485093844015
0.1083368357534319
0.10791023952059159
0.10819723168939789
0.10669486111181417
0.10707852838819645
0.10789928911990153
0.10710812408427144
0.10728171554804887
0.10784767354397924
0.10784735390702063
0.10784204561632096
0.10857601421773766
0.10906279464935066
0.10865783336383945
0.10852812212137199
0.10833736193070147
0.10831632398089139
0.10768315416413383
0.10688283681346246
0.10687053737865217
0.10597957055216699
0.10624955380669146
0.10599621817425171
0.105774546550731
0.10699262029182846
0.10626961062448938
0.10640052619062405
0.10721749078441138
0.107361494705631
0.10610260312413207
0.10531786435368452
0.1061119028250339
0.1061119028250339
0.10593053708023392
0.10649543174899896
0.10655998040742744
0.10655998040742744
0.10553316530767999
0.10597291942905067
0.10601907687680455
0.10658372805769278
0.10599338800458205
0.10573844293643232
0.10589817919922498
0.10589817919922498
0.10589817919922498
0.10638774216663359
0.10668046036805254
0.10668046036805254
0.10673385356871234
0.1065518318675634
0.10573244265439286
0.1054019583856112
0.10550242257787863
0.10550242257787863
0.10468434772868665
0.10534438645315244
0.10525731275637455
0.1059182612520259
0.10658954040768255
0.10799865521920425
0.10832957516646408
0.10924971922770539
0.10940683940981731
0.10844453694009967
0.10738641165600701
0.10701626384503557
0.10631466697794634
0.10631466697794634
0.10604829718696654
0.1057053432798757
0.1055881043550171
0.10609395015317573
0.10688438969753558
0.10768124423657514
0.10691272270512539
0.10724482634409256
0.10741805493470605
0.10870347854042353
0.1093386762944111
0.10765696795814393
0.10867678260206876
0.10875683393495567
0.10962284456850849
0.10915615135786337
0.10941604438748255
0.10885964242905678
0.10885964242905678
0.10885964242905678
0.1089503871852504
0.10888598760065098
0.1076629377955738
0.1076629377955738
0.10691873553069928
0.10557208266383578
0.10557208266383578
0.10557208266383578
0.1059550793917887
0.10635336977548589
0.10693864697925096
0.10678376516846934
0.10694268500160935
0.10488336548033296
0.104201797544439
0.10415378189445162
0.10479572598913543
0.10392897028110418
0.10499564982760277
0.10406048214231707
0.10461977562869268
0.10461977562869268
0.10461977562869268
0.10342252354701474
0.10342252354701474
0.10316904676541111
0.10432360647694863
0.10399954942526858
0.10560815822373175
0.10672718606054124
0.10829707480928988
0.10820760393296645
0.1074181276266441
0.10752724003059877
0.1062113395420584
0.1052796994539971
0.10580637162195197
0.10580637162195197
0.10580637162195197
0.10580637162195197
0.10651606861322874
0.10567042738041284
0.1055951967001529
0.10532267885635152
0.10570025350786352
0.10531863864632046
0.10459590659785399
0.1042953893561828
0.1042953893561828
0.10479372929679238
0.10458352078290027
0.10675806874163314
0.10675806874163314
0.10698056578199631
0.10671110230837112
0.10744860657966677
0.10730865717585668
0.10696109567012309
0.10861695512638367
0.1078752362558882
0.10939417720197775
0.10791216698756878
0.10791216698756878
0.10760216688442859
0.10769522140267401
0.10782581706035625
0.10880778346345886
0.10880778346345886
0.10949627547323966
0.11053677316995465
0.11080054612309502
0.11054342222295535
0.11054342222295535
0.11078718660418371
0.11037900269329462
0.11037900269329462
0.10963582353507237
0.10963582353507237
0.10904493150531418
0.10998031458951553
0.10998031458951553
0.1084706735565153
0.1084706735565153
0.10872537833836893
0.10938809692852447
0.10842430585345897
0.10829851237951829
0.10846370980988582
0.10846370980988582
0.1095909255440397
0.11015863553648056
0.11000073779191309
0.11044705711217155
0.11033855323980639
0.10995961866385054
0.10974732148748464
0.1085853404422587
0.10781590772351353
0.10793684742646856
0.10829873468764205
0.10836246018106803
0.10793258873409653
0.10793258873409653
0.1079770425842608
0.10778361932051005
0.10789636773523678
0.10790425870443694
0.10813856980776035
0.10803324554191512
0.10783280042386505
0.10783280042386505
0.10783280042386505
0.1084468238111867
0.10925952814472456
0.10768197746781902
0.10787692976477387
0.10809169895601875
0.10789452370985311
0.10872020450500214
0.10871089819943602
0.10896316120476951
0.10868638114753033
0.10868638114753033
0.10850149955316968
0.1077904350216899
0.10872388305347364
0.10903875238402115
0.1083819347267009
0.10822511058747294
0.10795839555014232
0.10686973675144343
0.10697015620530947
0.10625748245787009
0.10716706695089764
0.10775398971417305
0.10896010392268128
0.10781101027791375
0.10790297250787591
0.10780900420727012
0.10778424080799139
0.10807287734459012
0.10807340991936588
0.10806081544179037
0.10842497079983329
0.10804454178842442
0.10806132285082633
0.10891639984598384
0.10803221464407452
0.10912529091244076
0.10912529091244076
0.10883576188581902
0.10962339349547685
0.10962339349547685
0.1087517007262921
0.1087517007262921
0.10804842342565917
0.10797685325117966
0.10819532829954932
0.10822659484472441
0.10822659484472441
0.10822659484472441
0.10822659484472441
0.11002603086742828
0.10942917180560885
0.10942917180560885
0.10874511499991044
0.1085828821956665
0.10839684341069829
0.10839684341069829
0.10829522564566688
0.10829522564566688
0.10735967393606782
0.10736377279044838
0.1080972192392633
0.10621463403911262
0.10621463403911262
0.10630201681306481
0.10630201681306481
0.10676801155962468
0.1073417641363928
0.1073417641363928
0.10559434708513708
0.10559434708513708
0.1068163279568348
0.10696271023332846
0.10696271023332846
0.10704266301366404
0.10643516111975243
0.10643516111975243
0.10600658336066783
0.10610833938876775
0.10604154261928238
0.10743461904606243
0.10745743592404962
0.10727445227611306
0.10780434318171458
0.11017841970180461
0.10951554392996381
0.10927317029302541
0.10789854824604213
0.10789854824604213
0.10789854824604213
0.10789854824604213
0.10936779754913907
0.10936779754913907
0.11052887387227857
0.11103814144617002
0.11047309792924309
0.11047309792924309
0.10983307590567802
0.11074439222926119
0.11074439222926119
0.11105883475914825
0.11179892269033798
0.11203992802567263
0.11210367411960455
0.11188067469450381
0.11188067469450381
0.11179537070532103
0.11140748808553919
0.11140748808553919
0.11172910935364799
0.1113871247662296
0.11092769153120809
0.1115094433561077
0.11168548163422438
0.11190465166322083
0.11119124614253838
0.11186977987518645
0.11079475476338148
0.11099444135359368
0.111431827604372
0.1114363517912096
0.11206142828483101
0.11206142828483101
0.112520320268701
0.11205681258913594
0.11205681258913594
0.11205681258913594
0.11205681258913594
0.11205681258913594
0.11138133191578989
0.11252716700032668
0.11252716700032668
0.11188468641509072
0.11101658054280396
0.11012915069900028
0.11046118163124377
0.11060334116195071
0.1107782276743338
0.11104827229929053
0.11116345723568005
0.11103950378798043
0.11031942218207788
0.10885666469156581
0.10885666469156581
0.10797383776302134
0.10858172386415066
0.10858172386415066
0.10903853622256136
0.10835210822704013
0.10892887396530067
0.11095783891722408
0.11204608089525504
0.11245469398439267
0.11197756728167738
0.11151257211357693
0.11206669317164669
0.11211672997913415
0.11210816610033121
0.11277632833226886
0.114309111004589
0.114309111004589
0.11436699678294016
0.11345158611341889
0.11330749734206899
0.11241648533921474
0.11241648533921474
0.11241648533921474
0.11413284979830794
0.1139644698824442
0.11432621635268053
0.11432621635268053
0.11374715238194408
0.11351970998459347
0.11270516391281757
0.11270516391281757
0.11279877082140997
0.1129872795627433
0.11353396745615424
0.11186090025543803
0.11176533600479878
0.1127464459611016
0.11290619662770511
0.1130135071147196
0.11343110855014633
0.11335575774300505
0.11332369980479323
0.11226174389307834
0.11226174389307834
0.1127860205132606
0.11139414567263804
0.11078847639224126
0.11043554042075246
0.11043554042075246
0.1104417575305276
0.1104417575305276
0.1104417575305276
0.11012933398651256
0.1094143427642793
0.1094143427642793
0.10962362660281033
0.11029070451641036
0.11080860718884251
0.11080860718884251
0.11139085069884948
0.11108711708947877
0.11108711708947877
0.1114829598115018
0.11118236054449507
0.11090079123644377
0.11090079123644377
0.11090079123644377
0.11195087731107148
0.11027154121882429
0.11136648150643902
0.11107414559703287
0.11189503135570955
0.111342802723201
0.11008489247842829
0.10892424170688794
0.10892424170688794
0.10875186743308206
0.10994681848614234
0.11035428501936856
0.1098424230789949
0.1098424230789949
0.11006835276057841
0.11084712583882231
0.10959864912191208
0.110412578831006
0.11074405485396523
0.11180657066816002
0.11122753030000238
0.11200079866613086
0.11129151396059388
0.11129151396059388
0.11142102352043608
0.11143252342299499
0.11193839044391682
0.11229937717275532
0.11158356165794009
0.1098237415154284
0.11096909401904072
0.11083583079804823
0.11065930078688309
0.1106351755057893
0.1096996630309129
0.11057156664943524
0.10921523020308714
0.11017595387688141
0.10916738846209338
0.11030665184718375
0.11039850417247027
0.1108380003346254
0.10967947767239393
0.11032192568096719
0.11032192568096719
0.11032192568096719
0.10990424481379468
0.1101149101302583
0.10980418874461202
0.1126583415541263
0.11259972816201194
0.11259972816201194
0.11259972816201194
0.11210352788158393
0.11210352788158393
0.11161200031017506
0.1118124972882382
0.1118124972882382
0.11070168613092646
0.11124958597425667
0.11119829166819073
0.1106734839318367
0.11102019070080973
0.11102019070080973
0.11102019070080973
0.11102019070080973
0.11178353673827071
0.11087795773420815
0.11135099311643117
0.11064055225096046
0.11026640586609467
0.10999230625189026
0.11179542458219757
0.11181734953044742
0.11347764668302279
0.11376460619885904
0.11313827039794178
0.11313827039794178
0.11329951533369631
0.11370803309407004
0.11351264147705593
0.11351264147705593
0.11351264147705593
0.11338947649115164
0.11310252730049679
0.11249236670454747
0.11281851070803836
0.11266711839460672
0.11208888410861943
0.11190984885659173
0.11279781490610492
0.1125610548260449
0.11268242343796936
0.11240767237542838
0.11240767237542838
0.1126162772563361
0.1132107620137574
0.11289205547203449
0.11289205547203449
0.11276424985602765
0.11283761984895864
0.11209423191052491
0.11232292769219375
0.11299064654309916
0.11314827266669722
0.11301404657860589
0.11301404657860589
0.11301404657860589
0.11213730132340727
0.11213730132340727
0.11267538889896275
0.11349703708981519
0.11271173568054503
0.11276387266493065
0.11311434958237547
0.11201961577132323
0.11235974373405759
0.11235068745165382
0.11235068745165382
0.11292731606372995
0.11390206392492362
0.11345145119300237
0.11252720137089005
0.11252720137089005
0.11293942083332155
0.11295698960786546
0.11316553573358432
0.1136024141759737
0.1136024141759737
0.11429425682122615
0.11448404915207658
0.11448404915207658
0.11448404915207658
0.11508138804520852
0.114684531999305
0.11461888865103398
0.11565661026841577
0.11656394984659679
0.11765270886515038
0.11704007493877597
0.11820203521099479
0.11820203521099479
0.11820203521099479
0.11812021161660423
0.11812021161660423
0.11812021161660423
0.11887819918467213
0.11847958731515705
0.11656106726102691
0.11645238710625178
0.11645238710625178
0.11491461954390514
0.11491461954390514
0.11388379569285381
0.11374896080288058
0.11352721918674363
0.11389775617688044
0.11532335968607134
0.11584371062099112
0.11633493505896335
0.11587170371871132
0.11587170371871132
0.1159950476549393
0.11606708713658336
0.11617213177036795
0.11617213177036795
0.11617213177036795
0.11561364928777837
0.11483014493514615
0.11566423448773955
0.11636516543927601
0.11680408599172955
0.11689978563354395
0.11689978563354395
0.11717031854057057
0.11717031854057057
0.1172310921189982
0.11688456352507857
0.1163137808850696
0.11525505640616822
0.11454090266705216
0.11358726764557739
0.11314131947160551
0.11343640444505641
0.11368804873718992
0.11367869426344075
0.11367869426344075
