0.08649620029297769
0.08649620029297769
0.08649620029297769
0.08649620029297769
0.08649620029297769
0.08649620029297769
0.08649620029297769
0.08649620029297769
0.08649620029297769
0.08649620029297769
0.08649620029297769
0.08649620029297769
0.08649620029297769
0.08649620029297769
0.08649620029297769
0.08649620029297769
0.08649620029297769
0.08649620029297769
0.08649620029297769
0.08649620029297769
0.08649620029297769
0.08649620029297769
0.08649620029297769
0.08649620029297769
0.08649620029297769
0.08649620029297769
0.08649620029297769
0.08649620029297769
0.08649620029297769
0.08649620029297769
0.08649620029297769
0.08649620029297769
0.08649620029297769
0.08649620029297769
0.08649620029297769
0.08649620029297769
0.08649620029297769
0.08649620029297769
0.08649620029297769
0.08649620029297769
0.08649620029297769
0.08649620029297769
0.08649620029297769
0.08649620029297769
0.08649620029297769
0.08649620029297769
0.08649620029297769
0.08649620029297769
0.08649620029297769
0.08649620029297769
0.08649620029297769
0.08649620029297769
0.08649620029297769
0.08649620029297769
0.08649620029297769
0.08649620029297769
0.08649620029297769
0.08649620029297769
0.08649620029297769
0.08649620029297769
0.08649620029297769
0.08649620029297769
0.08649620029297769
0.08649620029297769
0.08649620029297769
0.08649620029297769
0.08649620029297769
0.08649620029297769
0.08649620029297769
0.08649620029297769
0.08649620029297769
0.08649620029297769
0.08649620029297769
0.08649620029297769
0.08649620029297769
0.08649620029297769
0.08649620029297769
0.08649620029297769
0.08649620029297769
0.08649620029297769
0.08649620029297769
0.08649620029297769
0.08649620029297769
0.08649620029297769
0.08649620029297769
0.08649620029297769
0.08649620029297769
0.08649620029297769
0.08649620029297769
0.08649620029297769
0.08649620029297769
0.08649620029297769
0.08649620029297769
0.08649620029297769
0.08649620029297769
0.08649620029297769
0.08649620029297769
0.08649620029297769
0.08649620029297769
0.08649620029297769
0.08649620029297769
0.08649620029297769
0.08649620029297769
0.08649620029297769
0.08649620029297769
0.08649620029297769
0.08649620029297769
0.08830025442567623
0.08830025442567623
0.0884211087431744
0.0884211087431744
0.0884211087431744
0.08973520089607946
0.08973520089607946
0.08973520089607946
0.08973520089607946
0.08973520089607946
0.09019333969806771
0.09019333969806771
0.09019333969806771
0.09054854406888779
0.0905809814627421
0.09091583036773615
0.090886794745192
0.090886794745192
0.09116167822386702
0.09181577060300357
0.09194021833003473
0.09204129100008211
0.0924199827584071
0.09238025387664078
0.09154117277802908
0.09154117277802908
0.0915327917147923
0.0926024704365214
0.0926024704365214
0.09237485869973913
0.09237485869973913
0.09213779486405503
0.09213779486405503
0.0926180053140781
0.0930798488611009
0.0930798488611009
0.09452968316175052
0.09476219051525082
0.09496035255697198
0.09469197695327633
0.09469197695327633
0.09469197695327633
0.09451644409678284
0.09443387890488152
0.09443387890488152
0.09443387890488152
0.09443387890488152
0.09443387890488152
0.09454767255704165
0.09454767255704165
0.09508614434557686
0.09508614434557686
0.09508614434557686
0.09508614434557686
0.09540378130400172
0.0951952429127377
0.09590753747428964
0.09625365462349134
0.09612976338380225
0.09591308246914021
0.09591308246914021
0.09591308246914021
0.09810321220586428
0.09810321220586428
0.09810321220586428
0.09810282337049549
0.09810282337049549
0.09810282337049549
0.09941248807149891
0.09941248807149891
0.09916711241186893
0.0992246748448246
0.09821434900641023
0.09821434900641023
0.09858321945564752
0.09858321945564752
0.09900602978031924
0.0988984894235972
0.0988984894235972
0.09932397778946453
0.09932397778946453
0.10087574976246733
0.10087574976246733
0.10044753944166841
0.10044753944166841
0.10082487686718129
0.10057114108069021
0.10076897080653416
0.10114271616999336
0.10193530663802457
0.10226078766118257
0.10226078766118257
0.10226078766118257
0.10197422093966466
0.10205813327057528
0.10201509114056449
0.10134671819132471
0.10134671819132471
0.10147975704266568
0.10054149619324261
0.10161400410948147
0.10284352857173171
0.10246204273388701
0.10206302453532609
0.10325231344656757
0.10285746936822597
0.10266874000891654
0.10296843308599729
0.10296843308599729
0.10296804736799624
0.10296804736799624
0.10309288294163367
0.10309288294163367
0.10253707345772924
0.10393726861365557
0.10387014098992688
0.10415294395895562
0.10352958144637602
0.10327848391647565
0.10466739183212978
0.10387398108956046
0.10404830156323507
0.10404830156323507
0.10543154480917401
0.10622421596820726
0.10622421596820726
0.10689012540858497
0.10743717350303042
0.10891136035692446
0.10770715252554897
0.10773316136521824
0.1078300911155267
0.10804039416675633
0.1077368180649747
0.10901473924057685
0.10993613397322682
0.10925980486917214
0.10982574283114395
0.1091488258538874
0.10900014376629602
0.10900014376629602
0.10929776544222301
0.10879168278491062
0.10879168278491062
0.10879168278491062
0.10879168278491062
0.10784528677997056
0.10730289733856889
0.106370495905428
0.10653633127613442
0.1070621016863592
0.10649230585107115
0.10619689130392308
0.10596617490569983
0.10825515206115499
0.10853783863479234
0.10853783863479234
0.10853783863479234
0.10853783863479234
0.10822751222383786
0.10904870106943002
0.1078320119356063
0.10757509399920434
0.10776009236637835
0.10776009236637835
0.10791533792823096
0.10809022949842739
0.1082961020448004
0.10880197206638294
0.10837052882545095
0.10689633448152391
0.10743516522828742
0.10753524747559837
0.10692962694711175
0.10650500975063126
0.10650500975063126
0.10650500975063126
0.10650500975063126
0.10467230064934298
0.10539282556877581
0.10539282556877581
0.10374786278270381
0.10374786278270381
0.10542111123964666
0.10636124449697522
0.10637346048883535
0.10608192269273979
0.10533643070576139
0.10451490237697425
0.10497804571886114
0.1051514012270378
0.10456574612349807
0.10573017660441224
0.10566968803038918
0.10685347339141558
0.10685347339141558
0.10729489009115915
0.10770407659576879
0.10770407659576879
0.10789797206917907
0.10634252858942372
0.10634435563471961
0.10673183789858753
0.10705847724737644
0.10705847724737644
0.1066101722801066
0.10577835039110141
0.10482384597898742
0.10423602329052055
0.10372346360882902
0.10372346360882902
0.10433953133257573
0.10513804474803691
0.10568317603230086
0.1056942399274938
0.10631947563323635
0.10745901355794461
0.10657061385432146
0.10573497531793215
0.10573497531793215
0.10577077749812608
0.10636602528054602
0.10590198787786788
0.10585758397485792
0.10585758397485792
0.10585758397485792
0.10615724086185559
0.10710065373458337
0.10710065373458337
0.10788728096581557
0.10788728096581557
0.10859296168135169
0.107897600867441
0.10811951590212016
0.10941992468180954
0.10742050130622637
0.10635933954064138
0.10736585632351926
0.10780568999752511
0.10779016972223684
0.10779016972223684
0.10868953831766931
0.10928462877767402
0.108567084867122
0.10862950350800368
0.10896375864400157
0.10896375864400157
0.10896422632988985
0.10753634505096078
0.10719248820188876
0.10689762546453585
0.10811759093707418
0.10774340602089384
0.10771489554192736
0.10696130720918627
0.10701342271991773
0.10787861870538638
0.10894121936740654
0.1093652312757126
0.10897792355318733
0.10885507070951962
0.10908754158415396
0.10939803161466155
0.10979131382968625
0.11139665686017498
0.11210505058602935
0.11089132436479837
0.10998834426340787
0.1094821799381969
0.1094821799381969
0.11014534576111525
0.11090737138894863
0.11090737138894863
0.11090737138894863
0.11086891069745634
0.11118925617056022
0.1110941434942478
0.11174352577513076
0.11109012028444808
0.11046428259070773
0.10957838402968625
0.11099022206403053
0.1109904875099395
0.1093151896285227
0.10979116134269172
0.10956209669923855
0.11051617341481666
0.10996190255552109
0.10908806644224898
0.10908806644224898
0.10918208896036859
0.11060586098722687
0.11073404645605238
0.11082222565147698
0.11082222565147698
0.11071876935356721
0.11199231242245909
0.11220287260982567
0.11191924586749133
0.11210447011036007
0.1120492203683081
0.11098723129758427
0.1101761286200026
0.11071316895109864
0.11020883455987435
0.11022843331558951
0.11046644455739288
0.11063243100291807
0.11144872631136775
0.11307636492847575
0.11289236989894594
0.11287991349095014
0.11287991349095014
0.11257157857277894
0.11254110837097148
0.11373456473438653
0.1138925986539598
0.11504379240591736
0.11448349906250244
0.1150177256328572
0.11431130120795677
0.11330077279977102
0.11357468443111807
0.11270016430819914
0.11194874531216002
0.11170228741333468
0.11198338657110747
0.11330731312713266
0.11336486837928482
0.1133957364853557
0.11256404944525174
0.11337212808607354
0.1127877706036283
0.1127877706036283
0.11199385519966655
0.11258183274420806
0.11258183274420806
0.11270463062271631
0.11266501468655114
0.11178981966723438
0.11161934434644824
0.11137220572294625
0.11245209832228556
0.11138553531256293
0.11138553531256293
0.11109752643118981
0.10926040939400139
0.10979418636670994
0.10933196983825856
0.10891109447152138
0.10928860423227424
0.11021271439326014
0.10903177096889458
0.10909747037319377
0.11033116563551398
0.11010620374112273
0.1101657252819991
0.1101657252819991
0.1101657252819991
0.10917978980618245
0.10917978980618245
0.10917978980618245
0.1089178817173194
0.10824864948345182
0.10926992335579538
0.109150049058513
0.11021178510530359
0.11016571759113915
0.1102010840206356
0.10933788388682698
0.11091414846850035
0.11007965538940566
0.10980236776457818
0.10961281992192833
0.109191167273099
0.11015846731546758
0.10966221182370378
0.10976915055823733
0.10852774389993579
0.10814010136805208
0.10814289935744527
0.10886465407707838
0.10818010869146139
0.10840781382825816
0.10774139696470661
0.10954857485738498
0.10954857485738498
0.10954857485738498
0.10887494168249279
0.10920836521528232
0.11031837336495952
0.1119529836952747
0.1119529836952747
0.11174720498365216
0.11133733199421678
0.11043250790674701
0.11043250790674701
0.11088226761021329
0.11088226761021329
0.11024075673845522
0.10939115432536163
0.10949574119078918
0.10908070027039092
0.10949060517213828
0.10995266721697726
0.11011077460169963
0.10897853982761013
0.10865344820866842
0.1095349804851565
0.10974590009082
0.10974590009082
0.10970301053135574
0.10856619141693356
0.10856619141693356
0.10856619141693356
0.10878512804700913
0.10878512804700913
0.10858371719199583
0.10858371719199583
0.10858371719199583
0.10955206068935204
0.10958887093976132
0.108959752704622
0.10840310567424094
0.10902507306752086
0.10902507306752086
0.10926560152539543
0.10927018357964348
0.10927018357964348
0.10945232032183173
0.10873614734970395
0.10873614734970395
0.10974236226916033
0.10974236226916033
0.10990045962171122
0.11022125248852549
0.11013134643388316
0.11013134643388316
0.10968983119974571
0.11004469850976267
0.10993830059029275
0.11073452109127352
0.1101618239524738
0.1113303898242219
0.11167642615321317
0.1114290372842914
0.11162343379308973
0.11071130468659986
0.11048452960971804
0.11023739998457113
0.11066313340281664
0.1108864068603467
0.11115072913662034
0.11146154150998747
0.11033183787247437
0.1114601561592515
0.1114601561592515
0.1109590765366278
0.10886251105415004
0.10844168672201052
0.10914109545507512
0.10836977730650713
0.1083420014873611
0.10864235130413433
0.1091118129317256
0.10846335880599663
0.10986611549324075
0.11003114850638684
0.10970673587007755
0.10976339993985003
0.10984397760080952
0.11103799419909054
0.1113451511552319
0.11073862733482
0.11078645454850389
0.11075142513388384
0.11075142513388384
0.11156705360844911
0.11149033444950755
0.11187252680610599
0.11225809493733867
0.11225809493733867
0.11161433968196206
0.11174581051454052
0.11174581051454052
0.1107383799909005
0.10893109787404583
0.11032850185034992
0.1108838753911646
0.11053446248140324
0.10945469039575978
0.10980011828062124
0.10980011828062124
0.11038763702482768
0.11128354997204727
0.11138760782693337
0.11112465355346061
0.11130379755008363
0.1112529297864162
0.11027362266929673
0.10998551629187164
0.10998551629187164
0.11099942123790105
0.11120414952211027
0.11120414952211027
0.11143317510725351
0.11086409725770396
0.1096377401372137
0.1099324570924414
0.1096059742385488
0.10826909056224104
0.10909840792627384
0.10909840792627384
0.10837682779672865
0.10863356288880106
0.10804651749690904
0.10806063992375226
0.10754831095571983
0.10754831095571983
0.10754831095571983
0.10754831095571983
0.10754831095571983
0.10754831095571983
0.1070766441252008
0.10731170097567554
0.1093773365719799
0.10910025139478756
0.10910025139478756
0.10910025139478756
0.10967277920690957
0.10967277920690957
0.10987192087900641
0.11061078970854667
0.11014475829534846
0.110351408970144
0.11083526919619682
0.11046500895867181
0.11046500895867181
0.11057291295843719
0.10953808151935909
0.10967000649422329
0.10987098965594749
0.10987098965594749
0.11015195578664654
0.11059904838392937
0.11152282250784318
0.11186013000406113
0.11186013000406113
0.11211521122931704
0.11281980169419324
0.11227080511031565
0.1127108142392132
0.11242520986800598
0.11203161039756586
0.11293986103780021
0.11209960985676291
0.11213276474116918
0.11213276474116918
0.11072953574656705
0.11000080526717324
0.10867107306179068
0.1095132290687685
0.10947451564816507
0.1092606589664337
0.10842017045556537
0.10907570445535343
0.10889849413945094
0.10793864670348338
0.10874018181422315
0.10910517222143236
0.1088227681435139
0.1088227681435139
0.10906789594316524
0.10862404132470953
0.10862404132470953
0.10774210774239368
0.10803653620581519
0.109811546956915
0.109811546956915
0.10965335581753273
0.10978095259548185
0.10836266440282882
0.10836266440282882
0.10804408522175188
0.10800941681762152
0.10798074182065558
0.10761847407073234
0.10738680118399457
0.10800552946213485
0.10874063675838488
0.10899084314672905
0.10989518890601763
0.10811534108734937
0.10879685395150578
0.10879685395150578
0.10725726403509571
0.1075162510337035
0.10895812451413711
0.10949226733551717
0.10906458635230418
0.10966763869630625
0.11043915259779694
0.1104832303938867
0.1100280658795261
0.1098739529136303
0.10937455415815499
0.10937455415815499
0.11008674439812209
0.11105628327838427
0.11011912511509202
0.11092852315513098
0.11175634426589731
0.11112636931940013
0.11112636931940013
0.11106215292053784
0.11106215292053784
0.111178679658728
0.11231200713314315
0.11193813758306687
0.11193813758306687
0.11012509059287891
0.10947702615477407
0.10866367900810435
0.10866367900810435
0.10866367900810435
0.10818588388815144
0.109274379519627
0.109274379519627
0.10958101314934109
0.10834282982788582
0.10821868735773076
0.1099774910361027
0.1094506818730965
0.10903259634514118
0.10929578862481643
0.1089878460298993
0.10856266118071822
0.10856266118071822
0.10856266118071822
0.10846941172690344
0.10893555596268142
0.10893555596268142
0.1101028841964538
0.11048498731961783
0.11078207401389038
0.11174975026013009
0.11166517432320296
0.11103546969171572
0.11112737396121859
0.11118754247823033
0.11118754247823033
0.11118754247823033
0.1122275490825615
0.11313715402279759
0.11198638138445846
0.11222422309985225
0.11222422309985225
0.11197261317552411
0.11280703372343921
0.11280703372343921
0.1126609381362185
0.1126863117381564
0.1128453595510916
0.1120370527485417
0.1120370527485417
0.111162124788656
0.11139539773733634
0.11139539773733634
0.10999658032823358
0.10999658032823358
0.11036933132313737
0.11036933132313737
0.11074566135688597
0.11123656428942318
0.11123656428942318
0.11161589422057007
0.1118843256992201
0.11149032793055264
0.11201308713710972
0.11214438463784585
0.11164804184155358
0.11164804184155358
0.11132033403378959
0.11052958671961378
0.11052958671961378
0.11048117242559524
0.11048117242559524
0.11282320853395432
0.11282320853395432
0.11282320853395432
0.11265008408663454
0.1141025407354117
0.1141025407354117
0.11426236408091132
0.11410962465412455
0.11422590678996901
0.11402180646282678
0.11298186565028209
0.11298186565028209
0.11181257963804957
0.11085661335557463
0.11039695330179482
0.11039695330179482
0.10974339561517088
0.10974339561517088
0.10924185296199244
0.10924185296199244
0.10941031711146146
0.10933029687323502
0.11002860974243617
0.11035612289530729
0.11035612289530729
0.11035612289530729
0.11088089197643104
0.11095899191792424
0.11040840265550855
0.11032718546209877
0.11089698153142337
0.11045302164714332
0.1101835306513603
0.1101835306513603
0.11041556500004193
0.11041556500004193
0.10990881169293361
0.10964818155713929
0.10964818155713929
0.10964818155713929
0.10964818155713929
0.11016956185951525
0.1111207203478987
0.11219522749210509
0.11205723369991417
0.11205723369991417
0.11201795678387909
0.11134063829802572
0.10910434863895307
0.10868801372217822
0.10868801372217822
0.10869103226778129
0.10824879306934977
0.10824879306934977
0.10876466298261818
0.10801380465063548
0.10798539472568894
0.10888838720242854
0.10888838720242854
0.10831784734386418
0.10831784734386418
0.10831784734386418
0.10842947500902436
0.1088044481417299
0.1088044481417299
0.10896998291310638
0.10705648429043413
0.10682539048452774
0.10658906817243118
0.10567938995524352
0.10509176674955738
0.10606865663467813
0.10619421292189035
0.10619421292189035
0.10499973625368145
0.10478835847471697
0.10401723441931474
0.10471124223328583
0.1041221041880732
0.1058942584982729
0.10556745542813624
0.10602691545330147
0.1060169839001861
0.10722248502889095
0.10722248502889095
0.1061241287230674
0.1061241287230674
0.1059340237496746
0.1065512879042593
0.10808767888131829
0.10860310486932988
0.10968041931116754
0.108454299378504
0.10850409067906643
0.10751320966818669
0.10719980959113497
0.10726434821499563
0.10726434821499563
0.10753270061939191
0.10728068586099457
0.1074037545665976
0.10749839171879823
0.10814501322856711
0.10798963956891158
0.10798963956891158
0.10832384718443207
0.10917630468155809
0.10803327488047933
0.1086011564715276
0.10977459335719872
0.10977459335719872
0.11034182247881154
0.11034182247881154
0.10924444764389207
0.10890051700516037
0.10975682349160389
0.11025974204615918
0.11139382765253321
0.11153921197498816
0.11097761148501992
0.11100159694127758
0.11074982462184588
0.11022208504352124
0.11005165705401937
0.10975930480210463
0.10975930480210463
0.10958444099669744
0.11019432521174259
0.11019432521174259
0.11041764794452578
0.10900271553253153
0.10900271553253153
0.10889490989300252
0.1097866692318143
0.10904164301492013
0.10821415525103097
0.10864887245824645
0.10864887245824645
0.10864887245824645
0.1089603184308858
0.10894834769426597
0.10894834769426597
0.1104018923304963
0.11054851212102411
0.11095372313226456
0.1117644430110368
0.1117644430110368
0.11116743907153902
0.1125342891307743
0.11309570120046517
0.11248197005722858
0.11352756256882396
0.11204019954559961
0.1127157604720062
0.11231128363565276
0.11247524696847991
0.11274501336282372
0.11274501336282372
0.11346922156753576
0.11433415288465688
0.11433415288465688
0.11461038110229399
0.11504845694306574
0.11506136543549125
0.11506136543549125
0.11506136543549125
0.11506136543549125
0.11432326746482485
0.11517781578341983
0.11517137502709363
0.11527718337897609
0.11387518172545277
0.11478241022311785
0.11472011802224748
0.1133448697612278
0.1133448697612278
0.11307714396170504
0.11452628114602112
0.11487247343408825
0.1148153857553245
0.11429995774697273
0.11492778732412408
0.11470966898683266
0.1139823910910515
0.1138359208047489
0.11358420726961675
0.11430869727549103
0.11313251656201996
0.11326378441406618
0.11375337357993215
0.1128490194913748
0.11278152120424324
0.11248452070471007
0.1131423466490514
0.11328523822595493
0.11322907276672091
0.11348506759319711
0.11293176350751281
0.11174888585747407
0.11208191774257263
0.11313663424551357
0.11263818674073156
0.11255945624364504
0.11255945624364504
0.11342182318249969
0.11391269569304162
0.11375567845122397
0.1139117534128079
0.11318313876506843
0.11296617243715215
0.11296617243715215
0.11199774354199961
0.112810770387447
0.112810770387447
0.11210767368399306
0.11139115929209552
0.11139115929209552
0.11228219909823434
0.1130983145418955
0.11293632349315556
0.11293632349315556
0.11283149907039908
0.11298360780426163
0.11304386037035347
0.11329883392925576
0.11208288146959769
0.11208288146959769
0.11111257541514316
0.11127391364817289
0.11215608764968332
0.11215608764968332
0.11215608764968332
0.11139645758384828
0.11143605702240184
0.11204195513077078
0.11204195513077078
0.1120139285090785
0.11234232045090611
0.11095730995243434
0.11095730995243434
0.11095730995243434
0.11194920537618462
0.11194920537618462
0.1115043896767317
0.11107244381679501
0.11137022245402843
0.11060644606276542
0.11060644606276542
0.1085779340366377
0.1085779340366377
0.10865130045707093
0.10888551012437876
0.10986680685364233
0.10952698241782885
0.10969705682560998
0.10969705682560998
0.10964103757795075
0.11004840805098325
0.11004840805098325
0.11004840805098325
0.11004840805098325
0.11072421719203535
0.10895659379694148
0.10872086260939942
0.1088330963089528
0.10940079448232573
0.11004268769012739
0.10967584217429902
0.10904190233425907
0.10904190233425907
0.11079383111704923
0.11079383111704923
0.11124202794681719
0.110673798779129
0.110673798779129
0.11024837522681942
0.11024837522681942
0.10931022596391583
0.1093559580189309
0.1093559580189309
0.1094917291875802
0.10908522858302983
0.10922717008679311
0.10922717008679311
0.10922717008679311
0.10909096666511954
0.10909096666511954
0.10836644600493557
0.10836644600493557
0.10836644600493557
0.10795501064609046
0.10758483589932634
0.10760149929753277
0.1078081321462443
0.10801451783575916
0.10801451783575916
0.10843993043629507
0.10843993043629507
0.10843993043629507
0.10890400804725069
0.1091422026902676
0.10937593060278332
0.10895885740662362
0.1100012714228492
0.1100012714228492
0.1108582264324285
0.1108582264324285
0.1096791929969683
0.10914190832747202
0.10955102026673867
0.11006032451685574
0.11025017434483855
0.10971688339475226
0.10919982257144618
0.1090933740327451
0.10901986464372734
0.10866909368869535
0.10853970335796544
0.10853970335796544
0.10989175288808341
0.11014054493882855
0.11014054493882855
0.10954369084040125
0.10949272202787765
0.11153009104707279
0.11155892915359654
0.11157045023928741
0.11157045023928741
0.11192159607484824
0.1118495995401226
0.11149500593040237
0.1126104381695892
0.11302955584761087
0.11255057109008196
0.11221629561443179
0.11221629561443179
0.1109134592445495
0.1109134592445495
0.1109134592445495
0.11003763448991662
0.11003763448991662
0.11003763448991662
0.10973523560949891
0.10973523560949891
0.10973523560949891
0.10900169977308666
0.10883866291303357
0.10986419187053112
0.10866699589987916
0.10866699589987916
0.10806751013170322
0.10806751013170322
0.10799474823768757
0.10861920269741457
0.10804122082145616
0.10620171978087878
0.10580239382183336
0.1056030242376805
0.1056030242376805
0.1056030242376805
0.1056030242376805
0.10640958945203262
0.10640958945203262
0.10696329404439639
0.10712590376092292
0.1071506591995632
0.10852119265620355
0.10734370847484974
0.10794079055360942
0.10725370459448415
0.1081888277622245
0.10787914767676954
0.10790459313737956
0.10831813833947807
0.10831813833947807
0.10746551510211516
0.107379119901017
0.10776585314802853
0.10911494733513241
0.10842369769442267
0.10947658620251918
0.1089882090219775
0.10864111201850643
0.10907744641427652
0.10851250892699364
0.10851250892699364
0.10919655508864229
0.10919655508864229
0.10919655508864229
0.1076819833543204
0.10770207722822886
0.10577073719833116
0.10577073719833116
0.1055089730018646
0.10544962819051508
0.10544962819051508
0.105287781565266
0.10653833143450368
0.10703140428624805
0.10734918045273709
0.10726339389977639
0.10622713924327265
0.10665302389687145
0.10632977366093048
0.10649844186686239
0.1061330016674876
0.1057154580525689
0.1057154580525689
0.10530571329392617
0.10637121228641332
0.10488024504895677
0.10488024504895677
0.10582656965659117
0.10441165025756369
0.10441165025756369
0.10378078835691905
0.1045035388466948
0.10524090820312706
0.10436344257247283
0.10499336971092381
0.10499336971092381
0.1054790185611045
0.1054790185611045
0.1059421300030941
0.10534181445275471
0.10472844978330499
0.10520961986846594
0.10539636758003565
0.10480899692118258
0.10614392011000197
0.1066879399309467
0.1066879399309467
0.10452197793517551
0.10649674375329056
0.10676996791373645
0.1060916252155904
0.10516467830701415
0.10516467830701415
0.10501790112881663
0.10501790112881663
0.10546072734900276
0.10524024658041946
0.10610621032821559
0.10537837667747121
0.105544932637721
0.105544932637721
0.10670973296165047
0.10689892115056443
0.10708818878269988
0.10603054521249608
0.10579732398052112
0.10579732398052112
0.10503747659342796
0.10502039533201801
0.10502039533201801
0.10472522282012504
0.10472522282012504
0.10613005069689112
0.10745479280162783
0.10780545752178149
0.1075977702829298
0.10724965096922286
0.10818328130115722
0.10793572512058416
0.1081582166260798
0.10815167592931198
0.108250091180395
0.10792108640356118
0.10777877644982285
0.10806907872131455
0.10899494332656093
0.1101918713149892
0.11084001990809342
0.10977037044606931
0.10977037044606931
0.10922749775461703
0.1085904310437366
0.109224083789316
0.10928030916052318
0.10899784687314658
0.10893480767651685
0.11029900120402723
0.11023753131640122
0.11023753131640122
0.11023753131640122
0.10956076127848668
0.10904377582354072
0.10904377582354072
0.10882496257605284
0.10978418942917542
0.1101642917621875
0.10885768798751026
0.1082042269621391
0.1082042269621391
0.10918788033240068
0.10918788033240068
0.10889567594146059
0.10889567594146059
0.10866722270428927
0.10847681873282908
0.10875040030465051
0.11042831921050682
0.11036946346073571
0.1098336322909704
0.11139440320044044
0.11139440320044044
0.11016581719498292
0.11016581719498292
0.10975259764677091
0.10975259764677091
0.10967861052884503
0.11020662307562376
0.11054315640211156
0.11036420719078781
0.11036420719078781
0.11005469392431322
0.10945669488428024
0.10965417730230642
0.10965417730230642
0.11023953600662745
0.11039134899801259
0.11102874940216748
0.11121910504129703
0.11097150681507084
0.11073706967113614
0.10997599497682783
0.11000511463097527
0.11060423061781945
0.11024140928547592
0.11024140928547592
0.11024140928547592
0.11024140928547592
0.11020888245818158
0.11102113965528651
0.11061750574612159
0.11065056278734627
0.11083600193878339
0.11122596546561173
0.11147642259818168
0.11118752645994884
0.1118700101093822
0.1112234104331833
0.11164510102273681
0.11289802963885077
0.11289802963885077
0.11057126378165671
0.11092295250915989
0.11092295250915989
0.11190325106443044
0.11158518149854729
0.11148418992068522
0.11148418992068522
0.11148418992068522
0.11099496288732467
0.11216691465503356
0.11121390089637984
0.11121390089637984
0.11185858680673978
0.11166227690390626
0.1118418209575507
0.1118418209575507
0.1118418209575507
0.1122951994567172
0.11299556476330444
0.11324495919904774
0.11324495919904774
0.11318303195277529
0.11293370535794543
0.11224710564247108
0.11227219743370305
0.11227219743370305
0.11227219743370305
0.11227219743370305
0.11227219743370305
0.11304102411517104
0.1133183885671283
0.1133183885671283
0.11311264585947742
0.1122790563900865
0.11142550834976944
0.11091938383090717
0.10929886808190907
0.10961221937444106
0.10961221937444106
0.11044558796115952
0.11030414244465542
0.10950552898000544
0.10910246041765777
0.10910246041765777
0.10941020449404092
0.10994026165879242
0.11024208619664823
0.11032475801322147
0.11095521741786728
0.1112375936006399
0.1110952708395093
0.1111449195932721
0.1110393577760305
0.11162108822586997
0.11162108822586997
0.11162108822586997
0.11162108822586997
0.11187415994795903
0.11192910736067196
0.11236392745514334
0.11234777562100155
0.11234777562100155
0.11188574124794219
0.11140367969575678
0.11140367969575678
0.11140367969575678
0.11185210424295913
0.11236761494595075
0.11343868983557284
0.11426984874801466
0.11426984874801466
0.11426984874801466
0.11281729296264936
0.11278222751077652
0.11478829089853482
0.11478829089853482
0.11448107029398626
0.11369432433989321
0.11420830892072227
0.11420830892072227
0.1133302267370672
0.112751495673863
0.11272074606391813
0.11247011466951996
0.11150391499457235
0.11114938450781735
0.11056906453063738
0.11013258992365627
0.10905059310747159
0.10931231546452827
0.1094669807639978
0.11007475337866846
0.11007475337866846
0.11099212471425263
0.11118756560167484
0.11091375585062387
0.11093701891326163
0.11097278753389869
0.11066973004650056
0.11021182962180179
0.10959596410726034
0.1092171657574428
0.1092171657574428
0.1085359361384096
0.10829122188830229
0.10941783107372532
0.10908184563425215
0.10855893088251542
0.10855893088251542
0.10741917146078865
0.1069102463610262
0.10738547729938386
0.10908486294225296
0.10908486294225296
0.10847813938554002
0.10847813938554002
0.10792396577472332
0.10764017963190341
0.10703021814893302
0.10573006310579153
0.10573006310579153
0.10616499034766012
0.1063564897989197
0.10678037036236358
0.10576219857759629
0.10598260554381392
0.10683984923183851
0.10692082836300554
0.10648473783298977
0.10749370742952737
0.10749370742952737
0.1084123842297786
0.10778895354180512
0.1074610640580549
0.10848303515157462
0.10822670601735339
0.10739194751858491
0.1074331661611085
0.1074331661611085
0.10682957275439417
0.10725641184123758
0.10725641184123758
0.10726187163807907
0.10651921164479444
0.10659842222972882
0.10659842222972882
0.1077410357449506
0.10877534548560694
0.10699422621057161
0.10706795607136393
0.10785679132138164
0.10942059988280012
0.10891251328642379
0.10907529619617362
0.10977910364961696
0.1104521498072816
0.1104521498072816
0.10921820254023573
0.10921820254023573
0.10921820254023573
0.11010885896949486
0.10925056542233368
0.10901341942768118
0.10901341942768118
0.10862264309934835
0.10742540407821662
0.10733851007236007
0.10728698744193632
0.1094173931763911
0.1095311191259829
0.10990988580349932
0.10931377329036147
0.11033699022753822
0.11036811825570435
0.11074824496907092
0.11191719975102253
0.11169830626680152
0.11181403893326311
0.11077356957745782
0.11121422030591181
0.11186434580566977
0.11215016185337803
0.11115998501609295
0.11107185400264878
0.11107185400264878
0.1109468593099794
0.1109468593099794
0.11046845634077337
0.11027691031714326
0.11062931114362677
0.11062931114362677
0.11132660704017869
0.1111738988100282
0.1111738988100282
0.1111738988100282
0.11013649259710052
0.10922058755862475
0.10922058755862475
0.1084078180289134
0.10865077861173951
0.10880696624379238
0.10874463721341814
0.10911154760343186
0.10911154760343186
0.10903921837469471
0.10903921837469471
0.10802241535516756
0.10802241535516756
0.1074835870118774
0.1074835870118774
0.10698352605395574
0.10747601428473984
0.1084243184249456
0.1084402351556791
0.10782251358933063
0.10804458530256808
0.10804458530256808
0.10804458530256808
0.10822491878074736
0.108472245150357
0.108472245150357
0.10967705156016602
0.11024277681524819
0.11045640403917863
0.109707080888171
0.11021705194037401
0.11004306380693896
0.11006404222390512
0.10967330327658845
0.10991320797715223
0.10986214487933756
0.10952012139934965
0.10963776910318979
0.1090629352266535
0.10913910067873137
0.10981460440103838
0.10981460440103838
0.10950110750789108
0.10955702565724922
0.10955702565724922
0.10966309659937658
0.10950854790366364
0.10950741849012069
0.10803709861581022
0.10836394254290271
0.10896382287183537
0.1087458728141727
0.10862114191263854
0.10883722990319943
0.10902282608536686
0.10825830832332177
0.11034989620439521
0.11092856417263648
0.1108557033972222
0.11036513829765177
0.11148017926654405
0.11148017926654405
0.111344838408275
0.11108719920334488
0.11108719920334488
0.10994854528791696
0.11057756538755414
0.10938592111552399
0.10819894862029096
0.10745590847963618
0.10777479257799373
0.1081360977698947
0.10821749402983687
0.10822165980337
0.10822165980337
0.10981685187384291
0.10902838057727607
0.10935002968481164
0.10941808038511919
0.10944164176054053
0.11002129803565705
0.10914737640074174
0.10916139770072564
0.10918148896177306
0.10770280288011912
0.10636622507139322
0.10648866990757364
0.10704470507539383
0.10664793395047609
0.10573427276686
0.10695965589582096
0.10564824553357623
0.10564824553357623
0.10596082825276457
0.10578995475350897
0.10694691572938421
0.10741467357785486
0.10727720069337666
0.10727720069337666
0.1079316301917783
0.10866840352904418
0.10861528751803456
0.10861528751803456
0.10861528751803456
0.10703861314993378
0.10642993214933566
0.10642993214933566
0.10616293993410895
0.10689989420501932
0.10567790572071442
0.10479369907811789
0.10514709242591927
0.10451733836678719
0.10595276360073823
0.10653365678578589
0.10646182546220588
0.10739036512026315
0.10739036512026315
0.10767842304436386
0.10863453277932862
0.10796267974648013
0.10786671190914889
0.1068050712956827
0.1068050712956827
0.10674634526108921
0.10636518669710733
0.10610637829431714
0.10665472993795001
0.10591242206386361
0.1054428475757932
0.10518140453691048
0.1056698067486238
0.10648573053179236
0.10643150331535595
0.1063313233954714
0.10693041720042272
0.10644783780789137
0.10635852034849651
0.10571482448936365
0.1060802486281403
0.1060802486281403
0.10665693479753026
0.10756850091986184
0.10756850091986184
0.10652974838329729
0.10784863798264524
0.10815608945667513
0.10815608945667513
0.10815608945667513
0.10820347493526566
0.10820347493526566
0.10732036842434597
0.10668650627023882
0.10650211194220961
0.1071084635750641
0.107155601353882
0.10702422259241987
0.10702422259241987
0.1069490177259856
0.10776144882936929
0.10661101625281072
0.1061781078010814
0.10676882147674376
0.10500559356333077
0.10500559356333077
0.10496904707282381
0.10320496955523259
0.10370053622933671
0.10370053622933671
0.10370053622933671
0.10370053622933671
0.10272590702053634
0.1021964191490675
0.10342741054935861
0.10308175338426176
0.1025473878477148
0.1022610017222103
0.10340863032262229
0.10389527505305693
0.10221867830042462
0.10234266378216783
0.1018981751747417
0.10209222938646545
0.10171567343178509
0.10192100973889971
0.10147628709198324
0.10265868302904914
0.1033646052392594
0.10414502013245683
0.10414502013245683
0.10404918893035993
0.10356534441348964
0.10266619627693957
0.10328488024597438
0.10289081264202814
0.1028298535503641
0.1035269729127641
0.1035269729127641
0.10420991011459659
0.10388717799111724
0.10355228319481234
0.10259311509596292
0.10226239367189659
0.10226239367189659
0.10226239367189659
0.10276329788122913
0.10276329788122913
0.10392301153188958
0.10434887423342616
0.10444701932331599
0.10444701932331599
0.10444701932331599
0.10414435153537281
0.10327498952856248
0.10327498952856248
0.10393149178383637
0.10442898879898342
0.10442898879898342
0.10534691649242665
0.10674330713660232
0.10629760842218608
0.10629760842218608
0.10654311541141269
0.10611297567820198
0.10623060210841408
0.10578173015403351
0.10510429887911638
0.10652689638379845
0.10605388736565094
0.10627079536376444
0.10585754312337123
0.10595750967825071
0.10550412103531452
0.10550537965993174
0.1049143743120688
0.10477170225573118
0.10477170225573118
0.10540813496161913
0.10575821808164834
0.10541319125773183
0.10541319125773183
0.10575839965173771
0.10575839965173771
0.10535399319163014
0.10535399319163014
0.1050759930830819
0.10451801204860797
0.10511450401828695
0.105516330052329
0.10495128770083885
0.10522222633719404
0.10587272003101915
0.10656096946260557
0.10792760352872381
0.10744707711311685
0.10825162133753338
0.10876430732620197
0.10876430732620197
0.10708884851882329
0.10693497848484734
0.10693497848484734
0.10693497848484734
0.10721794149135576
0.10721794149135576
0.10675917308552443
0.10727539758643163
0.10701602793168889
0.10769463990776625
0.10743130428334877
0.1071073461220921
0.10562700977037269
0.10598679382757968
0.10478584949663433
0.10478584949663433
0.10584768902364969
0.10648377842897815
0.1059763826110485
0.1059763826110485
0.1059763826110485
0.1059763826110485
0.1068388845506251
0.1068388845506251
0.10684884625971103
0.10768224419379956
0.10768224419379956
0.10754964812906126
0.10709699130604297
0.10774530716161577
0.10774530716161577
0.10844934961480081
0.10844934961480081
0.10879474420015087
0.1076076905119123
0.1079963043583307
0.10792105649690303
0.10799893002034386
0.10869210922059278
0.10863882895346214
0.10859669002921324
0.10914918819625861
0.1082792867287856
0.10903196924671106
0.10997009873362584
0.11015649574542116
0.11015649574542116
0.11020657206605128
0.11020657206605128
0.11020657206605128
0.10942691364770946
0.10937667214888443
0.1085883901834673
0.10863616138059096
0.10825226350228176
0.10825226350228176
0.10813100352705642
0.10838720468128427
0.10809539319313265
0.10900863711402782
0.10889719413897876
0.10893034174742325
0.10998884516792436
0.10940761138726071
0.1087725413118128
0.11010820465707644
0.1110446040435692
0.11103399614765942
0.11103399614765942
0.1108353238534356
0.10977441017393455
0.10995198676222998
0.11029444957801307
0.11029444957801307
0.11029444957801307
0.11029444957801307
0.10845198231140363
0.10952676480098192
0.10952676480098192
0.10916174773347499
0.10930474288502053
0.10995888082856745
0.11021311172478138
0.11040160064186158
0.1111413039919079
0.11061605327362753
0.11061605327362753
0.11061605327362753
0.11077800297091119
0.11027290690574103
0.11054891261645133
0.11050490888242073
0.11126505011274086
0.11116166820410303
0.11166139889238261
0.11238701892335146
0.11238701892335146
0.11238701892335146
0.11298585790215003
0.11171557843226321
0.1104772500326878
0.11046603397005758
0.10948717472834456
0.11035141433628344
0.11070291574567748
0.11070291574567748
0.11045823808603956
0.11205704017850399
0.11205704017850399
0.11205704017850399
0.11205704017850399
0.11205704017850399
0.11166957054471532
0.11212049817585137
0.11212049817585137
0.11212049817585137
0.11114593194332158
0.10951773548355873
0.10846517649481086
0.10813419727540761
0.10813419727540761
0.10912478976259421
0.10710055316525091
0.10710055316525091
0.105869383869452
0.10615606215141228
0.10730237283413412
0.1067445260055158
0.10803954032136406
0.10803954032136406
0.10824616809631145
0.10892152665178911
0.11015930921862116
0.10984150524391548
0.10856803898681054
0.10811992943622002
0.10517400463721212
0.10517400463721212
0.1069694680931068
0.10655477576767192
0.10655477576767192
0.10691476796648099
0.10515163125069632
0.10515163125069632
0.10515163125069632
0.10477654163683853
0.10477654163683853
0.10535990899976289
0.10549702790322095
0.10665267153298534
0.10609066757256697
0.10609066757256697
0.10595907603203836
0.10642459581749172
0.10731644304698762
0.10814700829216631
0.10647845969859009
0.10650089135567462
0.1062992499581139
0.1062971690943578
0.10588385869936208
0.10490235905376105
0.1060959963418203
0.10618760319517075
0.1065710993167292
0.10628546996830336
0.10736237865851997
0.10711592334866732
0.10612346726710888
0.10510571143161687
0.10478451835276106
0.1048229364360554
0.1053751008589478
0.10525679290717514
0.10537105697001009
0.10539151507940688
0.10575285749461658
0.10520725805671272
0.10387514346783545
0.10498975258434766
0.10430881753819282
0.10438563562170881
0.1049137827886558
0.10490529863757406
0.10490529863757406
0.1053942838589313
0.1053942838589313
0.1053942838589313
0.1053942838589313
0.10581283403770717
0.10581283403770717
0.10627104012622289
0.10629824246768363
0.10629824246768363
0.10600297843523782
0.10510423099649904
0.10545359861001119
0.10492571812894878
0.10548528448044206
0.10554293213348245
0.10663720621669867
0.10722719826773587
0.10638110305274587
0.10638110305274587
0.10636977411526678
0.10636977411526678
0.10749916298502467
0.10750030199203674
0.10785574880580712
0.10844148012287295
0.1082949445833668
0.10777464347348177
0.10754102811065026
0.10806990692040414
0.10819448079937538
0.10819448079937538
0.10819448079937538
0.10812297153224175
0.1084527425947504
0.10777361214441221
0.10715121102575278
0.10821544219912556
0.10755261744729111
0.10762343791116305
0.1077343619907118
0.10776460905126746
0.10777223124305804
0.10777223124305804
0.10777223124305804
0.10874594349439141
0.1091578670820329
0.11038211960025442
0.11047371991950011
0.11049043374965156
0.11184012053677432
0.11185174534577234
0.11220877089127992
0.11227486145399343
0.11180942802344199
0.11252887191186475
0.11298568519493764
0.11296814596592909
0.11296814596592909
0.11292102364687641
0.11292102364687641
0.11211945662710121
0.11131325476521264
0.11175434176855199
0.11320391752085038
0.1135586080494405
0.1135586080494405
0.11447014881537736
0.11488699696280848
0.11340771641265533
0.11340771641265533
0.11286897105283598
0.11308342967454939
0.11308342967454939
0.11308342967454939
0.11275190528871325
0.11297487451969897
0.11364059896928318
0.11364059896928318
0.11395669532807598
0.11238269981990602
0.11180480372572009
0.11093200397064322
0.11025704398258145
0.11130974662882552
0.1112121192393606
0.1112121192393606
0.11066890672230932
0.11047176696002035
0.11191108419756556
0.11139063624484541
0.11248940196432641
0.11267219107114959
0.11291144359028844
0.11291144359028844
0.11292691832108175
0.11340899890405327
0.11280160924391867
0.11280384031981205
0.11216519414181485
0.11267622447524056
0.11287943704570871
0.11253637070271856
0.11165569872170956
0.11282937957195699
0.11282937957195699
0.11359775004882773
0.11353671221351568
0.11391019939125481
0.11375574970261106
0.1140186723402986
0.11402180277427729
0.11428397129877253
0.11404701942765326
0.1143447952351992
0.1143447952351992
0.11370827856825312
0.11340578150936799
0.1139828120056051
0.11398731933981328
0.11380200279151469
0.11380200279151469
0.11472016626942463
0.11480784307790352
0.11442705393113335
0.11373745835738203
0.11420885482824486
0.11261125924726839
0.11278572730207251
0.1128496752071045
0.1115620339906465
0.11201472626468316
0.11309937933459699
0.11332784782106996
0.11332784782106996
0.11369627442347242
0.1132065347744866
0.11249450479436557
0.11181887810701979
0.11222622883377788
0.11222622883377788
0.11214138541747902
0.11229971757057192
0.11199668702602503
0.11177737979311676
0.11069597957824383
0.11069597957824383
0.11137663355905716
0.11186050285004674
0.11257734885585012
0.11341743689616525
0.11427767933054439
0.11427767933054439
0.1142613646935734
0.11389251293706167
0.11405907641807699
0.11330435953141567
0.11355977829515387
0.11372343626778754
0.11273098699203318
0.1125123389349232
0.11288011869973336
0.11288011869973336
0.1127438356198288
0.11289361563442948
0.1132713805558668
0.11260271295897649
0.11258080464348796
0.11334114717616152
0.11341126769305009
0.1127036679529095
0.11361576569285664
0.11281732431135337
0.11246791739619098
0.1128582342890099
0.11377705735075987
0.11424464747258362
0.11424464747258362
0.11443985632731293
0.11296242634250127
0.11296242634250127
0.11404586805335734
0.1140312786493966
0.11388002116080104
0.11388002116080104
0.11388002116080104
0.1129651402497378
0.1129651402497378
0.1129651402497378
0.11345779020941552
0.11252752637760823
0.11248161428673935
0.11248161428673935
0.11230476475394101
0.11230476475394101
0.11313969180905495
0.11209198702861176
0.11209198702861176
0.1116311134087555
0.11111069006196601
0.11108614688910194
0.11058606107709977
0.11009116472084662
0.1102652672816766
0.11012287218212664
0.11012287218212664
0.10945166233656807
0.10945434651105415
0.11042248571836726
0.11133139366325995
0.11173402799784478
0.1114078646729672
0.11060460987615524
0.11061026499612486
0.10976243611727929
0.10965622293808523
0.10973432723822464
0.1086589636676555
0.1086589636676555
0.10784643899840733
0.10795773503752301
0.10823938569432431
0.10841988587850127
0.10809438472665478
0.10823795950068628
0.10823795950068628
0.10767514660715116
0.10749233586847205
0.10810370616016902
0.1074628800512205
0.10649386312152254
0.106631355928828
0.10677758425344541
0.10694613006654101
0.10777382049576718
0.10835813334818728
0.109470230301647
0.10993839932353269
0.11009523123143114
0.10958473862554585
0.10958473862554585
0.10935505827474169
0.11122355486151267
0.1116998514955576
0.11130536964888701
0.11084727509573795
0.1117602203764508
0.11010405588531978
0.11002819683164909
0.11008552857788789
0.109560274414605
0.1097070724415063
0.11039024812861023
0.11060039849196555
0.11095434839583991
0.11205132395101373
0.11181346418601362
0.11072276067668392
0.11222003832605605
0.11207862075436102
0.11098371223613727
0.11098371223613727
0.11166876414412086
0.11166876414412086
0.11016323799251562
0.11055252587637694
0.11051745335327345
0.11051745335327345
0.11128330551040447
0.11172271568779203
0.11196104637906806
0.11181383673986142
0.1113211462248747
0.11223409062067852
0.11292502718870642
0.11282572190604395
0.11282572190604395
0.11275960202233194
0.11155909950874912
0.11116811378749225
0.1110241614910719
0.1110241614910719
0.11002610139839329
0.10937017293259826
0.10929793980580338
0.10972900756098473
0.10972900756098473
0.10869956608721033
0.10869956608721033
0.10955253195000168
0.10975815536807068
0.1095751437329284
0.1095751437329284
0.1098140987490297
0.11067223751721364
0.11067223751721364
0.11007675179080482
0.11026784457934535
0.11026784457934535
0.10986854993819092
0.11071138936150782
0.11189970871485058
0.11189970871485058
0.11147618335967371
0.11172156251407285
0.11161695407581566
0.11156542109712274
0.11210362756192366
0.11135739028631986
0.11164715662133376
0.11216735320359845
0.11189990108826531
0.11243530296327585
0.11243530296327585
0.1125728383417268
0.1125728383417268
0.1125728383417268
0.11332439117850568
0.11332439117850568
0.11221183992445304
0.11131404384591524
0.11130001453820615
0.111117084887264
0.11112532518523834
0.11112532518523834
0.11112532518523834
0.11166651365720345
0.11054892920900422
0.11079342742399546
0.11178848742172906
0.11161586161250286
0.11068891809425624
0.11181097573308078
0.11181097573308078
0.11123544589055549
0.11101472745173864
0.1104848469083038
0.11077905046747272
0.1109181400838344
0.1109181400838344
0.11092997761023814
0.11183562719747467
0.11074193815336283
0.11083853160892894
0.1103573693842727
0.10971944373836155
0.10910939104681856
0.11008101287035837
0.11032027357045744
0.1105869787850082
0.10956581087708302
0.10966603208302213
0.10966603208302213
0.10941845066956205
0.10995846694777307
0.10995846694777307
0.10995733478066178
0.10959700656927145
0.10889049854603505
0.10924450953445038
0.10966665271302396
0.10966665271302396
0.11041849885195688
0.10990110812166454
0.11000215918424308
0.11000215918424308
0.11000215918424308
0.11000930054088152
0.10991479056592449
0.11043894954328476
0.10959411770973132
0.10959411770973132
0.10920747382141302
0.10920747382141302
0.10887513324771401
0.10907290166665201
0.10869274972185283
0.10985723296989199
0.10985723296989199
0.10954042965231096
0.11081668289459823
0.11052175797510627
0.11067296403041235
0.11067296403041235
0.1101177805036645
0.11140329203426395
0.11165058643676619
0.11167426313394588
0.11105430753419018
0.11141171657760779
0.11082909663310779
0.11071305553669047
0.11071305553669047
0.10999300534642235
0.11187227533535712
0.11207530106791996
0.1112648197375273
0.1112648197375273
0.11185413504217984
0.11161565568381426
0.11161565568381426
0.11218277141033445
0.11380346220571189
0.11221036854863897
0.11221036854863897
0.11267350467742565
0.11130107967933305
0.11061792823885055
0.11045606055226098
0.10972309065687832
0.10904481143892863
0.10836047241742063
0.10875310657183114
0.10999854153373698
0.11047084536421078
0.11047084536421078
0.10941967137792664
0.10932449532926593
0.10927336881609295
0.11066334347916641
0.11066334347916641
0.11066334347916641
0.11185070682817931
0.11127357677212672
0.1115856594302845
0.1115856594302845
0.11088191164055036
0.1105632702581896
0.11011196531264576
0.11068715063241298
0.10925073023490418
0.10857663201133433
0.10903139246585532
0.10868157850243966
0.10942178586661414
0.10942178586661414
0.10942178586661414
0.10950335859840249
0.10987507600670247
0.10961998346553804
0.10961998346553804
0.1106412158595207
0.11049363883602255
0.11164291483638299
0.11134756178260755
0.11032290776578157
0.11047471573278447
0.11059565374178183
0.11082694631092432
0.1107696170949663
0.11168180992615577
0.11082778122636533
0.11082778122636533
0.10954453986246598
0.10970090251133696
0.10970090251133696
0.10964263812861237
0.10961178907024302
0.11034387523991926
0.11208613801164868
0.1140805027954525
0.11353900371882074
0.11355907642425735
0.11278465394121592
0.11343861393862258
0.11345071893473499
0.11363896423030617
0.11271850544356136
0.11264271369046722
0.11172843882866046
0.11183560995851288
0.11183560995851288
0.11227287985563766
0.11171703726335852
0.1122877713515163
0.11342763036002741
0.11332184333478543
0.11382852707941986
0.11377494841835721
0.113191864179042
0.11246921088829467
0.11278917837880618
0.11212203323563974
0.11118739150725283
0.11201349833653483
0.11183528429962902
0.11135694678453292
0.11135694678453292
0.11183457142829471
0.11189498978824587
0.1117160924479962
0.1117160924479962
0.1117160924479962
0.1117160924479962
0.11187473544126096
0.11187473544126096
0.11236570599890187
0.11255804808865308
0.11344852844126424
0.1130357612273935
0.1118072791703465
0.11148422007067244
0.11148349829440636
0.11016520891318433
0.10996572706859449
0.10821139354243119
0.1081919122876786
0.10814068241439506
0.10965277823111942
0.10965277823111942
0.10965277823111942
0.10985341794643108
0.10925561274866803
0.10925561274866803
0.1088057507427587
0.1088057507427587
0.10910718660895478
0.10836202889275089
0.10806105776590716
0.10944977772297242
0.10986610061991155
0.10974481808737513
0.10898961777641789
0.10898961777641789
0.10922029449535343
0.1108164693983367
0.11058303238599418
0.11163122180120112
0.11179253156410571
0.11179253156410571
0.11080966911146033
0.1118923488069209
0.1105120008241734
0.10929313184090671
0.1095245242576357
0.10923500019847074
0.10717326106009172
0.1079888593458767
0.10771015647219766
0.10810931763364463
0.10858223879512659
0.110152812558176
0.10983878989037497
0.11025458885097009
0.10958443391285058
0.1085328303537279
0.10732923910719662
0.10754838697036828
0.1082286790630432
0.1082286790630432
0.1072226330812997
0.10709827077997364
0.10709827077997364
0.10693481754890635
0.10768307026902806
0.10598283567580129
0.10553220704667511
0.10553220704667511
0.1052957774819722
0.10599870880337409
0.1054614652526003
0.1054614652526003
0.10541842450836553
0.10541842450836553
0.10490231023223211
0.10490231023223211
0.10504486479018213
0.10504486479018213
0.10550831673364973
0.10642663785674909
0.10707237186551821
0.10661895089240943
0.10661895089240943
0.10723911827951549
0.10681214562517277
0.10686819827181596
0.10615227253908334
0.10602666370082807
0.10651792333165347
0.10616809249023358
0.1062966384578883
0.10644972377936457
0.10727281496135124
0.10727281496135124
0.10624666930943666
0.10624666930943666
0.10624666930943666
0.10580648213713982
0.10580648213713982
0.10580648213713982
0.10682556583182791
0.10670717020918903
0.10739785176476561
0.10725307025701572
0.10764619174455359
0.10779670634994239
0.10845483884872995
0.10902480499772343
0.10849135267294009
0.10940037779353762
0.10948645109499353
0.10959876850834503
0.10959876850834503
0.11056863265810477
0.11017354862821498
0.11017354862821498
0.11017354862821498
0.11121897012189116
0.11051406497732921
0.11141151275828774
0.11179064644676388
0.11185291542187717
0.11198555010588462
0.11198555010588462
0.11161352965901046
0.11161352965901046
0.11161352965901046
0.11161352965901046
0.11161352965901046
0.11161352965901046
0.11161352965901046
0.11188448038551305
0.11251124056301341
0.11222952382695821
0.11222952382695821
0.11214411177174985
0.1124579755005498
0.11194514128037567
0.11194514128037567
0.11170075616544471
0.11296110096852559
0.11304596728210235
0.11353964421433756
0.11353964421433756
0.11402215339755892
0.11365349646973191
0.11365349646973191
0.11272989415560257
0.11272989415560257
0.11361759647859854
0.11361759647859854
0.11266940089844873
0.11314638481199422
0.11271898670565443
0.11257217063102193
0.11257217063102193
0.1117381829228822
0.11151123876529316
0.11113013974025068
0.11113013974025068
0.11124970055999002
0.11276291494611738
0.11275525665681208
0.11192494338831724
0.11287606440563788
0.11250538609200633
0.11145196009644211
0.11130293184091639
0.11098032939936477
0.11103805465474165
0.11043079890999737
0.11068731859760597
0.11137379155397775
0.1108598709067185
0.11191203051777789
0.11144691116954909
0.11144691116954909
0.11144691116954909
0.11080343188405961
0.11072180436813955
0.11011152742260048
0.11011152742260048
0.11061409482707038
0.11061409482707038
0.1119320633213541
0.11105678408939836
0.11226723098174046
0.11131991209797427
0.11251181247957584
0.1131006728047599
0.11182646533978331
0.11231986772320109
0.11231986772320109
0.11171835558814515
0.11350229463366396
0.11311318251662025
0.11335478482322917
0.11194001348800373
0.11116598767570238
0.11176520981500018
0.11163224136772183
0.11111092346548647
0.11149906976888622
0.11170169608776914
0.11207280692573993
0.11174417380495069
0.11155262758259725
0.11244734245229274
0.1118831025523036
0.1118831025523036
0.11146041252238384
0.11137098560409868
0.11063332078109821
0.11063332078109821
0.11000939412722414
0.10955410292296897
0.10947436128510982
0.10996367500749728
0.11026586145177998
0.10902839302992583
0.11012724933068542
0.10985264813091772
0.10967006467158226
0.11029950479461363
0.11082964754676113
0.11070837923155363
0.11055684043118057
0.11069282048541708
0.11069282048541708
0.11020283739989706
0.10959348861443187
0.10889519304327953
0.10863732136134396
0.10912314488762885
0.10953373691690017
0.11005042757094771
0.10909576169600518
0.10830049884880014
0.10894224182151373
0.11003632731360848
0.11123126221557918
0.11123126221557918
0.11188213005648612
0.11172006380316167
0.11320085824502774
0.11320085824502774
0.11351959952347063
0.11351959952347063
0.11351959952347063
0.112750733368262
0.11249917691409098
0.1120709768276991
0.11193114533049373
0.11143659306322501
0.11216194087415947
0.11192772499789257
0.11072409083595887
0.11072409083595887
0.11096353557759772
0.11096353557759772
0.1104284264838427
0.10947002764803752
0.10839602801769617
0.10793658076534982
0.10793658076534982
0.10872665505659111
0.10870918539333327
0.10719554598775194
0.10796830493698861
0.10796830493698861
0.10773776675194402
0.10755552483462634
0.10703127913339192
0.10744970838291129
0.10710216631648688
0.10726189316886522
0.10726189316886522
0.10661343094894452
0.10661343094894452
0.10661343094894452
0.1071526592675885
0.10604396558102497
0.10691200676764445
0.1069885341131934
0.10768902133246125
0.10684512188546766
0.10663606760499608
0.10712468037949326
0.10712468037949326
0.10772495991411361
0.106742221255157
0.10742831897617013
0.10744881296701014
0.10744881296701014
0.10744881296701014
0.10729488932942796
0.10800400312689741
0.10805216063073161
0.10777036619783867
0.10739122064970137
0.10739122064970137
0.10811231397884868
0.10811231397884868
0.10811231397884868
0.10811231397884868
0.10811231397884868
0.10722109547830778
0.10652151948708861
0.1066749898496718
0.1066749898496718
0.10694529678188108
0.10837366193639254
0.10832257852289962
0.10842242801721974
0.10820073034205174
0.10820073034205174
0.10766122181291139
0.10798209513888923
0.10798209513888923
0.10693497236838419
0.10737741674509026
0.10769480007116239
0.10786354474610418
0.10867033335970619
0.10867033335970619
0.10816982605069102
0.1089091370808554
0.10923837777029372
0.10798742264727214
0.10798742264727214
0.10800866065423924
0.10800866065423924
0.10916458336776153
0.10982327447033377
0.10982327447033377
0.11006107006955047
0.10939946136386884
0.10958440246043362
0.10897478349781324
0.11050289144635188
0.11050242663015461
0.11063282039299895
0.10975753987308866
0.10924479398468183
0.10926127656797653
0.1090783274254775
0.10970884960368857
0.10941515500078319
0.10875698587528466
0.10916259266316856
0.10916259266316856
0.10861497549942974
0.10884356124988884
0.1089868115674056
0.10858206977655828
0.10851462755549615
0.10785973538810335
0.10785973538810335
0.10785973538810335
0.10776724887952907
0.10834977826601033
0.10827983441924824
0.10789424962241502
0.10833960352922309
0.10769328991912969
0.10798111827501869
0.10799552276364861
0.10863213410815635
0.10774603340918783
0.10781836677946219
0.10770430708879278
0.10700275855621039
0.10700275855621039
0.10803125361213443
0.10808250484858169
0.10731871419677233
0.10731871419677233
0.10708341352231
0.10706814981932132
0.10726562195566126
0.10726562195566126
0.10722504222231406
0.10786630077022705
0.10724871806569328
0.10693174110606427
0.10819144679288639
0.1084510799491481
0.10757109020549817
0.10676042339477955
0.10758947637599545
0.10619397307380495
0.1064596846888374
0.1064596846888374
0.10620956580824052
0.10674519576860285
0.10657579116466859
0.10830682487840408
0.10843048676287256
0.10843048676287256
0.10733062607608952
0.1081859290255226
0.10886011437252324
0.10837892686043238
0.10837892686043238
0.10837892686043238
0.10837892686043238
0.10875403894676915
0.10875403894676915
0.10875403894676915
0.1088123382289679
0.10816127669842862
0.10763053577834554
0.10697953515362092
0.10697953515362092
0.10734404468072573
0.10764810198801325
0.10826052667181055
0.1086925848053184
0.10745511283104615
0.10745511283104615
0.10698305658736587
0.10715582397550344
0.10770707236274865
0.10663863710254597
0.10809986453458864
0.10926697775754017
0.10926697775754017
0.10880428204896357
0.10908727314718566
0.10908727314718566
0.10787645230379082
0.10870260539053458
0.1093977360622801
0.10877193899075384
0.10836678444500093
0.10836678444500093
0.10836678444500093
0.10901418190955521
0.10825793168872928
0.10826671721793547
0.10824691075883855
0.10756234455000886
0.10796370414958495
0.10796370414958495
0.107387890719759
0.1079337712203732
0.10778021187067977
0.10778021187067977
0.10854941982340026
0.10866796927312493
0.10919095428079477
0.10843300763500695
0.10933864087675416
0.10947770870486859
0.10947770870486859
0.10845175400186774
0.10858604563693139
0.10858604563693139
0.10789394112193076
0.10789394112193076
0.10789394112193076
0.10844394581691945
0.10890706963644445
0.10999749131367349
0.10990841950723104
0.110488425860027
0.110488425860027
0.11059475232534875
0.10969990650537856
0.10969990650537856
0.11010903921537775
0.10998946092068186
0.11018745743340869
0.11006519972858357
0.11065324070860166
0.11201496447361622
0.11165590972422014
0.11220671625988556
0.11220671625988556
0.11205857482206058
0.11205857482206058
0.11205857482206058
0.11322899343396588
0.11373651957408497
0.11259513187831927
0.11229667900876619
0.1118855074632966
0.1118855074632966
0.1118855074632966
0.11189376881818784
0.11140884008389199
0.11140884008389199
0.11059125008889752
0.10990350332487679
0.11059770763590823
0.11131042669152583
0.11049171169882022
0.11049171169882022
0.11016790236249291
0.11025333213994283
0.1107136129978161
0.10997098724525343
0.10889088718419096
0.10857301894423936
0.10857301894423936
0.10857301894423936
0.10855163381062537
0.10750063546247521
0.10859447947545754
0.1098394543531575
0.10849909986561658
0.10849909986561658
0.1086379172819929
0.10781535807358342
0.10614019730720387
0.10656745421624608
0.10564753618921824
0.10514529570389888
0.10545556271495178
0.10615328437323882
0.10632760188983122
0.1069508493371474
0.1069508493371474
0.10678497537721576
0.1060024073008989
0.10652149826892153
0.10652149826892153
0.10662049798832413
0.1060428993322084
0.10580780778819013
0.10643247570613286
0.10556283213848254
0.10625034943726955
0.10625034943726955
0.10625034943726955
0.10587467017171187
0.10587467017171187
0.10632030215680083
0.10646046027119904
0.10646046027119904
0.10727691608016367
0.10727691608016367
0.10727691608016367
0.10727691608016367
0.10752665718748612
0.10801974666599864
0.10811628027029539
0.10954810253249941
0.1110421517369991
0.1111803425676569
0.1114760598712288
0.11107922472864176
0.1112162464877067
0.11153217557766935
0.11109740720203223
0.11041700826046416
0.1106912662767759
0.1097939133594869
0.10937407716886728
0.10937407716886728
0.10937407716886728
0.10907152119891442
0.11023184611775241
0.10926640491846852
0.10991228230287103
0.1101945262223605
0.11024800431447741
0.11024800431447741
0.10956110474154929
0.10956110474154929
0.1085597964387801
0.10754339368994804
0.10849339212068912
0.10650427049715509
0.10652393008666618
0.10693496876314099
0.107935910953996
0.10792597907781953
0.10759766781382749
0.10688838762005645
0.10674866729479358
0.10620179242119608
0.10631135162277867
0.10650748289673843
0.10625072718181032
0.105044779392157
0.10511068369346786
0.1047521036659053
0.1047521036659053
0.10393208116279011
0.10393208116279011
0.10457710985566386
0.1052749734368074
0.10539080077660377
0.1062547639167972
0.10661028766183321
0.10661028766183321
0.10661028766183321
0.10620290536577036
0.10611858868753153
0.10611858868753153
0.10665402599181206
0.10688349756653064
0.10564706314126582
0.10649643074574058
0.10666057364879374
0.10677629497710509
0.10745656509022634
0.1063256253825586
0.10622608400350046
0.10598643244251826
0.10585873154879168
0.10585873154879168
0.1058706961412515
0.10657995541110218
0.1064747838862784
0.10680190197491661
0.1068739978281907
0.1070886362134586
0.1074478796857535
0.10743117568600087
0.10854836916395985
0.1089397547565313
0.10936390792838077
0.10944824666040547
0.10964477925821701
0.11005591212874925
0.11063169589835695
0.11079543619571622
0.11134229114897745
0.11135023896571764
0.1104769258481656
0.11135189515446296
0.11054759995942165
0.11041590741361058
0.11086365822759497
0.11092534762290447
0.1110623036274017
0.1110623036274017
0.1109768696087248
0.11099130594910162
0.11099130594910162
0.11038017802895125
0.10964473310944145
0.10964473310944145
0.10964473310944145
0.10936800177897622
0.10855985233449388
0.10994869077152572
0.11016719555982304
0.10892107155588347
0.10953056285082959
0.10953056285082959
0.10948363552443183
0.1096758929075396
0.1107774341618237
0.11080323352331847
0.11027294635885773
0.10919439939695334
0.10994464442324721
0.11014721870952619
0.11025119383298082
0.11122823851034155
0.11122823851034155
0.11168638848989482
0.111743339163743
0.11168971907295751
0.11168971907295751
0.11278996570043488
0.11240988740591465
0.11240988740591465
0.11271599229730767
0.11125717073214468
0.11125717073214468
0.11145778092378607
0.11145778092378607
0.11145778092378607
0.11218495389918308
0.11179833981500796
0.11189394393246972
0.11041894814067008
0.10916741166556629
0.11047336021466495
0.11120999716977349
0.11093112056372896
0.11093112056372896
0.11093112056372896
0.11067108732372825
0.1106968345866357
0.11127126385748792
0.11179821442900773
0.11197865803877592
0.11054449661641672
0.11130682290847972
0.11127185189873275
0.11161966406566007
0.1127538864303877
0.11205805100504947
0.11205805100504947
0.11202495205728792
0.11350910053067902
0.11364053526777533
0.11364053526777533
0.11364053526777533
0.11391039620361669
0.11401262817946398
0.114142480534425
0.114142480534425
0.11370239581845988
0.11380359646455095
0.11391851965448312
0.11349911721051541
0.1130880076892291
0.1130880076892291
0.11404504448247542
0.11382084799880457
0.11450162283640641
0.11397003088321327
0.11397003088321327
0.11397003088321327
0.11397003088321327
0.11397003088321327
0.11383203194777451
0.11383203194777451
0.11433220658852293
0.11385084770679987
0.11376786082031003
0.1137293486147346
0.11378060830977597
0.11249514381677063
0.11329725038758613
0.11360570622391662
0.11360570622391662
0.11319473920814217
0.11280325120795678
0.11343488609838158
0.11256159792995027
0.1128850164521207
0.11162585870547809
0.11044692809762774
0.11058006960888349
0.11058006960888349
0.11022187489342346
0.11018079062515261
0.10997743054711472
0.11101002508053702
0.11125780225986874
0.11125780225986874
0.11136015286323053
0.11144965298592337
0.11167416460138718
0.11046295008791736
0.11158458601318673
0.11233638715662664
0.11275783800985728
0.11243922453833569
0.11243922453833569
0.11319231754639238
0.11247718751971647
0.11164992576579477
0.11135102682592471
0.11172269571929454
0.1111712410476282
0.1111712410476282
0.1111712410476282
0.1111712410476282
0.11039261509095456
0.11037689214570234
0.11037689214570234
0.11037689214570234
0.10966362061856116
0.10966362061856116
0.10907900222643953
0.10912639551981616
0.10838918900217392
0.10796307172070507
0.10666262967127813
0.10626773538639149
0.105444832481171
0.105444832481171
0.105444832481171
0.10640746323471982
0.10781029862097921
0.10776229449001838
0.10806120505780563
0.10806120505780563
0.1080154805652047
0.1080154805652047
0.10903003817708133
0.10903003817708133
0.11028894700770958
0.11028894700770958
0.11010974561774206
0.10975359785568735
0.10975359785568735
0.10894408339784387
0.10879515697644061
0.10858682261979771
0.10763247488072511
0.10763247488072511
0.10827105366707776
0.10827105366707776
0.10831805097063828
0.10831805097063828
0.10689243692817438
0.10611872425670754
0.10578208582947053
0.10524477173868066
0.1058901156993064
0.10517710899244977
0.10560317353578155
0.10551845263663152
0.10618523926456402
0.10637917058001246
0.10663174745150535
0.10791101222381237
0.10764161842044158
0.10744479692581406
0.10803919940292013
0.10803919940292013
0.10909001874146457
0.10795125231651931
0.10795125231651931
0.10795125231651931
0.10795125231651931
0.10667754863726633
0.10680345583858025
0.10652385751355652
0.10642014311439446
0.10628371270807799
0.10714212173005967
0.10675782135323408
0.10663229280589619
0.10727248333798069
0.10727248333798069
0.10749936167374205
0.10754815399152305
0.10795230081001303
0.10795230081001303
0.1085748918557626
0.10972589195904806
0.10974184828135056
0.10903698590838
0.10903698590838
0.10980665455047424
0.1098348075154896
0.1106288581420856
0.11047514380931647
0.10880145696009462
0.10917107009105365
0.1096657043352835
0.11037130925277427
0.11029581694289539
0.1105763426637955
0.11064147135131822
0.11071672358999815
0.11001099568319889
0.11039391147467402
0.10931790002924725
0.10931790002924725
0.11027792889249578
0.1102119538640805
0.11006249056966406
0.11029506219818286
0.11015921054036026
0.11015921054036026
0.11113421662446074
0.11113421662446074
0.1114304600211012
0.11159104236723437
0.11227367569703715
0.11143749722988919
0.11026793080831093
0.11026793080831093
0.11011799986285757
0.1096919795581641
0.10879245283960377
0.10782529963564208
0.10848989365813243
0.10884242682658654
0.10946984783512952
0.10946984783512952
0.10875494851285183
0.10933825958417194
0.11006870343419803
0.11014262012737626
0.11014262012737626
0.11100164924972675
0.1107422115503729
0.11158995699295769
0.11182143477440144
0.11168446159973353
0.11084832191327948
0.11024864980034274
0.11024198974920284
0.10957272025145001
0.11043547376353402
0.10987643869813059
0.11106423679554059
0.11146799747044446
0.11126212627373344
0.11062271873259169
0.11143797276251734
0.11122294496431964
0.11066559909167752
0.11230966537016576
0.11147353594144711
0.11113456685155429
0.11113456685155429
0.11156758614445422
0.11176985822311238
0.11131502709690862
0.11113032868675067
0.11120713663581878
0.11196740781452093
0.11196740781452093
0.11128246465395066
0.11180852920994358
0.11232567063999946
0.11232567063999946
0.11262525049542116
0.11196766768097952
0.11207432670250239
0.11261071929060537
0.11261071929060537
0.11285736827781057
0.11255459295120217
0.11255459295120217
0.11176425170931607
0.11134653654141474
0.11169006076252626
0.11280492283706878
0.11257258596596366
0.11274181416255748
0.11206285660162389
0.111475301574004
0.1125748735208924
0.11164165807203066
0.11187348947583904
0.11144900305281276
0.11154948757415432
0.11104809564906425
0.11045896829231061
0.11045896829231061
0.11067435461867133
0.11108508136587719
0.11108508136587719
0.11069362580638521
0.11069362580638521
0.11108397327369503
0.11133916080837596
0.11218983481825728
0.11179430175416435
0.11179430175416435
0.1118548359561035
0.11313683050503844
0.11266307032393677
0.11262621093841953
0.11271318759154768
0.11277110814062949
0.11352463885706278
0.11557824775629619
0.11626179948652549
0.116361471203656
0.11660299382599128
0.11702019969478537
0.11721245576480381
0.11718182106072321
0.11593576113936012
0.11563525084227383
0.11695467420163133
0.11695467420163133
0.11695467420163133
0.11695467420163133
0.11684376005883536
0.11664263255763425
0.11544071384404045
0.11470100014585473
0.11487693715817283
0.11497810695310887
0.1158646395050774
0.11475094255283598
0.11528253681591134
0.11508612364714665
0.11415560541663931
0.1144170717940242
0.11497438663137766
0.11497438663137766
0.11453687153485413
0.11685636051575016
0.11655838215310162
0.11722976341496295
0.1158238483327349
0.11542101341390196
0.11614573533670783
0.11614573533670783
0.11555914170718767
0.11574108906376375
0.11444096488418883
0.11385632671090973
0.11442610636618454
0.11437896974904814
0.11444371615459878
0.1136908384286808
0.11379628121208586
0.11450575412048337
0.11314295324511191
0.11314295324511191
0.11406668480908945
0.11406668480908945
0.11406668480908945
0.11413969012812698
0.11476340205694255
0.11550210196764832
0.1156315987648745
0.1162120810815623
0.11631104891484358
0.1163404919990208
0.11614560652142175
0.11635989759519125
0.11500265335481073
0.11500265335481073
0.11600215659719824
0.11545039818974512
0.11698563216918938
0.11664623464037234
0.11637309445241696
0.11641109534120138
0.1163972538367304
0.11630979941238256
0.11628225445397834
0.11637751243411724
0.11517534068868969
0.11475797358367903
0.1163833419517368
0.1164141922358201
0.1164141922358201
0.1164141922358201
0.1152836625238918
0.11619075515493407
0.11678215729210385
0.11503534885857346
0.11542677483891318
0.11626194273139251
0.11624746890470693
0.11624746890470693
0.11534701421789423
0.11534701421789423
0.11534701421789423
0.11473562270305335
0.11473562270305335
0.11473562270305335
0.11448835871962712
0.11403236078334358
0.11353952500836868
0.113561582357653
0.11378022835158537
0.11378467461790816
0.11378467461790816
0.11414715910308258
0.11389235746878004
0.11367103098821703
0.11407052622133759
0.11300274385515809
0.11270298877904307
0.11270298877904307
0.11206470209004228
0.11230864787430951
0.11230864787430951
0.11123770910386636
0.11015689306140405
0.10952877193281454
0.10909271848928927
0.10909271848928927
0.10916354084407882
0.10835861934158161
0.10835861934158161
0.10866991996288917
0.10842556015313835
0.10876565215981748
0.1091735735081609
0.1091735735081609
0.1090675648656424
0.11080095268014463
0.11080095268014463
0.10899776432796188
0.10899776432796188
0.10911704594266926
0.11019494620138978
0.1095700606963089
0.1095700606963089
0.10884894323128882
0.10903353933158563
0.10861155080760114
0.1074143152960444
0.10723338829147752
0.10888169619193716
0.10888169619193716
0.10829682255886121
0.1086037324360237
0.1090138714008369
0.10865813448842893
0.10865813448842893
0.10865813448842893
0.10868943208220325
0.1088948372474571
0.1088948372474571
0.10919386117638491
0.10892895120643399
0.10851786606158095
0.10851786606158095
0.10791079095595117
0.10762955005263641
0.10681802583256167
0.10681802583256167
0.10741412544442677
0.10741412544442677
0.10741412544442677
0.1087360929655478
0.10894955446415612
0.10903103046595097
0.10828520578080496
0.10828520578080496
0.10856290885461665
0.1083042438632847
0.1091256786054761
0.10799450828739039
0.10826534134333055
0.10849180793263855
0.11040523739147817
0.11051966550754501
0.11051966550754501
0.1113167536252341
0.11142987581821086
0.11164136828721953
0.11172037042100283
0.11204779641037384
0.11304094911777617
0.1120647155222711
0.11313060736557994
0.11231534485265869
0.11217096381818507
0.11215998832355348
0.11286870490527164
0.11229580887062164
0.11229580887062164
0.11177276414991467
0.11177276414991467
0.11177276414991467
0.11178471812987588
0.11147042946780517
0.1103879771723138
0.10967733996209937
0.10983217757536322
0.10866477272766258
0.10858359003537442
0.10906691314275044
0.10853764676784854
0.10853764676784854
0.10853764676784854
0.10757642978732022
0.10757642978732022
0.10844723823453815
0.10844723823453815
0.10910377439393533
0.10839439939147774
0.10993078445030846
0.10877251904584358
0.10877251904584358
0.1087064734837898
0.11094178758104556
0.11094178758104556
0.1114216570605735
0.1114216570605735
0.11162892920109978
0.11162892920109978
0.11154031612715283
0.11115135134009149
0.11111791427080778
0.10992777310593044
0.11075553758809238
0.11095851211674569
0.11094353793690663
0.11199646667972205
0.11219164543217086
0.11219164543217086
0.11219164543217086
0.1118199465582299
0.11267843399191282
0.1121216121768034
0.11178141759592493
0.1106514663702636
0.10978008393146764
0.11003871234787733
0.11063480433667917
0.10943338465210115
0.10943338465210115
0.10871800451897592
0.10731475336427738
0.10845035634219086
0.10922470081476462
0.10847766887934043
0.10770782340469169
0.1086670374228011
0.1086670374228011
0.10899698682521058
0.10899698682521058
0.10899698682521058
0.1093102118465247
0.1093102118465247
0.1093102118465247
0.1093102118465247
0.10863585551984611
0.10827757777844348
0.10827757777844348
0.10827757777844348
0.10754532528825986
0.10645103891084533
0.10677118128560138
0.10703427428290573
0.10627357331936987
0.105052552797972
0.105052552797972
0.10545952584122224
0.10545952584122224
0.10575721933825258
0.10511043762777116
0.1050587277870787
0.10553340481579412
0.10628090093523339
0.10511100788302191
0.10605503455750187
0.10618283791896407
0.10721650669257884
0.10721650669257884
0.10788921379489948
0.10796969914474615
0.10777674139108646
0.10752296839320903
0.10758625694882709
0.10758625694882709
0.10758625694882709
0.106856534376219
0.10741386616991581
0.10664277139912079
0.10637475242806173
0.10595393918954793
0.10687811421798937
0.10680914985657873
0.10710848407916257
0.10568999495305922
0.10613661065234516
0.10605979336807779
0.1059976553983856
0.10474261989098088
0.10507881549083913
0.10508385032489845
0.10531312712711564
0.10548136698852469
0.10454300723892876
0.10502098937530682
0.1062726937674649
0.10668386800064954
0.1060150293646835
0.10655296406257622
0.10633852814776622
0.10633852814776622
0.10665865710556592
0.10655092240086322
0.10630364311092234
0.1049792933516561
0.10520472515422175
0.1047065065026935
0.10350975916908374
0.10350975916908374
0.10350975916908374
0.1039051429707898
0.10377489254493148
0.10357063981521478
0.10239423334253726
0.10239423334253726
0.10310181235993557
0.10321592389235107
0.10273773581504284
0.10273773581504284
0.10216638580010433
0.10216638580010433
0.10253792002522949
0.10122116309834432
0.100679043322564
0.10104587487868313
0.10125021780640804
0.10125021780640804
0.10126428494515476
0.10114202155163071
0.1008993573449592
0.10206721391820374
0.10158793909549138
0.1012541701453941
0.1012541701453941
0.10124549565440114
0.10180905015225138
0.10241504411281711
0.10241667872473234
0.10241667872473234
0.10411089709124402
0.10385869175846348
0.10382486637956569
0.1035718912974249
0.10481102856350726
0.10412985372306598
0.10570296757937668
0.10570296757937668
0.1062465347046852
0.1060960725145305
0.10568814617498833
0.10491301674452792
0.10415195068953674
0.10415195068953674
0.10412495256003183
0.1039701672615926
0.10319306593752628
0.10356470486785584
0.10338522657339276
0.10366196758109372
0.10433583606594084
0.10513904401730492
0.10432504629390607
0.10462950747370767
0.10347253485025745
0.10347253485025745
0.10419534068354469
0.10330601252975771
0.10362003949890375
0.10286452112085483
0.10286452112085483
0.10286452112085483
0.10386012430928934
0.10421038296444231
0.10409111810883871
0.10283895221075348
0.10295399648999715
0.10277614911424555
0.10329866855799238
0.10329866855799238
0.10409746305553562
0.10409746305553562
0.10530745267791017
0.1049666542262683
0.10666142456361592
0.10666142456361592
0.105470780050616
0.10562016829718744
0.10557878618176587
0.10507994269900209
0.10490157700820749
0.10418477022467383
0.10418477022467383
0.1046866899167338
0.1046866899167338
0.1046866899167338
0.1046866899167338
0.10544764402172838
0.10559601323553217
0.10682432797820814
0.10757816428151333
0.10757816428151333
0.10762545315165797
0.10739104581115806
0.10739104581115806
0.1078208921678271
0.10865508487693971
0.10865508487693971
0.11211370383042152
0.11261016408705496
0.11159914004100883
0.11021615447040327
0.11071548409699242
0.10929083761974043
0.10960380335668392
