0.11154194735557116
0.11154194735557116
0.11154194735557116
0.11154194735557116
0.11154194735557116
0.11154194735557116
0.11154194735557116
0.11154194735557116
0.11154194735557116
0.11154194735557116
0.11154194735557116
0.11154194735557116
0.11154194735557116
0.11154194735557116
0.11154194735557116
0.11154194735557116
0.11154194735557116
0.11154194735557116
0.11154194735557116
0.11154194735557116
0.11154194735557116
0.11154194735557116
0.11154194735557116
0.11154194735557116
0.11154194735557116
0.11154194735557116
0.11154194735557116
0.11154194735557116
0.11154194735557116
0.11154194735557116
0.11154194735557116
0.11154194735557116
0.11154194735557116
0.11154194735557116
0.11154194735557116
0.11154194735557116
0.11154194735557116
0.11154194735557116
0.11154194735557116
0.11154194735557116
0.11154194735557116
0.11154194735557116
0.11154194735557116
0.11154194735557116
0.11154194735557116
0.11154194735557116
0.11154194735557116
0.11154194735557116
0.11154194735557116
0.11154194735557116
0.11154194735557116
0.11154194735557116
0.11154194735557116
0.11154194735557116
0.11154194735557116
0.11154194735557116
0.11154194735557116
0.11154194735557116
0.11154194735557116
0.11154194735557116
0.11154194735557116
0.11154194735557116
0.11154194735557116
0.11154194735557116
0.11154194735557116
0.11154194735557116
0.11154194735557116
0.11154194735557116
0.11154194735557116
0.11154194735557116
0.11154194735557116
0.11154194735557116
0.11154194735557116
0.11154194735557116
0.11154194735557116
0.11154194735557116
0.11154194735557116
0.11154194735557116
0.11154194735557116
0.11154194735557116
0.11154194735557116
0.11154194735557116
0.11154194735557116
0.11154194735557116
0.11154194735557116
0.11154194735557116
0.11154194735557116
0.11154194735557116
0.11154194735557116
0.11154194735557116
0.11154194735557116
0.11154194735557116
0.11154194735557116
0.11154194735557116
0.11154194735557116
0.11154194735557116
0.11154194735557116
0.11154194735557116
0.11154194735557116
0.11154194735557116
0.11298404332433896
0.11482367414169253
0.115287969916806
0.115287969916806
0.11500144526128825
0.11496692367997445
0.11447860173886666
0.11447860173886666
0.11447860173886666
0.11447860173886666
0.11421894123643861
0.11402346559381714
0.11392294432934887
0.11392294432934887
0.11391225083962525
0.11511451188267519
0.11521100118817178
0.11521100118817178
0.11447478961943477
0.11447478961943477
0.11447478961943477
0.11432676648339433
0.11452619455833964
0.11427181877415322
0.11408242956946578
0.11380758484112599
0.11475536431572954
0.11475536431572954
0.11475536431572954
0.11475536431572954
0.11437323119483013
0.11352998684453626
0.11343850213566624
0.11343850213566624
0.11256688252345816
0.11228619683286155
0.11207901091332877
0.11228699032127323
0.11244672309024116
0.11173880309251928
0.11146270575428034
0.11272992364884749
0.11296931922069717
0.11296931922069717
0.11281133178404262
0.11200447577431125
0.11315415706010462
0.1141368790466132
0.1141368790466132
0.11268890958531054
0.11268890958531054
0.11231649002834958
0.11218990715041326
0.11304136968045456
0.1132793830289857
0.1129059961323297
0.11273893072670789
0.11373131680035199
0.11393405250510101
0.11428764555616235
0.11506212602827896
0.11506212602827896
0.1151129756972711
0.11542653033065126
0.11542653033065126
0.11542653033065126
0.11548811693354548
0.11544886988553053
0.11544886988553053
0.11491025305683619
0.11417350964635763
0.11399280287620789
0.11392113091768741
0.11392113091768741
0.11343405627044899
0.11321441027780121
0.11321441027780121
0.11292085743698647
0.11315733426573636
0.11284517311510345
0.11284517311510345
0.11270490902620525
0.11270490902620525
0.11066095161359248
0.11142135963004356
0.11142135963004356
0.11072298920494761
0.11076929413025886
0.11076929413025886
0.11039342592254658
0.10960796667527971
0.10960963645092198
0.10881847802360547
0.10957232201146551
0.11076052469806275
0.1086169606978625
0.10922076358792106
0.10872725822857039
0.10969494298430968
0.10971288338460645
0.1085993996105356
0.1095532091658016
0.10780474945583654
0.10749435918702022
0.10660327809946062
0.10595012784198403
0.10595012784198403
0.10582057209984919
0.1060198635373484
0.10782521694345365
0.10782521694345365
0.10795437072373286
0.10809048410262882
0.10793789129007596
0.10793789129007596
0.10767598326228972
0.10767598326228972
0.10767598326228972
0.10768632186264052
0.10929682155297434
0.10780166774528128
0.10780166774528128
0.10840207846137982
0.1077462909429862
0.10796273189885912
0.10866487451839436
0.10824926613140877
0.10824926613140877
0.10759479613055083
0.1076147542301348
0.10901956693050124
0.10832329162008109
0.10832329162008109
0.10877970275545977
0.10857160980472608
0.10804046196044415
0.10804046196044415
0.10773569445180262
0.10727608878915543
0.10666644048982117
0.10656430450838336
0.1062335198593367
0.10543252625840893
0.10555595837129104
0.10563011383831224
0.10563011383831224
0.10601404361755354
0.10601404361755354
0.10595836516576528
0.10595836516576528
0.10562789204543273
0.10466534190156825
0.10422678727348474
0.10401008512714045
0.10442290806786632
0.10442290806786632
0.1049911343115572
0.10536912688067286
0.10588189138121026
0.10640854023592175
0.10632819802381782
0.10632819802381782
0.10656333714703646
0.10675240468033918
0.10749125597000532
0.10783365414341325
0.10780858594357662
0.10721361026718956
0.10693617511778926
0.10739105239568898
0.1074720885680642
0.10601654162623661
0.10832703374035219
0.10839015221655542
0.10744402856465547
0.10798987970723924
0.10767212782924253
0.10852544444612645
0.10852544444612645
0.10874484134848915
0.108604655941955
0.108604655941955
0.10855649396363379
0.11014611135362246
0.10977010552288528
0.1098116198875138
0.1098116198875138
0.10972773805792586
0.10972773805792586
0.10861396274342816
0.10833095078694968
0.10904128328639806
0.10801150648879829
0.10697767473240276
0.10697767473240276
0.10704981361232128
0.10704981361232128
0.10700518927873225
0.10691132488666222
0.10561048632719888
0.10561048632719888
0.10699206604522254
0.10750543854214516
0.10663961010867534
0.10668818620913542
0.10820905871445254
0.1081635581076528
0.10787273473353452
0.10700991603243915
0.1058412244416291
0.10665902086586036
0.10644993557808216
0.10663485610032124
0.10632644891455162
0.1056554833638194
0.10575354480007952
0.10473761112637112
0.10456759498407643
0.10465443632356289
0.10621996162078025
0.10553140018307089
0.10383367387211577
0.10383367387211577
0.10383367387211577
0.10456181487851621
0.10456181487851621
0.10456181487851621
0.10456181487851621
0.10420416862296104
0.10420416862296104
0.10418350062133706
0.10509341328467561
0.10447160588033777
0.10463037343009816
0.10415087454208163
0.10412620986751443
0.10468004376769771
0.10449840526360987
0.10436998054314395
0.10472102412005391
0.10449365331689586
0.10367677666343868
0.10435045940990875
0.10300971314677683
0.10282540731574563
0.10256989100117003
0.1026339371953619
0.10227448084471451
0.10160929893038319
0.1009670764059419
0.1007732553661298
0.10165584869541935
0.10165584869541935
0.10165584869541935
0.10244314943742007
0.10165183819132745
0.10165183819132745
0.10094435726724596
0.10094435726724596
0.10125086055433641
0.1012057798829592
0.10110269167263626
0.10075776140586049
0.10099767916253911
0.10157300994496886
0.10227321169841373
0.10230213261662724
0.10187008957969826
0.10187008957969826
0.10175719483696143
0.10175719483696143
0.10227469621869625
0.10227469621869625
0.10293311224341736
0.10293937787294008
0.10416415573205774
0.10440379238919137
0.10491079559170975
0.10464311050365613
0.10360313024090738
0.10462580873314511
0.104713874830036
0.10431493785670166
0.10438087292473523
0.10511190614040336
0.10511190614040336
0.10452814544717134
0.10452814544717134
0.10325543420172166
0.10360803810043974
0.10360803810043974
0.10313048661704018
0.10330702949406285
0.10374177429589003
0.1038558985710334
0.1038558985710334
0.10162640958135051
0.10237558532056025
0.10201172452726302
0.10197315870369923
0.09995487414832575
0.100782378537577
0.10071205230055898
0.10103990980036283
0.10061529102362365
0.10019178758095672
0.10019178758095672
0.1016748779831089
0.10151942456509905
0.10151942456509905
0.10280991091690775
0.10226903540742237
0.10226903540742237
0.10317399130629071
0.1040209956381335
0.10278513092004106
0.10278513092004106
0.10278513092004106
0.10275655799440528
0.10269684883941363
0.10209507279482054
0.10295315621765885
0.10275002792232936
0.10200605274894062
0.10200605274894062
0.10224297416398197
0.10224297416398197
0.10224297416398197
0.10206694618093638
0.10206694618093638
0.10322584558359775
0.10322584558359775
0.10216542379836319
0.10216542379836319
0.10099151392667517
0.10099151392667517
0.1010499043660916
0.1010499043660916
0.10037290179533101
0.1009499552601839
0.10099602916608558
0.10226916327421973
0.10200755455455011
0.10136646123739909
0.10183797123919117
0.10099043327584703
0.10030012722893417
0.0996953345134541
0.10062637127240646
0.10249577220883514
0.10321307590585625
0.10265664790825998
0.10265664790825998
0.10297575088078112
0.10330295854126922
0.10327491113688982
0.10332559079189686
0.10350051131525392
0.10311290065886217
0.10234736261980373
0.10234736261980373
0.10142704001466037
0.10156287432400844
0.10156287432400844
0.10148317192364188
0.1025410349649372
0.1025410349649372
0.10394062705210055
0.10409257798157723
0.103520502278187
0.10287322995860737
0.10297014768411068
0.1040179777450832
0.10390540596680249
0.10494537378576717
0.10409406392069723
0.10442785758907129
0.10481796656243002
0.1050981394926845
0.1050981394926845
0.10511208472580258
0.10511208472580258
0.10565642751829461
0.1058303940338197
0.10550586957537182
0.10617124869590856
0.10617124869590856
0.10547055303740384
0.10735023546220679
0.10673625659584107
0.10679654120862624
0.10594409596473713
0.10476822871919544
0.10559703389757763
0.10559703389757763
0.10581994554290931
0.10607061926121089
0.10500254821784465
0.1056489324083339
0.1050710502260762
0.10570971838189973
0.10472655017428706
0.10511156156108123
0.10557151247074047
0.10619012409882354
0.1066358235170053
0.1066358235170053
0.10773747370619043
0.1086620504930284
0.10895933804004215
0.10884599451159134
0.10884599451159134
0.10836151426297166
0.10885235518467122
0.10962401423326515
0.10982307366837792
0.10982307366837792
0.10983780111430423
0.10983780111430423
0.10851620946115718
0.1085057251082678
0.1085057251082678
0.10785625935324987
0.10717732086382258
0.10717732086382258
0.10794974553040393
0.10794974553040393
0.10844086276961112
0.10844086276961112
0.10844086276961112
0.10793470983741453
0.10873864890206095
0.10873864890206095
0.10688347884688075
0.10751206740926006
0.10751206740926006
0.107395356108633
0.107395356108633
0.10793437228918312
0.10814126071712334
0.10909704312897014
0.10909704312897014
0.10914489340510565
0.10914489340510565
0.10900497131578912
0.1085269333915213
0.10778133447087725
0.10753217600237909
0.10753217600237909
0.10781304208075694
0.1079751336370682
0.10782220353367498
0.10607442236793078
0.10749308376346252
0.10749308376346252
0.1076419084021355
0.1076419084021355
0.10674127891462376
0.10713013715731826
0.10696631505615233
0.1066537566183738
0.10890725503059177
0.10904161285124046
0.10931867237328109
0.11007859378650992
0.1081893624999717
0.1081893624999717
0.10887567531637032
0.10887567531637032
0.10764722182419442
0.10736457584595335
0.10670398772292182
0.10629659683686603
0.10741936634261887
0.10800909240044668
0.10800909240044668
0.1074774483724981
0.10702748272978632
0.10729288880674089
0.10665704607780514
0.10808832325438178
0.1085498463055
0.1081689389543004
0.1081689389543004
0.1079532376957219
0.10767274281488064
0.10841715160444587
0.10881715048659597
0.10881715048659597
0.10762547180804369
0.10685940248582917
0.10666105513753285
0.10666105513753285
0.10682889884198585
0.10770713171123768
0.10770713171123768
0.10900503428829982
0.10819806244169809
0.10746815275988685
0.10799793371686081
0.1079806858438712
0.1079806858438712
0.10892805453973843
0.10811720133741931
0.10807945291399536
0.10807945291399536
0.10988459523232275
0.10988459523232275
0.10985743928791095
0.10948771884542399
0.1095227682350401
0.1095227682350401
0.10954795132325564
0.1094112654319466
0.10860460606891648
0.10818550856789776
0.10818550856789776
0.10821143491440219
0.10874032399709846
0.10861193523954267
0.10674038752388201
0.10674038752388201
0.10810476148803128
0.10810476148803128
0.10798736765265224
0.10851335469480293
0.10846290890015835
0.10846290890015835
0.10719640410757386
0.10661692036546953
0.10668543229430032
0.10818171536658831
0.10819768784841559
0.10880765151005377
0.1095253479211136
0.1095253479211136
0.10934052411174426
0.10912014919824899
0.1086236508507488
0.10813344242567971
0.10742989255352214
0.10742989255352214
0.1089534169240059
0.10907534060628009
0.10831659568490104
0.10908709350478275
0.10908709350478275
0.10951084921616881
0.10853014101727125
0.10794309422403932
0.10804979465450357
0.10804979465450357
0.1076875976744758
0.1081074982952118
0.10865807327783905
0.10865807327783905
0.1087720833914086
0.1087720833914086
0.10840178280926265
0.1082145361811446
0.1082145361811446
0.10898637838305988
0.10980988835525393
0.10887789164779653
0.10855911777172725
0.10789446703936702
0.1067164816603756
0.10632731110364492
0.10666733802509955
0.10747023668083025
0.10730996611703825
0.10687971983832133
0.10731177685856967
0.10744513397644812
0.10767441824936788
0.10690575834571413
0.10750798736535098
0.10814703801680496
0.10907171850557419
0.10909579051881951
0.10959787224006427
0.10964973407110377
0.11029047058442067
0.11052495095667315
0.11052495095667315
0.10928654095261751
0.10848561624155567
0.10848561624155567
0.10848561624155567
0.10867624759268156
0.10786802113990039
0.10803059506225078
0.10851366524957048
0.10909995421001253
0.10809993315216311
0.10809993315216311
0.10740633881791974
0.10665712280017169
0.10768318289759064
0.10776770918692366
0.1070712343058523
0.10631147715087763
0.10674238803426545
0.10630751995938692
0.1058044435893807
0.10587640430906928
0.10550381586225259
0.1056991363525051
0.10575405574086268
0.10575405574086268
0.10575405574086268
0.10575405574086268
0.10571031264788391
0.10516346640569936
0.10518938322497655
0.10518938322497655
0.10446323938375451
0.10632840726025526
0.10633848582385874
0.10633848582385874
0.10686691413182799
0.10660679940383785
0.10600893124885456
0.10600893124885456
0.10572087776093904
0.10608728634806339
0.10686029338671177
0.10686029338671177
0.105056922757299
0.10503229987173117
0.1059409628992536
0.10453144986346716
0.10453144986346716
0.10361217604665521
0.10345673541619307
0.10345673541619307
0.10454284187834792
0.10301474757808324
0.10323021642817312
0.10365236402231726
0.10365236402231726
0.10584612889468988
0.10527914961892336
0.10481869042459957
0.10536302841965645
0.10628560557641482
0.10628560557641482
0.10613119376873068
0.10621192503480599
0.10606181211172773
0.10606181211172773
0.10450928745696945
0.10450928745696945
0.1042215261969652
0.1042215261969652
0.10292033848493927
0.10159328238815082
0.10159328238815082
0.10256456898319738
0.10406311370547439
0.10336856975360595
0.10271408510397834
0.10271408510397834
0.1025859410019091
0.10315808027227617
0.10308375827394285
0.10356306566898314
0.10429663538202281
0.10438915487527442
0.10366525041497143
0.10366525041497143
0.10366525041497143
0.10376039227688771
0.10397495891024927
0.10423115613444676
0.10504586463827019
0.10504586463827019
0.10323068490778518
0.1035079391603991
0.10246819368479744
0.10266129190766242
0.10315513567302478
0.10318825079967552
0.10318825079967552
0.10268899289866455
0.10268899289866455
0.10268899289866455
0.10249531568018076
0.10249531568018076
0.10275094982047074
0.10255357733284937
0.10255357733284937
0.10255357733284937
0.1023207221072232
0.102722762518985
0.10257046421029423
0.10334097777668236
0.10359869125947264
0.10481513881679257
0.10501627857872957
0.1060841762570179
0.10557494626057043
0.10557494626057043
0.10444985603363813
0.10480959823258702
0.10462796822920237
0.10430132944519141
0.10463566101923902
0.10484317580901412
0.10465003114429478
0.10465003114429478
0.10500412939798232
0.10561140714269247
0.10663592129400279
0.10718734019483063
0.10753830234665543
0.10709068198213043
0.10754164802182915
0.10754164802182915
0.10910515346019913
0.1094293038904721
0.11061967430500821
0.11010647051400993
0.10931540205122826
0.10841500122587254
0.10792327735655473
0.10809432341096754
0.10865763785051552
0.10896045807665929
0.10896045807665929
0.10896045807665929
0.10855906722390679
0.10855906722390679
0.1092944640996071
0.10928087242024061
0.10926164025619443
0.10825312010159886
0.10770782102443512
0.10653920881602669
0.10752910849583511
0.10752910849583511
0.1078440194486795
0.10892331586416097
0.10892331586416097
0.10994956010492271
0.10946737882450454
0.10906782213090627
0.10965033579939049
0.10949299895675706
0.10871178154339801
0.10882159640003444
0.10969962491951847
0.10969962491951847
0.10959792506090044
0.10900007102369566
0.10900007102369566
0.10889468246362115
0.1085973355815166
0.10763773678498112
0.10598070140861439
0.10637754721950105
0.10623358524809559
0.10662412733843278
0.10704969741287165
0.10663416454415915
0.1060260357215879
0.10578105127982015
0.10667428001075915
0.10667428001075915
0.10667428001075915
0.1056553920356442
0.10686274824444801
0.10571258987383388
0.10604850583499745
0.10586236916281895
0.10586236916281895
0.1055457347354927
0.1055457347354927
0.10475041976496986
0.10353910036645096
0.10353910036645096
0.10467746048429868
0.10467746048429868
0.10467746048429868
0.10551314984090396
0.10633237563431525
0.10678352979185186
0.10659786016279758
0.10659786016279758
0.10664994359116585
0.1070154757072349
0.10694509240701659
0.10636782175063976
0.10633594353307405
0.10496414687572911
0.10473051123760942
0.10374076151308968
0.10379168798934335
0.10379168798934335
0.10297882815175499
0.10277887989284168
0.10277887989284168
0.10277887989284168
0.10277887989284168
0.10334507295355841
0.10285963160463724
0.10285963160463724
0.1039594793873769
0.10542229244271412
0.10408328405839429
0.10408328405839429
0.1042494511228691
0.10341257512565717
0.10341257512565717
0.10341257512565717
0.10315202870576436
0.10315202870576436
0.10317213052842655
0.10358727785714865
0.10281243128722536
0.10342202948446302
0.1023325405346816
0.10238512511081413
0.10323536280424922
0.10345321389697222
0.10345321389697222
0.10270398894455499
0.10277256791181472
0.10427607641882779
0.10384710253363574
0.10302116963879059
0.10311720287695146
0.10298601572882306
0.10276233350925837
0.10267158585387234
0.10337110796056055
0.10413168567670955
0.10413168567670955
0.10413168567670955
0.1046650087845196
0.10501865383193358
0.10557898533290858
0.104691532678513
0.10490631362141045
0.10517371299728465
0.10568761574206668
0.10561423919692554
0.10603483650660525
0.10590982134169287
0.10610757171121772
0.10610757171121772
0.10610757171121772
0.105073030392485
0.1055116756616387
0.1055116756616387
0.1055116756616387
0.10583149576820118
0.10490361954021821
0.1038419640517078
0.10554381343118
0.1061452242008361
0.1061452242008361
0.10514777349624244
0.1056690836303515
0.1056690836303515
0.10498942628527178
0.10459300214434544
0.10453594594451417
0.10411567099282325
0.103005857580897
0.10413792723404379
0.10413792723404379
0.10367892765093889
0.10367892765093889
0.10450595604796446
0.10381379505082935
0.10381379505082935
0.10417620169199729
0.10379319340944126
0.10424308186688204
0.10433582837016572
0.10353958251463447
0.1032671064990166
0.1035465011236541
0.10346175259803864
0.10322697318238354
0.10117823071102641
0.10167031507930563
0.10106198997226787
0.10106198997226787
0.10097258573594081
0.10092321399299088
0.10092321399299088
0.10080747952368056
0.10092882246358788
0.10202387383224643
0.10169611250849694
0.10154081661433738
0.10203244831067185
0.10179417684219504
0.10150284615037704
0.10184181355797042
0.10195933909146425
0.10333328413467756
0.10334214505936702
0.10301500660780319
0.1031842281844851
0.10330972562366814
0.10290014293641561
0.10290014293641561
0.10444594448769949
0.10484353408474897
0.10414362607340609
0.10413498823926073
0.10523961380505407
0.10492160039269807
0.10478247472635811
0.10478247472635811
0.1053161685385623
0.1053161685385623
0.10538564991491117
0.10538564991491117
0.10676900613153001
0.10676900613153001
0.10666414627043365
0.10573532865167015
0.10573532865167015
0.10615956369389955
0.10555531833840663
0.10491985526239406
0.10491985526239406
0.10430393778527829
0.10378654259686894
0.10267896446945694
0.1035382509907557
0.10268441905801623
0.10270731620254672
0.10270731620254672
0.10254879762014477
0.10254879762014477
0.10240529377606003
0.1022026361416424
0.10245219173071692
0.10231615994512147
0.10225612207644749
0.10285772377800657
0.10176606514221531
0.10138371416678012
0.10048462445562278
0.10045350646956332
0.10161434225926866
0.10078018564808008
0.10030825657664585
0.10080889986963233
0.10131585135258674
0.10071548947557711
0.1009038190853383
0.1003836758581915
0.1013969934495892
0.1013969934495892
0.10199985275564269
0.10169946539361384
0.10169946539361384
0.10169946539361384
0.10150723503125647
0.10150723503125647
0.10105792851803855
0.10111242542710694
0.10125619843615165
0.10120421257421142
0.10126076015460482
0.10128411200570911
0.10133643354193327
0.10171777118749012
0.10268909495336487
0.10256561717348525
0.10220252608279728
0.10330869490592244
0.1034071971764348
0.1034071971764348
0.10512357798009755
0.10542280754475009
0.10549618650590205
0.10508373922221037
0.10508373922221037
0.1054568966568846
0.10476347412886773
0.10437767844896359
0.1049990928615162
0.10464938287826005
0.10464938287826005
0.1051465382917435
0.10514905094559547
0.10562948982406326
0.10490173592910666
0.10490173592910666
0.10400648400799456
0.10369297704508906
0.10384259729158259
0.10529246820235129
0.10561708489262124
0.10582776591896481
0.10474603003200943
0.10474603003200943
0.10495648719181336
0.1051406754767152
0.10607249200516367
0.10615543683952977
0.10615543683952977
0.10679238912461916
0.10631650072420748
0.10633727255367885
0.10623278768431708
0.10409814458056366
0.10409814458056366
0.10488022931266823
0.10516528832958276
0.10536357794225489
0.10536357794225489
0.10621740087415873
0.10634004889513299
0.10592861832620544
0.10534240583178404
0.10610032989223332
0.10565930143166671
0.10628214878727209
0.10588744525640868
0.10608499852149349
0.10608499852149349
0.10612144459873911
0.10631176908952869
0.10762119209017977
0.10843696536673596
0.1082621469809403
0.10802763363917056
0.10678224758279453
0.10708480103915306
0.10652562737473455
0.10652562737473455
0.10607740302433753
0.10702184385900029
0.10687360946376308
0.10687360946376308
0.10671390279163828
0.10695204805132398
0.10695204805132398
0.10635247820583656
0.10635247820583656
0.10783460458655297
0.10667194707407096
0.10667194707407096
0.10627430442667783
0.10638330232995045
0.1051006626189709
0.1042215610679153
0.10406763556083336
0.10386555571341034
0.10361774481580728
0.10361774481580728
0.10361774481580728
0.10361774481580728
0.10381824737525233
0.10328030594693048
0.1031439774765764
0.1031439774765764
0.10328339219358888
0.10301940403552796
0.10301940403552796
0.103208766507748
0.10449712719905448
0.10401866390594407
0.10412609428380502
0.10418920745607874
0.10418920745607874
0.1056475975157013
0.1056475975157013
0.1061436569509019
0.1061436569509019
0.10499069770156767
0.10522213453824988
0.1046394009449952
0.10437266527438922
0.10437266527438922
0.10437266527438922
0.10437266527438922
0.10358434706106487
0.10361864623796802
0.10316745402842233
0.10316745402842233
0.10321574094225117
0.10329800440951326
0.10286047175604227
0.10286047175604227
0.1034385814813418
0.10260749098751067
0.10137841482729094
0.10227742582343903
0.10220008259484721
0.10220008259484721
0.10254554016370056
0.10355680098755991
0.10360409983812702
0.10360409983812702
0.10424917879201072
0.10497728279334086
0.10491835446383668
0.10491835446383668
0.1041159174277069
0.1041159174277069
0.1041159174277069
0.10395823631505026
0.10440009485684844
0.10440009485684844
0.10440009485684844
0.10435611133758153
0.10435611133758153
0.1051064805719346
0.1051064805719346
0.1051064805719346
0.10501232619254425
0.10512240773738782
0.10437518943109007
0.10445528730973838
0.10445528730973838
0.10503104719467506
0.10523324293507601
0.1054268013066649
0.10469130671440618
0.10378183113672869
0.10584809722517301
0.10584809722517301
0.10579850935664976
0.10603465686481484
0.10626694713448279
0.10626694713448279
0.10648455738233727
0.10746884046561798
0.10746884046561798
0.10709707114431397
0.10731306259521335
0.10609371637880896
0.10636329850003502
0.1066220487358767
0.10626570710695706
0.10811372678465372
0.10761635050950097
0.1074442329442961
0.1074442329442961
0.10634920603553073
0.10588096710270768
0.10646264625064973
0.10636906500185922
0.10617386071134778
0.10618386086401255
0.10632234349855
0.10590556826384454
0.10616429291729379
0.10495333401295806
0.1046167505437996
0.10533002960035487
0.10527823005828359
0.10626041638488352
0.10686930593825719
0.10489085439053482
0.10591340224962742
0.10591340224962742
0.10693123571262243
0.10698958058022491
0.10582846622836393
0.10620677142984444
0.1060403891655117
0.10768040486660432
0.10768040486660432
0.10793446249365922
0.1089906060436124
0.10994623716788031
0.11038412174707579
0.11112165124846456
0.10955006067520058
0.1099801542412472
0.10966191647312745
0.10885220079905916
0.10861499351727896
0.10861499351727896
0.10833594362583668
0.10811024147921922
0.1094980554574427
0.1102001201979634
0.11007041954752891
0.11052414320770189
0.11052414320770189
0.1085205571302007
0.1078825632429977
0.10780349880567733
0.10810443911258397
0.10810443911258397
0.10810443911258397
0.10634128584930275
0.10542928455410144
0.10536443977355273
0.10552816827944797
0.10519935861576428
0.10477931202965518
0.10428998692895453
0.1038967779649108
0.10440902901967873
0.10472469952401663
0.10458499454449785
0.10471280419856699
0.10438663783122216
0.10348765046695958
0.10348765046695958
0.10262622830161217
0.10285434607903358
0.10237889107984095
0.10237889107984095
0.10325209518941642
0.10359074017618176
0.10389630657650087
0.10389630657650087
0.10523269875169396
0.10647144905720511
0.10712769307649589
0.10760152935022776
0.10844462213965925
0.10844462213965925
0.10898965154163719
0.10848918365535619
0.10778790470671891
0.10848031796829495
0.10848031796829495
0.10848031796829495
0.10921266470848956
0.10864902841588986
0.109900918353078
0.10900511509736062
0.10940369781387721
0.10905855422130137
0.10833914005895061
0.10814987263761286
0.10873479052729612
0.1086138987437852
0.10978785138231979
0.11058695765353117
0.11076470962275786
0.11022911172226131
0.10929374127109576
0.10985109457997506
0.11038732764748761
0.11069613800233917
0.11034559257783423
0.10985878751880733
0.1102376450774407
0.10987433049598404
0.10916553756352788
0.10916553756352788
0.10976273222993704
0.10867426819410227
0.1082744887970802
0.1082744887970802
0.10795462732718143
0.1086475453780617
0.108378184446037
0.10837915170019254
0.10873692302187041
0.10863254813704278
0.1090917058109838
0.10843369000906752
0.10843369000906752
0.10764436788267309
0.10777697984348064
0.10810616425435597
0.10856590384676872
0.10856590384676872
0.10849006958968214
0.10878957891444824
0.10884410482144229
0.10913080385632834
0.10923669938829071
0.10968136821491374
0.10981942476367096
0.11084429645832876
0.10971921676774858
0.11069430816745719
0.11041138025456175
0.11041138025456175
0.11043719992405872
0.11043719992405872
0.11203777772250198
0.11114457550002267
0.1110066052990402
0.11176094186553956
0.11176094186553956
0.11175320156212522
0.11159817051102806
0.11280552342520439
0.1126439484674115
0.1126439484674115
0.11410724093489795
0.1144741548286012
0.11361629500566432
0.11335433381229919
0.11486708735250908
0.11491040368623523
0.11436562215375372
0.11225149852146243
0.11154575214912148
0.10963362294953413
0.10853750958386456
0.10842384363510993
0.10862190236519573
0.10881958715682279
0.10966961268787707
0.11013372711083409
0.11046209566214579
0.11166178960684905
0.11093309228183346
0.11136324939322034
0.11136324939322034
0.1115334646558694
0.11130791438581257
0.11071506081791775
0.11043075108609597
0.11026892885556042
0.10988203716454563
0.10903332856440645
0.10903332856440645
0.10867938368977048
0.10867938368977048
0.10867938368977048
0.10867938368977048
0.1083795866765036
0.10816732120274017
0.1077118364848489
0.10754238809014746
0.10715262147457458
0.10715262147457458
0.10732074494297975
0.10732074494297975
0.10688356208998198
0.10784506175383476
0.10808947695527527
0.10777938649682027
0.10774989226606571
0.1078897405789329
0.10837742351408734
0.10780163258187403
0.10862527245682296
0.10862527245682296
0.10875480891976014
0.10697512978502963
0.10697512978502963
0.10697512978502963
0.10792806686590307
0.10815466453452227
0.10795173785582948
0.10799147945542528
0.10865256728007773
0.10864919366151857
0.10784506150679267
0.10966308782710589
0.10966308782710589
0.10892430420125851
0.10858150343086471
0.10845684767768843
0.10869149002573132
0.10987493169377624
0.11007030039040633
0.10997310989799333
0.1100828800073481
0.1100828800073481
0.10998738716833628
0.10998738716833628
0.11083693231025299
0.11030183530997036
0.11030199151455404
0.11067804736472231
0.11117458223396075
0.11117458223396075
0.11026016489396821
0.11026016489396821
0.11038457164958611
0.11038457164958611
0.10981925025469576
0.10981925025469576
0.10981925025469576
0.10899224345198913
0.10899224345198913
0.10959393995892593
0.10923531219164899
0.10924096366319465
0.1083068766958724
0.10826318234981101
0.10919037593681746
0.10948879172288939
0.10871849422865817
0.10773918118016344
0.10903012847108147
0.10860841878254036
0.1094522384827461
0.1095411420942393
0.11019381964949727
0.10923174605195612
0.10917904736558612
0.10963749067209458
0.10992641568481329
0.10992641568481329
0.11070663799014721
0.11089099344821621
0.11075899016098086
0.11037618690465768
0.11037618690465768
0.1100805680175372
0.10955506647763888
0.10955506647763888
0.10888155997418708
0.10789307482527985
0.10789307482527985
0.1080636895983765
0.1082157506583465
0.1082157506583465
0.10722934305344728
0.10618792661220017
0.10510561389112337
0.10510561389112337
0.1058525888469011
0.1058525888469011
0.10584468142101432
0.10721796922123827
0.10658787652394484
0.10767475435341517
0.1092413779092358
0.1092413779092358
0.11074857357680466
0.11185971356717156
0.11185971356717156
0.11249829349838321
0.11334388570987097
0.11201820039236315
0.11238956965639182
0.11188806575386309
0.1122857248131799
0.1114367307429098
0.1111955125360712
0.11088881890878197
0.11088881890878197
0.11046205265906198
0.11071832060219629
0.11041950501555613
0.11041950501555613
0.11024767400518534
0.1104717835413796
0.1105959488928764
0.11110449500630463
0.11071689293731307
0.11132755583803058
0.11068041743526373
0.11127193973027745
0.11031966201968506
0.1105462096262316
0.11117916175084108
0.10988106448085627
0.1098818627892601
0.1103713372331978
0.1103713372331978
0.10968203103200823
0.109929805685877
0.11011095303757439
0.11034774685260547
0.1097852227958547
0.10951162981397987
0.10955892886226892
0.10973121755945399
0.10961178429565469
0.1091786597195113
0.10962157777711985
0.1098486384724842
0.11000654317060937
0.109114121108014
0.10953107198969161
0.10743702944342676
0.10624535968188224
0.10610114325897446
0.10639648340102709
0.1072226021397927
0.10728328304767709
0.10728328304767709
0.10738332780162552
0.10719392931661983
0.1076265753882661
0.10754883835521385
0.10777965460033335
0.10892863108798033
0.10892863108798033
0.10912695839049254
0.10912695839049254
0.10894471626970181
0.10798965354772201
0.10798965354772201
0.10742437533356104
0.10838927627210657
0.10901264164878188
0.10921482302122132
0.10904416438564561
0.10910263322755194
0.10920894566694986
0.10896713615211184
0.10998350381735583
0.10964542245881985
0.10942383959507253
0.10938579043671334
0.10945607739414605
0.10947050054192356
0.11018860550184663
0.11028463464198571
0.10934929001827244
0.10934929001827244
0.10934929001827244
0.10865748595093873
0.10900100766822354
0.1080131404819042
0.10870611342271222
0.10909360622414566
0.10860924673713315
0.107784437627381
0.1085788677725407
0.10806214119721858
0.10823534154230417
0.108963143666193
0.10977092848904109
0.10977092848904109
0.10913903582977248
0.10913903582977248
0.1087867024134031
0.10756709404744866
0.10736295468099091
0.10701962343536865
0.10811962380495804
0.10884216267184829
0.10873614087773154
0.10788093640047546
0.10788093640047546
0.10788093640047546
0.10788093640047546
0.10690460723831229
0.10698886073348526
0.10698886073348526
0.10719081521629872
0.10719081521629872
0.10719081521629872
0.10698945395364122
0.10879221976211359
0.10957337710586547
0.11073589474266411
0.11073589474266411
0.11060434318519054
0.11159617129436335
0.11116461662676387
0.11093070981282693
0.11147171510409734
0.11147171510409734
0.11085043306326688
0.11077072530813584
0.1103055502518911
0.1103055502518911
0.10835601521435738
0.10865328423198588
0.10931446987853856
0.10966728302654799
0.10945880619206962
0.10928805229104932
0.1089327256767335
0.10768169832761905
0.10768169832761905
0.1083148724614944
0.10764030673652086
0.10856075618838912
0.10961628042225098
0.10821442718969222
0.10836711833275221
0.10804784539297368
0.10703909802315405
0.10902167964589742
0.108867853478602
0.108867853478602
0.10858180889043842
0.10890895556774068
0.10834074058283302
0.10834074058283302
0.10834074058283302
0.10842180336237708
0.10842180336237708
0.10842180336237708
0.10878631405689822
0.1089680959347977
0.1089680959347977
0.11011063796637154
0.11034701755789454
0.10913835074066476
0.10836999587204398
0.10801218528050113
0.10816410535627284
0.10769300381735802
0.10846505129508893
0.10871525003991399
0.10816275865996941
0.10815747161820592
0.10750750609647482
0.10750750609647482
0.10848480908834589
0.10850818475695453
0.1085050669559866
0.1095437532233197
0.10814590213220414
0.1078308048999587
0.1078308048999587
0.10752282547441824
0.10757035098351622
0.10693769454333794
0.10681937952573663
0.10681937952573663
0.1061861943199356
0.10570396147710606
0.10717099908157522
0.10777929114874758
0.10913279625267196
0.10964320193388204
0.11019793104286638
0.10956300043752294
0.1110402672154111
0.11164766698566424
0.1122937310036475
0.11173864418589267
0.11087975040295037
0.1105645067997414
0.11129116360693238
0.1116501699881309
0.11196790107848342
0.11233974782332545
0.11233974782332545
0.11200109521659066
0.11200109521659066
0.11148320434439377
0.1129447541336818
0.11306890288897559
0.11264741728155625
0.11264741728155625
0.11287751505631391
0.11364019573505353
0.1134056018287255
0.11286050113414253
0.11321492047061749
0.11339620198772567
0.11365274637801426
0.11340387883812232
0.11360774323183546
0.11378863732570274
0.11282442190322675
0.11282442190322675
0.11254450916188147
0.11207638853752933
0.11308082794322404
0.11339639888454738
0.1139280418605762
0.1139280418605762
0.1139280418605762
0.11347605494505147
0.11366912208090302
0.11458858935483802
0.11458858935483802
0.11458858935483802
0.1151664860464879
0.11561849710741316
0.11561849710741316
0.11417605984824053
0.11417605984824053
0.11436731568422122
0.11416325094684833
0.11355576952169405
0.11306705438186115
0.11416565458921363
0.11236975288330692
0.11210244853745606
0.11210244853745606
0.11240832279331199
0.11224757461301882
0.111728432142155
0.111728432142155
0.11231411131732214
0.11194664375334344
0.11144573357124797
0.11129667278736502
0.11060722689309084
0.11060722689309084
0.11032047935257615
0.11032047935257615
0.11092607266660479
0.11092607266660479
0.11228530942727502
0.11219037205176827
0.11117178442960186
0.11154626781296109
0.11154626781296109
0.11143286530066927
0.11101981524241963
0.11033403077901073
0.10976145819733282
0.10976145819733282
0.1097074893723871
0.1094434793867242
0.11079023062421937
0.11079023062421937
0.11079103879994552
0.11051530894537649
0.11177614687348965
0.11177614687348965
0.11177614687348965
0.11203738650443089
0.11203738650443089
0.11193110629073927
0.11029826484633093
0.11050307753036168
0.11095630946067375
0.1114847341213123
0.11039911455565041
0.11100785531542173
0.11112214630900187
0.11062327646432013
0.11073853009666927
0.11173289838961971
0.10997142013877856
0.10970965584128742
0.11017396911271982
0.10970800178301852
0.10970800178301852
0.10906757073711587
0.11054626311924474
0.11081721580196881
0.11082061336452731
0.11015410344467907
0.1104708803076828
0.10909033209511743
0.10990365585007092
0.10996089896269017
0.10996089896269017
0.10996089896269017
0.11022078696476965
0.10961499136809218
0.11057064610823211
0.11057064610823211
0.11047060403419079
0.11074840309614659
0.11074840309614659
0.11165576684095357
0.11130759211734505
0.1121255183213277
0.11159570642514412
0.11175927536285093
0.11187819666789112
0.1115699768904471
0.11091003788618135
0.11052209651967071
0.11053740634296766
0.1109366376840013
0.1111399311432219
0.11125868063511783
0.11104869172497561
0.11151739454470116
0.11055946786211333
0.10990221008133269
0.10762089532492886
0.10762089532492886
0.10710521630557207
0.10739586727423296
0.10689170992943174
0.10689170992943174
0.10689170992943174
0.10822749755749747
0.10880214952530223
0.10814486936082952
0.1078010211818403
0.10855190973170126
0.10815827061616856
0.10815827061616856
0.10805931908462749
0.10802667021279691
0.10820412912429787
0.108465837426063
0.10972709513796734
0.10972709513796734
0.10941124310326616
0.10988322277002223
0.10859358566913431
0.10814923160412317
0.10688244279208142
0.10688244279208142
0.10729969917776153
0.10665211845943172
0.10579203669183528
0.10547675511446147
0.10437611768223704
0.1042941521740554
0.1042941521740554
0.10427827871177693
0.10427827871177693
0.10401065118397333
0.10333406680134521
0.1018803480256345
0.1018803480256345
0.1018803480256345
0.10171873834897033
0.10171873834897033
0.1014113009996305
0.10138363704263309
0.10165781789791357
0.10291206313588269
0.10291206313588269
0.10364862664345902
0.10326352384124013
0.10298135677157097
0.10298135677157097
0.10207396135833431
0.10115979188106757
0.10115979188106757
0.10115979188106757
0.10203744862695245
0.10259155964274173
0.10259155964274173
0.1006413432974861
0.1006413432974861
0.101465928137444
0.10187006526816791
0.1019136180842341
0.10224874065177669
0.10143675978082084
0.10176709498208898
0.10176709498208898
0.10281222291125211
0.10273286578538192
0.10243393411420296
0.10243393411420296
0.10243329566838918
0.10243329566838918
0.10243329566838918
0.10236183527020563
0.10213675048981678
0.10196218093834222
0.10138095070585489
0.10214361421276083
0.10199109270095197
0.10254432187280402
0.10234191333084988
0.10296143318155017
0.1023493144332011
0.10322338983343773
0.10368141148216384
0.10368141148216384
0.10368141148216384
0.10299226352775162
0.10387833035296447
0.10345239452026793
0.1031030878689395
0.10375053099296494
0.10424090967186685
0.10493447201539921
0.10521259696743876
0.1042244729440714
0.1028082217223864
0.10208219079105776
0.10144709211136642
0.10218735154675329
0.10288171684557504
0.1022310987873917
0.10331748711565204
0.10331748711565204
0.10359396303706998
0.10400614292949116
0.10362865248130984
0.1039481301891856
0.10451610398293429
0.10451610398293429
0.10236113276064368
0.10310976412334337
0.10310976412334337
0.10310976412334337
0.10446306321969608
0.10523451494690741
0.10523451494690741
0.10507799497769701
0.10388537149205088
0.10406459834512277
0.10406459834512277
0.10435124030349557
0.10519122473327386
0.10505722573659361
0.10505722573659361
0.10505722573659361
0.10597813054069961
0.10440129274184494
0.10591867905448779
0.10635729313697712
0.1062331491311339
0.10484758096240508
0.10484758096240508
0.10487940293590216
0.10487810937260662
0.10421427985108754
0.10279507478305078
0.10417569245200836
0.10356332846277125
0.10356332846277125
0.10423001581195435
0.1050149570141237
0.10552885571077786
0.10637487981533392
0.10637487981533392
0.10679209173065443
0.10627422192199344
0.10681673902161153
0.10553111174964049
0.10555956038113483
0.10540066027685101
0.1048293416583724
0.10578850974831161
0.10578850974831161
0.1077008138509818
0.1081508820496384
0.10818191232307445
0.10720414889188
0.10771543570225812
0.10788852024247075
0.10788852024247075
0.10828042628337727
0.10774244432644058
0.10760314062685866
0.10753347755075189
0.10663616874982695
0.10609661210591549
0.105335210968059
0.10560575664235464
0.10591803126985888
0.106487247725171
0.106487247725171
0.1078372932149987
0.1078372932149987
0.10792358453605891
0.10854306566809037
0.10832033306096484
0.10825606195896936
0.10828988138665446
0.10784278429984191
0.10797747134345975
0.10879671218488167
0.10856042917940918
0.10728562654162156
0.1070086773121975
0.10734811788199324
0.10809857616689585
0.10819250860039162
0.10810679505215917
0.10786671814217376
0.1069995640737257
0.1069995640737257
0.10767214457448565
0.10970215739631663
0.10901319150884656
0.1083914051676482
0.10864436923319633
0.10805115656473765
0.10940215628771027
0.10886769067582973
0.10846274846419914
0.10846274846419914
0.10846274846419914
0.10846274846419914
0.10865204970232169
0.10854185387141066
0.10945445023926262
0.10945445023926262
0.10945445023926262
0.108780038859352
0.10928174040803036
0.11036701725734763
0.11080177487409575
0.11071995093473852
0.10969528023952084
0.10969528023952084
0.10945105324363998
0.10913599405990841
0.10910516416697404
0.10968222851778767
0.11004888518067003
0.11045695198543597
0.10961684645383517
0.11052082798537385
0.11072000652608752
0.11026821301332339
0.11154987086533083
0.11105521268727093
0.11099996510334761
0.11224896777079264
0.11224896777079264
0.1121992790883981
0.11229770134322649
0.11180818172581895
0.1114746270314569
0.1114746270314569
0.11154266526151575
0.11099402655905083
0.11099402655905083
0.11099402655905083
0.11223891842554963
0.1115475408531228
0.1111319297799608
0.11224179481960249
0.11251195327022781
0.11409218529986968
0.11353633162343815
0.11398740529712001
0.11398740529712001
0.11398740529712001
0.1127122163318571
0.1127122163318571
0.11299653969253272
0.11297591658115666
0.11269420363462146
0.11171069174674299
0.11171069174674299
0.11171069174674299
0.11171069174674299
0.11138338590987387
0.11167577630264841
0.11147585303023783
0.11088742274140208
0.11062595114256665
0.11128718014493592
0.11168388042685566
0.11175236195338514
0.11210527250812809
0.11210527250812809
0.11144146835595123
0.11189975356715862
0.11189975356715862
0.11109322022985119
0.10964146695734746
0.1098770622804529
0.1102042962565588
0.11022962897912933
0.11014879499842459
0.1098197866021436
0.11007579532970897
0.10982773281000874
0.10919062859597495
0.10929206891709467
0.10938815740118298
0.10981517498639153
0.10948631867661272
0.10887072027932782
0.10887072027932782
0.10887072027932782
0.1095268553566944
0.11029073087724019
0.11029073087724019
0.10963830286618156
0.10963830286618156
0.11132140433187569
0.11089423424323727
0.11089423424323727
0.11135965431856062
0.11140266698943006
0.1108415060262964
0.11194752694472158
0.11104178914978512
0.11066753889949227
0.11066753889949227
0.11065957905830462
0.10915119157907364
0.11024999002836694
0.1102923910991631
0.11054751564639635
0.11019023814406334
0.1095862490614565
0.1095862490614565
0.10911750013509476
0.10893791954177
0.10956031989135327
0.10973798436598718
0.11036218922069978
0.11009459612273449
0.11098144270493163
0.11156026450633567
0.11248032529894128
0.11329789882967929
0.11248043444420872
0.11179109265198849
0.11165750220592742
0.11175374958893615
0.11153578952888141
0.11153578952888141
0.1103514147320542
0.10910493362724626
0.10876340874642357
0.10876340874642357
0.10876340874642357
0.10990058196330695
0.10990058196330695
0.10978093491727571
0.1098198175152846
0.1098198175152846
0.11008067264195256
0.1096995085460172
0.1096995085460172
0.10864568336669327
0.10892099161100828
0.10892099161100828
0.10927473061041959
0.10871295247291111
0.10894738062861195
0.10900707856406085
0.10904514246013004
0.10798696279212582
0.10708579680986767
0.10690269666966833
0.10552174145994304
0.10689971857423886
0.10655728161712012
0.1070847566116191
0.1070847566116191
0.1076964467494722
0.1076964467494722
0.10549862185796456
0.1051351767940152
0.10524127153982268
0.10546879523285435
0.10586279258774015
0.10586279258774015
0.10586279258774015
0.10595731233869185
0.10613420838653576
0.10613420838653576
0.10613420838653576
0.10624732111964992
0.10771559848535726
0.10901262456171333
0.10901262456171333
0.10901262456171333
0.10901262456171333
0.10901262456171333
0.10901262456171333
0.10837171761305053
0.10837171761305053
0.10745708801857767
0.10711182386580559
0.10752708152437326
0.10836415613844382
0.10843931964515294
0.1082925729483978
0.11002169039986265
0.11080939503856926
0.11065411189381108
0.11076706395262548
0.11091149203533468
0.11039810543626334
0.10982096550678483
0.10886602834847624
0.10893756204505883
0.1079502427193783
0.10699839091529834
0.10660927409592694
0.10804783453335813
0.10689361734169198
0.10689361734169198
0.10649313701788118
0.10584338334471632
0.10627943940472907
0.10661082506247632
0.10670696757418772
0.10697593957937593
0.1079746203206117
0.10766251311710265
0.10766251311710265
0.10686763181694511
0.10686763181694511
0.10702279004784652
0.10868582922922575
0.10891591641161077
0.10891591641161077
0.10931730769139546
0.10954951141742766
0.10848278695227596
0.10853346346972585
0.10905037614077143
0.10922878153618028
0.10904094539288162
0.10738399056814071
0.10779599542313024
0.10779599542313024
0.10810114641189891
0.10820379701958414
0.10716224832175887
0.10713771058681573
0.10724114128013648
0.10775314565315132
0.10797131653306948
0.10797131653306948
0.10762628980694758
0.1073393783111484
0.10695692060943669
0.10695692060943669
0.10695692060943669
0.10747423825252275
0.10747423825252275
0.10751521016837216
0.10719015123727618
0.10744189027303845
0.10744189027303845
0.10627404651028814
0.10829982028286005
0.10810667354506952
0.10810667354506952
0.1080160080526964
0.10801446008585126
0.1090175242205645
0.1090175242205645
0.10859383374913595
0.10709125067961718
0.10646931488860098
0.10545572497120669
0.10420413181290075
0.104113799381301
0.104113799381301
0.10437028344677583
0.10446544089851517
0.10386035512223094
0.1046286085792342
0.10478534822887257
0.10464770457079453
0.10471328476778313
0.10471328476778313
0.10449300833399691
0.10493887728719652
0.10440509223702908
0.10402511817646735
0.10450308912353055
0.10497655699828014
0.10425628566797579
0.10451149649922152
0.10593099709412726
0.10453851537481072
0.10451414200057987
0.10573758072948508
0.10500473522876703
0.10500473522876703
0.10505980632877383
0.10505980632877383
0.10366838994069731
0.10407245732364283
0.10484083553990062
0.10484083553990062
0.10484083553990062
0.10484083553990062
0.10543471886242028
0.10492099862394226
0.10492099862394226
0.10492099862394226
0.10492099862394226
0.10473155182268234
0.105118749116838
0.105118749116838
0.10623612092224455
0.10623612092224455
0.1083649901521487
0.10833232585099538
0.10784647842141923
0.10784647842141923
0.10883769175017555
0.10929022062685159
0.10930446818939281
0.10930446818939281
0.1092412020728058
0.1092412020728058
0.10945098681178374
0.10945098681178374
0.10945098681178374
0.10943201516449853
0.1092403105579496
0.1092403105579496
0.10792937289342489
0.10809472759870128
0.10918195718198744
0.10930118764102918
0.10929643007418417
0.10935174614572796
0.10973704731567503
0.10973704731567503
0.1105763590812865
0.1105763590812865
0.11164995044285249
0.11193107773367851
0.11196270057865369
0.112392293544199
0.11215298090856189
0.11227699162691089
0.10989677904407034
0.10996674117993398
0.10997725586031659
0.10960416822682613
0.11007855889375137
0.11036468448098873
0.11040774134033046
0.1104054728987681
0.11247431530466252
0.11247431530466252
0.11206535813705322
0.11168096491839327
0.11135405052974078
0.11162388573618828
0.11168734998087726
0.11073331623576153
0.11094817475047096
0.10955541785046982
0.10955541785046982
0.10958720146873112
0.10922523081635045
0.11033639571709043
0.11033639571709043
0.10944065539399649
0.11031437581079184
0.11031437581079184
0.11114072391697284
0.11072144418047652
0.11072144418047652
0.11072144418047652
0.11115683300778761
0.11007294545095052
0.11091757070999125
0.10844512505430462
0.1070390645757653
0.10732807152612135
0.10740594794791576
0.10849493530355146
0.10849493530355146
0.10755321539240588
0.1071515775459003
0.10689126908928007
0.10785556048148828
0.10748070865874745
0.10834394534195559
0.11035903577145044
0.10938143691333489
0.10986175261349768
0.10991987167698067
0.10887007145458413
0.1094063281949625
0.10954638395307771
0.11103638774238968
0.11030860963357056
0.11085234631482128
0.1118268040629716
0.11093754384789117
0.11024244180456359
0.11007356796032702
0.11150303804748041
0.1111877077014453
0.1111877077014453
0.11245796408146445
0.11154741048441974
0.11154741048441974
0.11154741048441974
0.11154741048441974
0.11213402561577179
0.11213402561577179
0.11213402561577179
0.11212108907962613
0.11217353481850521
0.1119746808293731
0.1119746808293731
0.11208531547700891
0.11231198543489448
0.11146493434227438
0.11146493434227438
0.1108204591899288
0.1110183778287762
0.11066809138732837
0.1110550596656826
0.11054380586594095
0.11192325388392343
0.1122596109431525
0.1122596109431525
0.1122596109431525
0.11222111343927019
0.11245239899385087
0.11291728159745708
0.11291728159745708
0.11291728159745708
0.11315387573579126
0.11315387573579126
0.11315387573579126
0.11182987149722354
0.11202510474087185
0.11260962833057236
0.11289527651749352
0.11244779595840056
0.11181297297988398
0.11168643330351369
0.11168643330351369
0.11144409685296579
0.11141140298384165
0.11167478268025206
0.1116418776680133
0.1116418776680133
0.11068219651864208
0.11068219651864208
0.11032909838246976
0.10981975286279154
0.11048796816304844
0.11002909562191872
0.1096772374340038
0.1076853217529243
0.10808774461295449
0.10808774461295449
0.10882595282457083
0.11004408869455064
0.11009699271957088
0.11009699271957088
0.11113179868114677
0.11044572432232536
0.11038518478008168
0.11038518478008168
0.11038518478008168
0.11088745329630252
0.11117548406743219
0.11117548406743219
0.110811182229006
0.10936243612027462
0.11001245954638511
0.11016712655431936
0.11016712655431936
0.11050822819578418
0.1103347327481959
0.11130588805625823
0.11150469923512488
0.1122323769281535
0.11151595684706113
0.1108216605118494
0.10991895988072704
0.10831996571706576
0.10857252135074312
0.10843295236825114
0.10835849645959617
0.10695433158215854
0.10695433158215854
0.10695433158215854
0.1073250518380259
0.10761275133441334
0.1066986419582089
0.10682697030154427
0.10732219914818289
0.10827780966161235
0.10852854655934069
0.10852854655934069
0.10959921569376616
0.11010654755079376
0.10892966448314617
0.1093358241597083
0.10803937648371092
0.10764771282587683
0.1090590978293406
0.1093603819981545
0.10842611362114953
0.107646677226928
0.107646677226928
0.1075388698840263
0.10729492993191704
0.10584182662022407
0.10634741799062311
0.10634781700890057
0.10643848066208365
0.10718426420181869
0.10802310998032746
0.10731985698165895
0.10710255639692992
0.10683232159373776
0.10683232159373776
0.10704893077221297
0.10656531702517227
0.10656531702517227
0.10673087133189745
0.10638281631416757
0.10657045719953352
0.10657045719953352
0.10689098838172517
0.10689098838172517
0.10689098838172517
0.1072418562684004
0.1079961440340991
0.10669544233822557
0.10647012689560033
0.10650809928882832
0.10650809928882832
0.10726340742812529
0.10744308710355689
0.10744308710355689
0.10631636394532523
0.10631636394532523
0.10716457893720445
0.10719414064201233
0.10849153589374883
0.10805159225628087
0.10843439594561523
0.10761591937922539
0.10780991435953606
0.10768489449868618
0.10841666925934525
0.10841666925934525
0.10759773767525915
0.10759773767525915
0.10788827151798822
0.10797433984627948
0.10889629131546766
0.10875505297889286
0.10951504629348671
0.11013829392554031
0.11013829392554031
0.10997912416507867
0.10879859154521714
0.1097560902358726
0.10896620631979059
0.10896620631979059
0.10896620631979059
0.10887311018388807
0.10887311018388807
0.10887311018388807
0.10904232152970639
0.10904232152970639
0.10857543947750692
0.10894165967413973
0.10951930452919248
0.11061527101172801
0.11061527101172801
0.11061527101172801
0.11061527101172801
0.11064467687743305
0.11064467687743305
0.11025159838023331
0.11031380707267815
0.11056520884909374
0.11070624285828723
0.11165993194677935
0.1103047592652408
0.1103047592652408
0.10999895938580292
0.10950118984771984
0.10844586649125787
0.10716090251044758
0.1074686267421097
0.10898857228293729
0.10945364243876649
0.10945364243876649
0.10945364243876649
0.1088074249740082
0.10918312015196084
0.10862120231795186
0.10815072569633338
0.10825424657241281
0.10825424657241281
0.10931379197218669
0.1090623336790918
0.10943786336854133
0.10943786336854133
0.1093685988009162
0.1093685988009162
0.1093685988009162
0.10898186289482063
0.1092456990716404
0.10879752653574233
0.10879752653574233
0.10879752653574233
0.10787052524356681
0.10752355525944285
0.10742828821585634
0.10760024573837534
0.10760024573837534
0.10760024573837534
0.10705583954270526
0.10785274166619306
0.10755709287275862
0.10644874309471458
0.1068930723376065
0.1060249381777152
0.10655278392276561
0.10615783367786903
0.10615783367786903
0.10615783367786903
0.10563739502289085
0.10512960373975723
0.10491911679934106
0.10471080849471302
0.10568206775282799
0.10568206775282799
0.10568206775282799
0.1059722121239605
0.10548182507598727
0.10548182507598727
0.10548182507598727
0.10513108327377496
0.10564778275744828
0.10479409554196105
0.10580369839719964
0.106231010624699
0.10570138822412041
0.10618398127577539
0.10576944256166217
0.10576944256166217
0.10591068145714531
0.10505894599039173
0.10508144814020295
0.10515303141679487
0.10515303141679487
0.1050609291213379
0.1050609291213379
0.10500793919281466
0.10503769937903028
0.10501194340584243
0.10553329123251919
0.10573836009259562
0.10603599929997694
0.10535137052348928
0.10520750773219019
0.10584772082577774
0.1051657733068
0.10622479245220635
0.1053795257737324
0.10647722247161988
0.1065593719674534
0.10652941225667811
0.1071893187234712
0.10614730378009649
0.10635063852316642
0.10589055060734318
0.10537623318190426
0.10537623318190426
0.10563180455603455
0.10543250923346993
0.106861337871718
0.10669964652615353
0.10798549115069311
0.10733719875397585
0.10750639694546468
0.10761914352034689
0.10672315775594117
0.10612340406901206
0.10545639102969451
0.10497799059565113
0.10487555354205606
0.10484182103017692
0.104100682414026
0.104100682414026
0.104100682414026
0.104100682414026
0.104100682414026
0.10403289511801217
0.1042439112298508
0.10378061408412706
0.10378061408412706
0.10402641701894523
0.1048856544905059
0.10470618168454637
0.10417898349505399
0.10421673302748392
0.10428034151225507
0.10428034151225507
0.10440088958025964
0.10488492483488773
0.10488492483488773
0.10488492483488773
0.10560833897209868
0.10681794699517191
0.10642625347829737
0.10642625347829737
0.10642625347829737
0.10500554441981709
0.10500554441981709
0.10634461235026513
0.10583485887001352
0.10644959898858783
0.10644959898858783
0.1057570418840167
0.10560505150747945
0.1038679427231447
0.10452795742211068
0.10453437160998222
0.10453437160998222
0.10310537430060406
0.10301628244589166
0.10352454865964925
0.10403584958017716
0.10403584958017716
0.10371859052503309
0.10371859052503309
0.10451726278277784
0.10451726278277784
0.10437449479735653
0.10407343033461856
0.10455680252483895
0.10455680252483895
0.10450229294306079
0.10450229294306079
0.10389950364629097
0.10444653479993757
0.10401246968798283
0.10401246968798283
0.10401246968798283
0.10342734665344158
0.1032216124611126
0.1032216124611126
0.102806327333564
0.10244959133813372
0.10250507225732139
0.10252321509056185
0.10317301555199708
0.10454927446419933
0.1041325249527684
0.1041325249527684
0.10405806257409671
0.10405806257409671
0.10349608898745181
0.1036903259369301
0.10431044481632239
0.10341191748584581
0.10351616274451639
0.10351616274451639
0.10262955090256005
0.10387057548724382
0.10416965511253949
0.10416965511253949
0.10465490182404232
0.10465490182404232
0.10478167663079405
0.10401065755773067
0.10407025903249609
0.10407025903249609
0.10407025903249609
0.10510779470269864
0.10477216626633902
0.10398953099535106
0.10472955002634796
0.10472955002634796
0.10497268482683421
0.10493793947112318
0.10453827259172621
0.10557979758938278
0.10567377721625153
0.10550262144066978
0.10550262144066978
0.10587373920636423
0.10590884198669205
0.10585924555262897
0.10585924555262897
0.10514069069722888
0.10501433592124101
0.10501433592124101
0.10511963911462543
0.1044771318633106
0.1044771318633106
0.10364886914282281
0.10364886914282281
0.10426999085734372
0.10473519766484354
0.10473519766484354
0.10497352274221917
0.10518649419900172
0.10522572448424515
0.10504797504017697
0.10569818546252199
0.10571601353801009
0.10438493519927607
0.10426961001204409
0.10380761367508554
0.10502951777735003
0.1035262906898658
0.10262219899822124
0.10285297240268657
0.10342313402251176
0.10342313402251176
0.10330803493064468
0.10390460787074214
0.10361496042856676
0.10297292231576753
0.10276135293061205
0.10225807718040981
0.10340974743893186
0.10340974743893186
0.10340974743893186
0.10269726748426121
0.10350230270363288
0.10311029933347218
0.10290025075177324
0.10351134623415344
0.10508111386082766
0.10370660470583064
0.10402319261502904
0.10188443325904742
0.10180750176042065
0.10025483299353428
0.10197309470492479
0.10147971660370583
0.10096179376815163
0.10170719147726937
0.10170719147726937
0.10202040709807404
0.10223655824417155
0.10286318096073384
0.10286318096073384
0.1031395311945375
0.10332051235992594
0.10354056329561069
0.10303672238013957
0.10282968442790102
0.1036514741396763
0.1042821917993987
0.10516678193317529
0.10430265853624213
0.10331201407499833
0.10399564269506671
0.10336444110869031
0.10360096860136948
0.1035340494086893
0.10335508902494016
0.10335508902494016
0.10346567822371196
0.10365084642609106
0.10336669077457268
0.10336669077457268
0.10386607797791282
0.10375841164712285
0.1038240473386655
0.1038240473386655
0.1041282377049739
0.10469274848379931
0.1047057108914681
0.1047057108914681
0.10435120973884338
0.10435120973884338
0.10435120973884338
0.1043264501199661
0.1046168394162442
0.1046168394162442
0.10500835224554562
0.10444971935527968
0.10480861620839695
0.10438759385639722
0.10396322924265017
0.10496852060377126
0.10521745464406546
0.10485251866398057
0.10485251866398057
0.10494767655705316
0.10467762713402305
0.10578386276384588
0.10578386276384588
0.1051721264730624
0.1051721264730624
0.10510607872324641
0.10564720151359634
0.1044986197699275
0.10491518973848611
0.10491518973848611
0.10580809682739979
0.10580809682739979
0.10587674728320799
0.10690620519781512
0.1072743415624726
0.10741821886256396
0.1068651406878603
0.1068651406878603
0.10791387481036985
0.1082280723589427
0.10841623061003834
0.10815928761609836
0.10684704484406189
0.10831387388167263
0.1098800048782289
0.11000275843060087
0.10965741642590521
0.1097376772503375
0.1097376772503375
0.1097376772503375
0.1097376772503375
0.10964448543443955
0.10945553066136621
0.10945553066136621
0.11055820435651784
0.10978568609751702
0.10978568609751702
0.10978568609751702
0.11093596067997454
0.11087801617359828
0.11087801617359828
0.110851392947347
0.11036133770553466
0.11036133770553466
0.11002395457290488
0.10952923709888479
0.10957749194890291
0.10936915319893531
0.10939230758647206
0.10909324337826276
0.10895132954477446
0.108624381060877
0.108624381060877
0.10918753236873899
0.10804843032651532
0.10804843032651532
0.1092648301829756
0.1092648301829756
0.10927320970728137
0.10873557751752214
0.10828277088110447
0.10795086651119176
0.10890891895470484
0.10913512101291861
0.109192732418244
0.10905300830775591
0.10922828150581622
0.10917595462661525
0.10910206060968183
0.10880006948666951
0.10880006948666951
0.1081956441751335
0.10604279991209373
0.10669381277518994
0.1061507676280781
0.1061507676280781
0.10565888866496231
0.10590659800460434
0.10562584475269775
0.10620464030807487
0.10559662670094534
0.1049702378322475
0.10501950619934013
0.10501950619934013
0.10596635886966713
0.10570714080428993
0.10595010117630489
0.10595010117630489
0.10553676305644032
0.10553676305644032
0.10652087526856607
0.10664136622875799
0.10664136622875799
0.10776484047530427
0.10742822713069089
0.10776486424875285
0.10754326664746615
0.10703595185201745
0.10819885426240755
0.10911880831806016
0.10962926656991769
0.110458379841313
0.11007288706216502
0.11007288706216502
0.11080425030785176
0.11205484722224268
0.11205484722224268
0.11259710923089099
0.1125535239219469
0.1122459784729053
0.11124828010134342
0.1114095723374651
0.11192346068779468
0.11192346068779468
0.11061909426702844
0.11156344362472813
0.11105385710529019
0.11176569907659155
0.11186362082562591
0.11115424138385276
0.11033117435336345
0.11046610988989064
0.11129485532880613
0.11177667507103627
0.11150552702914399
0.11021417803075775
0.11058564379090835
0.10978883180251535
0.11032850104951157
0.1102327183481078
0.1102327183481078
0.11170199376867082
0.1113391959461371
0.11109728522745242
0.10997362450201417
0.10997362450201417
0.10997362450201417
0.10997362450201417
0.1085855132343638
0.10741495958356775
0.1069152396420233
0.10724656151552735
0.10724656151552735
0.1089310815222038
0.10818223006873334
0.10826839704644091
0.10826839704644091
0.10826839704644091
0.10866537671541178
0.10930517198672073
0.10930517198672073
0.10925148762643207
0.10940230167821961
0.10977060070522206
0.1102056703727809
0.10862164384134998
0.10881269658833831
0.10881269658833831
0.11012286866266613
0.11104378299630778
0.11104378299630778
0.11104378299630778
0.11092950257147596
0.11092950257147596
0.11092950257147596
0.10979948309529852
0.10962655324333138
0.10882211657479038
0.10752183452990248
0.10757828239478433
0.10757828239478433
0.10813407030404103
0.1074831571356908
0.10726438060083719
0.10726438060083719
0.10726438060083719
0.10726438060083719
0.10741890765163163
0.10875512535576758
0.10802126818892326
0.10742603756934399
0.10742603756934399
0.10893616296432217
0.10883390716697514
0.10789447009469567
0.10841456066982953
0.10841456066982953
0.10841456066982953
0.10907878363084086
0.10907878363084086
0.10959596748290516
0.10996988522038757
0.10958627656645864
0.10958627656645864
0.10958627656645864
0.10928256472955256
0.10928256472955256
0.10959542924490459
0.11006475762392536
0.11121146408726369
0.11193479466630502
0.11258432261856417
0.11145674198916108
0.11056179105620503
0.11055351530774402
0.11055351530774402
0.10965091822791667
0.11101164714878141
0.11132969184886374
0.11132969184886374
0.11132969184886374
0.11033651950154065
0.10969762418447776
0.11007864408194275
0.10919873176955487
0.10886157542313658
0.10886157542313658
0.10904247872245171
0.10904247872245171
0.10997726920930077
0.10997726920930077
0.10967299541835089
0.10967299541835089
0.10974651819107004
0.10932620387762146
0.11041776323839972
0.11028418248957443
0.11028418248957443
0.10926153720678156
0.10926153720678156
0.10887592322088911
0.10817172144806715
0.10846562430967244
0.10818145536698498
0.10818145536698498
0.10795966611500829
0.10920556953842367
0.11009769190676161
0.10780276509849096
0.10951836101099986
0.10951836101099986
0.11007491866912235
0.11032477579257856
0.1108976066803651
0.11154512923732061
0.11139507676814524
0.1112117430229232
0.11004168160698265
0.10901624481375255
0.10882368902584434
0.10815600039706999
0.10815600039706999
0.10867104103277342
0.10867104103277342
0.10867104103277342
0.10896787462337557
0.10896787462337557
0.10896787462337557
0.10980907479277022
0.10980907479277022
0.10974053007296065
0.10821989561815441
0.10684207093897065
0.1080044498719318
0.10839604830039255
0.10839604830039255
0.10892991708454575
0.1086551275562451
0.1086551275562451
0.1086551275562451
0.10916933134960892
0.10788460569865146
0.10821549754794474
0.10821549754794474
0.10588223956124679
0.10588223956124679
0.10588223956124679
0.10561685888184662
0.10561685888184662
0.10627176382478948
0.10582471282925573
0.10518833278464076
0.10472407631866658
0.10561710487599453
0.10535827238694599
0.10577688610646471
0.10577688610646471
0.10656126593944597
0.10685449438858777
0.10685449438858777
0.10679918074974866
0.10651255800179138
0.10581659753084756
0.10640884832928689
0.10720905875775151
0.10764362703611657
0.1083364959549308
0.1083364959549308
0.1073055790182041
0.10745790296376809
0.1080763677706412
0.10849111510780533
0.10915289376397089
0.10915289376397089
0.1091235154761399
0.10940570519317395
0.10940570519317395
0.10940570519317395
0.10976524777903487
0.10920782118322571
0.10776300521993842
0.10681988031543475
0.10675369909404853
0.10725442876247462
0.1072947283485779
0.1072947283485779
0.10852196049822056
0.10852196049822056
0.10918389449292061
0.10873552527500839
0.10873552527500839
0.10907912381470611
0.10779926650369748
0.10767268788130756
0.10797146622367793
0.10829559606374943
0.10862284984445353
0.10900713697996565
0.10917715729243291
0.10975200504733187
0.11088224344856343
0.11071321622022876
0.11063951441141569
0.10995232360893974
0.10995232360893974
0.10986766140246801
0.10986766140246801
0.11077514311419245
0.11102486977490146
0.1111501020752728
0.1111501020752728
0.1111501020752728
0.1111501020752728
0.11185716059830812
0.11201491427329274
0.11143569412535541
0.11129708636656574
0.11106823266746953
0.11232200492519885
0.11232200492519885
0.1125409334585085
0.11258803563827703
0.11258803563827703
0.11183866556382985
0.11177293138057832
0.11169627652689608
0.1110704995954229
0.1110704995954229
0.11046788042208723
0.10962880074588911
0.10953707820063394
0.1098569578409415
0.10908913366890613
0.10908913366890613
0.10905376098010267
0.10989904597984794
0.1087778618846223
0.10982628109568715
0.10982628109568715
0.11003427073040692
0.10996448819293708
0.10978413568834487
0.10972441473284088
0.11098959606976207
0.11098959606976207
0.11212028822768375
0.1123165433583168
0.1123165433583168
0.11159122462361303
0.1113988398561681
0.1113988398561681
0.11145587713383552
0.11177625660145056
0.11235141189993815
0.11260852937684362
0.11260852937684362
0.11170419634519504
0.11182872529507745
0.11141708342689821
0.11158765767112885
0.11214807329568233
0.11247790433241667
0.11255718131935943
0.1119600357154237
0.11205256533728056
0.11205256533728056
0.11205256533728056
0.11205256533728056
0.11136610357396806
0.11136610357396806
0.11111666441648682
0.1109815670800764
0.1100632811412992
0.1100632811412992
0.10974034611440814
0.10934360314785045
0.10924274652425728
0.10924274652425728
0.11038043052381591
0.11038043052381591
0.11038915252283468
0.11143395044067571
0.1114272342435181
0.11066318656250503
0.11208372697340804
0.11236874389108448
0.11198506483461233
0.11043342858136643
0.10953725644063003
0.11087907702867858
0.11038873812202277
0.11038873812202277
0.1110848144603866
0.11029563596609518
0.11061632436204466
0.11061632436204466
0.11156322906036518
0.11093041141429788
0.1103861042113144
0.10927455886179967
0.11019513966735014
0.1095566338529024
0.10918734629656773
0.10929672390515316
0.10856910123418033
0.10965451336537399
0.10955910759633253
0.10907143627700064
0.11023697016694917
0.10999418822488329
0.11082239740762871
0.11019413788611933
0.11053831608166584
0.11091746414429898
0.11091746414429898
0.11081922118732881
0.11071134626793215
0.11099804722439795
0.11054215826332514
0.10999347690330002
0.11223820967830672
0.11223820967830672
0.11263968111718839
0.11178853529257758
0.11201495407729072
0.11108250446688397
0.11122248508916442
0.11150105177290343
0.11150105177290343
0.11121194337207792
0.11121194337207792
0.11302030993439577
0.11302030993439577
0.11302030993439577
0.11302030993439577
0.11102734317419988
0.11125544139835077
0.11241333450785924
0.11143273161623979
0.11183218156044605
0.11074901583019722
0.11038925742725096
0.11038925742725096
0.11038925742725096
0.11010773560912694
0.11090137951941285
0.11112883507274553
0.1109008974013211
0.11110957364616103
0.11210911333868663
0.11210911333868663
0.11171226300408782
0.1117674511991838
0.11103169948813024
0.11103169948813024
0.11092085978632503
0.11097593288781181
0.11102486504443382
0.11194622979916116
0.11132689911946549
0.11010621806543033
0.1090521720365554
0.10958155401794506
0.11104917670398858
0.11087802348298088
0.11039848094353284
0.11008899573866943
0.11061087582852014
0.1103180055191912
0.1107797919325515
0.1107797919325515
0.10970445642789846
0.1097076448474685
0.11074559705891174
0.11072383531262932
0.10984261547933825
0.109896355130639
0.10873489719205308
0.10873489719205308
0.10824869723715067
0.10852712260214133
0.10852712260214133
0.10896361811020834
0.10953246415531441
0.10960110342394934
0.11041657494540301
0.11030978653676611
0.11034620666492141
0.10971312430213152
0.10930695119173357
0.11063949066183756
0.10954740797182386
0.10849498283330733
0.10825237547768587
0.10810172486852868
0.10831785352441138
0.10726595335278265
0.10766462505745075
0.10848871426263998
0.10824281780342243
0.10813534020803474
0.10790885222517352
0.10834356032354303
0.10877962749581693
0.10877962749581693
0.10877962749581693
0.1084899337907049
0.1084899337907049
0.10892928033193253
0.10897250060225955
0.1088375523535896
0.10881999656550351
0.10839171363297948
0.10839171363297948
0.10845717671262511
0.10975828581941764
0.11053087487347144
0.11053087487347144
0.11112349877430588
0.11144951431945355
0.10980359019496992
0.11071523297646618
0.11210909364791787
0.11210909364791787
0.11340587107485035
0.11382795353774712
0.11349112161309882
0.11341128605462703
0.11359880400305766
0.11359880400305766
0.11352876650859199
0.11352876650859199
0.11405530507973022
0.11279354709816646
0.11306099227436488
0.11158099970662234
0.10994849446111758
0.10994849446111758
0.1098467517416015
0.1098467517416015
0.1098467517416015
0.10951997285334875
0.1086456928135717
0.1092465526744036
0.10938163257149347
0.1089719761468403
0.1089719761468403
0.10849288556510277
0.10849288556510277
0.10699174026901823
0.1061996402615289
0.10582903374870059
0.10582903374870059
0.10582903374870059
0.10582903374870059
0.10588671822365879
0.1054512759546093
0.10514710609136431
0.10495738049301181
0.10642347575202199
0.10573587313226736
0.10721968384568549
0.10743972998720973
0.10743972998720973
0.10743972998720973
0.10743972998720973
0.10809158503817563
0.10809158503817563
0.10835459063662434
0.10835459063662434
0.10835265743122896
0.10835265743122896
0.10802201345722323
0.10851776308530009
0.10796937063988439
0.10882363877938024
0.109489722481629
0.10954155850681216
0.10976518011536139
0.11077035856246654
0.11054478680636219
0.11154392218872675
0.11154392218872675
0.11151320628393176
0.11066895056143405
0.11001791714405541
0.10896092954665357
0.10896092954665357
0.10749065314010248
0.10723571339635377
0.10630705598987969
0.10747487391588863
0.10782372319868085
0.10759941262549642
0.10808658522084881
0.10838668989263438
0.1092349953668887
0.1092349953668887
0.10858811506317205
0.10858811506317205
0.10911093097360818
0.10911093097360818
0.10853957965223002
0.10853957965223002
0.10853957965223002
0.10852411816071261
0.10820906622689955
0.10721524026400328
0.10649421280727275
0.10658880789717688
0.1071521906274163
0.10774611551197748
0.10744126143180592
0.10747215756814431
0.10723248363806846
0.10749794089701681
0.10749794089701681
0.10795731257057717
0.10801376700576563
0.10767898126947335
0.10763692730503256
0.10873249357832519
0.10945507057500732
0.10945507057500732
0.10896645478756602
0.10897216326717903
0.109794041390836
0.10965281042463644
0.10965281042463644
0.1090080779091236
0.10973950504472114
0.10973950504472114
0.10835378444201658
0.10835378444201658
0.10795484742229722
0.10953493135449055
0.10952628168029771
0.11002183940659412
0.11002183940659412
0.11002183940659412
0.11002183940659412
0.11035793197236037
0.11090757627846758
0.11104831540942055
0.11085516703490728
0.11026896911173276
0.11076877414470052
0.11063026591329886
0.11010880604822738
0.11010880604822738
0.10970176067292481
0.10849257703927628
0.10770504973542672
0.10770504973542672
0.10873504289895398
0.11000940005912421
0.1094470265496433
0.10940264605712541
0.10954873311027989
0.1102109710948946
0.1102109710948946
0.1102109710948946
0.1101144610238196
0.11037649035002386
0.1102257617887707
0.1102257617887707
0.10951081573939907
0.10951081573939907
0.1086264296167911
0.10853223788982626
0.10889688633705677
0.10878688618515342
0.11046438417024877
0.11064946829140501
0.11085746938640105
0.11045839071298585
0.11035688090030746
0.11035688090030746
0.10907355384337439
0.10908613105428373
0.1089230057671111
0.10927521795156096
0.10927521795156096
0.10920147389479286
0.10918937918710905
0.11024185161650864
0.11024185161650864
0.10920157422960741
0.10955312222955098
0.10986676966458868
0.10986676966458868
0.10940358672500514
0.10988173251835831
0.11008174924550768
0.10927376603935392
0.10927376603935392
0.10927376603935392
0.10879767879287013
0.1082193078940932
0.10868924775395748
0.10868924775395748
0.10796911481451528
0.10816212212826157
0.10816212212826157
0.1084720827123231
0.1078597904313364
0.1080947187838543
0.10794231210612132
0.10780313650451419
0.10774866381418985
0.10666305963670333
0.10601875799197447
0.1065105960879433
0.10625201997291255
0.10635457790392437
0.10622103129498034
0.10697931102413767
0.10713315953205119
0.10695216398012115
0.10660908102586099
0.10694364923556882
0.10765458405074299
0.1074424154337666
0.1074424154337666
0.1075023906528662
0.10811446560779171
0.10822894429215976
0.10832795769573121
0.10830880764830057
0.10830880764830057
0.1078178924197558
0.10789304559563054
0.10789304559563054
0.10723509162626754
0.10705512154015717
0.10705512154015717
0.107877396075741
0.10547023703345318
0.1051715390459829
0.1051715390459829
0.10488393963041676
0.10462393134096584
0.10527082090286465
0.10560608970329792
0.10560608970329792
0.10629630240102998
0.10717499202143599
0.10710529534800035
0.10765711264590203
0.10627429994881245
0.10717619378938319
0.10642354192505178
0.10548562771544906
0.10542967216986657
0.10538959591101267
0.10538959591101267
0.10538959591101267
0.1056472749478982
0.10562997642847309
0.10562997642847309
0.10562997642847309
0.10573854757034117
0.1066979692272882
0.1066979692272882
0.10666010175082759
0.10666010175082759
0.10654728397771918
0.10690472660725887
0.10690472660725887
0.1071958425636246
0.10586275473285935
0.10530086073445778
0.1053038233841181
0.10612421911884423
0.1063736427422844
0.10650575760475492
0.10564221496385809
0.1059790039817342
0.10647174192776424
0.10603759084484801
0.10534300429548182
0.10520656805131842
0.10604245130800712
0.10604245130800712
0.10604245130800712
0.10613898563763821
0.10560001290706221
0.10635886303155391
0.10588081632182793
0.10588081632182793
0.10598890224283371
0.10628110160797812
0.10622097031248881
0.10622097031248881
0.10686389348669717
0.10821883568804531
0.10840622263924361
0.1078311901489048
0.10734096514923208
0.10790649838937634
0.10740302735175845
0.10740302735175845
0.10731609243889587
