0.14429689333780937
0.14429689333780937
0.14429689333780937
0.14429689333780937
0.14429689333780937
0.14429689333780937
0.14429689333780937
0.14429689333780937
0.14429689333780937
0.14429689333780937
0.14429689333780937
0.14429689333780937
0.14429689333780937
0.14429689333780937
0.14429689333780937
0.14429689333780937
0.14429689333780937
0.14429689333780937
0.14429689333780937
0.14429689333780937
0.14429689333780937
0.14429689333780937
0.14429689333780937
0.14429689333780937
0.14429689333780937
0.14429689333780937
0.14429689333780937
0.14429689333780937
0.14429689333780937
0.14429689333780937
0.14429689333780937
0.14429689333780937
0.14429689333780937
0.14429689333780937
0.14429689333780937
0.14429689333780937
0.14429689333780937
0.14429689333780937
0.14429689333780937
0.14429689333780937
0.14429689333780937
0.14429689333780937
0.14429689333780937
0.14429689333780937
0.14429689333780937
0.14429689333780937
0.14429689333780937
0.14429689333780937
0.14429689333780937
0.14429689333780937
0.14429689333780937
0.14429689333780937
0.14429689333780937
0.14429689333780937
0.14429689333780937
0.14429689333780937
0.14429689333780937
0.14429689333780937
0.14429689333780937
0.14429689333780937
0.14429689333780937
0.14429689333780937
0.14429689333780937
0.14429689333780937
0.14429689333780937
0.14429689333780937
0.14429689333780937
0.14429689333780937
0.14429689333780937
0.14429689333780937
0.14429689333780937
0.14429689333780937
0.14429689333780937
0.14429689333780937
0.14429689333780937
0.14429689333780937
0.14429689333780937
0.14429689333780937
0.14429689333780937
0.14429689333780937
0.14429689333780937
0.14429689333780937
0.14429689333780937
0.14429689333780937
0.14429689333780937
0.14429689333780937
0.14429689333780937
0.14429689333780937
0.14429689333780937
0.14429689333780937
0.14429689333780937
0.14429689333780937
0.14429689333780937
0.14429689333780937
0.14429689333780937
0.14429689333780937
0.14429689333780937
0.14429689333780937
0.14429689333780937
0.14404518791632798
0.14404518791632798
0.14404518791632798
0.14316517400637846
0.14316517400637846
0.14316517400637846
0.14234754497568836
0.14122561438337145
0.14122561438337145
0.13934688573115736
0.13934688573115736
0.1390859414153976
0.1390859414153976
0.1390859414153976
0.13856606294529278
0.13856606294529278
0.13856606294529278
0.13844585540106022
0.13787069162290175
0.13723777648993118
0.13723777648993118
0.13631116219299746
0.13631116219299746
0.13571536806813228
0.13571536806813228
0.13455170531842908
0.13431081388615934
0.13403260323081567
0.13403260323081567
0.1338769912991647
0.13395263568892316
0.13348383156550633
0.13379379515937792
0.13371854616465997
0.1333786415047188
0.13329203813286014
0.1333931756997091
0.1333931756997091
0.1328420264737529
0.13275067620187214
0.13153709550373943
0.13046398905429168
0.12996895590452645
0.12957609114955604
0.12965019135975303
0.12965019135975303
0.12842245414227452
0.12842245414227452
0.12834465232309167
0.12834465232309167
0.12830449556565388
0.12830449556565388
0.12830449556565388
0.12830449556565388
0.12874172320451033
0.12874172320451033
0.1282062492721797
0.1281513496856473
0.1281513496856473
0.12793449191786047
0.12793449191786047
0.12699774260288027
0.12699774260288027
0.12664925004231584
0.1267713981615216
0.1267075836849495
0.12627347651076548
0.12586035088106498
0.1261390369240308
0.12577748786547782
0.1255566801491961
0.12587834325245176
0.12587834325245176
0.12620024493963816
0.12620024493963816
0.12503826407024848
0.12503826407024848
0.12503826407024848
0.12503826407024848
0.12529217422100655
0.12540812751011962
0.12540812751011962
0.12540812751011962
0.1251199295291076
0.12470611833804462
0.12453240207113277
0.1235355544292278
0.1235355544292278
0.12355017688115696
0.12300297498846453
0.12238970334023687
0.12233728122045943
0.12175702152235064
0.12132287158295534
0.12132287158295534
0.12104518102984375
0.12079612921885889
0.12079612921885889
0.1200459693388981
0.1193485048212464
0.11961226105252565
0.12091782938758354
0.12091782938758354
0.11985682330871622
0.12007745396235552
0.12007745396235552
0.12007745396235552
0.12007745396235552
0.12007745396235552
0.1196574423449916
0.11901140331800635
0.1188242008913661
0.1195995504080991
0.11916341293066005
0.11859383623427591
0.11807621143122152
0.11807621143122152
0.11807621143122152
0.11807621143122152
0.11807621143122152
0.11697245004957942
0.11716737277822944
0.11788412416007708
0.11851654775109101
0.11843712603708749
0.11828276145474512
0.11767770657728029
0.11847896453112126
0.11847896453112126
0.11831402472704265
0.11792767186620474
0.11831814895649523
0.11831814895649523
0.11784385245423198
0.11673351379496304
0.1173024412429937
0.11769465217871938
0.11601861916660701
0.11601861916660701
0.11596596368779644
0.11575501417545422
0.11638569448948609
0.1160020118852562
0.11601695785224726
0.11541885313855584
0.11541885313855584
0.11541885313855584
0.11541885313855584
0.11541885313855584
0.11575293616128161
0.1160524015461479
0.11507702628471438
0.1153203601921997
0.11522454360068675
0.11522454360068675
0.11399601138409209
0.11444356613502663
0.11345999526371825
0.11329730400526639
0.11329730400526639
0.11348229754588539
0.11289110029386053
0.11173097663441015
0.11173097663441015
0.11173097663441015
0.11173097663441015
0.11111683231436749
0.11130059586925088
0.11108766425610693
0.11077461267639341
0.11045376367198223
0.1109990479888908
0.11208426755268319
0.11159152227935491
0.11182581749697659
0.11078946356405771
0.11100513379591574
0.11047506264654756
0.11098705397051965
0.11109941224472127
0.10984008869433329
0.10961028394819203
0.10996320209427325
0.11104170580671643
0.11040438181995818
0.11072791375418334
0.11178605334208372
0.11252864650536756
0.11252864650536756
0.1120247909481377
0.11152434123373708
0.11196968564358724
0.11196968564358724
0.11218943093261509
0.11218943093261509
0.1110532817246221
0.11147596367834688
0.111807475147277
0.11164796393634745
0.11164584822318373
0.1111389005126647
0.11177777826852033
0.11177777826852033
0.1128704312747777
0.11213955001412573
0.11225786856084455
0.11171038817012996
0.11171038817012996
0.11229704984014904
0.11229704984014904
0.1129025453774735
0.11272831596081945
0.112558010100793
0.112558010100793
0.11203362175639123
0.11251034468633211
0.11233112048363632
0.11116777087753997
0.11232947932591367
0.11096590403993253
0.1116825463098145
0.11169677809205471
0.11223014104904451
0.1127284439355356
0.11167259969022388
0.11195861975623107
0.11166335115064112
0.11166335115064112
0.11166335115064112
0.11166335115064112
0.11129343181316896
0.11110167474033451
0.11124931768224076
0.11034668668704974
0.11109380974892151
0.11064883177271605
0.11027837986124119
0.11012131767158233
0.11002362467346939
0.11072396711551782
0.11095150520079006
0.11095150520079006
0.11095150520079006
0.11042245309147407
0.10944434569957891
0.10986932142691884
0.11066972734711834
0.11009415426855923
0.11009415426855923
0.10924704946483094
0.10877733045890746
0.10700532812433894
0.10700532812433894
0.10680560548427337
0.10680560548427337
0.10796971385109597
0.10661091215447055
0.10661091215447055
0.10661091215447055
0.1059223940509911
0.10649676911155875
0.10747535484799667
0.10803712684145461
0.10763702247005
0.10806962445118176
0.10953274108273778
0.10999844137848472
0.10970940683087169
0.10973907389681713
0.10989780326581167
0.11058872165911302
0.1110180254678461
0.1110180254678461
0.1110180254678461
0.11091491985364041
0.11091491985364041
0.109858961664562
0.11003467011825387
0.10896917743983181
0.10890032188598303
0.10780173128149642
0.1083555504925129
0.1087873217815843
0.10783692830243218
0.10858020208254689
0.10859810180180553
0.1094337832463796
0.1088147746262244
0.10905154013082444
0.11007044214580093
0.11066359642838845
0.11039193951548198
0.11012018354160812
0.1110801234284127
0.11035796183428746
0.11035796183428746
0.10973408766801754
0.10979907013716408
0.10943837078742356
0.10943837078742356
0.10965936173463976
0.10961607675121815
0.10941581193147044
0.1090447164616155
0.1090447164616155
0.1086322689497193
0.10936131006951992
0.10936131006951992
0.11008509416829151
0.10915511302088297
0.1083014224342147
0.1083014224342147
0.10816627855296823
0.1080319138232618
0.10726805164443338
0.10833932792889693
0.1082128389452259
0.10841638309846825
0.10811371898532254
0.10811371898532254
0.10811371898532254
0.10824922511151064
0.10758541655005
0.10828775074767796
0.10828775074767796
0.1087309092583712
0.10827992482904328
0.10827992482904328
0.10827147388858789
0.10776467270996155
0.10748954520894406
0.10740798694269256
0.10740798694269256
0.10747182672967821
0.10747182672967821
0.10747182672967821
0.10712367901184855
0.10769773372287668
0.10749572636421006
0.1062744505094327
0.10707820738940071
0.10707820738940071
0.10763965912978925
0.10811178078225891
0.1074264320781285
0.1074264320781285
0.10736704577950625
0.10726269126302254
0.10657168900158515
0.10695151317790534
0.107211353580804
0.10627503276533184
0.10484918762448267
0.10493084615077003
0.10488874565093632
0.10482088243644153
0.10503238666701162
0.10442771997427394
0.1043221026295146
0.10499682303269989
0.1055711742035529
0.1055711742035529
0.10663714808452278
0.10663714808452278
0.10646395901781526
0.10616153684578143
0.1060569386841193
0.10596846892262111
0.10628374038448189
0.10698843691336304
0.10612382129730695
0.10625218942773064
0.10638456106150374
0.10627036136991473
0.10628391713458905
0.10628391713458905
0.10628391713458905
0.10628391713458905
0.10598845453587823
0.10653589719309946
0.10646876034823066
0.1073059187910354
0.10794435386033464
0.10832292740350341
0.10805875645087265
0.10829783343975352
0.1093776727995764
0.11097177015056683
0.11097177015056683
0.10987707746748962
0.11040448309623754
0.11059555068268874
0.11059555068268874
0.11059555068268874
0.10968495628650754
0.10934919980479342
0.10934919980479342
0.10995903112175695
0.11029478934034298
0.11029478934034298
0.11029478934034298
0.11005306410730109
0.11013233505795418
0.10985174287011529
0.10981152241477081
0.10981152241477081
0.1092206328118153
0.1102390387061142
0.1106491537446541
0.1106491537446541
0.11087717737939905
0.1095816989284938
0.10913633646269634
0.10972401373465018
0.10937679341231074
0.10806904723255233
0.10753731976715995
0.10753731976715995
0.10774656789096176
0.10747539707542673
0.1086007591019933
0.10835168720620676
0.10796192970559346
0.10796192970559346
0.10788602750230786
0.10742739002400606
0.1081563229059876
0.10715233481411189
0.10666701525773065
0.1065422523001371
0.10682385960222668
0.1070591991418955
0.10677057959161752
0.10594243108853185
0.10514693046465803
0.10514693046465803
0.10575279196668975
0.10644314017664551
0.10613743911354927
0.10614733170930114
0.10612164485369935
0.10612164485369935
0.10533706097667436
0.10538743321539942
0.10572096968285673
0.10422035438426712
0.10422035438426712
0.10358734592625274
0.10423685435390072
0.1041429856244224
0.10467413919590901
0.10370682511778188
0.10370682511778188
0.10460877269065502
0.10460877269065502
0.1048747692011381
0.10488236063864456
0.10599082858704552
0.10591216418050234
0.1070440002088903
0.10758070271467783
0.10748672691601066
0.10765809330226257
0.106738406378121
0.10620753040426854
0.10708654498229563
0.10707333120654616
0.1075193359885532
0.1075193359885532
0.1071081178800781
0.10715584685608907
0.10611123760059576
0.10557324255774639
0.1057508936602413
0.1057146550338066
0.10661184623629197
0.10660022161475774
0.1061534068396966
0.10685909738639573
0.1065296521179716
0.1065296521179716
0.1065296521179716
0.10581930591476393
0.10562284840451536
0.10585489491820028
0.10594495748460715
0.10590711398662553
0.10592485045135334
0.10531670818451826
0.10545142228127025
0.10434781915212102
0.10352002601807392
0.10352002601807392
0.10305752079103316
0.10350590030365625
0.1031155636353549
0.1031155636353549
0.1031155636353549
0.10299567105589866
0.10301817343541632
0.10308114611584974
0.10308114611584974
0.10395303032231715
0.10368723977613112
0.10368723977613112
0.10360149991050849
0.10350246216887414
0.10265113691799464
0.10241345205531695
0.10244880252437867
0.10244880252437867
0.10255563502158956
0.10281924953146875
0.10204084852860751
0.10159340907834327
0.10172340310264723
0.10172340310264723
0.10172340310264723
0.10195886463234509
0.10207242463314954
0.10207242463314954
0.101022354935169
0.10231631734372706
0.10158223838209261
0.10154703766221872
0.10036138389147357
0.10036294558358927
0.10008005981605714
0.10024506547203206
0.09939591289409683
0.09913776065862571
0.10042613238745053
0.10038043648630281
0.10038043648630281
0.0997673310542522
0.10014897184933785
0.10014897184933785
0.1004902034911417
0.0990050032372359
0.09913466894939599
0.09913466894939599
0.09913466894939599
0.09861152495617839
0.09861152495617839
0.09966558704058318
0.10029453951494555
0.09971400968609766
0.09971400968609766
0.10015637216260909
0.09981101367946044
0.10052217578031651
0.10048740981986547
0.10048740981986547
0.1006990542724845
0.10050451794517955
0.10055831803857765
0.10142399502241423
0.10043589597722055
0.10043589597722055
0.10048708529503513
0.10048708529503513
0.10029610241687908
0.1004244207394294
0.10041875651629745
0.09998345799552967
0.1002064307114345
0.1002064307114345
0.09993170302390152
0.09914855172183128
0.09849439539162043
0.09849439539162043
0.09956537656776902
0.09989933500164612
0.09912010877049232
0.09996261478837967
0.10048339847632266
0.10048339847632266
0.10144325659599249
0.10058602183396523
0.10104297519247935
0.10107689124423554
0.10107689124423554
0.10209094038059982
0.10209094038059982
0.10302542619690773
0.10366012111874266
0.10180712459524663
0.10143531237659346
0.10233696051336849
0.10238302248590714
0.10238302248590714
0.10220655928218067
0.10277195608303287
0.1037008548275718
0.10275029464124401
0.10240987685588644
0.10256796132461884
0.1023567328020917
0.10295948984021538
0.10218981402227768
0.10160816222244891
0.10160816222244891
0.10240778027055755
0.10335168748975876
0.10335168748975876
0.10352786299057648
0.10425728239437881
0.10451621504239794
0.10383327051440817
0.10306837619871453
0.10321561362313528
0.10390445529172905
0.1050283045837833
0.10477115285754011
0.10541809221305093
0.10611216135884341
0.10611216135884341
0.10576958227969473
0.10561560766967748
0.10480190172971478
0.10380103829576748
0.1041329218777093
0.1041329218777093
0.10479251014685431
0.10524030482858068
0.10524030482858068
0.10504924542205589
0.10354460110367768
0.1043549990137164
0.10391777374290852
0.10391777374290852
0.10391777374290852
0.10300363743640926
0.10300363743640926
0.10266584343707749
0.10300045283485205
0.10362750109541881
0.10338718383551025
0.10210679553963224
0.10210679553963224
0.10156695940490511
0.10164684615452751
0.10123841607765176
0.10255162002252129
0.10275672869941668
0.10331864982733995
0.10434772657582406
0.10400984715460299
0.10400984715460299
0.10400984715460299
0.10330415819050054
0.102366341419327
0.10297845021449142
0.10300490443804534
0.10309442229900896
0.10309442229900896
0.10325642318040143
0.10325642318040143
0.1030298898147554
0.10255677559471846
0.10235661085382265
0.10235661085382265
0.10250663195660768
0.10272750992803717
0.10251761283428679
0.10237958232608503
0.10237958232608503
0.10191478092347478
0.10248532607851692
0.10203156277860494
0.10125206196755172
0.10169957069597832
0.10147366299603341
0.10220774024639095
0.1018171404398601
0.10268867280374556
0.10288569181080391
0.10433690705343013
0.10599781420142182
0.10536300210148802
0.10536300210148802
0.10536300210148802
0.10569637485636457
0.10713823421249444
0.10713823421249444
0.10602516381536099
0.10694057772686263
0.10677278278299124
0.10596997095947581
0.10676883569642977
0.10735583091576095
0.10654572017846548
0.1070353541926256
0.10705231738581582
0.10662859187578451
0.10648455196471904
0.10706226997152657
0.10622778493933245
0.10626048067905293
0.10661242440330505
0.10687736565592594
0.10640224760151987
0.10709829214922038
0.10666879856005945
0.10647512074174292
0.10688459537085492
0.10688459537085492
0.1063017156610271
0.1063017156610271
0.1054762464825687
0.10591753046247462
0.10532450845842449
0.10532450845842449
0.10527882237331566
0.10628881373435173
0.10577460114998292
0.10668597555484002
0.10664297137343319
0.10730493607720432
0.10730493607720432
0.10748681528259656
0.10760982412481825
0.10650721138821993
0.10642750182174793
0.10632897853042217
0.10510001286952236
0.1048023097901873
0.10511615700472765
0.10511615700472765
0.10511615700472765
0.10511615700472765
0.10629229953207332
0.10637561857287188
0.10658582123428899
0.10633323901976066
0.10578575602569881
0.1057522159800069
0.1057522159800069
0.10521008816129174
0.10690553576285028
0.10690553576285028
0.10690553576285028
0.10812533266813057
0.10812533266813057
0.10805299940425737
0.10723139091208829
0.10702931630319253
0.10591252016396041
0.10591252016396041
0.10651430341400768
0.10651430341400768
0.10651430341400768
0.1059797238034737
0.10629603781572218
0.10483102557719212
0.10537598876506307
0.10513438546554571
0.10686077495939063
0.10674515642903594
0.10727605805675525
0.10756823108853909
0.10756823108853909
0.10753529544926127
0.10841739631532275
0.10796011121621256
0.10944080890400959
0.10944080890400959
0.10938293974626107
0.10959304394865466
0.10960456433229139
0.10960456433229139
0.10878123792974329
0.10914869777629285
0.10914869777629285
0.10948691160115738
0.1096793218389404
0.1096793218389404
0.1096793218389404
0.10938937412180123
0.10930581421627783
0.10828651209735396
0.10906688788127832
0.10892844457494621
0.1077872813068257
0.10797299832092364
0.10782826811438985
0.10782826811438985
0.106867013176538
0.10736095449315029
0.10736095449315029
0.10700629515825623
0.10653315106503061
0.1075168556536094
0.10680250998094766
0.10663554026105959
0.10662159380139033
0.10752730772625985
0.10620790056317357
0.1063791682485869
0.1067102044057715
0.1067102044057715
0.1055718306579833
0.10570110579920927
0.10570110579920927
0.10545213867385476
0.1052672479818505
0.10499833177653184
0.10526866375793553
0.10488930158845751
0.10504379072692034
0.10575054969507801
0.10589606984940723
0.10589606984940723
0.10589606984940723
0.10478596493309741
0.10590757514429579
0.10665283023210272
0.10665283023210272
0.10624183180800768
0.10589191484446735
0.10695987301458978
0.10697829954752626
0.10697829954752626
0.1062443716604597
0.10663768070059716
0.10663768070059716
0.10663768070059716
0.10663768070059716
0.10720029984095512
0.10720029984095512
0.10770147191218236
0.10770147191218236
0.10600373367079735
0.10609297165574845
0.10609297165574845
0.10608046861870615
0.10608046861870615
0.10660599233027543
0.10609110541992203
0.10648620930825388
0.10634433844827056
0.1065236675775377
0.10668120512410349
0.10678496583052546
0.10704467472327507
0.10700135510488475
0.10700135510488475
0.10649686642104486
0.10649686642104486
0.10635678484629868
0.10635678484629868
0.10722577862660833
0.10722577862660833
0.10722577862660833
0.1067306345613948
0.1067306345613948
0.10825257089484921
0.10782958399936293
0.10712102316152969
0.10735391932812523
0.10735391932812523
0.10779759233735335
0.10779759233735335
0.10808065308208077
0.10808065308208077
0.10808065308208077
0.10719023322591253
0.10772324694000146
0.10772324694000146
0.10715297572754175
0.10632669121371816
0.10704815339182977
0.10702377691550571
0.10861612217321277
0.10812947552583542
0.10736393683046275
0.1070142850976658
0.1070142850976658
0.10630717335884776
0.10652843467878328
0.10688629326807532
0.10768281485866286
0.10795244180798315
0.10795244180798315
0.10772510949146158
0.10648193244176912
0.10648193244176912
0.10602983689273973
0.1064322514402585
0.10573886041507663
0.1054561336184997
0.10672587256546304
0.10672587256546304
0.10727440282108522
0.10584301198920937
0.10599117834779573
0.10599117834779573
0.10599117834779573
0.10583858003346948
0.10590404782615372
0.10590404782615372
0.10590404782615372
0.10432854882791606
0.10461048421758924
0.10461048421758924
0.10448271579491449
0.10448271579491449
0.10448271579491449
0.10320403222457276
0.10332273814562008
0.10344624539203884
0.10344624539203884
0.10296398535706489
0.10274395855865796
0.10338584084787507
0.10311306371546917
0.10310274952544032
0.10323163996308247
0.10459538254274185
0.10587234764140996
0.10587234764140996
0.10587234764140996
0.10509665674997207
0.10567052725393154
0.10521447955473626
0.10493461729795538
0.10484950746350505
0.10460983822449348
0.10536333698687789
0.10536333698687789
0.1058393083349255
0.10563227048425121
0.10563227048425121
0.10497110994507697
0.10497110994507697
0.10529597119907808
0.10529597119907808
0.10477116020845433
0.10593728685041076
0.10585733371533747
0.10565728762001635
0.10570223770723929
0.10520026072552965
0.10579701072851973
0.10632529945836353
0.10554099977449674
0.10590825512337522
0.10693232075472944
0.10675045089736666
0.10795524633027502
0.10743671404644
0.10739736359247842
0.10716938750721879
0.10691484178390756
0.1073833422277472
0.1073833422277472
0.10670281638317557
0.107429075605899
0.107429075605899
0.10685936007398449
0.10625909994213602
0.10661956284553586
0.10601301428392419
0.10592121961726596
0.10664768610702756
0.10557392643239222
0.10614473842840105
0.10676899468750665
0.10669629851985644
0.10669629851985644
0.1065671818569756
0.1065671818569756
0.10621148681833632
0.10688407934836455
0.10757128494783838
0.10790943222038282
0.10761790496541151
0.10692979704890619
0.10636061772135208
0.10762235142108101
0.10752902083836981
0.10752902083836981
0.10699653753828604
0.1085445231023854
0.1079350873272004
0.10786466890703593
0.10838799912353096
0.10843686521303605
0.10853922485786306
0.10852619633936826
0.10866449580001471
0.10808812875503225
0.10715493035097946
0.10715493035097946
0.10715493035097946
0.1072935036280418
0.1055142765490918
0.10490315935417338
0.10540048671367039
0.10651924662687487
0.10651924662687487
0.10658890542364088
0.10664304284764857
0.10686478531038306
0.10686478531038306
0.1065857186184573
0.10594380262297384
0.10536012363885687
0.10536012363885687
0.10472413103103667
0.10448149169076631
0.10401007673515204
0.10511537044502695
0.10511537044502695
0.10481962528409801
0.10697933845823532
0.10724462967419168
0.10723113112218023
0.10720268150813193
0.10870114813154232
0.10921322727869222
0.10964895511054958
0.10887614912740932
0.10887614912740932
0.10887614912740932
0.10887614912740932
0.10887614912740932
0.10763213232460135
0.10658225090307552
0.10658225090307552
0.10668912794736413
0.10744200907425808
0.10585921945867434
0.10585921945867434
0.10585921945867434
0.10585921945867434
0.10659434553109126
0.10713961090659235
0.1079066355032276
0.10807002290458839
0.10807002290458839
0.10807002290458839
0.10755082643541734
0.10755082643541734
0.1083456632312389
0.10892042903523122
0.10892042903523122
0.10870103927927317
0.10870103927927317
0.10736739759429313
0.1084333484803221
0.10845978067745031
0.10832531991943074
0.1097259976194458
0.10901736484405913
0.1076617147661613
0.10902824459383577
0.10757117468358254
0.10757117468358254
0.10861975837968121
0.10841562707514016
0.10916295425265594
0.1089615732062979
0.10768568635935215
0.1084077392932798
0.10708017439976855
0.10681256618088515
0.10717288895373012
0.10658336428670419
0.10658336428670419
0.1073924457326435
0.10853587312130918
0.10979385699183576
0.10941077215911281
0.109569060959327
0.10860259686827475
0.10795151003900645
0.1064861327683776
0.1064861327683776
0.10671572525442354
0.10730579804659635
0.10729452177685532
0.10763863685319111
0.1078676508745229
0.10754253169670741
0.1078536150569365
0.10721436563445831
0.10737259950256901
0.10755528433102643
0.1077199666946667
0.10678350093370496
0.10678350093370496
0.10554402650400788
0.10563115812541551
0.10660993867274038
0.10694383887346397
0.10694383887346397
0.10677342533570124
0.10586336508574744
0.10535534476300948
0.10508910207277627
0.1046639043410431
0.1046639043410431
0.10426876655944246
0.10482841756220727
0.10459291867373643
0.10462443382216247
0.10569671263423518
0.10431932878874946
0.10418783035967069
0.10431671778774794
0.10431671778774794
0.10428014663298442
0.1052752878311175
0.10537840499122612
0.10458671145098947
0.10561701269803554
0.1050089319753851
0.10610333600076796
0.10610333600076796
0.105597296320053
0.105597296320053
0.10563153202255428
0.10531077623582018
0.10424393268728614
0.10304997051879539
0.10313653723168686
0.10347637229402366
0.10453562009089132
0.10330311910201254
0.10163186165284731
0.10093211449727958
0.0995606455171986
0.09970186054632729
0.0997205240495577
0.10051360873138775
0.10087932480612319
0.10057259519077315
0.10038605803695755
0.10130191501986792
0.10086382111578664
0.10121499626692249
0.1015211903490302
0.10238806693346143
0.10238806693346143
0.10095460063318511
0.10160832080048764
0.1014296591555967
0.10149420656668974
0.10143328566481945
0.10143328566481945
0.10184760654881049
0.10208934731207127
0.10207570755621179
0.10158768511358467
0.10167142788064565
0.10226931528170455
0.10081522391424771
0.1009166993889952
0.10114700093826191
0.10114700093826191
0.10082825654371555
0.10170316219079854
0.10191369198390185
0.1018151957915774
0.10040166992270429
0.10040166992270429
0.09909749589109051
0.0994985101931529
0.10027812226066575
0.10024410499972689
0.09928284695447707
0.10057813894837421
0.0996491477110847
0.1007090372843541
0.10055930871560032
0.10004506980040159
0.10004506980040159
0.09994078598407705
0.09939564023643027
0.09894093133434949
0.09911812155813857
0.09891858138989733
0.10012241859310288
0.09949787824644622
0.0996019807609337
0.10075117675653503
0.10036361273844238
0.10036361273844238
0.10036361273844238
0.10013389997630605
0.10072084620134138
0.10072084620134138
0.10099476589537489
0.10189519876477816
0.10178554278473059
0.10184562881623005
0.10184562881623005
0.10216634170285298
0.1021773932684069
0.10306623281207797
0.10343918551698109
0.10331423625749687
0.10279678057765315
0.10279678057765315
0.10288922172224763
0.10359140517002302
0.10367357517194052
0.10560060650379852
0.10560060650379852
0.10602597696581474
0.10531906093106645
0.10531906093106645
0.1038189487508972
0.10345594866997876
0.10367471072723537
0.10245692112101674
0.10383238677046365
0.10376627072757563
0.10276771120808996
0.10276771120808996
0.10331274596566202
0.10331274596566202
0.10331274596566202
0.10397242990240431
0.10274988399680797
0.10298513986120622
0.10298513986120622
0.10287790002046873
0.10217427230373743
0.10217427230373743
0.10223414342565368
0.10355069789898547
0.10342372569368136
0.10342372569368136
0.10237070950687611
0.10300748879426488
0.10300748879426488
0.10346391833868708
0.10423112254259839
0.10455514351704517
0.1047495596267895
0.10401724620704587
0.10430189416808194
0.10430189416808194
0.10399690219407684
0.10439017399812067
0.10363145774795426
0.10300878496977682
0.10313242204328069
0.10494410617717537
0.10584535593763433
0.10488817571197294
0.10488817571197294
0.10488817571197294
0.1055404751087669
0.10558110570515798
0.10524998860166462
0.10466241181318707
0.10410581452831534
0.10470869544443942
0.10467339114206255
0.10452312203979328
0.10443936388921703
0.10447481867359698
0.10387849513607215
0.10366384142948491
0.10366384142948491
0.10353199076973137
0.10447015403033226
0.10392981705995452
0.10459423135761706
0.10520439626038981
0.10530645674385165
0.10451439879279897
0.10451439879279897
0.10524875955360742
0.10524875955360742
0.10452306080992997
0.10475368083469914
0.10475368083469914
0.10420786037529788
0.10424708458688733
0.10415634439375616
0.10415634439375616
0.10424265211572485
0.10352669591295721
0.10352669591295721
0.10328587057852663
0.10250636938615133
0.10177150777029763
0.10177150777029763
0.10291413993646124
0.10291413993646124
0.10251665171283164
0.1026038936790694
0.10167490936170687
0.10243825003581014
0.10243825003581014
0.10235955276787229
0.10234897814595646
0.10224350038849274
0.10404078587906485
0.10404078587906485
0.10305611021811131
0.10305611021811131
0.102882538050302
0.10161470436137339
0.10051801463391925
0.10035410666893577
0.10050482129667802
0.10033899950632079
0.1006666646446545
0.10145030905183496
0.10190044737242585
0.10204667538985353
0.1019575650987003
0.10094759304365962
0.10031618238635638
0.10030467615808127
0.10103521598374052
0.10182500171846869
0.10202800918478745
0.10238986936790717
0.1027185193245584
0.1027185193245584
0.10185602849097154
0.10288813399938003
0.10193472043060163
0.10272618330375081
0.10265874047574378
0.10295859854873923
0.10296371293449022
0.10437941421655272
0.10424012886907026
0.10447039323412548
0.10421159117121084
0.1041093137001747
0.10449152334969623
0.10481298041971449
0.10437720985389178
0.1037179283711044
0.1037179283711044
0.10341769669590703
0.10242115317264305
0.10201234405854798
0.10091308889105871
0.10132415897767026
0.10208915944992315
0.10261128852939146
0.10293091284045609
0.10294882278807974
0.10294882278807974
0.1037376888823855
0.10506647254786915
0.10475756322199467
0.1065581258046242
0.10620471850985637
0.10681011007693236
0.10681011007693236
0.10696275865884156
0.1068032588156882
0.10614513153711828
0.10609625422537429
0.10659826260866814
0.10727394030358305
0.1075028314971623
0.10798658943554157
0.10798658943554157
0.1089050903066295
0.1089050903066295
0.10776221322038708
0.10788998637481233
0.10733168334858643
0.10705397960632111
0.10679790658046937
0.10679790658046937
0.10636087024725771
0.10526404537117029
0.10526142980554282
0.10517545593529379
0.10517545593529379
0.10598361832837004
0.10535733818149184
0.1057915395767424
0.1057915395767424
0.10731414257465031
0.10840393453060201
0.1081997889800218
0.10784781597710413
0.10752608399565747
0.10752608399565747
0.10931629662676107
0.10931629662676107
0.10932725415899959
0.10932725415899959
0.1100418455171669
0.11020897692542365
0.10968061645980703
0.10968061645980703
0.10968061645980703
0.10968061645980703
0.10921648125830541
0.10970225584007579
0.10970225584007579
0.10966487798924568
0.11005094128381852
0.11008262446224833
0.11029265884338066
0.10976716394892576
0.10922604633216881
0.10926077579000097
0.10943084388721216
0.1097968537066917
0.1097968537066917
0.1097968537066917
0.11029628452974954
0.11189641464265418
0.11189641464265418
0.11247464303378321
0.11190853432077263
0.11011321725076394
0.11011321725076394
0.11056008985489515
0.11056008985489515
0.11056008985489515
0.11056008985489515
0.11057466936893433
0.10910486909999488
0.10910486909999488
0.10958355491799261
0.10958355491799261
0.10958355491799261
0.10939205287119654
0.10939205287119654
0.1095687558755601
0.1095687558755601
0.10963029806829581
0.10931260248332327
0.10836789072222036
0.10786064103185833
0.10832243854583748
0.107597058677785
0.107597058677785
0.107597058677785
0.107597058677785
0.10738887405192081
0.10796526910893141
0.10796526910893141
0.10770543047773858
0.10568929354379042
0.10574759802643365
0.105619093499026
0.105619093499026
0.105619093499026
0.105619093499026
0.10465724318834731
0.10379661561032101
0.10610797097731142
0.10713907295752355
0.10673604370872439
0.10673604370872439
0.10673604370872439
0.1058795319609851
0.1063705660420524
0.10690142095721276
0.10690142095721276
0.10703879653201387
0.10676405201688438
0.10676405201688438
0.1089939112782827
0.10961766274844877
0.10961766274844877
0.10855329094512275
0.10908505489703733
0.10908505489703733
0.10898307903270711
0.10900672110666755
0.10900672110666755
0.10840248333759334
0.1086648555566808
0.10788071940493144
0.10780507466929555
0.1077449830087529
0.10807754778257725
0.10807754778257725
0.10793537078083579
0.10854876241954332
0.10771862326768653
0.1073890764658192
0.10703278364133098
0.10737783357782284
0.10650501351924686
0.10761989914690319
0.10761989914690319
0.10810770282642217
0.10810770282642217
0.10839630947314055
0.10781337788494746
0.10760887795221058
0.10763276796987983
0.10787753516154171
0.10675451587558529
0.10678241896633654
0.10655639418428134
0.10634848670469035
0.10694911982327532
0.1067607843504445
0.10609579130912736
0.10675437126701183
0.10764489790703434
0.10739923977916921
0.10756724387007963
0.10895301658415424
0.10895301658415424
0.10895301658415424
0.10895301658415424
0.10940713784188312
0.10998125840123919
0.10946015115742279
0.10954167216441917
0.10959252297627992
0.11005707225799376
0.10921242241341282
0.10930355360333059
0.10937739038347298
0.10856921223876169
0.10844762066923677
0.10792470977531318
0.10792470977531318
0.10840142930669112
0.1076614547305843
0.10698852933731394
0.10578375075506752
0.10578375075506752
0.10578375075506752
0.10634080676723869
0.10548693043668214
0.1057856031296377
0.10555023568071815
0.1047174555618616
0.1047174555618616
0.1047174555618616
0.10538809533705282
0.10622849158759103
0.10670334875392709
0.10692360243640948
0.10623835003826894
0.10671876522492169
0.10727520150615362
0.10727520150615362
0.10727505607102215
0.10727505607102215
0.10722407849927246
0.10750668789124901
0.10750668789124901
0.10776150507396173
0.1082566810300107
0.10634261690428089
0.10774621715207516
0.10774621715207516
0.10834207770688814
0.10886654039340167
0.10805544314006604
0.10805544314006604
0.10844398964531757
0.10844398964531757
0.10823888838656176
0.10777692689642941
0.10851240590788934
0.10851240590788934
0.10772623024333218
0.10772623024333218
0.10623443448707218
0.10623443448707218
0.10623443448707218
0.1065312066614158
0.10545231325150084
0.10530182353667449
0.10563934112513537
0.10778198580657326
0.10736812478679957
0.10744795230576307
0.10737622805954206
0.10730374729861837
0.1065183131648931
0.1065183131648931
0.10611021772769587
0.10501063862966448
0.10487071961479522
0.10487071961479522
0.10618793178300902
0.10627693400732903
0.10551055299889005
0.1058750270906312
0.1058750270906312
0.10625027624824297
0.10512978814024393
0.1054267087416994
0.10484605408433836
0.10484605408433836
0.10484605408433836
0.10480262661343234
0.10480262661343234
0.10472722586808376
0.10472722586808376
0.1049878038680859
0.10444355629627418
0.1061772829039743
0.10662485632945488
0.10550701581077099
0.10448336670261357
0.10417744497257544
0.10331139740888375
0.10331139740888375
0.10399421431314804
0.10395483490683569
0.10338934281980927
0.10362577533812527
0.10432979606297761
0.1040127347540166
0.1039176061681272
0.10433914147920183
0.10396885145926578
0.10396885145926578
0.10430174133561039
0.10452390219976573
0.10555643254258318
0.10609374333919062
0.10637235080585318
0.10609042375158521
0.10552851402008528
0.10509664343695424
0.1031173751187777
0.1031173751187777
0.10272322613335527
0.10272322613335527
0.10239746321596915
0.1022844106231841
0.10248249689047123
0.10248249689047123
0.10301341519102253
0.10492528172167194
0.10392502210956903
0.10296325499051029
0.10296325499051029
0.10296325499051029
0.10143036196332751
0.09993453377804079
0.09993453377804079
0.09993453377804079
0.09993453377804079
0.09902256191845693
0.10020308031293403
0.10098237522832271
0.10065690122267856
0.10102189958955989
0.10154913492890469
0.10287043742391723
0.10216236013318163
0.10216236013318163
0.10238050875105534
0.10261846507586989
0.10364847744204729
0.10409376560643631
0.10353426253122626
0.10358181722120213
0.10185514453272262
0.10159140149699215
0.10240228403490535
0.10240228403490535
0.10173461607650894
0.10104991957306884
0.10088251499969227
0.10109708673322032
0.10183606712794578
0.10060950004405958
0.1004716751669412
0.10115352352585848
0.10166376561995923
0.10209468260950962
0.10123744520343875
0.10123744520343875
0.10110523745992063
0.10135295632580481
0.10096245264966419
0.10020407260291397
0.10034917713245595
0.0984549249309017
0.09877100895315513
0.09820847414591075
0.09975005410134254
0.09975005410134254
0.10113070073998834
0.10113070073998834
0.10046953673708857
0.09963402325129202
0.09933983089144229
0.09933983089144229
0.10000924276669794
0.09971604907357078
0.09951819522762141
0.09951819522762141
0.09951819522762141
0.09951819522762141
0.09951819522762141
0.09915583752545418
0.09992397661647064
0.10005266797472734
0.10065807837359558
0.10065807837359558
0.10084523267304134
0.10084523267304134
0.10051483609119866
0.10004207469124009
0.10004207469124009
0.099745950531921
0.10002830020962392
0.10081966428990374
0.099359153351889
0.10042984828538465
0.09924286617481298
0.09924286617481298
0.09910754857840619
0.09911348665428767
0.09911348665428767
0.10047592462430285
0.10066330704853031
0.1010864224581894
0.1010864224581894
0.1012496435547719
0.1022277087057838
0.1009243191089268
0.10151210961076054
0.10007995558505856
0.10123029253913644
0.10123029253913644
0.10102946738044445
0.10133616292545078
0.10173058942805373
0.10173058942805373
0.10173058942805373
0.10173058942805373
0.10173058942805373
0.10127404673051946
0.10171909853323655
0.10171909853323655
0.1023651720809812
0.10179653865838495
0.10233346290100367
0.10277391894540182
0.10210187600052413
0.10250625908204813
0.102598691424514
0.10313738397325824
0.10235593757610204
0.10235593757610204
0.10209898306414071
0.10249936645908686
0.10208766140728266
0.10177087125783878
0.10165075959561005
0.10135624158839672
0.10135624158839672
0.10224700997745874
0.10177716465902449
0.10109787562888974
0.10166839625525369
0.10030911011587813
0.10047351505214867
0.10026195499389143
0.09959709850239201
0.09999604130980161
0.10101500978613849
0.10096899710158742
0.10148481723169593
0.10138762339639742
0.1016847965419762
0.10197952012814264
0.10174939354353457
0.10314108736690626
0.10318154805340235
0.1038690352081944
0.10357074838187075
0.10138816574248846
0.10138816574248846
0.1022666169272069
0.10183778879435013
0.10166987446503781
0.1027631356375381
0.10095972981773425
0.09930153383300964
0.10127744069453642
0.10078838748915836
0.10064204666557534
0.09979098570820902
0.10015172716334093
0.10015367557479014
0.10015367557479014
0.1013677535703101
0.10194556509299765
0.10194556509299765
0.10194556509299765
0.10205860043846463
0.10205860043846463
0.10198066740292978
0.10237887613592048
0.10237887613592048
0.10150661252122582
0.10187745121318761
0.10234981439419835
0.1021433826047013
0.10093905784027028
0.10099911035568991
0.10121642921964516
0.1011581575966681
0.10205506453645279
0.10372720732801743
0.10377394495110086
0.10396858607798133
0.10314033614197528
0.1027231599271271
0.10152284627552045
0.10090669796609486
0.10062901382616543
0.10147146971862608
0.10047654257323285
0.09991279027789023
0.09884955795696357
0.09947187685411114
0.09997009355106083
0.10063025482643537
0.10107493121597258
0.10096262880777454
0.10096262880777454
0.09921772940602978
0.09919303437392825
0.09936540874679332
0.10035264392597144
0.10004654683659973
0.09906570471038537
0.09927316638305017
0.09905432980153225
0.09969720098429442
0.10035271897808236
0.10060847778860631
0.10060847778860631
0.1021404408274128
0.10116763162317617
0.1009347837025851
0.10065907917160295
0.10065907917160295
0.10128613809491382
0.10066854444590036
0.10157902880198129
0.10201521985677467
0.10251612346655888
0.10125784789305028
0.1018683556996147
0.10283488557199968
0.10287652313969031
0.10338329454850269
0.10457820286276981
0.10422201540416717
0.10318577239401372
0.10318577239401372
0.10323836919092425
0.10323836919092425
0.10353687124218738
0.10367242064446362
0.10465325148229146
0.104603896189556
0.10316898067232695
0.10463918463753796
0.10463918463753796
0.10463918463753796
0.10326255754880023
0.10302718812870053
0.10401539855749685
0.10556719868624785
0.10561233879336498
0.10561233879336498
0.10534216231551677
0.10616936114207921
0.10649170224355557
0.10589441376861075
0.1061591013230605
0.1061591013230605
0.10598637810727152
0.1053022595756192
0.10496007732026795
0.10473979010531304
0.1049879435148897
0.1049879435148897
0.10465703017963246
0.10465703017963246
0.10465703017963246
0.10465703017963246
0.10465703017963246
0.10486344080633493
0.1050617661338015
0.1046061808495347
0.10385169063755685
0.10229215492633323
0.10229215492633323
0.10229215492633323
0.10210165821838008
0.10210165821838008
0.10361315979872301
0.10406268209127796
0.10293609184193601
0.10291650070256286
0.10291133107537272
0.10328170765325512
0.10350966077849887
0.10337068493976512
0.10366951310330835
0.1029935734437564
0.10265242140173642
0.10250093453460524
0.10318673690302696
0.10229781237710134
0.10096923681552367
0.10096923681552367
0.10096923681552367
0.10151906889393691
0.10268006684837173
0.10268006684837173
0.1023506940791837
0.10278084225250567
0.10396146023778037
0.10374589737713295
0.10392664754949778
0.1048160554404444
0.10449145259003319
0.10449145259003319
0.10477937905362272
0.10584091599906374
0.10538549356011433
0.10487884836147045
0.10589764467663938
0.10646758939062076
0.10602550280539504
0.10602550280539504
0.10525555721655039
0.10443137479054096
0.10539722313982727
0.10539722313982727
0.10542168841426774
0.10522016922076588
0.10589666770087061
0.10555379511076488
0.10438748803548036
0.10474419417670167
0.10369151013575428
0.10336952388285355
0.10336952388285355
0.10370673098323495
0.10289809315042851
0.10265921681363747
0.10269300087833079
0.10231341355592644
0.10231341355592644
0.10231341355592644
0.1023907841983952
0.10221961989307987
0.10306506732052853
0.10254399321693862
0.10340707488629046
0.1035611257845951
0.10312879980834247
0.10312879980834247
0.10339068074371244
0.10302114025598777
0.10264684273400874
0.10268236318030373
0.10265717548002151
0.10208240482955386
0.10241424315158354
0.10246186098781067
0.10164317398709845
0.10090677558029186
0.10045829488594994
0.09957538001562395
0.0986266146265957
0.09877807174050146
0.09864783230080487
0.09840225524772765
0.09858788708427846
0.0994848763502836
0.09954336474907838
0.09844829732228533
0.09844829732228533
0.09890777032191225
0.09890777032191225
0.09890777032191225
0.10011625648993162
0.09820155855986036
0.09820155855986036
0.09820155855986036
0.0980001364303834
0.09775507866615053
0.09772751107166361
0.09733897777406886
0.09953543268960356
0.09922105544027773
0.09987473166311525
0.10089966313119268
0.10089966313119268
0.1008023122124396
0.10003154566969712
0.10021606199073785
0.10137372287913962
0.10131841853288519
0.10235231875539005
0.10247879327597896
0.10261088849906026
0.10261088849906026
0.10153728562056001
0.10153728562056001
0.10153728562056001
0.1018480194742841
0.1018480194742841
0.10210373144955054
0.10174762977521176
0.1020200870541795
0.10267399488123712
0.10278244835801813
0.10265461638812111
0.10350421965275468
0.10370001759346353
0.10370001759346353
0.1033960893810102
0.10372526872861329
0.10341918081392633
0.10231141758919936
0.10199664028439379
0.10205200624815279
0.10060095795579582
0.10096079949163052
0.10063598474509383
0.10063598474509383
0.10140836613864612
0.10024562798491556
0.10024562798491556
0.10036797389937781
0.10036797389937781
0.10012359281133135
0.10091376369281363
0.10097420426695218
0.10273587733667601
0.10284104486009284
0.10284104486009284
0.10352842015247327
0.1029554700512551
0.1014532441853024
0.10079400430822914
0.10079400430822914
0.10166638745090568
0.10143788094544981
0.10143788094544981
0.10066626661589186
0.10066626661589186
0.10066626661589186
0.10066626661589186
0.1005769371883723
0.1005769371883723
0.1005769371883723
0.1005769371883723
0.10139548734650453
0.10160893067074306
0.10160893067074306
0.10113758196009713
0.1017800142963816
0.102327078029342
0.10249081043248386
0.1021613909829457
0.1021613909829457
0.10356506904675573
0.1030782843622826
0.10326470697376082
0.10333412500552554
0.10333412500552554
0.10410411287871887
0.10511330139371104
0.10594594533371439
0.10681351194748107
0.10785334065825086
0.10673444604730684
0.10703363734980535
0.10719686214589343
0.1064153847171619
0.10616414399639326
0.10673878882910645
0.10573913312581619
0.10568626153779415
0.10611467240131331
0.10611550173165574
0.10489388243655169
0.10500016495681753
0.10462369581596678
0.10497559039358692
0.10519628847661736
0.10422355676343302
0.10452037044654934
0.10325269911517371
0.10309001067958662
0.10293135764829574
0.10395168749495493
0.10395168749495493
0.10472005042203326
0.1042964052491438
0.10426573673636942
0.10426573673636942
0.1039314081795032
0.10439703893845077
0.10439703893845077
0.10439703893845077
0.10512670708481478
0.10501228053490244
0.10403012839452833
0.10421444383275391
0.10407796276010461
0.10406885524712005
0.10406885524712005
0.10505318270339425
0.1063208914421652
0.10627845957737547
0.10665194402320699
0.10690345498239409
0.10611476509389463
0.10611476509389463
0.1043105185715555
0.10499034176994418
0.10510781003453495
0.10493248293971233
0.10472608746000112
0.10511464521315393
0.10499197890052912
0.10444940668838995
0.10432109643434713
0.1042195309268981
0.10522945403940678
0.10424925786620813
0.10411222697502125
0.10385728656657275
0.10614940678963145
0.10563432101303045
0.10547196753759673
0.10567064768126272
0.10567064768126272
0.10571892454340215
0.10594401145576429
0.10531890121368521
0.10498647634683457
0.10449311900245915
0.10449746832196484
0.10536349448018223
0.10536349448018223
0.10495754193178915
0.10411102632528954
0.1041906640896988
0.1038875745429038
0.103664054392109
0.10488878237578901
0.1053675716734653
0.10494837163223739
0.10494837163223739
0.10512757697008444
0.10564576599129466
0.10564576599129466
0.10594491757612062
0.10626023277262074
0.1057592965230503
0.10521092119248883
0.10521527931499025
0.1050059321917817
0.10668868898172953
0.1065257791753454
0.1065257791753454
0.1065257791753454
0.10632225200216112
0.10632225200216112
0.10683939211268377
0.10683939211268377
0.10683939211268377
0.10547060533115242
0.10665347765064204
0.1069872656980908
0.1069872656980908
0.10778988995203764
0.10704506007094847
0.10714236469794032
0.10668363822778797
0.10618845072784534
0.10694211489230389
0.10703496752426307
0.106262800273698
0.10630040716322244
0.10555805095092373
0.10451016641065453
0.10451016641065453
0.10451016641065453
0.10451016641065453
0.10451016641065453
0.10412444175413173
0.10430368227679007
0.10410415360846927
0.10392753444984369
0.1041952635644592
0.10366948137038956
0.1042051365874763
0.1038490722891528
0.1038490722891528
0.1038490722891528
0.1038490722891528
0.10541618735113548
0.10482255494760409
0.10356328366101442
0.10398711732313877
0.10424298732719578
0.10491637473866727
0.10480319711935282
0.10480319711935282
0.10452591136544104
0.10432554013030268
0.10443827246741089
0.10326798566538879
0.10326798566538879
0.10500092376181341
0.10492926212677378
0.10518241824181773
0.10557814390769212
0.10646843465092952
0.10646843465092952
0.10722079466966608
0.10785210852245965
0.10689986875556234
0.10764675822388538
0.10737651857998416
0.10737651857998416
0.10737651857998416
0.10744645195683536
0.10782302650724024
0.10782302650724024
0.10801155883155131
0.10804209126796945
0.10771078992500184
0.10702879726302299
0.10713267161338277
0.10749435540336581
0.10749435540336581
0.10749435540336581
0.1069222501025504
0.1069222501025504
0.10789615785578928
0.10703939695848269
0.10849097156348454
0.10790799249868506
0.10875783605508463
0.10914825645598608
0.11047185933313321
0.11047185933313321
0.11037366126094399
0.11030385784929195
0.11130809957569018
0.11139258494404708
0.11080884854530672
0.11120081471541213
0.11109432949917215
0.11194403382420773
0.11121581413892666
0.11121581413892666
0.1115492334767128
0.11224361206926996
0.11224361206926996
0.11147456646467005
0.11094182008778161
0.11192560876442827
0.11196698930681669
0.11196698930681669
0.11196698930681669
0.11139808166812985
0.11173283847616478
0.11173283847616478
0.1116936101445042
0.11278391766880819
0.11251358525018457
0.11252610431053311
0.11252610431053311
0.11236356267879556
0.11215320934405143
0.11254634365939493
0.11254634365939493
0.11215020696758364
0.1120293958321784
0.11147218759685835
0.11148709926696247
0.11041310569657811
0.11061718015469625
0.1108869434632361
0.11102240977404039
0.11031930454623286
0.11002391614451293
0.10870300158806032
0.10735573715027635
0.1053380920823661
0.10477271142912664
0.1051528840131547
0.1038371932470962
0.10438145591406216
0.1040702801046947
0.10544987596315228
0.10439326002822828
0.10439326002822828
0.10509916384008249
0.10570896363998468
0.10508210909660791
0.10469992054777126
0.10488565979046584
0.10457122173114686
0.10492164665593678
0.10471933211535239
0.10298567567031527
0.10318481966924914
0.10238504643101633
0.10258098789913873
0.10218138682075345
0.10230209966134826
0.10258325974329059
0.10230425001155609
0.10115469770761709
0.10126266968173511
0.10203964016457666
0.10236811626038445
0.10193241133561634
0.10256852136318709
0.10252996805332147
0.10157927614549095
0.10154470536168257
0.1024990703554981
0.1024547119718039
0.102715947061943
0.102715947061943
0.10265509599126749
0.10298780937065438
0.10423756628467354
0.1041556269886673
0.10438258921073887
0.10366749649245198
0.10392548678255364
0.10427955933287199
0.10445905414322605
0.10445905414322605
0.10443370131573011
0.10342714604115535
0.10342714604115535
0.10270015593620133
0.10203447258291357
0.10149838903083669
0.10122696141607801
0.10024020211834156
0.10122648676805132
0.10092513015750305
0.10239755210417384
0.1027656156137773
0.1027656156137773
0.10263881672669392
0.10138775718062133
0.10061065199046315
0.10086669241402116
0.10137519093944326
0.10121106677401193
0.10121106677401193
0.10101090949143754
0.1012956566676468
0.10131529930483153
0.10039064049184766
0.0999073060618486
0.0999073060618486
0.0995563474810728
0.09878687978588206
0.09861755963413024
0.09883584418658656
0.09864337736647573
0.09814099464490211
0.0974464097745547
0.09743747325022356
0.0970608326634073
0.09833060483908722
0.09752035812081848
0.09692714868332822
0.09676364822707509
0.09676364822707509
0.09676364822707509
0.09779327823443944
0.0979223370242887
0.0973165609883915
0.0973165609883915
0.0973165609883915
0.09658742043333428
0.0960133669918195
0.09499342538463747
0.09450121205644921
0.09414859656833581
0.09578466698107847
0.09574379375169326
0.09616938390138303
0.09678187780822048
0.09799195506499224
0.09802058647152662
0.09772009142950662
0.09946903609143676
0.09910279002340514
0.09910279002340514
0.10007152734867225
0.09824770812152213
0.09899413011497321
0.09901113799441949
0.09983837316950947
0.09983837316950947
0.10018913181436308
0.10022718278182084
0.09917386510718047
0.09939137596240173
0.10017292852028019
0.10037518448516615
0.10037518448516615
0.10051247662885278
0.10054602581705835
0.10003787868617067
0.09921040698471603
0.0982250776562954
0.0982250776562954
0.09700301590439095
0.09697065300730842
0.09710944772505405
0.09710944772505405
0.0983870632046788
0.09892422874795877
0.09892422874795877
0.09790651762679721
0.09790651762679721
0.09769549793236958
0.09879590607892001
0.09828239852413227
0.09814053565155385
0.09823223902716753
0.09793251824814234
0.09760898307530491
0.09770770435117548
0.09770770435117548
0.09765070160857654
0.09779311246970937
0.09757417767372736
0.09761306751645563
0.0986889862115431
0.09930000520160458
0.09887372527218469
0.09887372527218469
0.09953186969016513
0.10037844307459572
0.09994903751644692
0.09874234540221982
0.09733549332077392
0.09741877924984028
0.09737098600170771
0.0981599383602083
0.0981599383602083
0.09794691669061385
0.09791842064896536
0.09900680008512537
0.10019447050827435
0.10019447050827435
0.09949238130353211
0.09923338416093279
0.09970701702663265
0.1007874341828498
0.1007874341828498
0.10220174408895971
0.10286539106749037
0.10222807070511084
0.10222807070511084
0.1023018733728134
0.10337537040893528
0.10210107446766166
0.1022770306720606
0.10210263602268604
0.10336979132266783
0.10342278077949359
0.10349204949616592
0.104494591417466
0.1047495698954381
0.10428845681625755
0.10341716542894648
0.10356817994265159
0.10430821758657044
0.10436241304229077
0.10436241304229077
0.10389646395247397
0.10457371793108043
0.10457371793108043
0.10457371793108043
0.10360910212678916
0.10497149817478295
0.10497149817478295
0.10489657307030384
0.10449328462661323
0.10394795656311638
0.10462221143501407
0.10466996803794573
0.10532527309798019
0.1061979111389855
0.10551639942045972
0.10434659066869575
0.10440609481695932
0.10440609481695932
0.10566882121212517
0.10566882121212517
0.10559834819776245
0.10559834819776245
0.10553417390020896
0.10553417390020896
0.10492345735735427
0.10492345735735427
0.10492345735735427
0.10518319657870213
0.10518319657870213
0.10351522399333793
0.10312769515694754
0.10244779610608018
0.101870725099685
0.101870725099685
0.10199548056391285
0.10223829712152038
0.10217163300788291
0.1020574094790449
0.10259848720401599
0.10344486115195177
0.10344486115195177
0.1035305526827206
0.10319594417276416
0.10346733489588339
0.10346733489588339
0.10383383063485907
0.10346702790430388
0.10344937711917133
0.10395914053819709
0.10296978366477688
0.10273294309984991
0.10371389097092516
0.10326670272808512
0.10326670272808512
0.10342420524842076
0.10414813420319823
0.10352037416271476
0.1037315594876761
0.102885296895411
0.10269163217282867
0.1033251445061616
0.1033251445061616
0.10227307910362335
0.10141519883453574
0.10141519883453574
0.10141519883453574
0.10141519883453574
0.10141519883453574
0.10141519883453574
0.10141519883453574
0.102148288302877
0.1029429113473708
0.102023981356455
0.10271243464229644
0.10267005363442355
0.10304235818485742
0.10270073817383518
0.10222947254125174
0.10222947254125174
0.10331259151520575
0.1028697470956722
0.10248581027441012
0.10193776622965645
0.10193776622965645
0.10193776622965645
0.1005873179126647
0.10054839948335917
0.10076812791320443
0.1008797348107988
0.1008797348107988
0.1008797348107988
0.10165790864654221
0.10036799931022894
0.10106339310737035
0.10106339310737035
0.10174496343324659
0.10174496343324659
0.10036992564658649
0.10104226533100442
0.10023126614220039
0.09921112687657507
0.09916412627105371
0.09938454272979975
0.09871778765555207
0.09855845137223043
0.1002194048697428
0.10134669444941534
0.10252773627168976
0.10242092425420855
0.10292740081955558
0.10274115179941676
0.10317726146999967
0.1028854683838645
0.1028854683838645
0.10288065160028126
0.1037825344727986
0.1037825344727986
0.1037825344727986
0.10363629741834117
0.10363629741834117
0.10426484534598779
0.10455852038214303
0.10415822921713795
0.10350972894856285
0.10284764205121742
0.10284764205121742
0.10284764205121742
0.10278531088859387
0.10366149292984325
0.10366149292984325
0.10383977514770115
0.10383540698109524
0.10535025093651024
0.10444095206441853
0.10427017965409997
0.10502504225391186
0.10642471063779972
0.10646920237405838
0.1066553353191919
0.1066553353191919
0.1064333384626839
0.1064333384626839
0.10598984095474492
0.10592702565048397
0.10592702565048397
0.10592702565048397
0.10528400267093281
0.10502457250328301
0.1043415075058935
0.10342650812364697
0.10342650812364697
0.10492455295386349
0.10476097987365147
0.10523636021914717
0.10567540950581497
0.10612409993396316
0.1060870326037435
0.10611282211789363
0.10466189896407069
0.10471493907401898
0.1055535729758399
0.1055535729758399
0.10575253326794311
0.10524712461103816
0.10469015550200061
0.10363753661471717
0.10424624862358706
0.10404299385326228
0.1026855298659524
0.10286445676534196
0.10272658446254247
0.1021295866327572
0.1021865121683265
0.10091100987108889
0.10093270862817073
0.10128261906983625
0.10229276916570582
0.10310334125069416
0.10269178140490957
0.10330674980604616
0.10358645083372434
0.10290605617021747
0.10279461426541203
0.1034978344070841
0.1034978344070841
0.10191240618168323
0.10234645552709051
0.10191716067241287
0.10171263664467324
0.10145724942261412
0.10128166785154874
0.10116758165930687
0.09956990110271015
0.09954630600389107
0.0995009336098657
0.0995009336098657
0.0995009336098657
0.09853852877392102
0.09822675743090584
0.09817876112052146
0.09740184960256604
0.09797382688714613
0.09813321350102971
0.09880458495669887
0.09871762196847371
0.09871762196847371
0.09879120439123482
0.0982213111145345
0.09785527316904312
0.0981449141932854
0.0981449141932854
0.09874035934012658
0.09874035934012658
0.09874035934012658
0.09874035934012658
0.09806931680996214
0.09796409205769531
0.09796409205769531
0.09882180766836594
0.09849965216389943
0.09901566881033905
0.09901566881033905
0.09901566881033905
0.0994323754098634
0.0993021062927742
0.09939942604901979
0.09939942604901979
0.098730905528312
0.09898174760835148
0.09896884370719383
0.09890186861570766
0.09872022786607688
0.09872022786607688
0.09820827675940702
0.09898025343189298
0.09898025343189298
0.1001177307444093
0.1001177307444093
0.10124328076204178
0.10137915841925223
0.10136264974359155
0.10143793762851379
0.10154680230437166
0.10154680230437166
0.10154680230437166
0.10154680230437166
0.10191659976422368
0.10191659976422368
0.10148169995672597
0.10222695083767129
0.10243369212429618
0.10229297134175183
0.10156965317551085
0.10156965317551085
0.099371020178337
0.09952151880534137
0.0985387519671777
0.09904098897171791
0.10003983410062389
0.10084763625758981
0.10164212968353792
0.10164212968353792
0.10193748065724152
0.10193748065724152
0.10229208040664216
0.10258070590529378
0.10187268452154444
0.10183874656858118
0.10183874656858118
0.10111067940201018
0.10080744581814521
0.10106611597074996
0.10129144803911978
0.10129144803911978
0.10313881898405242
0.10354397828391705
0.1036686279491893
0.1036686279491893
0.1044208454500316
0.10440169879519186
0.10365484799052464
0.10327334131364288
0.10353656082248028
0.10396309649373554
0.10438563830937629
0.10303063850365667
0.10303063850365667
0.10303063850365667
0.10306185895528147
0.1029788290478883
0.10344331598691434
0.10384749404135261
0.10384749404135261
0.10365823543444945
0.10365185167869383
0.10331799963312978
0.1050611947528945
0.10442616596656432
0.10389678182078992
0.10410994684287726
0.10410994684287726
0.10466010431234612
0.1045546359881384
0.10476915690790377
0.10428951573444596
0.10437249289040458
0.10517615784332612
0.10522572819546416
0.10624346273080255
0.10625621897042406
0.10665135917581053
0.10712546538861101
0.10756558139689341
0.10652216263311401
0.10652216263311401
0.106912744624912
0.10778722402905601
0.10770722686005074
0.1063249559141126
0.1063249559141126
0.10549810578070623
0.10606074987576221
0.10608581894845776
0.10601240605534464
0.10679246464155207
0.10656545786816096
0.10680705338873347
0.10605352892290486
0.10605352892290486
0.10605352892290486
0.10605352892290486
0.10742203581581607
0.10706989007203013
0.1074637975816626
0.10694961553959473
0.10776241257060987
0.10887787807323532
0.10783548248228061
0.10841235566836722
0.10794391481102064
0.10678801410845874
0.10801896469420336
0.10801896469420336
0.1078853857337846
0.10708119517661686
0.10708119517661686
0.10708119517661686
0.10786120556360193
0.10786120556360193
0.10811494359672279
0.10811494359672279
0.1088379631900554
0.10710124374559789
0.10748283391279613
0.10766636400935187
0.10719805141940872
0.10814198592885829
0.10814198592885829
0.10833688759370172
0.10833688759370172
0.10798486430435576
0.10798486430435576
0.10798340023899272
0.10858110017504351
0.1089194774049244
0.1089194774049244
0.1089194774049244
0.10781283576353137
0.10781283576353137
0.10768226880271597
0.10718815340964452
0.10746870286068048
0.10746870286068048
0.10746870286068048
0.10706549564372364
0.10673291217396327
0.10708276761572684
0.10664439664233438
0.1081768196290178
0.1081768196290178
0.10913722582172261
0.10892553851609552
0.11016915560862223
0.11056214490452035
0.11056214490452035
0.11056214490452035
0.11048324948316976
0.10986968557972826
0.11000408937478978
0.11130168939180483
0.11067178583289976
0.10908960338928704
0.1092892685632103
0.10819584113479332
0.10813974516326018
0.10832856649522153
0.10807436893961203
0.10793251454390938
0.10793251454390938
0.10793251454390938
0.10679322715405279
0.10715592255472513
0.1068506513595494
0.10553064994709066
0.10601639418337926
0.10644370629564637
0.10696639659543082
0.10585133983990958
0.10688470484970662
0.10693274734758458
0.10575115811704242
0.10386992010050763
0.10493511669347233
0.10532347343889342
0.10638703946447844
0.10620993783726972
0.10620993783726972
0.10550198723581014
0.10482838535453597
0.1058219013671406
0.1059161392910937
0.10398487925680626
0.10398487925680626
0.10503569848277976
0.10604010061970226
0.10604010061970226
0.10523131562481985
0.10555754197335201
0.10555754197335201
0.10521047470502831
0.10597386853234314
0.10597386853234314
0.10647647269831902
0.10576264717676277
0.10531654023608421
0.10476421209598887
0.10551329956278134
0.10468123232702407
0.10468104338700632
0.10495850723547265
0.10591183811614502
0.10594703376822531
0.10595336840350754
0.10719694925879687
0.10719694925879687
0.10727792966013039
0.10751445991792168
0.10751445991792168
0.10751445991792168
0.10712352202596262
0.1073767483954188
0.10531098666659722
0.10559371027762701
0.10528883610688596
0.10543572705594473
0.10543572705594473
0.10618292637751382
0.10615895928164434
0.10534613580276132
0.10755095303071553
0.10762516255643831
0.10625761850505322
0.10673042531683434
0.10673042531683434
0.10539890900178688
0.10523466838658506
0.10447134423191906
0.10357986012783996
0.10474097967803488
0.10358639272031862
0.10378756053103823
0.10383470297924978
0.10576256727130709
0.10668346850914814
0.10668346850914814
0.10700655556108174
0.10613599622299784
0.10590058598565992
0.10671132089205548
0.10650043291191935
0.1072062174169382
0.1072062174169382
0.1072062174169382
0.10656446586519332
0.10616652294113352
0.1059819700127247
0.10580697079438217
0.10694312572190855
0.10667992054268416
0.10667992054268416
0.10670295753511587
0.106230598439292
0.1050186485244922
0.1050186485244922
0.10416136061010423
0.10390243352777413
0.10400859596384973
0.10400859596384973
0.1042017263293521
0.10325178800225833
0.10385168783786669
0.10271343143137251
0.10271343143137251
0.10271343143137251
0.10271343143137251
0.10197839985750592
0.10213833477860669
0.10214370114591192
0.10214370114591192
0.10169569666023627
0.10044257716665307
0.10082702536627648
0.10118955576938095
0.10026955303382257
0.10115283188808982
0.10117466199966209
0.10227831709427528
0.10134567594115888
0.10168222540000285
0.1030146719660461
0.1030146719660461
0.10273834803016736
0.10273834803016736
0.10359693968361937
0.10359693968361937
0.10303370334099114
0.10303370334099114
0.10287170369240892
0.10372148697906122
0.1039556037930957
0.10350035644923258
0.10360144224667917
0.10360144224667917
0.10360144224667917
0.10360144224667917
0.10360144224667917
0.10360144224667917
0.10360144224667917
0.10343361038692664
0.10343361038692664
0.10373604717893045
0.1038684419001918
0.10386018937734436
0.10345700371350343
0.10394101210063336
0.10373014507723985
0.10322693193592997
0.10300375535236655
0.10241844451991128
0.10235691002118037
0.10152076746265551
0.10108432121169375
0.10024809700041136
0.10026388613462517
0.09986120112258307
0.09999228642865904
0.10020677674174581
0.10040142982951857
0.1014622839538077
0.10182460652402932
0.10182460652402932
0.10166055179623053
0.10175779155921026
0.1008344054820072
0.10056348834733127
0.10140921017135224
0.10140921017135224
0.10149429827731793
0.10149429827731793
0.10334543926305273
0.10292000980984223
0.10444318847432857
0.10538299549394461
0.10448690763848255
0.10494339754646254
0.10487889520163289
0.10487889520163289
0.10452767059665988
0.10469774973443416
0.10471104273515333
0.10474308132990012
0.10547859214151774
0.10547859214151774
0.1066017622080361
0.10582309469142968
0.10701666303494341
0.10649489185629156
0.10673879201263572
0.1068424890127216
0.10668191380192184
0.10643588356417262
0.10643588356417262
0.10684526697081298
0.10684763883524233
0.1064966320775915
0.10673433185242753
0.10673433185242753
0.10597647881943571
0.10631396633060443
0.10631396633060443
0.10544290496243258
0.10699092995533203
0.10708625647078421
0.1053699708443688
0.10541815623025982
0.10541815623025982
0.10541815623025982
0.1055151192416353
0.10510772502295432
0.10556836390514647
0.1046871700196384
0.1056322172310913
0.10532117111743028
0.10474920820602868
0.10484347744346867
0.10533202971332753
0.10482994921034164
0.10436990931615647
0.10450227051141638
0.10299525499117942
0.10368241099174667
0.10428645324374486
0.10407804329658907
0.10407804329658907
0.10504424208446876
0.10543460350982493
0.10524250140150637
0.10615174342510002
0.10720371640630844
0.10636824920274522
0.10703932077702463
0.10835166102978494
0.1073536791214549
0.10784992084861807
0.10793556223238111
0.10777319141322703
0.10744401906722827
0.10744401906722827
0.10744401906722827
0.10689638572724944
0.10691319272729154
0.10691319272729154
0.10622494626096357
0.10655409088369087
0.10783837133193958
0.10783837133193958
0.10568276938577723
0.10568276938577723
0.10525872655461292
0.10523601497672554
0.10678405944450006
0.10678405944450006
0.10606410514710188
0.10589122246330822
0.10589122246330822
0.10520358050743366
0.10572066548411145
0.10568957733218844
0.10461005602754991
0.10487221101991662
0.10426886517328185
0.10536612076978934
0.10496593523471674
0.10473410022317518
0.1040304187732333
0.10425361740047986
0.10495837506609029
0.10432118522722991
0.10422278119415064
0.10539920622313986
0.1062043435027167
0.1062043435027167
0.1055198535949399
0.1055198535949399
0.10552967697478698
0.10507155916114046
0.10595121804913289
0.10621025381337865
0.10461480602698289
0.10487140425932429
0.10481339303441105
0.10325320607364544
0.10306543888904843
0.10313936146656799
0.103744260321884
0.10408049585969734
0.10545640463136631
0.10432548501517272
0.10400852226927294
0.10459114451926782
0.10512331013960907
0.10398885274992438
0.10398885274992438
0.10501008217708656
0.10502201769998089
0.10541822920603672
0.10624100546096127
0.10624100546096127
0.10621706340939728
0.10607062767163178
0.10607062767163178
0.10526963016719525
0.10454603431452174
0.10397558227202681
0.10403833863271603
0.10419863276632348
0.10419863276632348
0.10453412156867972
0.10453412156867972
0.10453412156867972
0.10453412156867972
0.10499425163918949
0.10512921875695574
0.10498512419776032
0.10589458856050418
0.10589458856050418
0.1054845974283851
0.10389785543968283
0.10389785543968283
0.10447600764076356
0.10439114025348975
0.10407719226189142
0.10373429729756899
0.10303997685587049
0.10303997685587049
0.10191399507980727
0.10221547027979916
0.10238585392585556
0.10338858011413966
0.10269321787481543
0.10256047922994485
0.10295488477726046
0.10319341700280059
0.10319341700280059
0.10409757631948202
0.10371957563735615
0.10286138239848619
0.10328065932679428
0.10207725307231301
0.10159397786227298
0.1014635479742097
0.10144095823183993
0.10144095823183993
0.10252393215473818
0.10189939309871862
0.10189939309871862
0.10202269926078338
0.10110433606387496
0.09987247774895353
0.09869354441322041
0.09956754993066176
0.10083786661123618
0.10102244725534143
0.1007849913073283
0.10069654821594576
0.10127160984665272
0.10135610487192416
0.10076022133827789
0.10040937488747616
0.10155418521993188
0.1021131782183039
0.10349848867534601
0.10277832619745088
0.10308979284906974
0.10361072426457432
0.10345132236304234
0.10311217898334023
0.1014634616300107
0.1014634616300107
0.1014634616300107
0.10136971277549056
0.10124101521842435
0.10037237082510256
0.10001791004921139
0.09821726566599272
0.09821726566599272
0.0982161208496992
0.09759344588792977
0.09875931950285805
0.09952136770249305
0.09917613779684044
0.09929722303754646
0.10027443955963063
0.1011558392691922
0.10102549683850763
0.100273292347896
0.09932231691446054
0.09926432646866046
0.09926432646866046
0.10021505893675715
0.10038735086548607
0.10084119199052144
0.10084119199052144
0.10076710227421143
0.10224226376922618
0.10304747602858894
0.10194538295667
0.10194538295667
0.10193012987082677
0.10193012987082677
0.10131011995811091
0.10172382193585554
0.10144782267242687
0.10212571911482997
0.1026881918210077
0.1038433349189215
0.10395389516896998
0.10395389516896998
0.10225814918334365
0.10163976715187227
0.10220066279453198
0.10220066279453198
0.10140661433996212
0.10169259902932297
0.10175777860040076
0.10227244591558528
0.10227244591558528
0.10247077479156055
0.10206381244877462
0.10206381244877462
0.10243002790723911
0.1014756740464608
0.10174377436963107
0.1017987555714243
0.1030079837630688
0.10246872822738443
0.10290055143941419
0.10320015177454855
0.10320015177454855
0.10266413990827253
0.1027133169793032
0.1042642619853809
0.10424872278320145
0.10536513715390643
0.10536513715390643
0.10590191391927954
0.10583784342694129
0.10583784342694129
0.10577073706445335
0.10371996601869936
0.10295989972493758
0.10295989972493758
0.10284934168951185
0.10350606907600006
0.10373231883229148
0.10372815909236194
0.10378865926759516
0.10378865926759516
0.10368941648639328
0.10357795820774109
0.104419404499922
0.104419404499922
0.10378532758343371
0.10378532758343371
0.10363874368106615
0.10368240182016926
0.10430282934566595
0.103854102709982
0.1037424991971296
0.10482219153457742
0.103999725992883
0.103999725992883
0.10531341902354419
0.10567923252171764
0.10610091104154556
0.10593140640331752
0.10627418280003935
0.10627418280003935
0.10506385464174936
0.10506385464174936
0.10475884180931014
0.10539998265197577
0.10560566613256647
0.10580782058969711
0.1052755778624577
0.10661808735656962
0.10661808735656962
0.10716897752860627
0.10721062340066495
0.10685678105193092
0.10676811846596311
0.10687146190668932
0.1067443546249196
0.10702820349523383
0.1069454530464355
0.1069454530464355
0.10678183780994961
0.10729516826471232
0.10729516826471232
0.10729516826471232
0.10754803710040794
0.10631578300152228
0.10517631270219607
0.10517631270219607
0.10572950200230335
0.10607604517483143
0.10580826120971432
0.10462999675098975
0.1045237984397817
0.10393708394288438
0.10404686827496452
0.10395155644386264
0.10373661720496878
0.10405139588326591
0.10481861998927956
0.10453268551738806
0.10449409711146507
0.10457606148217745
0.10562211279440753
0.10669196532353269
0.1050240281447746
0.1043919154752591
0.10486772611449736
0.10397884365199264
0.10397884365199264
0.10397884365199264
0.10397884365199264
0.10405271916391451
0.10429100906107701
0.10429100906107701
0.10429100906107701
0.10429100906107701
0.10476790015802888
0.10570108885692271
0.10528137358440967
0.10481590964270819
0.10530456934585271
0.10561265181321036
0.10650222861115806
0.10650222861115806
0.1072320061329652
0.10747568363659799
0.10747568363659799
0.10702302029009919
0.10646742729809348
0.10698986573744261
0.10823434809995397
0.10823434809995397
0.10734428393542696
0.10687548325307987
0.10687548325307987
0.10601880191637715
0.10709045135888978
0.10652561693978792
0.10598732113280679
0.10603067772679285
0.1054376180183088
0.10615407015156447
0.10680026826009335
0.10693684410219771
0.10692728069271715
0.10692583720152189
0.1062175394351354
0.10683078079596152
0.10670584896481106
0.10529487777744244
0.10573872352103536
0.10685655503386454
0.10685655503386454
0.10669367586917201
0.10702951032961885
0.10838097743483747
0.10806346160564291
0.10766157390212668
0.10766157390212668
0.10796239479263618
0.10716440977598704
0.10773882231250442
0.10815181316575342
0.10872656478972119
0.10914442231630497
0.1087751419818093
0.10885877575031351
0.10763269523123158
0.10763269523123158
0.10786522445501662
0.10786522445501662
0.10884866632057606
0.10884866632057606
0.10884866632057606
0.10874603626682276
0.10980108909347173
0.1105972131045352
0.11028882332202869
0.11026991142420853
0.11029257265699095
0.11050210422691728
0.10948488668486615
0.1093228289152111
0.10884816919744963
0.10884816919744963
0.10867910351669059
0.1092625306849556
0.10829620072560822
0.10760522674688681
0.10636029880385475
0.10620019883347624
0.10580664787353128
0.10580664787353128
0.10645027732910622
0.10625273717653322
0.10531565795496617
0.10501425409390427
0.10464656275198711
0.10464656275198711
0.1050610451304844
0.10531980468307274
0.10421158750502907
0.10469463178104035
0.10528075752568018
0.10528075752568018
0.10545191617254238
0.1067815577391994
0.1076700249652111
0.10789167373424673
0.10691821168616722
0.10691821168616722
0.10691821168616722
0.10644517749572707
0.1074366966031764
0.10815652357606748
0.10768875611458305
0.10768875611458305
0.10805633583693319
0.10805633583693319
0.10752786103402664
0.10752786103402664
0.10750923147168678
0.10779963321366971
0.1071936834014498
0.10721761956163847
0.10664273928962661
0.10616275745402154
0.10607719896371692
0.1047260177397512
0.10493141656039531
0.10486938198038266
0.10486938198038266
0.10560529299776503
0.10648544855012523
0.10648544855012523
0.10648544855012523
0.10623022505208103
0.10623022505208103
0.10623022505208103
0.10667842589730482
0.10628128801744889
0.10659485895696748
0.10659485895696748
0.10773660487730388
0.10717661097049325
0.10860966859248619
0.10860966859248619
0.10830153857221232
0.10862137127782939
0.1081839294103341
0.1084221518519386
0.10894149872835816
0.10902792032268882
0.1083755613779219
0.1083755613779219
0.10722047673147907
0.10734028638959496
0.10803652893462175
0.1083445869064834
0.10710322389852171
0.1064828303030612
0.1080242058581494
0.1080242058581494
0.104820813706524
0.10599437894339181
0.10544111747740777
0.10550286073288684
0.10572875852041272
0.10591822757412439
0.10514375274522139
0.10483422784278805
0.1051320070139323
0.10474367036143098
0.10449241694936906
0.10341715885166552
0.10483689835006967
0.10539014012641623
0.10539014012641623
0.10605684822216928
0.10744827786023303
0.10706078143887393
0.10599654852603949
0.10398415563246802
0.10446659107802787
0.1038600031614031
0.1038549711926068
0.10559327840184225
0.10627601810626645
0.10581651709570457
0.10690472548157323
0.10683590123086346
0.10623316898699021
0.10623316898699021
0.10623316898699021
0.10678359898067118
0.10678359898067118
0.10678359898067118
0.10524673888938257
0.10524673888938257
0.10524673888938257
0.10569019461759026
0.105940628335177
0.10564768117147709
0.10564768117147709
0.10564768117147709
0.10617591512860165
0.10617591512860165
0.10589407442077999
0.1044463910670682
0.10481347009797704
0.10516541727989377
0.10503424806029465
0.10406698775449505
0.10497802652545125
0.10555550179105716
0.1049133476660901
0.1049133476660901
0.1049133476660901
0.1052366763157652
0.1052366763157652
0.10673826172850481
0.10673826172850481
0.10827870123818004
0.10784488587949215
0.1084414770886868
0.10866044137659286
0.10905819193303137
0.10905819193303137
0.10933865761859951
0.10928152926505702
0.10930538866712579
0.11008570541205233
0.10975182373364287
0.10941788411931777
0.10941788411931777
0.10823092431487627
0.1082508862344182
0.10695778863122132
0.1072716331803128
0.10779152468301603
0.10800095499225851
0.10649802674947126
0.1070391674466435
0.1070391674466435
0.10632185921871924
0.10632185921871924
0.10623780454171007
0.10623780454171007
0.10586515759009671
0.10621343484044772
0.10621343484044772
0.10560889155481558
0.10549869139347182
0.10552919197095599
0.10570606317139254
0.10517787777246015
0.10510790283792398
0.10435619668064137
0.10254509643292849
0.10254509643292849
0.10370792066056159
0.10516789901436253
0.10510852762164727
0.10536050000268513
0.10536050000268513
0.10535199232327438
0.1055888961337428
0.10447393132106282
0.10496385357173044
0.10317128270073068
0.10317128270073068
0.10317128270073068
0.10317128270073068
0.10317128270073068
0.10328259652076324
0.10328259652076324
0.10321770577211349
0.10348192081382009
0.10453332329470594
0.1046794001357069
0.1046794001357069
0.10529568671987381
0.10486545621722258
0.10505357723571798
0.10490171602250267
0.1036396754606283
0.10380534960523624
0.10518313584025937
0.10512414305070873
0.10502764472956003
0.10560536469337602
0.10545865489867469
0.10480991260606606
0.10361835604182079
0.10306897790949705
0.10306111237855044
0.10306111237855044
0.10292525041047752
0.10272295197890237
0.10228638570632367
0.10362422407061035
0.104772314928045
0.10466161656827691
0.10581006626397503
0.10532262092521825
0.10530618986239831
0.10530618986239831
0.10590262366532388
0.10535174209832855
0.10487399020494756
0.10503775666017238
0.10528912246580636
0.10548831740364781
0.10600273952998315
0.10600273952998315
0.1061214343860719
0.1072711906092744
0.10682571483908018
0.10611640688074613
0.10611640688074613
0.10594155119834256
0.10594155119834256
0.10540188600837798
0.10558127562457484
0.10610581449150053
0.10610581449150053
0.106918032324998
0.10657461734911625
0.1068920599043421
0.10642294650803212
0.10641088811507911
0.10538857473160367
0.10478861752605441
0.10496545304257385
0.10425074000706971
