0.12562129975280006
0.12562129975280006
0.12562129975280006
0.12562129975280006
0.12562129975280006
0.12562129975280006
0.12562129975280006
0.12562129975280006
0.12562129975280006
0.12562129975280006
0.12562129975280006
0.12562129975280006
0.12562129975280006
0.12562129975280006
0.12562129975280006
0.12562129975280006
0.12562129975280006
0.12562129975280006
0.12562129975280006
0.12562129975280006
0.12562129975280006
0.12562129975280006
0.12562129975280006
0.12562129975280006
0.12562129975280006
0.12562129975280006
0.12562129975280006
0.12562129975280006
0.12562129975280006
0.12562129975280006
0.12562129975280006
0.12562129975280006
0.12562129975280006
0.12562129975280006
0.12562129975280006
0.12562129975280006
0.12562129975280006
0.12562129975280006
0.12562129975280006
0.12562129975280006
0.12562129975280006
0.12562129975280006
0.12562129975280006
0.12562129975280006
0.12562129975280006
0.12562129975280006
0.12562129975280006
0.12562129975280006
0.12562129975280006
0.12562129975280006
0.12562129975280006
0.12562129975280006
0.12562129975280006
0.12562129975280006
0.12562129975280006
0.12562129975280006
0.12562129975280006
0.12562129975280006
0.12562129975280006
0.12562129975280006
0.12562129975280006
0.12562129975280006
0.12562129975280006
0.12562129975280006
0.12562129975280006
0.12562129975280006
0.12562129975280006
0.12562129975280006
0.12562129975280006
0.12562129975280006
0.12562129975280006
0.12562129975280006
0.12562129975280006
0.12562129975280006
0.12562129975280006
0.12562129975280006
0.12562129975280006
0.12562129975280006
0.12562129975280006
0.12562129975280006
0.12562129975280006
0.12562129975280006
0.12562129975280006
0.12562129975280006
0.12562129975280006
0.12562129975280006
0.12562129975280006
0.12562129975280006
0.12562129975280006
0.12562129975280006
0.12562129975280006
0.12562129975280006
0.12562129975280006
0.12562129975280006
0.12562129975280006
0.12562129975280006
0.12562129975280006
0.12562129975280006
0.12562129975280006
0.12562129975280006
0.12546013609988452
0.12549324607281703
0.12546854965295756
0.12582291883348917
0.12582291883348917
0.12582291883348917
0.12435199452191494
0.12396363459363112
0.12362703039219637
0.12162828931834439
0.12108859225611575
0.12083901863346348
0.12088454138473001
0.12133035105433808
0.12108389225970952
0.12108389225970952
0.12067926328049981
0.1195932927146499
0.12045104108889575
0.1193247222941486
0.1184775870693527
0.11844018910857587
0.11902011222560618
0.11899591365558451
0.11982712958113781
0.11982712958113781
0.11956387199737217
0.11956387199737217
0.11999621206424957
0.11784928079843292
0.11713114713140318
0.11725231137498354
0.11711795194822108
0.11747067675005557
0.11554974639112932
0.11600265364713525
0.11583416577949597
0.11515462980794808
0.1152788392042178
0.11494401182387394
0.11395487393099688
0.11474496534173557
0.1149758664907198
0.11488984663389203
0.1146978211718268
0.1146978211718268
0.1146978211718268
0.1147423831750427
0.1147423831750427
0.1147423831750427
0.11487123314800729
0.11336961425617564
0.11502307726786924
0.11447155143881169
0.11474064259360561
0.11488111773819325
0.11511116428515775
0.11483248419256499
0.11556587513100715
0.11477506250564995
0.11400973818025008
0.11400973818025008
0.11409184152554107
0.11341350890760127
0.11341350890760127
0.1128738897453615
0.11301873968389566
0.11271547754673761
0.11271547754673761
0.11201330990681174
0.11246373388006115
0.11199722077826053
0.11199722077826053
0.11199722077826053
0.1116720186645773
0.11227403140120976
0.11227403140120976
0.11162366830551022
0.11162366830551022
0.11162366830551022
0.11084889638540142
0.11227474981498156
0.11189904011481458
0.11211762781165098
0.11385615874739576
0.11437886836799291
0.11432901919211876
0.11432901919211876
0.11445525122585147
0.11517081831501397
0.11366477639472511
0.11224212101190903
0.1126604775955264
0.1127978231297419
0.11282638756863857
0.11247910313064652
0.1111862411884794
0.11276289126172381
0.11259559254933048
0.11244655822471238
0.11244655822471238
0.11346066312537606
0.11311349899782971
0.1136569692466819
0.11316673594803402
0.11403844477155009
0.11403844477155009
0.11322156295707672
0.11293115206533559
0.11419841198422764
0.11429369000451031
0.11457950787246006
0.11457950787246006
0.11464423425953411
0.11428702586246585
0.1148739524755703
0.11502876362923524
0.11536669047451205
0.11532507262562938
0.11539745339044465
0.11539745339044465
0.11649947756022613
0.11560517763989733
0.11560517763989733
0.11603946977974607
0.11603946977974607
0.11562264993332041
0.1157051127890208
0.1157051127890208
0.1156252522356323
0.11497313001594603
0.11497313001594603
0.11485171060898655
0.11485171060898655
0.11410004819425737
0.11374638618329848
0.11374638618329848
0.11374638618329848
0.11410502879547113
0.11341977469457497
0.11235383066663306
0.11235383066663306
0.11233288497479302
0.1116410016266912
0.11262375691211973
0.11322722246637411
0.11322722246637411
0.11222390581080337
0.11222390581080337
0.11222390581080337
0.11194051534869462
0.1123336459080495
0.1123336459080495
0.1122207255299928
0.1122207255299928
0.11118575242697266
0.110964158605397
0.11025745905428828
0.11056298201573826
0.11056298201573826
0.11148857847183753
0.11148857847183753
0.11191766078077464
0.11191766078077464
0.11149787365857537
0.11035166547429089
0.10997576749457307
0.10997576749457307
0.10888228661936274
0.10888228661936274
0.1092957735670648
0.10840370330170017
0.1096941540234414
0.10949878121245996
0.10824276022546057
0.10824276022546057
0.10909575817690484
0.10796978602815241
0.10874247533211547
0.10752990803266063
0.10695414676263132
0.10695414676263132
0.10695414676263132
0.10707389838572211
0.10707389838572211
0.10883531011611171
0.10905320127677022
0.10930847723201541
0.10930847723201541
0.10930847723201541
0.10932072535585315
0.10980181465597617
0.10971093530132255
0.10971093530132255
0.10963067723385354
0.10888573415729738
0.10888573415729738
0.10975501963741272
0.11117703098763859
0.11117703098763859
0.11117703098763859
0.1105956095556349
0.11078142622670074
0.10983221706584724
0.11009026004513009
0.10971862300825415
0.10959040167825065
0.11006057586744218
0.11004545580482238
0.11013328270414284
0.10926949114078811
0.10974265592079643
0.10974265592079643
0.10974265592079643
0.10974265592079643
0.10993512447093642
0.10987828031424875
0.11035836830666251
0.11003532713621492
0.11033688469738442
0.11033688469738442
0.10822097239830883
0.10822097239830883
0.1088391195402237
0.1088391195402237
0.10884825144768531
0.1081500607275673
0.10870877376524296
0.10898857949911561
0.10770243108369275
0.10770243108369275
0.10693768373762763
0.10735524681471541
0.10753721789440007
0.10753721789440007
0.10825140235066887
0.10842073869275154
0.10842727291154082
0.1077257233449771
0.1075939235842356
0.10746397011247005
0.10705689509450243
0.10722615681722393
0.10722615681722393
0.10801919932308485
0.10951549589469341
0.10957722101173067
0.11012245147159476
0.10960650816983541
0.10960650816983541
0.10873688205836829
0.10883041539075862
0.1087192923882115
0.10936857817215961
0.10818238434141653
0.10818238434141653
0.10768915184133489
0.10822326477334843
0.10794800824030441
0.10789885298452989
0.10767265472849209
0.10767265472849209
0.10846285919562555
0.10797498071950863
0.10711801519231236
0.10740278489786782
0.1073247065486125
0.10756232387696686
0.10792292574134991
0.1086614219583354
0.1082304919371979
0.10923057151663881
0.1098803373791429
0.1098803373791429
0.1098803373791429
0.10967749261691037
0.10941932543348556
0.10941932543348556
0.10826495992135107
0.10814083930463733
0.10800805289269175
0.10800805289269175
0.10800805289269175
0.10800805289269175
0.10863632867900985
0.10863632867900985
0.10756890835810876
0.10654420385134938
0.10598914005186358
0.10590098107890417
0.10733950892778912
0.10820905088833586
0.10809783304740793
0.10756911671525118
0.10807067941085197
0.10834733915799483
0.10977307243513203
0.10945798736217385
0.11012278908934885
0.11012278908934885
0.11045807984798761
0.11118612540392551
0.11020568203827925
0.11046135434902989
0.11046135434902989
0.10951294345053157
0.10970689082422772
0.11022766641193928
0.10896240093819387
0.10741221645159804
0.10733032474319107
0.10721927874350173
0.10673278138029081
0.1075833154210487
0.10720951883214569
0.10674859846648897
0.10696825153956491
0.10696825153956491
0.10678238413856252
0.10691859959002711
0.10734178965627583
0.10670595004684866
0.10652547190493077
0.10652547190493077
0.10676093686930281
0.10727913066842927
0.10727913066842927
0.1068233413003033
0.10626448985586058
0.10588690633655577
0.10522192805102477
0.10522057181962984
0.1042702199604187
0.10463302735031466
0.1048046598027265
0.1048046598027265
0.10462269800049037
0.10541833359115887
0.10657437603297995
0.10667849593888588
0.10671170613428343
0.10688897768229054
0.1068848894520667
0.10799754833303252
0.10801367018252002
0.10801367018252002
0.10797448976749864
0.10747807500423827
0.10768363056534733
0.10761570512359235
0.10761570512359235
0.10761570512359235
0.10751593809924513
0.10797301893080184
0.10813661197167092
0.10680603549470392
0.10763618535108291
0.1082579792327332
0.1082579792327332
0.10883256189330509
0.10894359219102069
0.10802480332732178
0.1082088116033523
0.1082088116033523
0.10805880352196856
0.10662723273585607
0.1077584267949409
0.10781505525730421
0.10737251295703329
0.10504285619652932
0.10572428004755585
0.10690459515430062
0.10690459515430062
0.10665166744362316
0.1068254271365298
0.1068254271365298
0.10550345796600404
0.10673190330521339
0.10673190330521339
0.10673190330521339
0.1067465677255653
0.1060178564263509
0.10620116506977775
0.10678124791842922
0.10618688545239799
0.10536820606560539
0.10574342587786591
0.10574342587786591
0.10541238029716135
0.1063139766433249
0.10642049003589345
0.10770545856886185
0.1068034687740199
0.10632010275132592
0.1058031934493815
0.10518296154143748
0.10618308195504879
0.10559320145936535
0.10537901515336044
0.10673949623428414
0.10709062736766468
0.10746849109267746
0.10739655969975795
0.10761123432596582
0.10711983707041685
0.107254818112311
0.10716739269200634
0.10716739269200634
0.1075626742743588
0.10750731045377164
0.10750731045377164
0.10750731045377164
0.10808412016807996
0.10808412016807996
0.10748671582826018
0.1073817713579491
0.10699515119876171
0.10778060123529602
0.10852521002293636
0.1091153728996414
0.10866518402899324
0.10916992875866705
0.11093807815343697
0.11093807815343697
0.11093807815343697
0.11093807815343697
0.11093807815343697
0.11093807815343697
0.11093807815343697
0.11035221311012225
0.11035221311012225
0.10989068387861604
0.11000335228847957
0.10896785586981732
0.10891592890089709
0.10891592890089709
0.10871739290810131
0.10918797369405636
0.10918797369405636
0.10963731271969063
0.10906644440137757
0.10950485361176931
0.11040090995447663
0.11001393610159742
0.11001393610159742
0.11096279270564641
0.11096279270564641
0.11096279270564641
0.11024270641919645
0.11082421449373232
0.11011716847131177
0.11023592230686913
0.10873054708709694
0.1079319095187055
0.10756226159874076
0.10756226159874076
0.10758901561818884
0.10740026081766257
0.10893155422971129
0.10924787002487715
0.10924787002487715
0.10678146447352148
0.10498295095794365
0.10510693191113121
0.10478509642081699
0.10476281413077292
0.10476965683749187
0.10546646702815038
0.10502538760610432
0.10512672531591996
0.10563723659714305
0.10573635207618086
0.10689534833379319
0.10689534833379319
0.10667273317988282
0.10632804405323305
0.10748168104350761
0.10748168104350761
0.1068897101487057
0.10646078435851102
0.10683986063690423
0.10730910910907758
0.10697021566949995
0.10748602926971196
0.10726468836780702
0.10770455673134163
0.10700531352534444
0.10645095025732358
0.10788535828187427
0.1089833596167003
0.10886896734399647
0.10851321426268933
0.10884689544844023
0.10855737605476334
0.10989597594035831
0.10932939475368529
0.10932939475368529
0.10840916981687433
0.10840916981687433
0.10771938306635044
0.10823544814628965
0.10815269046775046
0.10817209775785061
0.10723646289583447
0.10730645275105861
0.10709114206451881
0.10709114206451881
0.10654122290103266
0.10654122290103266
0.10646074833089465
0.10646696959363712
0.1064553226269284
0.1064553226269284
0.1062841127538069
0.10663634337005688
0.10765927226957318
0.10832332575739403
0.10889724830164622
0.10778813441625282
0.10778813441625282
0.10778813441625282
0.1078007210062926
0.10689987231154256
0.10658561075824355
0.10651994035760574
0.10405283593775903
0.10532605373121538
0.1047406690149109
0.10495901096480567
0.10492941382390462
0.10492941382390462
0.10494307223101731
0.10471344387266261
0.10351266376436201
0.10369705492922753
0.10369705492922753
0.10369705492922753
0.10369705492922753
0.10361146096997098
0.10515301625102531
0.1053598181063172
0.1053598181063172
0.1053598181063172
0.1053598181063172
0.10535533334715981
0.10560085220155203
0.10522489917936448
0.10365786289267158
0.10381307874168365
0.103532780321786
0.10265197604326269
0.10491344392885381
0.10405514285743947
0.10461325074996135
0.1048875477111788
0.10497084368743467
0.10497084368743467
0.10552347949790705
0.10465785818577661
0.10465785818577661
0.10465785818577661
0.10356055117431814
0.1038188567356813
0.10423546314227149
0.10511584767550239
0.10451138391036213
0.10538934676665374
0.10550733505776104
0.10602524722240499
0.10560395425029728
0.10532713581390793
0.10492701358318325
0.10390434002212098
0.10427892476653822
0.10465635424640812
0.1057629532699623
0.1059690240034542
0.10635564385040017
0.10589021575462902
0.1077023090606929
0.1077023090606929
0.10813357855898906
0.10808639870114282
0.107123076122773
0.107123076122773
0.10769262488802295
0.10769262488802295
0.10643585218575771
0.10643585218575771
0.10643585218575771
0.10635737089157142
0.10644776290180182
0.10622765421666075
0.10665146375434983
0.10722238661007401
0.10789354578468613
0.10767367304492446
0.1075569866970275
0.1075569866970275
0.10671534384766933
0.10666949558212314
0.10557187167570835
0.10613955023300417
0.10613955023300417
0.10579572424566501
0.10665425718149603
0.10528304683766534
0.10477663361969797
0.10476956598054075
0.10517380501365588
0.10405667050950393
0.10430821730231392
0.10430821730231392
0.10430821730231392
0.10380282451380633
0.1034818084350177
0.10339368998063528
0.10365289729191568
0.10462462501453454
0.10543335282074805
0.103702708880543
0.10406416014033709
0.10533957647804772
0.10501527247964142
0.1045322855510489
0.10450227336655905
0.10450227336655905
0.1045226418393107
0.10346648273749147
0.10355236681339047
0.10355236681339047
0.10291111919427655
0.1022362249645953
0.10220650253630466
0.10202975549710422
0.10202975549710422
0.10131302443558367
0.10131302443558367
0.10131302443558367
0.10133086850624096
0.10176468303852923
0.10247304723398679
0.10243302288525465
0.10291118573933537
0.10393284667272926
0.103707886352241
0.103707886352241
0.1037143080109271
0.1037143080109271
0.10497572228737617
0.10483666796341597
0.10392561600265172
0.10447797240616642
0.10469081014508325
0.1040810531707411
0.10435566473159363
0.10431288321151436
0.10508700864829157
0.10499155173452257
0.10499155173452257
0.10472228605105785
0.10459088454375036
0.10369951738548291
0.10370370821447947
0.10370370821447947
0.10243587028067017
0.10257302061112045
0.10207558841567682
0.10207558841567682
0.10207558841567682
0.10207558841567682
0.10321382150521975
0.10253481664032031
0.10351881577728295
0.10340895544209709
0.10310485248688267
0.10310485248688267
0.1036681323496576
0.104742618662459
0.104742618662459
0.10635474290708694
0.10607995470254768
0.1061455991750044
0.10501674882191979
0.10501674882191979
0.1034997066097393
0.10341087873895555
0.10341087873895555
0.10538770124291821
0.10538770124291821
0.10681234646613488
0.10754971484802525
0.10697476383287662
0.10762097131942591
0.10602115934830543
0.10602115934830543
0.10565892652209981
0.10728331640077357
0.10678599504176879
0.10716422481327247
0.10657179207911545
0.10657179207911545
0.10636085601512109
0.10636085601512109
0.10636085601512109
0.10494378399060031
0.10494378399060031
0.10578671451922714
0.10555636863200038
0.10604973479168858
0.10557931363554145
0.10557931363554145
0.10615919825713006
0.106006518884316
0.10686280163080747
0.10710971586802566
0.10690523483901765
0.10688201352180232
0.10716277581613183
0.10799278520738925
0.10882753053509808
0.10709613732893207
0.10773977523105743
0.10741128087810133
0.10829490842228957
0.10680413950499248
0.10680413950499248
0.10679487109242519
0.10686526543551435
0.10665289448724473
0.10665289448724473
0.10607127018955531
0.10607127018955531
0.10603547960490843
0.10585741585689482
0.10508481678932838
0.10508481678932838
0.10544002817465875
0.10544002817465875
0.10551380992591905
0.10685338710262243
0.10774147701009557
0.10833290983693195
0.1082187509957171
0.10735606718927684
0.10744091246009975
0.10738913239017926
0.10807877379703291
0.10807877379703291
0.10799066532707859
0.10673582529298922
0.10582948578146184
0.1058997305803461
0.10530746451997834
0.10464880633304033
0.1052550763613911
0.10451881456746455
0.1043864509536975
0.10527760131936183
0.10513386480471605
0.1046228484665418
0.1046613800635491
0.10535901356046709
0.10535901356046709
0.10428781309196636
0.10428781309196636
0.1053499436803338
0.10470546915035452
0.1054569445966405
0.1049233886389292
0.10618486152858551
0.10566421459184316
0.10503839462298499
0.10503839462298499
0.10722836375145534
0.10676634861955397
0.10703587189178632
0.10703587189178632
0.10721596737097167
0.10626174105052952
0.10626174105052952
0.10671920560795665
0.10734404266658523
0.10717812971450032
0.10661972847005773
0.10661972847005773
0.10694178044978801
0.10694178044978801
0.10685749299037822
0.10656770765263505
0.10628115672337146
0.10634857595557419
0.10498813569114425
0.10521441955512192
0.10494313819240209
0.10509056419424902
0.1053083920469342
0.10505556273130565
0.10665031161749089
0.10686920941289993
0.10707029443200516
0.1072566053869463
0.10787262013717096
0.10650021222321693
0.1060276248831996
0.10527700784541223
0.10506310677878591
0.10509339002356369
0.10509339002356369
0.10445834664827582
0.10596152768933816
0.10544345064862884
0.10503451239824782
0.10553806850008876
0.10507890036622641
0.10410443682646003
0.10410443682646003
0.10469319789342055
0.10458473056268115
0.10458473056268115
0.10588054194830429
0.105520464571109
0.10668616135152839
0.10668616135152839
0.10676208881518662
0.10641443783240681
0.10641443783240681
0.10611368212205542
0.10652142122254696
0.10652142122254696
0.10769571918771341
0.10827060695133389
0.10747426644329588
0.10706009830505146
0.10706009830505146
0.10706009830505146
0.10706009830505146
0.10750549048496903
0.10773892597458179
0.1076926252012093
0.10755237846518877
0.10863766423801867
0.10881041021110875
0.10775870232596849
0.10732463146566164
0.10526960430596152
0.10395211701807959
0.10320068821767323
0.10320068821767323
0.10495729848707408
0.1048484644436974
0.1048484644436974
0.1046617414017277
0.10544001749060045
0.10534573578144457
0.1056893592083592
0.10689310682990812
0.10689310682990812
0.10594270082931398
0.10750203841261127
0.10750203841261127
0.10790874307971414
0.10790874307971414
0.10853755835484001
0.10844198109441944
0.10844198109441944
0.10942495181120611
0.11081759310414875
0.11077926843067624
0.11070364388171693
0.11087032520370033
0.11078662742321613
0.10987026315519616
0.10948105437757373
0.11022908354961368
0.1109979481808776
0.11201619231355833
0.1118120770989812
0.11188226709001949
0.11188226709001949
0.1117787993572795
0.11216910696989062
0.11183991278802173
0.11094628495352382
0.11094628495352382
0.11048744636749283
0.10965065247837026
0.11048851761045185
0.1109712926919131
0.11082966508136342
0.11082966508136342
0.11107534509469677
0.11121781036015777
0.11127355038578333
0.11127355038578333
0.1102449083070845
0.1102449083070845
0.10980630585229813
0.10974808677628119
0.10974808677628119
0.10967864619354883
0.1105809220066865
0.11023097941521576
0.11080626821885513
0.11112447174877485
0.11112447174877485
0.1100823683078832
0.10997292478693686
0.10997292478693686
0.10997292478693686
0.10925976564289933
0.10955960861147487
0.10970193580272089
0.10945715149837039
0.10930768104868226
0.11034137506949052
0.10968919326039732
0.10992769715539165
0.10949319770773937
0.10909110750717348
0.10997586476090848
0.11110411504040577
0.11070244345404985
0.1104784915499486
0.10867133093800786
0.1081557894123588
0.1081557894123588
0.1081557894123588
0.10826373388389518
0.10718228575474291
0.10674196427362774
0.10663151638449389
0.10635706194785467
0.10635706194785467
0.10661501391319632
0.10813842645542691
0.10877367807225315
0.10820891982451893
0.10778646340999884
0.10693979229455865
0.10612858673123202
0.10575503222574234
0.10487879484964283
0.10487879484964283
0.10560838220525577
0.10560838220525577
0.1058064104795969
0.10633619192985705
0.10627788177531142
0.10686737908237062
0.10795171462580341
0.1063687369066503
0.10576165495676065
0.10400845544156836
0.1041482164134064
0.10474999496282963
0.10466466291616876
0.1049278413218645
0.1057885969773439
0.10654273720610169
0.10660213418196436
0.10652868050045187
0.10752585797936316
0.10730463727292386
0.10665848773535565
0.10792102001235211
0.10845955832068525
0.1071444080441024
0.106855832723426
0.10633552186199523
0.10654352801501975
0.10659859455975162
0.1068430516270934
0.10711255690783512
0.1065563042189098
0.1065563042189098
0.1065563042189098
0.1058762262252509
0.10619675222900257
0.10589590774910447
0.10619453808901966
0.10599378904214238
0.10696807597495112
0.10688855487078217
0.10688855487078217
0.10710888886940505
0.10877854186785217
0.10861467977667472
0.10906345166429499
0.10906345166429499
0.10906345166429499
0.10891564265262459
0.10891564265262459
0.10938598873520398
0.10933376156168324
0.10933376156168324
0.10839220590589145
0.10839220590589145
0.10732667471166896
0.10810422706815831
0.10758442576228967
0.10802460689270606
0.10730166725818649
0.10730166725818649
0.10730166725818649
0.10730166725818649
0.10827660978988177
0.10790710494431595
0.10698401707813329
0.10698401707813329
0.1069895688541258
0.10556713798175713
0.10427195973190728
0.1042953837519311
0.10404551069978159
0.10482030283568584
0.1043363044957039
0.10434756257322624
0.1049871678280368
0.10549932063215596
0.10581944756835425
0.10581944756835425
0.1059329916498486
0.10581014441909452
0.10528266208427897
0.1043028532401606
0.1043028532401606
0.1043028532401606
0.10401088693611081
0.10461090394518718
0.10526679048873534
0.10511921193138592
0.1053359159601715
0.10495429568044036
0.10432458018697485
0.10404371288307096
0.10440370722973992
0.10434228496028056
0.104612399285526
0.10662635409411877
0.10690958202374708
0.10788685130833225
0.10765049589372716
0.10751774841990251
0.10771095629059615
0.10792736566675981
0.10784845878193093
0.10740180866610621
0.1075009859426961
0.10741943498093645
0.10728828025623315
0.10742122260998113
0.10852351786130843
0.10892391382935301
0.10916222297480271
0.10871373078058492
0.10783639564866604
0.10783639564866604
0.10688710172612603
0.10658926872070727
0.10658926872070727
0.10673372630741901
0.10718434387266587
0.10631994061597752
0.10809042045030239
0.10754537041982896
0.1077422994016681
0.10856644721825046
0.10824681133693027
0.1078787840949576
0.10811599923424745
0.10843652001188336
0.10826988449640448
0.1082643564213937
0.10928004719180537
0.10949305921001466
0.10967028571364587
0.10830857505909049
0.10905777435525843
0.10705440959017629
0.1069800983204112
0.10719612268854609
0.1068751395865907
0.10687584187023394
0.10739590395455666
0.10745913578928264
0.10754254257775453
0.10736438685321346
0.10821881756556412
0.1080329612202659
0.1077260213155283
0.10695836643903002
0.10637168309410812
0.10637168309410812
0.10477195852035748
0.1042845068575009
0.103828945701102
0.10482251226360893
0.10496192435537927
0.10546766507754518
0.10522871057111836
0.10522871057111836
0.10574646188310015
0.10595086998876237
0.1068695316932305
0.10612874550778754
0.10599234314511281
0.10670797530055065
0.10707439706152277
0.1065036216646072
0.10632817503679944
0.10632817503679944
0.10608287502885366
0.10628977996322958
0.10628977996322958
0.10660816075668987
0.10660816075668987
0.10734956697748663
0.10734956697748663
0.10762327875842463
0.10779574777922458
0.10750486276865451
0.10706633354760606
0.10622240627112971
0.10796154673364315
0.10903166088430565
0.10903166088430565
0.10890355605105631
0.10959826648134781
0.10935818420063347
0.1101480728475571
0.1097961148810899
0.1102062404827847
0.1102062404827847
0.11000204806328563
0.10957412059626756
0.10899513144847697
0.10931815603223238
0.10899205259785875
0.10785561661193604
0.10899734855270171
0.10871598608534211
0.1089768475711928
0.10845375636978472
0.10845375636978472
0.1081348228086448
0.1078496636600261
0.10813607209252901
0.10813607209252901
0.10763770390051516
0.10877631291362103
0.10877631291362103
0.10877631291362103
0.10942383850811155
0.10942383850811155
0.10942383850811155
0.10929061891530724
0.10894689912012553
0.10894689912012553
0.10894689912012553
0.10910266325047731
0.10992764708649842
0.10992764708649842
0.10932510577015186
0.11002988178515134
0.10947281466807128
0.11032762416009931
0.10964590555078674
0.10996169753190327
0.10996169753190327
0.10997733193609148
0.1097139023519256
0.11005934269107677
0.1099410035324522
0.1095304261755941
0.10925925943355813
0.10943223676366166
0.10825385271399222
0.10825385271399222
0.10825385271399222
0.10825385271399222
0.10886319416237428
0.10984100834973243
0.10979369701360293
0.11057611677358369
0.11138162083144047
0.11111115554890236
0.11078820002247151
0.11147409082071273
0.11147409082071273
0.11047802525838499
0.11047802525838499
0.11076031284916066
0.11037609510851187
0.1104499375396216
0.1104499375396216
0.1104499375396216
0.11036883677851966
0.1114552275340403
0.11150924535552485
0.11031463412633
0.11230490274251989
0.11284018578115912
0.11300495054040646
0.11315482013413541
0.11176915106357584
0.1121606888045227
0.1121606888045227
0.11253166689233207
0.11333165345871021
0.1134097474780134
0.11265419874358724
0.11286249563677893
0.11286249563677893
0.11327132201320866
0.11422109694061688
0.11591312341258388
0.11544519162743283
0.11544519162743283
0.11577275399144836
0.11527787688923148
0.11525492648240365
0.1153055567539221
0.11493987457859996
0.11432285344190603
0.11432285344190603
0.11548288799298226
0.11652258492173197
0.1163490849704916
0.11649024041325515
0.11649024041325515
0.11649024041325515
0.11677755449277034
0.11677755449277034
0.11699190753597649
0.11691017253474782
0.11691017253474782
0.1169210658020221
0.1166312933941812
0.11571605179776026
0.1157073594237373
0.11627238061606622
0.11624511337347392
0.11624511337347392
0.11527868471152282
0.11503692451519401
0.11503692451519401
0.11523279199438204
0.11523279199438204
0.11396922459180839
0.11426923419211038
0.11315894620838864
0.11307490163003947
0.11307490163003947
0.11307490163003947
0.11225308719950662
0.11192992471615457
0.11137703040238148
0.1119942948530516
0.11063772242979536
0.10976397822398215
0.10976397822398215
0.11090613074834639
0.1108479160855226
0.10967113146903784
0.11000043566413921
0.11173000381373048
0.11199856073487363
0.11199856073487363
0.11098743409239883
0.11008108611379264
0.11089444820032666
0.11036784905969647
0.11036784905969647
0.11181892160978131
0.11075989137050447
0.11059603090477224
0.11022607222178864
0.11041443037590608
0.11112951003680073
0.11000182198457634
0.10983911042208533
0.10971194355521392
0.10992817903228078
0.11044930151526192
0.11026723333543591
0.11001160957829971
0.11019950881031511
0.11133741728483273
0.11127205905204143
0.11032181881618315
0.10995781851738584
0.10953517253168095
0.10932946685187282
0.10932946685187282
0.10898602729845427
0.10824094365584087
0.10761523252780167
0.10781898377086882
0.10846730437944524
0.10832306888487156
0.10832306888487156
0.10832306888487156
0.10830525346391831
0.10871798237375217
0.10774085954347436
0.10678836089202232
0.1064859979917337
0.10632161833812455
0.10577815708428527
0.10577815708428527
0.1059652664053104
0.10654544618600882
0.10651492569559665
0.10651492569559665
0.10602346645559953
0.10759973783257086
0.10792773054550422
0.10792773054550422
0.10944793002982797
0.10954806041147704
0.10930119718819548
0.10910989616097282
0.1100537178066002
0.10922700924456373
0.10845853434336172
0.10802652667713931
0.10776369706650647
0.1084367896356278
0.10840834801516919
0.10795657843838381
0.10795657843838381
0.10804750898834954
0.10729173900624075
0.10603596075675899
0.10640349356943506
0.10623496423274584
0.10668664492106608
0.10629400431280758
0.10604871617875151
0.10604871617875151
0.10604871617875151
0.10692681572783971
0.10666181342647131
0.106535340985471
0.10717735814621139
0.10717735814621139
0.10649068334422303
0.10649068334422303
0.1060831129222403
0.10744958769469713
0.10791896779155316
0.10894773675615636
0.10845172553558777
0.11027458366944319
0.10958603773166746
0.11160946821193528
0.1131150248315838
0.11068581465340996
0.11019591021713979
0.11020635307454787
0.11205360247814161
0.11205360247814161
0.11205360247814161
0.11122143634772587
0.11049566743846749
0.1101474972240357
0.1103409672693009
0.1103409672693009
0.1103409672693009
0.11032668938676302
0.11131721185954735
0.11120501520721983
0.11097583999507636
0.11132931613409126
0.11174037749305901
0.11288082381341931
0.11236543233008596
0.11145491021871337
0.11132330813782522
0.1121936365951779
0.11279103934012345
0.11248247751841385
0.11161379249823362
0.11169075406626836
0.11103699807124763
0.11103699807124763
0.11136665891360877
0.11085675995958655
0.1109691283921821
0.11133272425632593
0.11133272425632593
0.11058549336590863
0.11136066147158648
0.11109823632317245
0.11066349821768061
0.11079483452660951
0.11113901834425902
0.11083099059998393
0.11046594736877152
0.11081430609927054
0.10984810236422736
0.10783641360272685
0.10783641360272685
0.10789535770569197
0.10875869200901585
0.10844661085272182
0.10848148795909923
0.10798450631070412
0.10875203919594727
0.10799450893848003
0.1075227546044619
0.1073342664116101
0.10593889354345513
0.1051205439121339
0.10392221662039473
0.10391064218430153
0.10391064218430153
0.10391064218430153
0.10391064218430153
0.10391064218430153
0.1040447120858253
0.1040447120858253
0.10324460186705296
0.10403399110250376
0.10427440858305258
0.10330547995092086
0.10370373370209249
0.10226145135808436
0.10226145135808436
0.10192085368710078
0.10087589793324572
0.1009238894769169
0.10017418015108363
0.10128016303526605
0.10207932107242612
0.10207932107242612
0.10272483297445999
0.10272483297445999
0.1023276345111484
0.10272083866646609
0.1034326035313185
0.10326866557833252
0.10291301103716882
0.10350070176312845
0.10312726609688924
0.102709492470129
0.10287269735450455
0.10309096545896461
0.10309096545896461
0.10154074686420489
0.1010989798986839
0.1010989798986839
0.10073817984718296
0.10127968850214329
0.10137654823909116
0.10137654823909116
0.10221376096717
0.10167684367670578
0.10167684367670578
0.10167684367670578
0.10160099272138524
0.10238289056283428
0.10225811350534827
0.10220022735686664
0.10200873000783611
0.10216574556891508
0.10383760053883076
0.10383760053883076
0.10426526387648406
0.10358483392058121
0.1034654059249058
0.1034654059249058
0.10184214067276838
0.10184214067276838
0.10184214067276838
0.10248726396292827
0.10349883663561829
0.105051141328659
0.10467086225903534
0.1046727861270968
0.10443656398494829
0.103784319773732
0.10321684647560793
0.10420992613760392
0.10416184499148617
0.10436592582225941
0.10436592582225941
0.10441636468605438
0.10441636468605438
0.10434173769491212
0.1045103036335822
0.10423196677765789
0.10463995937760376
0.10574060253574072
0.1060547754724546
0.10443135984383975
0.10443135984383975
0.10388249152913465
0.10443150740259421
0.10403511728347012
0.10403511728347012
0.10537778933635708
0.10555714483666961
0.10568144876173861
0.10568144876173861
0.10483671373724802
0.10610334448519458
0.10549883450759717
0.10544916493039527
0.10560663304981757
0.10473914303567446
0.1041394451163396
0.10402162524544048
0.10547431592817212
0.10535271230763385
0.10616972060960857
0.1055911309635574
0.10494663982529538
0.10534148389009447
0.10484714395169903
0.10464529073953412
0.10629941410723485
0.10634072597493344
0.10570754378091077
0.10581055625913591
0.10557474270687221
0.10562957797330791
0.10653948574397214
0.10577464071795152
0.10632287668243398
0.10632287668243398
0.10672310870700523
0.10641520134114958
0.10641520134114958
0.10649742122814108
0.10580866580972312
0.10602006175459183
0.10602006175459183
0.10625192919538559
0.10618119248338403
0.10618119248338403
0.10578376725929486
0.10578376725929486
0.10560367286367159
0.10560367286367159
0.10603055336569411
0.10569956954078667
0.1063523668168058
0.1068405261185464
0.10634769151946842
0.10634769151946842
0.10591928723595824
0.10564183917857684
0.10564183917857684
0.10451605669573584
0.10550189361274273
0.10573466582289465
0.10600670436510974
0.10558971102721279
0.10473243067605267
0.10474025116870975
0.10509241716622733
0.10519631649612717
0.10474054458942862
0.10445230767970877
0.10424375921992006
0.1041315476962091
0.1041315476962091
0.10333917561544347
0.1027994212777786
0.10212878381723775
0.1015540741123456
0.10153721241353339
0.10120524651948394
0.1027492354972682
0.10381045374212769
0.10446313716908981
0.10446313716908981
0.104626937363912
0.10477894530134743
0.10595790906416042
0.10563928621193316
0.10431590117368907
0.10326365808204124
0.10494075240315426
0.10696379141941419
0.10709597412481979
0.10709597412481979
0.10696176615460525
0.10583858618718837
0.10743393964960515
0.10631490111698529
0.1067917025271854
0.10616813406270285
0.10636418455214881
0.10585817875669956
0.10494742305742304
0.10372849536424099
0.10496902699480024
0.10521283459117788
0.10492918592706901
0.1050801155076787
0.10516032235907971
0.10399978858963255
0.10387034701055028
0.10414937664126184
0.10363184877855121
0.10363184877855121
0.1041213203082536
0.10527498482113568
0.10527498482113568
0.10527498482113568
0.10572382649243936
0.10572382649243936
0.10469815146302622
0.10469815146302622
0.10482366371596552
0.1049082281093501
0.10462720145729387
0.10468598492897048
0.10551229197798592
0.10552001234759478
0.10578647768052375
0.10642204427411706
0.10650743332496321
0.10497401853472267
0.10497401853472267
0.10499639153901805
0.10499639153901805
0.10448340445915247
0.1043331790934808
0.10428657392387918
0.10533992413984822
0.10533992413984822
0.1052870311976213
0.1052870311976213
0.10587742650306198
0.10522392898381284
0.10522392898381284
0.10558939488880723
0.10536735873829581
0.10747011672688579
0.10655986552363725
0.10585771684317666
0.10585771684317666
0.10628834503542325
0.10801391670820208
0.10872299641195647
0.10832932213827688
0.10803709705488403
0.10912678698000769
0.1095024665418756
0.10897229728259968
0.10930580392162281
0.10930580392162281
0.10930580392162281
0.10943721612253966
0.11064259783759778
0.11064259783759778
0.1105021824098036
0.11001096989435157
0.10939050653395518
0.11099790086378145
0.10966141573274425
0.10863746787642756
0.1087544776958716
0.1094112212995588
0.10967365371188273
0.1095384926791525
0.10740329549709976
0.10827071396341255
0.10899123395339444
0.10773478503727767
0.10773478503727767
0.10773478503727767
0.10789645546741443
0.10769174541145543
0.1083534112271537
0.10964997551961098
0.1088568457046324
0.10725752226998893
0.10800152283624706
0.10800152283624706
0.10808753449294362
0.10808753449294362
0.10883500847899927
0.1087869471937865
0.10754578164229067
0.10827359813257997
0.10823630359068075
0.1087302683295411
0.1087302683295411
0.1087302683295411
0.1088338422520076
0.1088338422520076
0.1088338422520076
0.10952993861016135
0.10952993861016135
0.10952993861016135
0.10931072519203827
0.10822876621581472
0.10814723300787112
0.10784522306561385
0.1068417525512888
0.1068417525512888
0.10727609863720539
0.10790917252955066
0.10771625665035373
0.10774331511359937
0.10774331511359937
0.10774331511359937
0.10846089032283834
0.10897481073893896
0.10897481073893896
0.10879294045679223
0.10774901263102189
0.10774901263102189
0.10774901263102189
0.10721098948565606
0.10817277673336581
0.10871913681987465
0.10945906465032418
0.10945906465032418
0.11004036261867699
0.11008251466536348
0.11008251466536348
0.11013659203476499
0.11077807731649185
0.10977905610266438
0.11053895966943077
0.10978080094595467
0.10895572384530486
0.10824519027655598
0.10824519027655598
0.10649956509662291
0.10649956509662291
0.10695107037451256
0.1064844885733994
0.1063983216337768
0.10722630586814941
0.10702890622612284
0.10702890622612284
0.10647945788258673
0.10693812219986111
0.10719758297583395
0.10741778547313058
0.10757128227475468
0.1083208591675371
0.10842877535247142
0.10878769961500372
0.10875881381710446
0.10899551324933397
0.10931880320567866
0.10944307537278765
0.10879250131724531
0.10839423970170937
0.10839423970170937
0.10903545964690685
0.10903545964690685
0.1085153419592705
0.1081537291586065
0.10861411076678397
0.10861411076678397
0.10797881859994671
0.10745525847888952
0.1092803506700582
0.11040742888814735
0.11040742888814735
0.11050659080787271
0.11117284846000296
0.11157134513283556
0.11157134513283556
0.11150547389342104
0.11185053131518265
0.11185053131518265
0.11185053131518265
0.1115678292519473
0.11227135766472668
0.1125083196065661
0.11227299215915774
0.11187422278597525
0.11127729035835184
0.11152398312617089
0.1123147390678921
0.11216116810356504
0.11251957372117107
0.11256887414992728
0.11212805817035164
0.11212805817035164
0.11171138006796633
0.11098108621837503
0.11068821652792585
0.11068821652792585
0.11087192432461455
0.10869842737717116
0.11007253496675941
0.11007253496675941
0.11039605763092032
0.11039605763092032
0.1110797847700626
0.11206539054203402
0.11206539054203402
0.11294636088804236
0.11123914100308394
0.11050340064823254
0.11064272049100897
0.11027673788623582
0.10980588605904071
0.10980588605904071
0.10980588605904071
0.10953140072284782
0.10962702666792595
0.10839348757029639
0.10753143052842007
0.10717669435226365
0.10719560878401192
0.10695953110444686
0.10694223723701311
0.10694223723701311
0.10772522676594765
0.10787326609925786
0.10763393493136646
0.108005707043353
0.108005707043353
0.10770865815313124
0.10886977630419187
0.10781913572075738
0.10870858787161629
0.10871911622888798
0.10761651367990756
0.10733482477045353
0.10745047366148801
0.10813914894079987
0.1083287808090001
0.10960906889994525
0.10962322344722082
0.11069101283123217
0.11046608588745595
0.11076656162315662
0.11084456633800278
0.11026182725948269
0.10980735154479108
0.10913182221233837
0.10905684183224629
0.10897664670105194
0.10897664670105194
0.10897664670105194
0.10884610957982552
0.10888142015943449
0.1096139388242366
0.1096139388242366
0.11037141446270891
0.11096285047717251
0.11091988343802864
0.11098523278106516
0.11173531542247207
0.11209470364362249
0.11174916284845406
0.11176213529309648
0.11176213529309648
0.11036459482704455
0.10990938742211817
0.10939221005384947
0.10928458757862967
0.10928458757862967
0.1092016958468857
0.1092016958468857
0.1102168048431422
0.1102168048431422
0.1093781809729115
0.10931017226777731
0.10931017226777731
0.10931017226777731
0.10931017226777731
0.10931017226777731
0.10998621867665648
0.10998621867665648
0.10989087651952845
0.10954085258341138
0.11065271484173511
0.11148911250995172
0.11064061327258569
0.1102028309643521
0.1102028309643521
0.1094764032109303
0.10937407196590561
0.10922724072746347
0.10999596038481194
0.10999596038481194
0.10999596038481194
0.10894022719258487
0.10916279057503775
0.10916279057503775
0.10970697971537673
0.10893333411520228
0.10893333411520228
0.10893333411520228
0.10883531883071146
0.10820107982334153
0.10795727604712449
0.10698523583928551
0.10736332036534112
0.10736332036534112
0.10763641125862361
0.10732091491661187
0.10732091491661187
0.1074372152643003
0.10664700244735546
0.10664700244735546
0.10740208811393613
0.10746773986819615
0.10741357515123061
0.10684584781967872
0.10684584781967872
0.10598472413761748
0.10722513068870325
0.10620375069384046
0.10661519758220146
0.10690985314040602
0.10690985314040602
0.10728393482804174
0.10674694569932867
0.10674694569932867
0.10674694569932867
0.10674694569932867
0.10729590918625746
0.10729590918625746
0.1077974240846211
0.1077974240846211
0.10721711477717426
0.10710823729407029
0.106724605241135
0.10677735242432827
0.10677735242432827
0.10658094070737105
0.10613990464970187
0.10613990464970187
0.10580018185693206
0.10664865540641216
0.10664865540641216
0.10664865540641216
0.10664865540641216
0.10664865540641216
0.10664865540641216
0.10664865540641216
0.10659520324275017
0.10659520324275017
0.10672985622968793
0.10729393393577845
0.10678854309866048
0.10633665358655763
0.10706354413791813
0.10810267516829722
0.10811022101918553
0.10787243991172242
0.1091462397211355
0.1096815048885405
0.10887151279467519
0.10858377577629513
0.10872833202559733
0.10801890795151231
0.10866568708143282
0.10765935377995828
0.10879326161709081
0.10820244479907294
0.1081343387815303
0.1081343387815303
0.1081343387815303
0.1081343387815303
0.1079775635267983
0.1060796112363811
0.1060796112363811
0.10677787914831938
0.10738511518008717
0.10715884249709358
0.107886712435075
0.107886712435075
0.107886712435075
0.10815484399262587
0.10662674440057826
0.1069988058899654
0.10666323367917212
0.1061629190216053
0.1070812691333247
0.1067192577501865
0.1067192577501865
0.108347044475345
0.10896579419835428
0.1083910964438186
0.10791281973514188
0.10832729481980262
0.10832729481980262
0.10926400294556765
0.10892094323704679
0.10893192826428931
0.10931637598775203
0.10957266857546624
0.10919870419317333
0.10919870419317333
0.10848651617993613
0.10775206162072296
0.10775206162072296
0.10775206162072296
0.10887617011068465
0.10935078804841077
0.10935078804841077
0.10964444376507008
0.11101727289594139
0.11127460675312366
0.11073604531355447
0.1099313617453629
0.10893247185208428
0.10824628380190089
0.11031612343072053
0.11031612343072053
0.1105427669955973
0.11114736641058753
0.11114736641058753
0.11065037718295924
0.11070972666265226
0.11082110500607756
0.11176716141560697
0.11289214756088063
0.11323902696811636
0.11376948122368333
0.11229122450955241
0.11229122450955241
0.11229122450955241
0.11259429237603581
0.11265555869585943
0.11344854686073107
0.11362334335461155
0.1117440008550306
0.1117440008550306
0.111939724311283
0.1131568693395142
0.11293361696201985
0.11334376224226073
0.11269979096334559
0.1119858286462472
0.11193827464154475
0.11274255990889537
0.112734172973518
0.11241375599043547
0.11241375599043547
0.11269642916534842
0.11197466074602413
0.11099322975265519
0.11106061945030814
0.11025363795760702
0.10922751936166013
0.10909773286757528
0.11075094160876554
0.11095031942215644
0.11114645702496502
0.11114645702496502
0.11097489331663928
0.11138669366752793
0.11250270025105913
0.11097324294331551
0.11115795133463079
0.11115795133463079
0.11154173579059327
0.11161605284911927
0.11192914934344014
0.11114655528118265
0.11114655528118265
0.11016630243367637
0.1092201063206886
0.10880267320188898
0.1079661754344739
0.10852936380847472
0.10816247442503256
0.1080617455618365
0.10858033585712168
0.10858033585712168
0.1086106701455778
0.1086106701455778
0.10756515903560276
0.10689206273390774
0.10689206273390774
0.1075078327766744
0.10889333829052278
0.10883352388247541
0.10883352388247541
0.1087032214778718
0.1087032214778718
0.10933332257990881
0.10884183378686124
0.10884183378686124
0.10884183378686124
0.10884183378686124
0.10927674354999883
0.10904669945090983
0.10907881148049893
0.1099757776048479
0.10917889321996825
0.10974993134874186
0.1084709630183373
0.1098494104734861
0.11029245349600607
0.11051092806927224
0.11051092806927224
0.10969822320940785
0.11032343770074035
0.10957029233487477
0.11005971403539114
0.11016779271955611
0.11049310567377459
0.1104429379468993
0.11036233613967199
0.11035672318472782
0.10988788944552336
0.10988788944552336
0.10948608090291433
0.10948608090291433
0.10964758336790854
0.11037356383529791
0.10954543221543935
0.10866644730949343
0.10866644730949343
0.10789846121492494
0.10826826926324079
0.10826826926324079
0.10826826926324079
0.10811659934751829
0.10818839939210718
0.10900003548509302
0.10765772534638743
0.10750622779070254
0.10729724663228776
0.10678811181414516
0.10703460566071175
0.10703460566071175
0.10712856385439005
0.10615169696551222
0.1063770033975089
0.1063770033975089
0.10630169920152716
0.10674209487451251
0.10674209487451251
0.10820716768567078
0.10818605308149176
0.10826071778417506
0.10793904483925522
0.10678327631585227
0.10678327631585227
0.10681984034266054
0.10681984034266054
0.10637077782298766
0.10654360800192524
0.10473659853705655
0.10531467338041428
0.10531467338041428
0.10531467338041428
0.10427815705859465
0.10427815705859465
0.10379996205985807
0.10421495143222209
0.10436044729229428
0.10436044729229428
0.10397911397918652
0.1043923721329988
0.1043923721329988
0.10515788431982696
0.10497785102396288
0.10497785102396288
0.1050182534861778
0.10603990766747347
0.10614752681050241
0.10614752681050241
0.1055717428932039
0.10592859988061631
0.10609305130170113
0.10621567419445455
0.10534527266173224
0.10534527266173224
0.10561775035471632
0.10523044826008834
0.10523044826008834
0.1066429683390173
0.10666647935127979
0.10673868067884426
0.10551008222379565
0.10644863346290596
0.10638322939058478
0.10489050932886461
0.10536216693557342
0.1045844898620125
0.10452596746119816
0.10360885106783983
0.10346239912971922
0.10410683821744111
0.10410683821744111
0.10440234849617351
0.10387545698418016
0.10411505162851047
0.10355270546842057
0.10451522555437266
0.10420291221929116
0.1048905651421562
0.10487483123096338
0.10487483123096338
0.1049911000028517
0.10456145426627805
0.10460659381713576
0.10486274073311504
0.10472887179148975
0.104614831816929
0.10482716047281188
0.10427836484327754
0.10404392988543984
0.10449952064902306
0.1058164832696185
0.10627631844141398
0.10677833331005289
0.10716190243789282
0.10627273837280816
0.10627273837280816
0.10678880955969551
0.10771456820571443
0.10704114703298681
0.10739045786776677
0.10714468987154178
0.10813913995344707
0.10813913995344707
0.10657029902695206
0.1062027592205792
0.10719323529850036
0.10638782234712132
0.10641098326079007
0.1067193910303163
0.10664200434392167
0.1060388408569758
0.10650480811906947
0.10639140674900842
0.10669853495177166
0.10718828329475846
0.10630579325116629
0.10678698346552506
0.10678698346552506
0.10641090095937195
0.10641090095937195
0.10628283564815966
0.10611305995120686
0.10611305995120686
0.10611305995120686
0.10690095933455607
0.10782313226210397
0.10754943535740041
0.10715096452184576
0.10682930940569157
0.10729465434794251
0.10667383236127091
0.10615473552642835
0.10675329934153452
0.10675329934153452
0.10675329934153452
0.10676413324675776
0.10676413324675776
0.10676413324675776
0.10789210849462882
0.10789210849462882
0.1083166967519881
0.1083166967519881
0.10896842528016637
0.10812933388048122
0.10882149644978574
0.10913757415128719
0.10933993143398395
0.1099906627043796
0.10950885704004693
0.10950885704004693
0.10919086392310706
0.10919086392310706
0.10907046185923777
0.10907046185923777
0.10804611106706344
0.1072344041291832
0.1077426383732422
0.10832779234950454
0.10812407603386222
0.1076528784181456
0.10694528316184679
0.10702260120419203
0.10876267124862839
0.10852010252662796
0.10856944261151509
0.10856944261151509
0.10877996245957486
0.10822899420037521
0.10932720604194412
0.1094362506176544
0.10945911746636355
0.10961076054881128
0.11034437805677295
0.11102630703990295
0.11001145682575962
0.11063842487249165
0.11063842487249165
0.10925165246304998
0.10925165246304998
0.11063197045655314
0.10951765679041604
0.10897462288417009
0.10833395379710622
0.10809575956568175
0.10809575956568175
0.10814044238165671
0.10888272487824756
0.10958598417816408
0.10958598417816408
0.10955077311888733
0.10920683162376475
0.10864337225736354
0.10864337225736354
0.10854950600247591
0.10854950600247591
0.10878476418015316
0.1092476610853239
0.10875209897600704
0.10893185660081361
0.10840317639251013
0.10905971459541947
0.10905971459541947
0.10899593232095377
0.10899593232095377
0.10862493084929589
0.10862493084929589
0.10815189840633427
0.10815189840633427
0.10818231560510905
0.10922489684634866
0.10892848878592694
0.1097803871757685
0.1097803871757685
0.10920781290296776
0.10949153311599709
0.10949153311599709
0.10869404177759952
0.10839940823894646
0.10824957186853951
0.10925825897979584
0.11046339349388268
0.11073395626011667
0.11165187900344933
0.11262649974046456
0.11167788606914371
0.11173960964642547
0.11080233324175137
0.11145354131387185
0.11171736681840164
0.11163699788744547
0.11165079339131
0.11193451782907535
0.11193451782907535
0.11193451782907535
0.11163211510265578
0.11126713410552494
0.11163063980653411
0.11195090710377109
0.11123266967828312
0.11213623043063917
0.11183270765063508
0.11127735588797187
0.11044478158986486
0.10954688333427721
0.10954688333427721
0.10954688333427721
0.10973199634231723
0.10973199634231723
0.10973199634231723
0.10899134366158823
0.11024429876822535
0.10995435206264384
0.10995435206264384
0.10917379822274094
0.1084955033015772
0.10789711898962463
0.10897798826226686
0.10884506424132522
0.10822247506503357
0.10822247506503357
0.10822247506503357
0.10702269600837934
0.10737419705025755
0.10739400565066143
0.10720935641113029
0.107146303893283
0.107146303893283
0.1070549087292447
0.10748892883572754
0.10756177229177738
0.10756177229177738
0.10865020849217652
0.10848607325566104
0.10814399216582656
0.10881076413100252
0.10947858710928739
0.10974241677746654
0.10915306906165717
0.10915306906165717
0.11026768479468319
0.11045960514668357
0.10953643470719246
0.10921683942288
0.10900422115631254
0.10946249204797526
0.10767026441513881
0.10784597909075863
0.10760584733584586
0.10668859399120761
0.10668859399120761
0.10741220953236105
0.10659860126941982
0.10659860126941982
0.10659860126941982
0.10650052934031476
0.10519129202006453
0.10573401638105229
0.1059972247965411
0.1059972247965411
0.10675413399249362
0.10748446935288035
0.10778138350641252
0.10838049374390447
0.10949027963290915
0.10949027963290915
0.10920499358841164
0.109249720881674
0.10986717246608135
0.11019208026646586
0.11068759086273569
0.11068759086273569
0.11084241466264347
0.11054773331721085
0.11054773331721085
0.11054773331721085
0.10968228374562657
0.10982592846564396
0.10966952577582481
0.1093252382702743
0.11035630072812158
0.11035630072812158
0.11016204261827854
0.11057792521505219
0.11094319812392847
0.11094319812392847
0.11131082026187375
0.11131082026187375
0.11140363242265668
0.10876738829293882
0.10983756127106004
0.10983756127106004
0.11054457612455544
0.11078671246911255
0.11078671246911255
0.11094130924868648
0.11062095720470952
0.11057786901587552
0.11015969760829859
0.11039438522339243
0.11005183340498426
0.11005167496074572
0.10976365476496347
0.11037753127002262
0.11138346828970448
0.1113908957345713
0.11086250758477838
0.11086250758477838
0.10920548914800472
0.10975933135967143
0.1094550597354332
0.10830707924643387
0.10801054667767479
0.10768413193775224
0.10764231638871696
0.10764231638871696
0.10764231638871696
0.10724860537562153
0.1071674517128918
0.1071674517128918
0.10824241933426007
0.10912321686922188
0.1102578702359938
0.11026859100533554
0.11026859100533554
0.11026859100533554
0.10985546222904723
0.11073309818729504
0.11073309818729504
0.10983788289670351
0.1101514981025715
0.11135888135443214
0.1113002486692423
0.10996280848486058
0.10852519215517985
0.10816446072730322
0.10764117031678692
0.10757252315652506
0.10680428849318778
0.10680428849318778
0.10609139992864901
0.10661797659666403
0.10674109611216757
0.10619797986471961
0.10639202511008243
0.10729268128854763
0.10653204596729914
0.10653204596729914
0.10634142526170438
0.10553737443441176
0.10511826409858761
0.10523876304938466
0.1058277042289411
0.10545882429000757
0.10557469098463236
0.105921550155712
0.105921550155712
0.105921550155712
0.10532008140728971
0.10509087899145288
0.10508200429224512
0.10508200429224512
0.10508200429224512
0.10662874054709956
0.10785136908925624
0.10673720649060096
0.10604898165621154
0.10604898165621154
0.1067283670326433
0.10745886798697367
0.10626709979134671
0.10604466839857733
0.10604466839857733
0.1058814860872196
0.10571813646658279
0.10675657014459687
0.1055759071458661
0.10517167570859315
0.10557541186494675
0.10516146642675124
0.10516146642675124
0.10617913708470186
0.1064848387239032
0.10630269497227694
0.10670950716184102
0.10702409818933513
0.10702409818933513
0.10702409818933513
0.10780993609624394
0.10780993609624394
0.10780993609624394
0.10740727864898561
0.10740727864898561
0.10740727864898561
0.10804187409379586
0.10749398973515542
0.10789311920894228
0.10814364954703774
0.10847257954322174
0.10829103505719316
0.10829103505719316
0.10917404928437646
0.10917404928437646
0.10828597785819613
0.10829572145597681
0.10831151793074044
0.10831151793074044
0.10842955006752845
0.10898385111040594
0.10905811383139849
0.10946640781495141
0.10908947933249967
0.10935025890199601
0.11043240138355645
0.11074052913864879
0.11103725903402926
0.11174596628879346
0.11095868260248754
0.10978647826845728
0.10911494060517345
0.10884697976245203
0.10768116617838028
0.10670620722452882
0.10671001100458186
0.10656696474253041
0.10657797101312261
0.10657797101312261
0.10718901256486205
0.10718901256486205
0.10695950817553464
0.10695950817553464
0.10753619607099697
0.10800976531837618
0.10859239029090807
0.10859239029090807
0.10870898165725737
0.10886057068483743
0.10886057068483743
0.10886057068483743
0.10966858521072406
0.10966858521072406
0.10966858521072406
0.11038156778732841
0.10938244206779463
0.1100243946156929
0.11045792528631332
0.11030193248007453
0.11076922248211502
0.11137058560893115
0.11147528625474576
0.11147528625474576
0.110612170025536
0.10971576307817148
0.1088336201105977
0.10799770635372327
0.10912248872410779
0.10942452574915083
0.10872369291366583
0.1090848539306904
0.10855326517642383
0.10837470818251452
0.10711428272325726
0.10711428272325726
0.10695075486332341
0.10740334366799896
0.10739775059908005
0.10715080448319461
0.10729623236047581
0.10672466424671263
0.106211239053587
0.1070356247804902
0.10707446087026443
0.10697077897699396
0.10697077897699396
0.10765361068734534
0.1076637178716304
0.1076637178716304
0.10724708439207749
0.10843989914359105
0.10815853207263464
0.10818711045910444
0.10740664475987896
0.10786009589416747
0.1082433902847595
0.1082433902847595
0.1082433902847595
0.10865660057293586
0.10740197210133093
0.10740197210133093
0.10779798517954528
0.10711449999605711
0.10696555417215496
0.10814964044398283
0.10927971405301576
0.10974299915942293
0.10817868402952666
0.10885920533928257
0.10965309758567106
0.10939795567278254
0.10998057215485929
0.10981762351520628
0.10962001830889814
0.10962001830889814
0.1104155678263613
0.1104155678263613
0.11047932479329567
0.1102456778908847
0.1102456778908847
0.11096898818393919
0.1098724883081234
0.1098724883081234
0.10974560352657316
0.11111885076817686
0.11158125995712367
0.11143757838342677
0.11035368181414561
0.10995431778188879
0.11053467901930164
0.11070002724090798
0.11070002724090798
0.11046384362416214
0.11023938825426295
0.10982911319419018
0.11107034014041617
0.11102868760582259
0.11094060191427202
0.11100511081083055
0.11100511081083055
0.11137030589146328
0.11040161543350549
0.11040291468720982
0.11040291468720982
0.11011848741916413
0.11059397683881508
0.11044603725806354
0.10949960994992398
0.10854895268759554
0.11030468491271311
0.10867263457197386
0.10867263457197386
0.10867263457197386
0.10867263457197386
0.10867263457197386
0.1082815202602147
0.1082815202602147
0.10762106129563227
0.10720607074948481
0.10690016026167828
0.1074444461982032
0.1074444461982032
0.10739523248842393
0.10676550225164662
0.10676550225164662
0.10734664631225625
0.10785440256427618
0.10846921766179447
0.10824409400296733
0.10853758822497982
0.10860573061386672
0.10860573061386672
0.10860573061386672
0.10860573061386672
0.10860573061386672
0.10777706899908174
0.10683091200854462
0.10683091200854462
0.10621067444748009
0.10728551491328846
0.10611107392480598
0.10573114608001156
0.10531566778118906
0.1062527868621045
0.1062527868621045
0.1060719840646695
0.1060719840646695
0.10709783593052108
0.10664913898966018
0.10630829728328296
0.10630829728328296
0.10630829728328296
0.10625727764288746
0.10608315063150488
0.10652720600192613
0.10749861594994117
0.10798877494712997
0.10798877494712997
0.107557270752103
0.107557270752103
0.10616578038898397
0.10525912006884927
0.10564451734122156
0.1055248502691991
0.10595495189691298
0.10614519111594138
0.10614519111594138
0.10614519111594138
0.10508634048515704
0.10492640540414563
0.10492640540414563
0.10491598636337711
0.10507978172736421
0.10547764410562535
0.10589150798475148
0.10589150798475148
0.10567465939058834
0.10466235880527262
0.1043832597036293
0.10465281632831194
0.10465281632831194
0.1046614468315419
0.10541261741395362
0.10631283112336049
0.10631283112336049
0.10631283112336049
0.10678684190685181
0.10566267785878024
0.10556712125440343
0.10437402281509517
0.10437402281509517
0.10425846936610593
0.10423006131089689
0.10330562078118415
0.10344253059161615
0.1040844545507105
0.10445446333559041
0.1035905404327205
0.10425194363771165
0.10565286065085555
0.1039338483783793
0.1039338483783793
0.10425874225413626
0.10443830678643155
0.10548066680971974
0.10558103647017883
0.10619978891758657
0.10711074153534467
0.10711074153534467
0.10780996734047794
0.10927813177173773
0.10942126783391783
0.10976769677131316
0.1095895256330198
0.10998086846111242
0.11071792227024314
0.10965751801981247
0.1105745070462589
0.1105745070462589
0.11071346273838521
0.11166141579761993
0.11187394886054662
0.11195101787032204
0.11253718849741658
0.11245331137968993
0.11174918389964504
0.11252038322624316
0.11252038322624316
0.11282380024523715
0.11282380024523715
0.11180015100305761
0.11180015100305761
0.11177479053398891
0.11227802280982717
0.11296608809630505
0.11242184647548041
0.11229260718283555
0.11186964819893551
0.1122716102220812
0.1122716102220812
0.11201030444311193
0.11230229233116859
0.11291702216218918
0.1124092579633029
0.1124092579633029
0.1124092579633029
0.1124092579633029
0.11280494974109236
0.11237418983589645
0.11237418983589645
0.11237418983589645
0.11223903408880738
0.11223903408880738
0.11160932376233774
0.1109971663460608
0.11163797189816095
0.11053860222530015
0.11102658636770371
0.11090441475868955
0.11132958246520332
0.11108305527152676
0.11121296609339237
0.11105534273934395
0.10985213029488472
0.11036374835255693
0.10957217285586533
0.10957217285586533
0.11066280920121808
0.11022877173803658
0.11153341313593398
0.11153341313593398
0.11174676979882803
0.1111912127896682
0.1120058661895024
0.11186439929635465
0.1108621425923312
0.11100030130219324
0.11100030130219324
0.11100030130219324
0.11036002303468512
0.11176450478273844
0.11191961521801952
0.11191961521801952
0.11191961521801952
0.11191961521801952
0.11180703280671461
0.11070952559963917
0.11020497118900537
0.11034971849709144
0.111313649509536
0.11152628177259323
0.11004310210124402
0.11004310210124402
0.110487310820918
0.11001255639404725
0.11022928262518414
0.11012322007556699
0.11086898365554712
0.11155022748780294
0.11142699112917315
0.11162176418011834
0.11100610108135804
0.11100610108135804
0.10928505130927599
0.10935105386221808
0.10935105386221808
0.10938885178162402
0.1098598298709917
0.10997807322029497
0.11078807353113244
0.11078807353113244
0.11078807353113244
0.11096538183613337
0.11022829594941708
0.10997258583036462
0.11114108331879508
0.11085465897879376
0.11084993329542792
0.10983154337926467
0.1094562435078317
0.10843121485519416
0.10892841250172598
0.10877360566074275
0.1090114676008422
0.10681293929655146
0.1068469307143105
0.10706768537221364
0.10706768537221364
0.10769716755735756
0.10822037395790138
0.10822037395790138
0.10822037395790138
0.10822037395790138
0.10871535395199686
0.10875260551912411
0.1082324153792839
0.10820691140419608
0.10735768128883252
0.10735768128883252
0.1072716828686172
0.10776458583254561
0.10827893194878632
0.1086779352988971
0.10774117077565314
0.10873451055726707
0.10899688167571658
0.10899688167571658
0.11025356532581532
0.11025356532581532
0.11025356532581532
0.11070108157187646
0.11100124119522756
0.11069824437130414
0.11022914363700524
0.11030579282650446
0.10981945337230538
0.10981945337230538
0.11051546089093009
0.11070081620439247
0.11052079114208556
0.10948876607942866
0.10932351955758879
0.10932351955758879
0.10877299194346685
0.10857000475809517
0.10864555180419648
0.10803013417856079
0.10789545716173501
0.10733352020083708
0.10733352020083708
0.10764636317602785
0.10796694976813939
0.10815350813082902
0.1084542898938604
0.10734630944194613
0.10762433567698715
0.10762433567698715
0.10737509091308128
0.10687886287394852
0.10757306705726938
0.10732764779787389
0.10631540420639166
0.10664523063984072
0.10648745115442453
0.10684699155399249
0.10634923726749484
0.10747554917801638
0.10747554917801638
0.10747554917801638
0.10793845799365573
0.10664360525410496
0.10762158689781556
0.10741044063265039
0.10735637207443903
0.10735637207443903
0.10817860905635976
0.10817860905635976
0.10817860905635976
0.10851690043352707
0.10894269242543715
0.10821394947220132
0.10821394947220132
0.10904686620293107
0.10937556910434221
0.10841733005771546
0.10916522026345042
0.10900185306450542
0.10943832048861911
0.10862232560919544
0.10839613637817097
0.10839613637817097
0.108374725358355
0.1090849936303641
0.10981380807393151
0.1096948130248079
0.10991327872496726
0.11008177260935541
0.11008177260935541
0.10895115118888056
0.10789979114819973
0.10945806835147967
0.10862873458991894
0.10731100353076135
0.10553421785455638
0.10553421785455638
0.10573719668575318
0.10587565477574634
0.10598614762774075
0.10627212466685411
0.10527304377642586
0.10518051608934846
0.10552126481311351
0.10615514518881207
0.10692067390481597
0.10668803046188362
0.10680394669004521
0.10680394669004521
0.10809065078332161
0.10778158886652105
0.1075457622391021
0.10736919188292439
0.10852599346288312
0.10741486888449146
0.10712425214711717
0.10725469314527436
0.10725469314527436
0.10769511108722163
0.10763470838372263
0.10910851574935454
0.10967293108352368
0.10983299487713656
0.10983299487713656
0.10974263250134256
0.10974263250134256
0.10974263250134256
0.10964223537637963
0.10969908410276415
0.10969908410276415
0.10945853339085738
0.10994158821178027
0.10994158821178027
0.10972943261522937
0.10972943261522937
0.10944395749859362
0.10913829214713608
0.10864372875951911
0.10949078723964249
0.10966498990126015
0.10953653080718702
0.10929381035945149
0.10932996222059323
0.10884886384878814
0.10793941768914907
0.10808557816331014
0.10745686439300887
0.10634326724650399
0.10670166253372189
0.10710868406536689
0.10774695008501516
0.10762856241680024
0.10762856241680024
0.10754012466741703
0.10705483170838577
0.10706058825751734
0.10718159347309518
0.10838734670523012
0.10804128960287096
0.1075515157104565
0.10765281223945307
0.10679776319821649
0.10680540194370731
0.1073170572692495
0.10857405487897387
0.1094733258157019
0.1094733258157019
0.10949464297022324
0.10795296757312949
0.1080693068465375
0.10796089756486638
0.1084743159475385
0.1084743159475385
0.10873088355925943
0.108126010513873
0.10880587587555796
0.10880587587555796
0.10944299718537756
0.1088813004205613
0.10902903265786575
0.10942277762818628
0.10892371647028153
0.10892371647028153
0.10834040173840234
0.10780225169835413
0.10841881438393242
0.10742347995919328
0.10837301054582113
0.1079538973809211
0.10887683755371386
0.10947299363959123
0.10947299363959123
0.1104676575064546
0.1104676575064546
0.10984857497686547
0.10984857497686547
0.10984857497686547
0.10928933213192765
0.10928933213192765
0.10953985436860043
0.10768871349051655
0.10768871349051655
0.10786077452205547
0.10786077452205547
0.10820846412112574
0.10779438925537765
0.10693088883378811
0.10753551525906112
0.10628583203733873
0.10756019538618038
0.10672916982184426
0.10508225289557815
0.10508225289557815
0.10397210119372792
0.10397210119372792
0.10497391018582086
0.10568490422976383
0.10504194750500798
0.10540471064463207
0.10540471064463207
0.10540471064463207
0.10505075120637586
0.10417217721755215
0.10396806236249995
0.10426908829287475
0.1029376648810414
0.10252547706634539
0.10247642968432177
0.10186245920207516
0.10186245920207516
0.10170451662841187
0.10170451662841187
0.10170451662841187
0.10214427501660112
0.10239757173482064
0.10239757173482064
0.10286362948016331
0.10301695080326399
0.10183491952881345
0.10249706857210648
0.1020893114207337
0.10230119013420877
0.10152855314539831
0.10249141303613114
0.10238191166154831
0.10224881929895005
0.10224881929895005
0.10224881929895005
0.10293697987746087
0.10333815708963127
0.1043616752856667
0.10489685848132017
0.10489685848132017
0.10489685848132017
0.1043395929290119
0.1043051028025984
0.10417702513985135
0.10274408670367692
0.10282738445437146
0.10288459285429809
0.10232504561643349
0.10205474732260006
0.10436191838022077
0.10436191838022077
0.10446402091202094
0.10446402091202094
0.1040913154538407
0.10310918567953913
0.10277098493170027
0.10303355893367029
0.10406865695537763
0.10381042493778427
0.10386761906578851
0.1028227775356603
0.1028227775356603
0.1028227775356603
0.10247532137899294
0.10321724658782719
0.10264918950355875
0.1035400031228511
0.10371690193913169
0.10543289735104683
0.10513803946502415
0.10537974406521569
0.10531127896498184
0.10527545500937938
0.10453963038303668
0.10477244746210515
0.1045386809170526
0.10453329044227705
0.10474898459206124
0.10407360097742537
0.10547020132327403
0.10547020132327403
0.10472366209328617
0.10491386718755316
0.10498590572508283
0.1043191843548858
0.10425534944263767
0.10400565320666083
0.1048782887937866
0.1048782887937866
0.10463373338860242
0.10494679139014952
0.10494679139014952
0.10474323679995128
0.10474323679995128
0.104997490150257
0.10461896807506307
0.10543266373873908
0.10401809394877626
0.10417001675414363
0.10412100328297941
0.10455702422102334
0.1054411995922897
0.1054411995922897
0.10549164473242575
0.10431639985291108
0.10343890380242156
0.1049456686120254
0.10369261667019794
0.1026737425303892
0.10106955696756635
0.10074870743657371
0.10117018517020954
0.10138507126798432
0.10088928219869749
0.10158586457459433
0.10158586457459433
0.10280064734769838
0.10375670984354292
0.10436243379740054
0.10354927891663336
0.10418827869203656
0.10417529876794897
0.10427810219191395
0.10427810219191395
0.10427810219191395
0.10443378852026285
0.10438017900494156
0.10438017900494156
0.1045148419067818
0.10353513932117048
0.10365698012949781
0.10371471737085763
0.10306747256266997
0.10298410627956232
0.10257052310185358
0.10267390517256055
0.10267390517256055
0.10267390517256055
0.10378499324275833
0.10377755464186647
0.1044633036283304
0.1044840077536765
0.10433699472259225
0.10489849496255124
0.10506429615835
0.105033662307729
0.10492560384567831
0.10492560384567831
0.1043219160114362
0.10395455786556887
0.10538785832930324
0.10517041628510994
0.1042580128082979
0.10372269505696807
0.10325858809172161
0.10353722636316699
0.10305417336286408
0.10357922254691729
0.10460046869572522
0.10389507069573847
0.10389507069573847
0.10401467828880373
0.10430937827764411
0.10431868761459669
0.10431868761459669
0.10377886072374554
0.10482047508410901
0.10501680597183835
0.10353064073055565
0.10470153873252146
0.10432750748919058
0.10432750748919058
0.10464253209110415
0.10468240094150032
0.10563284069591858
0.10500369521943975
0.10474911936565137
0.10564970211993924
0.10564970211993924
0.10405109069236472
0.10394272830534011
0.10477083456841364
0.10507125158957703
0.1051546023695896
0.10596378328275106
0.10628518565496269
0.10628518565496269
0.104965053364707
0.1050758951334514
0.106712989740964
0.10705000912921271
0.10705000912921271
0.1069537293214679
0.10676776992511276
0.10676776992511276
0.10676776992511276
0.10676776992511276
0.10669486287201717
0.10786943666370134
0.10787064030557429
0.10777963381905101
0.10777963381905101
0.10800944127730747
0.10771475932845301
0.10722759169997731
0.10660695627171471
0.10517920737095647
0.10430012904038811
0.10539053734014907
0.10499572165629986
0.10495396281034998
0.10429975785517491
0.10400140802912576
0.10295350225477744
0.10299014517364645
0.10204221102380115
0.10167707599664111
0.10185674164313266
0.10242685421337844
0.10327531928472483
0.10326783275725998
0.10530078682446106
0.10530078682446106
0.10380606862842326
0.10380606862842326
0.10306704773511463
0.10147906229579422
0.10083815753347775
0.10300188068173592
0.10300188068173592
0.10300216059845617
0.10291770333374356
0.10180330698218268
0.10203800664709492
0.10203800664709492
0.101992243872213
0.10185569748321889
0.10221343648156166
0.10215178700330638
0.10232534268925172
0.10162653951244494
0.10003658724358995
0.10046898012971331
0.10046898012971331
0.10092504442195782
0.10135753351817094
0.10112073344519135
0.10149270636584605
0.10155839957090583
0.1015676058661462
0.10116466778682946
0.10116466778682946
0.10077668512005865
0.10077668512005865
0.10069880222560254
0.10104010681052927
0.10080131910150598
0.10075989047088615
0.10075989047088615
0.10090385980900088
0.10180733785700323
0.10180733785700323
0.10271610357027883
0.10389265811548258
0.10352849369614878
0.10352849369614878
0.10359596002989682
0.10359596002989682
0.1042422190693068
0.10396488489179327
0.1042555040282665
0.10462507739164985
0.10555589575290436
0.10587581384640059
0.10587581384640059
0.10524685510383205
0.10617711897903605
0.10719619621305684
0.10715716532699776
0.10798322696152587
0.10667712743242576
0.10682836148059711
0.10671937744240635
0.10535622713657725
0.10670106721657686
0.10767559682245821
0.10767559682245821
0.10787778094513625
0.10763342626438302
0.10734461999799756
0.10691402841106874
0.10651128916176424
0.10651128916176424
0.10685792649378476
0.1068225969172152
0.10703009028191528
0.10703009028191528
0.10703009028191528
0.10667061053841191
0.10655926613910835
0.10578467679227435
0.10602221309293014
0.10471701133778477
0.1060970308543277
0.10616595830673173
0.10616595830673173
0.10601524760304129
0.10698074187300426
0.10699968217687718
0.10730715487206172
0.10802505421274726
0.10796121795552435
0.10823037629913845
0.10866180748181428
0.10801809084219648
0.10801809084219648
0.10801809084219648
0.10831819436809995
0.10831819436809995
0.10787291077388379
0.107029274119889
0.107029274119889
0.10807646418357104
0.10757876740336422
0.10757876740336422
0.10757876740336422
0.1082295919282918
0.10858215911423712
0.10786238885499298
0.10814489914596244
0.10835186004750343
0.10875624507685264
0.10875624507685264
0.1076125324587723
0.1076125324587723
0.10740472472449655
0.10778409898860312
0.10774176510900152
0.10774176510900152
0.10772332048541264
0.10772332048541264
0.10772332048541264
0.107096770393252
0.10675461176067064
0.10657456595602736
0.10657456595602736
0.10655640221528788
0.10613789208234789
0.10574589624778367
0.1060134994270656
0.10513273278688488
0.10611967624009251
0.10611967624009251
0.10610628006643366
0.10697264737399886
0.10697264737399886
0.10767621373853914
0.10778330663268956
0.10811990551904699
0.10749756847194339
0.10766329049558337
0.10718734926681667
0.10718734926681667
0.1082380889418301
0.1082380889418301
0.10785962750720002
0.10785962750720002
0.10839171814548759
0.10823535202997721
0.10797251009469322
0.10828704636766164
0.10828704636766164
0.10828704636766164
0.1060906034384807
0.10675592304240843
0.10690140412713994
0.10690140412713994
0.10690140412713994
0.107322615671898
0.10827460318510655
0.10827460318510655
0.10806260933853852
0.10842889407337267
0.10695495404974745
0.10687585496095152
0.10672772652189592
0.10693197984835917
0.10645877136864895
0.10710754628125137
0.10825325704247335
0.10776204435247103
0.10786239465255013
0.10879778120078934
0.10911850772966111
0.10911850772966111
0.10909391813319179
0.11093527049458479
0.11039728514656012
0.10997584301331619
0.11077946909260004
0.11077946909260004
0.11185717161648417
0.10997585721489732
0.1104517971263583
0.1100667664901067
0.10950971955257865
0.1091438289870152
0.10914107765453558
0.10914107765453558
0.10874543374776659
0.10888438728121953
0.1099932872795012
0.10913615759880618
0.10930313891008338
0.10963684030395081
0.10963684030395081
0.10907938890766737
0.10730962912516596
0.10726712424033973
0.10726712424033973
0.10688878991500174
0.10646998421279569
0.10752989042495693
0.1086380293679779
0.10886738225864341
0.1087643447049066
0.1094726025718109
0.10981099644822458
0.10981099644822458
0.10908375582146701
0.10961227524510052
0.10921653917032549
0.10921653917032549
0.10921653917032549
0.10858948927319066
0.10886316584542444
0.10886316584542444
0.10866987042976715
0.10887729222443024
0.1084176853337937
0.10870940803846293
0.10912949281590933
0.10985680699499092
0.10963767485430163
0.10963767485430163
0.10910485551488248
0.10910485551488248
0.10923329686903993
0.11102748233108435
0.11035258314452248
0.11117652462933819
0.11117652462933819
0.11117652462933819
0.11061593811912149
0.10915908232738049
0.1081693063056649
0.10820260046117947
0.10882706878620524
0.10877256183908895
0.10942893617039055
0.11055557063607166
0.10968136559809896
0.11042982433038549
0.11010533796994229
0.1103894426207836
0.1099159265823214
0.11079702325091174
0.11145798371961078
0.11145798371961078
0.11113042463054001
0.112290992282231
0.112290992282231
0.112290992282231
0.11178401829280558
0.11146349892408708
0.11144928350419113
0.11170920506193058
0.11097045328675018
0.11072886778542923
0.11049036683959941
0.11125015996258562
0.11196624556290107
0.11196624556290107
0.11196624556290107
0.11300514330724233
0.11300514330724233
0.11300514330724233
0.11248667901132926
0.11179160212724151
0.11179160212724151
0.11226209970488166
0.11226209970488166
0.11138982466783331
0.11055560708916345
0.11055560708916345
0.11101967694563944
0.11235525341660692
0.11235525341660692
0.11158791770566825
0.1109191633212842
0.11006368526535434
0.109134714711366
0.10908516536722675
0.10908516536722675
0.10908516536722675
0.10937384999886504
0.11066791656458051
0.11066791656458051
0.1100783836813213
0.1099704354933363
0.10939400512096764
0.10975178688212094
0.11007788636629837
0.11024830222995387
0.11024830222995387
0.11070770835856036
0.10962430774425025
0.10962430774425025
0.11080506036282992
0.11089966169881517
0.11023920109164706
0.11027305896955925
0.11027305896955925
0.11027305896955925
0.10993919944184816
0.11011511718912322
0.11140806705898894
0.11107113538796179
0.11107113538796179
0.11114836136405332
0.11291065311241387
0.11193662613771331
0.11193662613771331
0.11193662613771331
0.1118517679485219
0.11159745477545749
0.11147123018482494
0.1106837136565559
0.11072029385984594
0.10953609435698561
0.10975500697009845
0.10936730004095054
0.10936730004095054
0.10951284908919831
0.10951284908919831
0.10800278775881704
0.10686934488341587
0.10603492408526861
0.10598759274854305
0.10602877905304946
0.10602877905304946
0.10718257340382105
0.10602565566187203
0.10461480851478731
0.10489968851464583
0.10488355972201277
0.10488007768719633
0.10434523119168515
0.10528753045856924
0.10513499716433825
0.10523121376845929
0.10470215154992008
0.10460771741336297
0.10460771741336297
0.1044721062647437
0.1048685693067189
0.1046075811032253
0.1042889979510907
0.1039443820288417
0.10353632999774663
0.10310417823795966
0.10310417823795966
0.10265355967574871
0.10345771220529934
0.10348905940822495
0.10348905940822495
0.10348905940822495
0.10422465125771804
0.10508140837036185
0.1061658873278587
0.1061658873278587
0.10534593080675012
0.10464287306706097
0.10464287306706097
0.10420226018274606
0.10341248442441109
0.10341248442441109
0.10320720163839103
0.10322107894902102
0.10345869045614736
0.10345869045614736
0.10193688432393506
0.10332144558528615
0.10315771444358192
0.10315771444358192
0.10315771444358192
0.10315771444358192
0.10365044145266111
0.10294631580428461
0.10294631580428461
0.10294631580428461
0.10459869969619295
0.10473225656481118
0.10438389622592861
0.1048160474073916
0.10387947821126167
0.10387947821126167
0.10387947821126167
0.10461627709668651
0.10547828881477142
0.1062973367579852
0.1062973367579852
0.1062973367579852
0.1068013139126641
0.10725530257204946
