0.12448246528519546
0.12448246528519546
0.12448246528519546
0.12448246528519546
0.12448246528519546
0.12448246528519546
0.12448246528519546
0.12448246528519546
0.12448246528519546
0.12448246528519546
0.12448246528519546
0.12448246528519546
0.12448246528519546
0.12448246528519546
0.12448246528519546
0.12448246528519546
0.12448246528519546
0.12448246528519546
0.12448246528519546
0.12448246528519546
0.12448246528519546
0.12448246528519546
0.12448246528519546
0.12448246528519546
0.12448246528519546
0.12448246528519546
0.12448246528519546
0.12448246528519546
0.12448246528519546
0.12448246528519546
0.12448246528519546
0.12448246528519546
0.12448246528519546
0.12448246528519546
0.12448246528519546
0.12448246528519546
0.12448246528519546
0.12448246528519546
0.12448246528519546
0.12448246528519546
0.12448246528519546
0.12448246528519546
0.12448246528519546
0.12448246528519546
0.12448246528519546
0.12448246528519546
0.12448246528519546
0.12448246528519546
0.12448246528519546
0.12448246528519546
0.12448246528519546
0.12448246528519546
0.12448246528519546
0.12448246528519546
0.12448246528519546
0.12448246528519546
0.12448246528519546
0.12448246528519546
0.12448246528519546
0.12448246528519546
0.12448246528519546
0.12448246528519546
0.12448246528519546
0.12448246528519546
0.12448246528519546
0.12448246528519546
0.12448246528519546
0.12448246528519546
0.12448246528519546
0.12448246528519546
0.12448246528519546
0.12448246528519546
0.12448246528519546
0.12448246528519546
0.12448246528519546
0.12448246528519546
0.12448246528519546
0.12448246528519546
0.12448246528519546
0.12448246528519546
0.12448246528519546
0.12448246528519546
0.12448246528519546
0.12448246528519546
0.12448246528519546
0.12448246528519546
0.12448246528519546
0.12448246528519546
0.12448246528519546
0.12448246528519546
0.12448246528519546
0.12448246528519546
0.12448246528519546
0.12448246528519546
0.12448246528519546
0.12448246528519546
0.12448246528519546
0.12448246528519546
0.12448246528519546
0.12448246528519546
0.12448246528519546
0.1238475671197811
0.124387982690736
0.12537443052846178
0.12537443052846178
0.12561797386405021
0.12561797386405021
0.12529885220249282
0.12582783651103746
0.12582783651103746
0.12582783651103746
0.12615043496868544
0.12468065587913374
0.12468065587913374
0.12461602653169754
0.12461602653169754
0.12461602653169754
0.12440888385510074
0.12437659376630444
0.12437659376630444
0.12374736621455265
0.12374736621455265
0.12374736621455265
0.12388717703262771
0.12388717703262771
0.12427930657818208
0.12393905729276154
0.12316326324263797
0.12251829605206663
0.12329096266296152
0.12305135130796191
0.12216033634759008
0.121981460314935
0.12214029856913995
0.12214029856913995
0.12214029856913995
0.12214029856913995
0.12156957308135312
0.1205017704420258
0.1205854694168094
0.12061242557472146
0.1185616464967693
0.11938318568987077
0.11900705712260923
0.11758347200179584
0.11642181768777014
0.11697917445636051
0.11650390862643319
0.11778934825795274
0.11778934825795274
0.11850921864180367
0.11839332316232365
0.11718175328300977
0.11708640599168912
0.11708640599168912
0.11737835148615008
0.11737835148615008
0.1173810042865072
0.11848489620823006
0.11848489620823006
0.11891043454243126
0.11898976613044586
0.11791503920615297
0.11644798358834946
0.11564758032908003
0.1163024293375897
0.1163024293375897
0.1143252433324938
0.11464129767775871
0.11464129767775871
0.11464129767775871
0.114416639397299
0.11480298422909557
0.11480298422909557
0.11480298422909557
0.11480298422909557
0.11534679174681016
0.11534679174681016
0.11625839261040774
0.11625839261040774
0.11669286681688469
0.11609250760186143
0.11744936588300922
0.11744936588300922
0.11684513174683184
0.11579596857377612
0.11695908503622245
0.11695908503622245
0.11591589203272823
0.11590037340381927
0.11677991664609853
0.1154869922241987
0.11591846056491069
0.11589477989355378
0.11517679459626552
0.11675971283219701
0.11700299354448576
0.11737563378275825
0.11737563378275825
0.11580713292047305
0.11580713292047305
0.11489127967022124
0.11443223747838517
0.11365039901482196
0.1132206257593979
0.11303985998894385
0.1137711832006915
0.11379989259764037
0.11492979697781817
0.11559195093815454
0.11465781551211554
0.11354243882446043
0.11327436290201798
0.11273124744738224
0.11312146118305219
0.11312146118305219
0.11312146118305219
0.11267464083288187
0.11231284207899703
0.11210888662053806
0.11261381738528602
0.11329155277946319
0.11495883898015098
0.11495883898015098
0.11565755416158069
0.11565755416158069
0.11565755416158069
0.11617970328645277
0.11617246664740434
0.11683458280511867
0.11631997076188307
0.11600830312000514
0.11600830312000514
0.11534572519014231
0.1154274778411056
0.11605722217253078
0.11625781483122345
0.11495192057181887
0.11495192057181887
0.11402846593587278
0.11404514050218657
0.11369059762252978
0.11335638620201795
0.11191148145765215
0.1123529964248988
0.11150531619052433
0.11077672701745651
0.11003204320721026
0.11003204320721026
0.1106482943563737
0.11000498660269313
0.10895188084715139
0.10923571405966098
0.10804817525711818
0.10690657882170963
0.10607695414109891
0.10663711777743683
0.10650114054457478
0.10686788019896941
0.10751900293461793
0.10854821969087226
0.10872894240774528
0.10722016882617351
0.10541754745442722
0.10571795242187863
0.10571795242187863
0.10571795242187863
0.10508651991337682
0.10492765520366905
0.10492765520366905
0.10552004457439827
0.10616342065692913
0.10616342065692913
0.10616342065692913
0.10553549157518327
0.10590754320311245
0.10591410699252625
0.10547854819463066
0.10547854819463066
0.1057541517815683
0.10490564218581414
0.10490564218581414
0.10490564218581414
0.10447538367329433
0.10447538367329433
0.10467371173123245
0.10467371173123245
0.10609848384562014
0.10576302413810487
0.10576302413810487
0.10500886770143264
0.10532227909151812
0.10607600332385984
0.10476518844856848
0.10614283451469163
0.10584237756579772
0.10584237756579772
0.10584237756579772
0.10657247744103257
0.10582634612974134
0.10653298357991992
0.10609292642586178
0.10609292642586178
0.1061605718856792
0.10629067786698516
0.10564660835536181
0.10654223734368705
0.10680583440803501
0.10680583440803501
0.10804660870534674
0.10644946579736
0.1053819633406082
0.10530415431282159
0.1051190528561773
0.10641319519208498
0.10641319519208498
0.10609694833010867
0.10792128671125518
0.10792128671125518
0.10716541762278198
0.10716541762278198
0.10716541762278198
0.1069360105193659
0.10584558046476078
0.10574611533730167
0.10748208297567631
0.10748208297567631
0.10748208297567631
0.10837190083658917
0.10837190083658917
0.10777831360714545
0.10777831360714545
0.10794807462960854
0.10842712041666822
0.10842712041666822
0.10842712041666822
0.10822136113527878
0.10803576669733664
0.10889431617249855
0.11058794251517352
0.11058794251517352
0.11058794251517352
0.10984708507081478
0.10990671888118861
0.10990671888118861
0.10990671888118861
0.11059341252720671
0.1104751646565164
0.1104751646565164
0.1104751646565164
0.10998299931492214
0.10844178305110734
0.10835651295675153
0.10943388978270666
0.10905404242697837
0.10934585264065537
0.11025912000534187
0.1110528965139409
0.10961037377045489
0.11021455868098888
0.10838259305573673
0.10758024543759229
0.10715331352011637
0.10715331352011637
0.1070798531976414
0.1055424547451427
0.1055424547451427
0.10492524649387942
0.10491712432444099
0.10492687165190907
0.10492687165190907
0.10411427043659185
0.1048076132128818
0.10512057178598593
0.10663470208023876
0.10663470208023876
0.10714799078694005
0.10671741271677612
0.10628372777626487
0.10632135241655513
0.10640165140063011
0.10579273280274415
0.10579269702025106
0.10538043656144543
0.10521581104405822
0.10514506770352539
0.1057149643912861
0.10541734575888038
0.10616278578286306
0.10616278578286306
0.1058673809307384
0.1058673809307384
0.10593069962080866
0.10593069962080866
0.10625739448331478
0.10644214498802257
0.10686332722448952
0.1068733068812859
0.1068733068812859
0.1068733068812859
0.10637558785777854
0.1062983328373477
0.1062983328373477
0.10607137106971001
0.1055425994047312
0.10565787610022706
0.10547980111290502
0.10547980111290502
0.10547980111290502
0.10464231992499522
0.10461735572017133
0.1055440625274816
0.10413141715015256
0.10450786831140688
0.10382176438206356
0.10233526612628414
0.10341839632370718
0.10340381804894729
0.10212436895513517
0.10188069187910638
0.10145651669770844
0.10077739565282812
0.10077739565282812
0.10118772941519343
0.10050974831624955
0.10069700618921726
0.10075769523838153
0.10075769523838153
0.10075769523838153
0.10168860715411705
0.10221338392721764
0.10179129742030908
0.10104263092986143
0.10095619963058726
0.10060332226714548
0.10060332226714548
0.10060332226714548
0.10154066131813831
0.10165759960459533
0.10094407931947297
0.10379980726786713
0.10466568700848276
0.10469403613851117
0.10469403613851117
0.10469403613851117
0.10508218645348376
0.10551742024958102
0.10551742024958102
0.10551742024958102
0.10536679220932722
0.10513757217340139
0.10482250448019062
0.10447449198879888
0.103671433319506
0.103671433319506
0.1041586306231896
0.1041586306231896
0.10313359032321899
0.10342858717394378
0.10421655533116177
0.10505181196863542
0.10505181196863542
0.10584379538208429
0.10535409615106682
0.10517991676942637
0.10546172670861297
0.10442425538937729
0.10518010293131397
0.10568553239357734
0.10568553239357734
0.10568553239357734
0.1052076890185763
0.10565402181237342
0.10512433799250571
0.10644735883391988
0.10593752353602527
0.10593752353602527
0.10639283370884124
0.10583351088612461
0.10521518554756505
0.10521518554756505
0.10521518554756505
0.10556754960185492
0.10588281473620438
0.10463022288144935
0.10452326910458523
0.10486969149744627
0.10495675211416594
0.10495675211416594
0.10474778210976303
0.10483335274140933
0.10505800531607785
0.10583456930740268
0.10583456930740268
0.10574892564751733
0.10614197375102731
0.1084421576706026
0.1092662494233467
0.10851246247024748
0.10851246247024748
0.10784666719510948
0.10865568020546518
0.10886998290589837
0.10697696931041553
0.10672427961975524
0.10668636115520913
0.10709087639971947
0.10709087639971947
0.10708159097731522
0.10618248487488902
0.10747227030263148
0.10739442466768741
0.10606547147876765
0.10606547147876765
0.10520161367119851
0.10511657612947052
0.10511657612947052
0.10510778885897064
0.10567877826314773
0.10567877826314773
0.10421869867544314
0.10292894718052649
0.10273273093973212
0.10273273093973212
0.10278871041127127
0.10353752333294648
0.104245966217549
0.10285304101929152
0.10294109412064771
0.10189865089546729
0.10354552131347
0.10357646019360406
0.10353901056415749
0.10340851552778862
0.10340851552778862
0.1035385786083502
0.10310952048615513
0.10310952048615513
0.10302294962165444
0.10256583422580226
0.10256583422580226
0.10302559449223994
0.1032470832996702
0.10423642272049688
0.10509424594654927
0.10505903303026817
0.1053005385411727
0.10572813296269373
0.10670532469761815
0.10670532469761815
0.10689928952621547
0.106417218538381
0.10702044603498015
0.1076662628980011
0.10778173680616171
0.1086645448248182
0.10748364850246128
0.10823839945290963
0.10886624551511115
0.10851180259090355
0.10851180259090355
0.10923811675831449
0.10819904483442894
0.1063122770419154
0.1063122770419154
0.10731018261621957
0.1056846164931446
0.10664850854916912
0.10715501056194403
0.10715501056194403
0.10715501056194403
0.10659494447786765
0.10604457366155257
0.10538649200415966
0.105989273830792
0.10611785663102924
0.10611785663102924
0.10653605088950911
0.10550392701886308
0.10590978998377769
0.10587475177656719
0.10587475177656719
0.10629829405155652
0.10665875685893295
0.10713560392925937
0.1073280750882941
0.10467298696792424
0.1055757853998277
0.10577789140859704
0.10598643374412613
0.10531807535053482
0.10544163898161038
0.10609916966583771
0.1063247396386162
0.1063247396386162
0.10603704652896112
0.10711804315816748
0.10711804315816748
0.10711804315816748
0.10786750112270206
0.10715377891179444
0.10736532773058728
0.10736532773058728
0.10827927434243365
0.10825950626803219
0.10890628729485285
0.10877774866728808
0.1086674619170332
0.10950379959309695
0.10946624959377656
0.10946624959377656
0.10946624959377656
0.10946624959377656
0.1104998795700988
0.11156949592212521
0.11032038242501564
0.11024205759755411
0.11068705423986995
0.11068705423986995
0.11006223567642169
0.11006223567642169
0.11070336337047598
0.11022417149260157
0.11022417149260157
0.11022417149260157
0.10986056923485032
0.10876583262418767
0.11033564716600404
0.11033564716600404
0.10925594624968676
0.1085469595825009
0.10798142771290803
0.10766792329595559
0.10804240121284499
0.10671692977704694
0.10702654789055344
0.10834275817803019
0.11017074715366666
0.11072528402282221
0.11072528402282221
0.10993437565254516
0.11053922200285556
0.11050096383314105
0.11142083908085969
0.11109945001450279
0.11112158718487869
0.11112158718487869
0.11112158718487869
0.11112158718487869
0.1110245493684041
0.11093739405363835
0.11125352266655206
0.11132533341517256
0.11189721397626641
0.11189721397626641
0.11310510241097721
0.11242328614173472
0.11086375014390791
0.10972996740464712
0.1115643594562007
0.11135876571731146
0.11178034228305876
0.11108416319708786
0.10983764633934942
0.10984465297098113
0.10984465297098113
0.10984465297098113
0.10938973969305349
0.10895834745188163
0.10891721035513074
0.11002312902517283
0.11002312902517283
0.1099885806186933
0.11035550315896576
0.10975818660247293
0.10997912899212002
0.10980064522535316
0.10995227425786647
0.11009343624500136
0.10988617001695458
0.1085147893814527
0.1085147893814527
0.10918721304418251
0.10902741310703853
0.10900570117116157
0.10920341283313761
0.10948099622344809
0.10963287391123676
0.10829855897724208
0.10950650289153815
0.10916530169858372
0.10781116338349833
0.1080564060546448
0.10658820603221328
0.1068007196193773
0.10656088684972527
0.10877865372493525
0.10877865372493525
0.1097452599196922
0.1097452599196922
0.10940558806844324
0.10927199381840104
0.10872954126573747
0.10869991754684996
0.10869991754684996
0.10892162256982878
0.10892162256982878
0.1096054840149558
0.1096054840149558
0.10991030531840282
0.10991030531840282
0.11108623373075362
0.11067224225606596
0.11185641979501698
0.11216893384419113
0.11121787178927423
0.11137243390463152
0.11137243390463152
0.11131706151822751
0.11100495862711451
0.10982648782051721
0.10944622966162043
0.10940355270387328
0.10940355270387328
0.1097526701316379
0.10987396891176573
0.10987396891176573
0.10987396891176573
0.1102518755223923
0.11061710481680492
0.11006606656025267
0.11006606656025267
0.10985728512181546
0.10994335930093191
0.11057999816302409
0.11057999816302409
0.11067615166967693
0.11030562081287675
0.11030562081287675
0.10910376823165549
0.10854499602470907
0.10790010152655834
0.10809151545204454
0.10761992565596905
0.10727425400726452
0.10726350791143542
0.10752926167236465
0.10752926167236465
0.10819797034584169
0.10820667719724986
0.10820667719724986
0.10820667719724986
0.10875685376937637
0.10883367511505088
0.10784116479328507
0.10784116479328507
0.10797762960822785
0.10780049273043715
0.10739339696745541
0.10736983599453229
0.10679546498554597
0.10685517421642698
0.10690131045973997
0.10583057912025082
0.10626686252394063
0.10562531274632815
0.10489512500340639
0.10524996472540835
0.10599137038261303
0.1060563478858534
0.10537299777416333
0.10537299777416333
0.10531707394712818
0.10541639685303468
0.10454747774996552
0.10507637005428752
0.1057955042132271
0.10413794308232478
0.10339570373399694
0.10248500044232792
0.10168935504157829
0.10248367064941799
0.10260776278867656
0.10330426798578815
0.10394877823225346
0.10378283388451816
0.1047702827414302
0.1047702827414302
0.1047702827414302
0.10446985361044313
0.10475402575620966
0.10539247424298957
0.10503372614182278
0.10516039148338471
0.10662762425368423
0.10682409815506642
0.10682409815506642
0.10801880314310112
0.10801880314310112
0.10801880314310112
0.10748951331035941
0.10748951331035941
0.10745849849836515
0.10775796704603395
0.10767943742506443
0.10678831830731746
0.10678831830731746
0.10678831830731746
0.10698584072719672
0.10677603088495237
0.10677603088495237
0.10729658043102298
0.10664746010504954
0.10676952156835721
0.10676952156835721
0.1069548505353517
0.1070832439306924
0.1064621829360628
0.10617201196293818
0.10580089566523364
0.106324708146295
0.10645756832233118
0.10614307741043785
0.10692918244002503
0.10673213934093012
0.10630646966571641
0.10662403632499096
0.10488521854130886
0.10569425852963055
0.10577911241859952
0.10755381553380951
0.10755281563969146
0.10818797106406727
0.10688071766111304
0.10809742844432431
0.10809742844432431
0.10809742844432431
0.10809742844432431
0.10754219626373845
0.10712447151948759
0.1063727527264877
0.1069390483657475
0.1069390483657475
0.10640087862593953
0.10552647924736866
0.10679815215453106
0.10685683830481132
0.10629319065930824
0.10579969672650315
0.10608006336699263
0.10631525818134537
0.10545083151376025
0.10549762042248435
0.10589097031665053
0.10547886657776788
0.1050986895372133
0.10543243760489074
0.10576452121193794
0.10595819165106436
0.10666579275708711
0.10799501690084178
0.10714930106824655
0.10714930106824655
0.10787656429772631
0.1081898903633552
0.1078746989539258
0.10854482400128186
0.10793335377492097
0.10664396838149283
0.10749171317810001
0.10744377976097098
0.10681054987594922
0.10681054987594922
0.10681054987594922
0.10754766295671618
0.10700433079474536
0.10643095343838367
0.10643095343838367
0.10643095343838367
0.1064829847408928
0.10589584821855452
0.10563193996745376
0.10634553516733372
0.10640566835388128
0.10722119579507501
0.10771402089478588
0.10702817832866027
0.10693030445880863
0.10693030445880863
0.10671439436256287
0.10618377868928316
0.10630298778795065
0.10697759704024938
0.10787103279044258
0.1079963271311921
0.10740102038163139
0.1071425668944691
0.1076438484638762
0.1076438484638762
0.10872863888617929
0.10943880272137915
0.10943880272137915
0.10943880272137915
0.10943880272137915
0.10943880272137915
0.10994818405874776
0.10993302388009582
0.10979754201256249
0.11001430926591466
0.11043236132601841
0.10923654905181562
0.10916053034575601
0.10885152947522661
0.10885152947522661
0.10887962686403839
0.10893054107316048
0.10782768579772203
0.10716436677707576
0.10731778144724136
0.10744202782013432
0.10792303824506934
0.10862300265561585
0.10964105347311953
0.10966524417837435
0.10987546879891112
0.11000147830390612
0.11010618187238962
0.11062132360239676
0.11062132360239676
0.10965959564688228
0.11062193651357985
0.11062921904234756
0.11136758401199216
0.11136758401199216
0.10961861534448937
0.10938448019850219
0.10995971766780785
0.10914217303226734
0.11027810341315895
0.11038405018942346
0.11227868393847593
0.1109111233360287
0.10913363005946794
0.11009284228833696
0.11102238813954492
0.11054173473143065
0.11001011022542312
0.10965882228203196
0.10935236214882739
0.1084800572558482
0.1084800572558482
0.10862478904212922
0.10836009107253135
0.10873446627700765
0.10820604546492384
0.10820604546492384
0.1093411742130414
0.10918025589418258
0.10992409910720768
0.10998783277219872
0.11150456237108419
0.11014259068216306
0.11014259068216306
0.11129504051221108
0.11041526974833839
0.11092565758413829
0.11130143799277589
0.11030832928202618
0.11030832928202618
0.10971220684246023
0.11042115062204853
0.11031342886516535
0.11044592958677488
0.11004101313693412
0.11104659293035342
0.11104659293035342
0.11081589837758107
0.10996285868838304
0.11002731503954587
0.10975281223443924
0.11061437812809309
0.1109471382638635
0.1110111662430635
0.11024838486868008
0.10973728652944187
0.10899061148857879
0.10913571093197087
0.1115256459033764
0.11086514119431286
0.1109338824762434
0.1109338824762434
0.11252385529377319
0.11252385529377319
0.11252385529377319
0.11252385529377319
0.11252385529377319
0.11212580324323751
0.11212580324323751
0.11075868991140703
0.11078938311068463
0.11139851470292159
0.11118397219712846
0.111955206672484
0.111955206672484
0.11286811569869637
0.11221960909403307
0.11221960909403307
0.11166201141865231
0.11129124392175854
0.11082985233647162
0.11156651132745427
0.11173344251862403
0.11173344251862403
0.11173344251862403
0.11173344251862403
0.11173344251862403
0.11170497981651464
0.11170497981651464
0.11209641944443234
0.11008206838524585
0.1101468844879834
0.10997693259413793
0.10926257870565845
0.10960998174665888
0.10942269103542224
0.10942269103542224
0.10942269103542224
0.10942269103542224
0.10991523482673203
0.10947183899100575
0.10973565253529076
0.10863051932023472
0.10863051932023472
0.10863051932023472
0.10863051932023472
0.10863051932023472
0.10856166835010111
0.10846366959946284
0.10846366959946284
0.10846366959946284
0.10900864376201881
0.10829836907262427
0.10829836907262427
0.10699437173531899
0.10776436760927995
0.10718182415670453
0.10832500155505356
0.10832500155505356
0.10827921925553889
0.10827921925553889
0.10827921925553889
0.10827921925553889
0.10836588987899054
0.10864107219638383
0.10911265872412104
0.10974283193218755
0.11004155848033466
0.11007103229258638
0.11005576801690908
0.10994358119527385
0.11044713092157432
0.11081086259151844
0.11078466979219129
0.11078466979219129
0.11149833196916539
0.11197854973385188
0.11315764277120816
0.11313389293352981
0.11320118344825744
0.11306335633706634
0.1123313396928595
0.1123313396928595
0.11317059096796425
0.11323156576219436
0.11310690786927827
0.11310690786927827
0.1140148134477506
0.11357421469274687
0.11334639517690771
0.11334639517690771
0.11368164897610435
0.11274375427146703
0.11328912703293244
0.11311876341928336
0.11398207720561992
0.11398207720561992
0.1119972826811023
0.1119972826811023
0.11190485546417483
0.11139067983117404
0.11158649535701236
0.11136744697702741
0.1117458415271437
0.1117458415271437
0.11186565215343058
0.11201975322401143
0.11159647416305485
0.10993789872009752
0.11070744068601066
0.1106036180817904
0.11056750474293292
0.11062560056548384
0.11058342021879632
0.11004187934234679
0.11027216542648685
0.11027216542648685
0.1099971784109966
0.11028038421219873
0.11096171453618774
0.11047540885161786
0.11092866440616421
0.11049126840925749
0.11049126840925749
0.10998987079546059
0.10998987079546059
0.10924910818581736
0.10942327825685726
0.10933683448650693
0.10882191325066352
0.10857033118401531
0.1085790285541355
0.10812721755999603
0.10976428441271538
0.10973396872160097
0.10923639215319181
0.10887178776806773
0.10887178776806773
0.10833011757651283
0.10788302357783135
0.10788302357783135
0.10855034875202181
0.10855034875202181
0.10855034875202181
0.10868130832846097
0.10849848337555068
0.10777159527908386
0.1079425437815271
0.1080627461891126
0.1080627461891126
0.10876352480952516
0.10876352480952516
0.10885000986650115
0.10957682220320178
0.10929237701249586
0.1103703257729072
0.1103703257729072
0.10896055498574564
0.10932955110580582
0.10933765295453221
0.10934510901531616
0.10938226054089645
0.10887411219800351
0.10884298829251865
0.10792374255498907
0.10786666136078231
0.10786666136078231
0.1070510285693294
0.10737179218672498
0.1076527404818329
0.10765587594931278
0.1071273247411639
0.10622921902726495
0.10600027664589778
0.1061128820122482
0.1061128820122482
0.10637636246678733
0.10637636246678733
0.10673052045997232
0.10734465512643715
0.10740104114804937
0.10725131128641466
0.10725131128641466
0.10586688301418035
0.1057697086602792
0.1053217515199245
0.1046806304623803
0.10488675776088506
0.10480100032213589
0.10517101758469939
0.10517101758469939
0.10625166296680541
0.10649732088431757
0.1064679505192702
0.10566627301823515
0.10668508475457762
0.10663805381727928
0.1067282324210316
0.10645520083735376
0.10549382923900921
0.10633027203527362
0.10544950769520257
0.10544950769520257
0.10569331611700013
0.10478262303094499
0.10489253921050717
0.10501158850441922
0.10546652646483407
0.10549623862453208
0.10515867013094207
0.10512819637651973
0.1056295754905305
0.10528120475956629
0.10530769476855883
0.10556450795897361
0.10595270463502963
0.10642653852411847
0.10698426673625674
0.10715704092052372
0.10796087809748803
0.10816463949804624
0.10716885314225641
0.10740178810052074
0.10713352737420637
0.10729354195474197
0.10752504945597363
0.10864097171093925
0.1073441927483126
0.10655910115840572
0.10630047687622346
0.105756269813793
0.10524498367459723
0.1051296985602086
0.10671371035941178
0.10671371035941178
0.10758802779026956
0.10758802779026956
0.10758802779026956
0.10758802779026956
0.10703596279389584
0.10699274226745789
0.10715183073057305
0.10753712591411872
0.10821987327472683
0.10808873210395639
0.10808873210395639
0.10813797386975631
0.10737549514748958
0.10874236891215763
0.109084545824202
0.10812699619755774
0.10853356990255929
0.1086519038377546
0.10716628797646095
0.10704192227745588
0.10704192227745588
0.10826029732889705
0.10965798145549317
0.10965798145549317
0.11068336727418251
0.11102841791837166
0.11016302351817345
0.11016302351817345
0.11048910736974121
0.11100312886219164
0.11193474932630315
0.11193474932630315
0.11193474932630315
0.1119672490072806
0.11210537096424938
0.11335347535154283
0.11358372758977454
0.11286012967038203
0.1119087959270497
0.11259777176842449
0.11186427528290518
0.11240298222858751
0.11240298222858751
0.11171877326540001
0.11161050761538345
0.11163824150532413
0.11126405717515196
0.11182696807787203
0.1109036113824307
0.11069898922142948
0.1109437862140772
0.11045763612639713
0.10849639153043629
0.10855980277323372
0.10872732318411553
0.1084265126660505
0.1084662868215639
0.10761679360792185
0.10761679360792185
0.10774025176058359
0.10748973614606946
0.10823135718947355
0.10770893704394578
0.10837354631561243
0.10803141786657085
0.10777384235723879
0.10858876760239523
0.10858876760239523
0.10858876760239523
0.10975380342820157
0.10933909532394245
0.10959879208726725
0.10968124575597997
0.10968298794598454
0.10994902893660473
0.11033060095044472
0.10919237570113687
0.10965387255128514
0.10922847797851488
0.10927522922392656
0.10927522922392656
0.10838674933996166
0.10802481552416951
0.10915304093050562
0.10974934077054949
0.10973025240582186
0.10973025240582186
0.1100072671590655
0.11020603502443246
0.10993672588410086
0.11015332731478147
0.10938596284582063
0.10938596284582063
0.10965530548363134
0.10823310902082509
0.10899848918074506
0.1096801443260007
0.1093986609354148
0.10993032432972674
0.10993032432972674
0.10831409733852534
0.10886247659790317
0.10987301263839161
0.10980535612219365
0.10946826365801438
0.107635433314647
0.10724763500284519
0.10729041937412072
0.10802330762798279
0.10817923469795955
0.10841299659614839
0.10836336342479079
0.1085744176448106
0.10955448705407345
0.11011606575553062
0.1098438965531535
0.1098438965531535
0.10972836190307363
0.10926468517152113
0.10897865222043372
0.10897865222043372
0.10948500872245981
0.10878127493989273
0.10878127493989273
0.10928566694364432
0.10975081952005865
0.10717249970003824
0.10868732083313114
0.10751683052011496
0.10628424515235423
0.10556347235180503
0.10556347235180503
0.10715377608596975
0.10718491914373862
0.1078711467392813
0.10864521242756489
0.1080554312073111
0.1081124753231044
0.10721233058115232
0.10721233058115232
0.10721233058115232
0.10743731793675902
0.10782421818555785
0.1088964136334173
0.1089528776921123
0.10792865947731746
0.1074700667878848
0.10802004368164471
0.10860996356565099
0.10856766774509699
0.10856766774509699
0.10856766774509699
0.10837361346294885
0.10837361346294885
0.10785360032985082
0.1071117391951195
0.1071117391951195
0.10771873887819056
0.10752700945412404
0.10752700945412404
0.10839808276495895
0.1087050367026759
0.1087050367026759
0.10837516468191535
0.10815965131712196
0.10976117859841628
0.10976117859841628
0.1103674488964199
0.11090749505898691
0.11140604732038537
0.11151829617169748
0.11056370675474005
0.11106809991224725
0.1120247852085144
0.1124259351116648
0.11162753437349024
0.11162753437349024
0.11162753437349024
0.11218589182475182
0.11063005197129579
0.11035569223444597
0.11060633144767049
0.11060633144767049
0.10987043647680676
0.10952580015380639
0.10814447744288984
0.10954246821668998
0.10954246821668998
0.10906624551015133
0.10828663353248481
0.10808188542976166
0.10903567480414574
0.10767741382862246
0.10740312070981035
0.10739305517318024
0.10769468587807718
0.1087466437188881
0.1087466437188881
0.10787914262526634
0.10814067064401915
0.10675186247704528
0.10675186247704528
0.10663760041415518
0.10655721606502809
0.10719978684999329
0.10716993190051778
0.10810465783829373
0.10836419715638693
0.11013978879284829
0.10956104947620582
0.10902069341690204
0.10931415330729466
0.10928159441253217
0.10881480387365491
0.10827084628525102
0.10836971763029658
0.10836971763029658
0.1092719309249258
0.10968949365970744
0.10969672511988136
0.10963310045461042
0.10865392241880045
0.10842754635729093
0.10775684673871366
0.10775684673871366
0.10934509508234759
0.10996371902884275
0.10975938600783158
0.10975938600783158
0.11081026778357
0.11065429733411121
0.11065429733411121
0.11019755663741222
0.11114080825302408
0.1108786370167207
0.1100598746052172
0.10973943940404707
0.11008179245939481
0.11046969202122658
0.11046969202122658
0.10980688321941834
0.11019190114790471
0.10957323461087924
0.10991597160194955
0.1088735243896905
0.10852571165880064
0.10843586023593504
0.10782433987918698
0.10782433987918698
0.10930308143431339
0.1082250649368685
0.10802235976295244
0.1067419102212869
0.10684725413210601
0.10706402676691516
0.10683078975990448
0.1072624258409713
0.10788667024944527
0.10693617426097776
0.10679033859019797
0.10565107308170796
0.10605610320245387
0.10704556070717354
0.10715170421442373
0.10708737775088059
0.10753099596581696
0.10878118341532929
0.10807510514596351
0.10840453249034325
0.108524980192939
0.10826114349393522
0.10831289477877257
0.10766709265748406
0.10804847840046762
0.10881990079977331
0.10873698016443353
0.10975111457547282
0.1096060311518999
0.10923706688404068
0.10923706688404068
0.10933622149677913
0.10933622149677913
0.10742881034211597
0.10737477442345336
0.10737477442345336
0.10857405668585884
0.10857405668585884
0.1095121750822753
0.1086964417921835
0.1086964417921835
0.10883413077157174
0.10956613887182827
0.10956613887182827
0.10937759866827798
0.10970929204275441
0.10995631742377825
0.10986028826705503
0.10949642958176078
0.10905388840867973
0.10962889278207764
0.1110973291072268
0.11111078041599642
0.1120140159268719
0.1120140159268719
0.11123689116104832
0.11258447054502714
0.11225188260804643
0.11101189454045737
0.11024974010143072
0.1113954485628136
0.11012436133850065
0.1093020000830593
0.1093020000830593
0.10853940866924926
0.10736301967370288
0.10736301967370288
0.10878701431427118
0.1079916627349063
0.10635775731508026
0.10721450845836605
0.10721450845836605
0.10721450845836605
0.10754030576283216
0.10882423777016009
0.108914355694687
0.10849329616301097
0.10779289216246515
0.10857273806825853
0.10888124823826213
0.10786133209864522
0.10770401021323657
0.10770401021323657
0.1091814038208705
0.10973766951876525
0.10966900415694754
0.10895292638195633
0.10772414765221547
0.10752762090536501
0.10652634812455486
0.10716787323970611
0.10829979992464757
0.10840662633301489
0.10840662633301489
0.10760395468061575
0.10760395468061575
0.106676867711328
0.1060958941960535
0.10663948325700161
0.1055647091798851
0.10573100065393659
0.10570450026073619
0.10661036005920299
0.10686467037316598
0.10659224789018437
0.1062296539084264
0.1062296539084264
0.10672992323070636
0.10672992323070636
0.1071059790339761
0.10661809887764044
0.10757482622493203
0.10638145184816698
0.1064749766745722
0.10729949233241125
0.1067587623367479
0.10593890876580102
0.1065003003431977
0.10655158705479693
0.10602201588154651
0.10532467894753944
0.10559121093654879
0.10559121093654879
0.10559121093654879
0.10624674318818488
0.10599696754326779
0.10599696754326779
0.1056979440413202
0.10505759630873879
0.10505759630873879
0.10411668919811759
0.10482124187463085
0.10461501312494874
0.10496256925303235
0.10497504032313255
0.10453984158980915
0.10473260993401323
0.10502549786083487
0.1060432092378631
0.10414466936314568
0.10458554010635496
0.10469656820802825
0.10385402506963204
0.10399280434151925
0.10258741132378517
0.10351604935717676
0.10491804824662014
0.1050440753865723
0.1053969470135177
0.10572417472288816
0.10633276836990063
0.10668519773924456
0.10718700735479086
0.1083368965658599
0.10852052696199599
0.10852052696199599
0.10961243134138551
0.10806334436330367
0.1089592658236123
0.11021216101659209
0.1092574674904897
0.10889339187837066
0.10888303777330545
0.10888303777330545
0.10878185362042715
0.1078088635274872
0.10833929563961499
0.10833929563961499
0.1089897908873804
0.10845465437305801
0.1077526695130484
0.10734013211298836
0.10734013211298836
0.10772888639744942
0.10794156538414588
0.10779978366943048
0.1091873961579651
0.10869294451761286
0.10830473225178222
0.10777580334952233
0.10782330656366189
0.10799565310595068
0.10866778309077381
0.10866778309077381
0.1080213501529963
0.1080213501529963
0.10956027922549869
0.11082860395989232
0.11082860395989232
0.11076453871995938
0.11076453871995938
0.10996649244304255
0.10974976775779965
0.10925594239645768
0.10920148301137393
0.10959349737215769
0.10969146032909782
0.10878526066398775
0.10946617781106262
0.10946617781106262
0.10946617781106262
0.10972389778088072
0.11058552868590027
0.11033758297786661
0.11012715540969871
0.10911372123057696
0.10804567620956668
0.10804567620956668
0.10804567620956668
0.10804567620956668
0.10804567620956668
0.10804567620956668
0.10804567620956668
0.10804567620956668
0.10804567620956668
0.10829028860401688
0.10829028860401688
0.10891156648851102
0.10817803959096782
0.1076200254892193
0.10777402273075412
0.10777402273075412
0.10864671263121019
0.10835320783627482
0.10835320783627482
0.10821922189288712
0.10818537985396645
0.1088898318561615
0.10852271998015695
0.10862860533966055
0.10862860533966055
0.10902730187508979
0.10751380617026979
0.10782532485031525
0.10800566914942743
0.10820067357196021
0.10820067357196021
0.10786097187913458
0.10709969391548628
0.10709969391548628
0.10677401313295024
0.10652975136838898
0.10615824881177577
0.10666267948945103
0.10740200396454874
0.10740200396454874
0.10760412840046635
0.10759197082005394
0.10708304365917982
0.10706466133269789
0.10604744527584122
0.10551529202753321
0.10551529202753321
0.10551529202753321
0.10541010101656505
0.10509086446030574
0.10514078279872648
0.10378978752770449
0.10423075525007686
0.10432508665213226
0.10454426196191437
0.10512932189625565
0.10512932189625565
0.10512932189625565
0.10487536337329269
0.10477669653705643
0.10501787406234012
0.10476349159621491
0.10477768072214523
0.10469012115884686
0.10469012115884686
0.10467840148530382
0.1054629478565867
0.1049673756182842
0.10620027326947036
0.10694992358048211
0.10740353353871486
0.10663667688960264
0.10663667688960264
0.10663667688960264
0.10712168320052899
0.10741094616669002
0.10725417426744695
0.1069172034595273
0.10705555492055613
0.10661810389353332
0.10661810389353332
0.10661810389353332
0.10661810389353332
0.10631517296004961
0.10532941441888281
0.10416170641035244
0.10452246625984936
0.10426969781361534
0.1041861278623489
0.10467996010040055
0.10443890765160874
0.10474896334434551
0.10491355817123399
0.1063769355711032
0.1059732831718738
0.1059732831718738
0.10550798987499559
0.10663766823615566
0.1061013145698227
0.1061013145698227
0.1061013145698227
0.10482499485098508
0.10482499485098508
0.10582942347547629
0.1069067447299905
0.10710345808786947
0.1071098239823549
0.10702334850218531
0.10701561713982251
0.10798856269129341
0.10827567485482782
0.10828613777550047
0.10881629066580027
0.10908252634050547
0.1091213663636151
0.1091213663636151
0.10830051639215273
0.1081741012971542
0.10830931103273528
0.10795020569044932
0.10709940273716216
0.10519404369994498
0.10519404369994498
0.10601600271890808
0.10601875763879677
0.10601875763879677
0.10637194148547618
0.10658427202657034
0.10590112398852543
0.10590112398852543
0.10574620195335306
0.10660279809717331
0.10660279809717331
0.10748609159836378
0.10727468866951421
0.1071229577117836
0.10649670409820038
0.1063895199502546
0.10622557727449627
0.1064031054641119
0.10708933439579307
0.10708933439579307
0.10708933439579307
0.10580250376205634
0.10580250376205634
0.10580250376205634
0.10580250376205634
0.10506086942970987
0.10542996714265036
0.10540358865613139
0.10540358865613139
0.10630745945210884
0.10750850288157146
0.10750850288157146
0.10872507231911258
0.10762439055010348
0.1091715986351182
0.10966601881786965
0.1093819623917767
0.10957651243871856
0.1091884736060898
0.1091884736060898
0.10939989280937375
0.10905720671809505
0.10905720671809505
0.10963586144555955
0.1116072696021856
0.11119838525188219
0.11119838525188219
0.11130264105905278
0.11130264105905278
0.11096735048394284
0.11096735048394284
0.11006325393433364
0.10911243146883993
0.10861043685791569
0.10856046056052539
0.10808587593248611
0.10742326282241535
0.10745828403576554
0.1067976220273677
0.1067976220273677
0.1067976220273677
0.1067976220273677
0.1078069552659246
0.10767640233029496
0.10767640233029496
0.10792367719443773
0.107894927653976
0.10805370589869316
0.10805370589869316
0.10805370589869316
0.10805370589869316
0.10633968445593914
0.10633968445593914
0.10603037146988695
0.1068173384429743
0.10703575900864001
0.10781930090932117
0.10900888489115618
0.10900888489115618
0.1076254859877261
0.10701663754813683
0.10701663754813683
0.1062940597102088
0.1062940597102088
0.1062940597102088
0.10655366726306267
0.10618643118462195
0.1067000665687586
0.1067000665687586
0.1067000665687586
0.10658332413757472
0.10687343556666838
0.10847615626216758
0.10775898858584157
0.10770527782131961
0.10774826901938929
0.10700060775514965
0.10700060775514965
0.1070459696583651
0.1070459696583651
0.10817720947599857
0.10817720947599857
0.10901310352103268
0.10901310352103268
0.10901310352103268
0.10804403586398645
0.10803264081254067
0.1077224217382751
0.1095531105916729
0.10918719829214643
0.1085037217030682
0.1085037217030682
0.10795640757783581
0.10816826473328713
0.10740313703130319
0.10740313703130319
0.1084235996772647
0.10739127094550807
0.10629424330674529
0.10644069725962442
0.10716989079389865
0.1069669931578011
0.1060319616598484
0.10680942053616507
0.10660066992599768
0.10660066992599768
0.10603099871492248
0.10603099871492248
0.10643145130800254
0.10658656397960796
0.10603387687024046
0.10487128148509796
0.10621291770263523
0.1075317301910989
0.10747828696569899
0.10641582189128815
0.10634106451921715
0.10796330431506625
0.10722553297602662
0.10722553297602662
0.10683767104568936
0.10631099250886307
0.10585512058346824
0.10558660989897424
0.10608244400140074
0.10436673122969319
0.10530508758898678
0.10571649589538494
0.10556650306190526
0.10577664645522214
0.10637748211009684
0.10606607096724098
0.10491063844309359
0.10496315061481816
0.10612193926997893
0.10562452654523051
0.10464395513153195
0.10454465961947533
0.10454465961947533
0.10445114257499613
0.10445114257499613
0.10445114257499613
0.10452896355533729
0.1040816193832534
0.1040816193832534
0.10412588370670044
0.1041115760159728
0.1041115760159728
0.10512898180970338
0.10512898180970338
0.10474502069447011
0.1046566778773118
0.1054660331773027
0.1042482139169377
0.1042482139169377
0.10482520107234852
0.10500490744511029
0.10456288109817319
0.10427660272049379
0.10427660272049379
0.10427660272049379
0.1037158648015226
0.1037158648015226
0.10467811406848233
0.10467811406848233
0.10312121945135545
0.1029891181730811
0.10362685898252981
0.10367018045836714
0.10424631332644109
0.10443353356038516
0.10554630056582526
0.10469967030185605
0.10549700245815868
0.10502478064172995
0.10478764300996639
0.10478764300996639
0.10520664273739237
0.10462729863923223
0.10450950517513907
0.1047151130214301
0.1043281359126973
0.10460740997518099
0.10571758471468296
0.10499922003053147
0.10372838497744895
0.10372838497744895
0.10426079593075316
0.1032185221165463
0.10347323338755603
0.10391102637637133
0.10372007193982442
0.10341495998200978
0.10341495998200978
0.10368073813027091
0.10348256000516985
0.10525820740350707
0.10424673405864383
0.10424673405864383
0.10539267748193369
0.10539267748193369
0.10539267748193369
0.10562709881802676
0.10577978661513548
0.1059873654098453
0.10491082157214049
0.10508894254070836
0.10501841885416648
0.10501841885416648
0.10529060001793865
0.1053486856991037
0.10650187550934762
0.10791526139661194
0.1071216873809306
0.10575815994431341
0.10639576376620781
0.10736941323506168
0.10768340639183417
0.10659788364113258
0.1052786477571519
0.1049006989210613
0.10493073741781901
0.10493073741781901
0.10493073741781901
0.10484676366650046
0.10603329597659376
0.10631377855649307
0.10748153202454304
0.10740835303207799
0.10740835303207799
0.1073294467806773
0.10828301308272077
0.1083600536931681
0.10798910819454581
0.10802355987726958
0.10884042044047174
0.10886334198649217
0.10937623067939702
0.10859206390830112
0.10735725255850578
0.10683518155125353
0.10683518155125353
0.10814808931880747
0.10701345905780935
0.10655891353519463
0.10634336455708383
0.10778476677557061
0.10727729817401108
0.10774449464181284
0.1077887624245515
0.107774252117557
0.10821296566752944
0.10881488674748956
0.10881488674748956
0.10976815579928613
0.10944164567576377
0.10825105934364222
0.10881344647428781
0.10834038233924806
0.10834038233924806
0.10896113427829611
0.10885637230430736
0.10885637230430736
0.10926423526053337
0.10928487988220233
0.10942621515417561
0.1079947187850593
0.10784768244514063
0.10857935919017007
0.10884774167994415
0.10884774167994415
0.10821456877733858
0.1091178036016502
0.10965862015720217
0.1091975732923991
0.10868142327045686
0.10784564127855743
0.10784564127855743
0.10894954037772456
0.10786164437131884
0.10787399248342418
0.10702023637144323
0.1077315418714469
0.1077315418714469
0.10744418672464019
0.10744418672464019
0.10886262358791299
0.10869459523502059
0.10892489546195708
0.10914044726586605
0.10813199760259745
0.10865034813295227
0.10822567885703914
0.10822567885703914
0.10801470493135978
0.10863614711702423
0.10867007061270352
0.1087961244096383
0.11072152044260196
0.11150968445296533
0.11213163452297474
0.11213542519179442
0.11213542519179442
0.11144012905092597
0.11198895406314398
0.11154378841554975
0.1116839745438308
0.11148771779179369
0.11148771779179369
0.11140876801956943
0.11160061296668271
0.1103449459511718
0.11070987692838645
0.11138827480083532
0.11219400809274752
0.11128789337136365
0.11138964392740588
0.11080593836841565
0.11193945763935305
0.11103164875673947
0.11058565017925275
0.11058565017925275
0.11072185781820797
0.11143174065451746
0.11066995613954246
0.11066995613954246
0.11135905792612041
0.11132340065780041
0.11172241781334609
0.11131031678563709
0.11059135368747008
0.11059135368747008
0.10966329182541425
0.10966329182541425
0.10966329182541425
0.10922835584081717
0.10899334303184736
0.10779259308744428
0.10779259308744428
0.10779259308744428
0.10846329250228778
0.10849880864957478
0.10930644710828336
0.10989683369206041
0.11027542397025042
0.10981904442875838
0.10932373838111968
0.10951315230997212
0.10981364291496067
0.11066028585377172
0.11037930651045968
0.11143410430077727
0.11200688018958979
0.11193586421882384
0.11177246909476107
0.11141480945148119
0.11141480945148119
0.11236348111906351
0.11166301155860836
0.11196376340194436
0.1126994670408846
0.11283056268310426
0.11378328107801781
0.11378328107801781
0.11271808729710078
0.1115984860980152
0.11261346739692003
0.11368028077137747
0.11304425218502209
0.11332690025354505
0.11372854665648939
0.11369569537982241
0.11369569537982241
0.11390007682857792
0.11360866322062896
0.11360866322062896
0.1135417470484924
0.1135417470484924
0.11355782035108837
0.11373947419912667
0.11373947419912667
0.11404623486662738
0.11404623486662738
0.11310793541056578
0.11315036228626374
0.11268301407588012
0.11168675608805223
0.11236226521400379
0.11236226521400379
0.11236226521400379
0.11177645845764878
0.11262877555885405
0.11395531368862426
0.11395531368862426
0.11395531368862426
0.1143089931592557
0.1137656475371676
0.11366278333611561
0.1128900210027417
0.1128900210027417
0.1129129219538093
0.11238796589472179
0.11226645324857037
0.11254547135284798
0.11322901413466814
0.11322901413466814
0.11336720621563198
0.11336720621563198
0.11336720621563198
0.11336720621563198
0.11248171521147085
0.11306677091495826
0.11209652551345582
0.11161626759778953
0.11122382079063187
0.11160376833146231
0.11160376833146231
0.11183696390815002
0.11214208835383191
0.11169723078798159
0.11169723078798159
0.11236514678041282
0.11217801358618924
0.11277719256231578
0.11277719256231578
0.11277719256231578
0.11270249904085122
0.1125839139271696
0.11316431103131612
0.11190493429094676
0.11212360678290678
0.11233305157150443
0.11233305157150443
0.1116961426184189
0.11299745778230107
0.11106148210337125
0.11072479541094139
0.11203192521810608
0.11253840128205635
0.11206643444146996
0.11205368790209391
0.11181534089561275
0.11169723297556769
0.11169723297556769
0.11169723297556769
0.11130137370348209
0.1113262272077175
0.11201097524233043
0.11201097524233043
0.11315871654546304
0.11243143543860779
0.11224450116412323
0.11117372933139315
0.11117372933139315
0.11202515021595873
0.11262477899840062
0.11184144303120098
0.11093879690876929
0.11155321792397738
0.11191862660160998
0.11295048385119368
0.11267650237075809
0.11331799689571957
0.11348493864665449
0.11420718889843254
0.11342162051228613
0.11342162051228613
0.11260852845504307
0.11355061438713926
0.11309737027570807
0.11251987740033403
0.11282603735015762
0.1130960628944952
0.11289882796818815
0.11289882796818815
0.11332111298728426
0.11313901721762999
0.11261387781259029
0.11205237797210205
0.11205237797210205
0.11173058778932492
0.1115240458454648
0.1115240458454648
0.1115240458454648
0.11199316889631618
0.11321582831326772
0.11321582831326772
0.11321071961730944
0.11301514808559954
0.11301514808559954
0.11301514808559954
0.1132573142384544
0.11320577330373661
0.11320577330373661
0.11404142180981298
0.11293945048665861
0.11413655498364395
0.11384554411717845
0.11384554411717845
0.11384554411717845
0.11384554411717845
0.11457803512475098
0.11457803512475098
0.11491463297316215
0.11491463297316215
0.11505680685979774
0.11406017859242575
0.11320988304926716
0.11370926100525956
0.1127358842846481
0.1121260188179527
0.11287031804834921
0.11254049205572786
0.1127837388428681
0.11291043499248693
0.11291043499248693
0.11202500187030884
0.11184834125810544
0.11184834125810544
0.11018287753760585
0.10979301893077704
0.11003974425393981
0.1096785828396986
0.10882890991057236
0.10874525633173424
0.10824537247856789
0.10830858607254654
0.1081077803651317
0.1081077803651317
0.1081077803651317
0.10857032345298571
0.10886972047742073
0.10886972047742073
0.1088391784158596
0.1088391784158596
0.10884824225424068
0.10884824225424068
0.10846219325619448
0.10935933439616284
0.10884596522601263
0.10823217977682892
0.10777098232297005
0.10793325431271455
0.10793325431271455
0.1087378736086103
0.10856714848067806
0.10815041072787182
0.10849849579671493
0.10849849579671493
0.1090116603537113
0.1090116603537113
0.1090116603537113
0.10976751101941527
0.10991333424306543
0.10965631190343551
0.10908602584284702
0.1090717813963216
0.1090717813963216
0.10870879202928625
0.10870879202928625
0.10870879202928625
0.1091792674694249
0.10928964517841172
0.1091414299291099
0.10965643792856393
0.11060836049551058
0.11018941811361266
0.11018941811361266
0.10976510946940402
0.10993690852370257
0.11104245131707409
0.11115420577453075
0.11119855828645715
0.11174618750135112
0.11124465681978786
0.1107647260613233
0.11113501284994348
0.11113501284994348
0.11088283612466875
0.11067193938523523
0.11205899067419753
0.11178638628734831
0.11178638628734831
0.11174650777945896
0.11174650777945896
0.11178624501728807
0.11175035923523152
0.11080829529773943
0.11080829529773943
0.11061527026426536
0.11013046416007982
0.10960481679385556
0.1085314203083546
0.10828823415969563
0.10838832137503258
0.10827908684921564
0.10825970919845017
0.1075872871706722
0.10789238370945332
0.10809723605088045
0.10747223399943519
0.10756927530028983
0.10835101181975498
0.10835101181975498
0.109020949564088
0.109020949564088
0.109020949564088
0.109020949564088
0.10829891155424733
0.1086503019227498
0.10937052385417521
0.10962246104194566
0.10962246104194566
0.11006968719895105
0.10988407781855515
0.10977959326851514
0.11073303048066382
0.1101748724402796
0.10965719964499474
0.10965719964499474
0.10965719964499474
0.10890849805858573
0.10858181453044388
0.10858181453044388
0.1078232945124215
0.1078232945124215
0.10840714978678252
0.10985579149253016
0.10889893019418312
0.10871355372015043
0.10871355372015043
0.1095469595865318
0.10889043497501232
0.10889043497501232
0.1086000257038641
0.10881920205299872
0.10843149323732894
0.10843149323732894
0.10943688436899064
0.10921909284841565
0.10879442735390105
0.1107001508232019
0.11053815709230873
0.11056081690297723
0.1107883616905596
0.11052370939836041
0.11202306908759238
0.11238611673979722
0.11238611673979722
0.11235469329930482
0.11162448316096613
0.11096256375310018
0.11231831887379208
0.1106841093705169
0.11106377574211676
0.11066261135360435
0.1111880589019207
0.1111880589019207
0.1111880589019207
0.11052635620014296
0.11093805004196998
0.11229976666758909
0.11229976666758909
0.11239471298960715
0.11239471298960715
0.11222370619250036
0.11222370619250036
0.11214989413113675
0.11202087765239475
0.1120924335739147
0.1120924335739147
0.11150952008569158
0.11150952008569158
0.11112154780190782
0.11112154780190782
0.11112154780190782
0.11112154780190782
0.11112154780190782
0.11062425931473426
0.1102979688696565
0.1102979688696565
0.11112190427380411
0.10967486675836707
0.10937322131600173
0.10933389401531105
0.10870090216316178
0.10729171675020213
0.10747597664499627
0.10691113177761916
0.10798391639127373
0.10835493913049153
0.10672364401126821
0.10713129108233697
0.10713129108233697
0.10707463832988001
0.10707463832988001
0.10766267934644407
0.10766267934644407
0.10603173689906882
0.10641652818022578
0.10595711715884397
0.10700449211285248
0.10700449211285248
0.10716714891984583
0.10626690694787932
0.10626690694787932
0.10568217811283667
0.10469431410738379
0.10561196742226188
0.10561196742226188
0.10494551204221372
0.10641840144921665
0.10656872408026698
0.10656872408026698
0.10660722688726872
0.10666737970034303
0.10552517588914133
0.10666198383164745
0.10641225688437023
0.10641225688437023
0.10482499431213899
0.10482499431213899
0.10510102348646158
0.10484833377036458
0.10493776437154166
0.1064149802400478
0.1068382383571867
0.1068382383571867
0.1068382383571867
0.10752056397014914
0.1077685453836232
0.1077685453836232
0.1077685453836232
0.10777962250609191
0.10783405940248525
0.10823588887838975
0.10783260779949635
0.1075289242317114
0.10836899074964024
0.10836899074964024
0.10836899074964024
0.10836899074964024
0.1093969601216941
0.10966079171336915
0.11018893163233003
0.11089757830492498
0.11089757830492498
0.11098948103887517
0.11085567766743464
0.1107040877203214
0.1107040877203214
0.1109436347038828
0.11074606635298476
0.11074606635298476
0.11104127470862041
0.10996898107237071
0.10966466604105653
0.1086278905820246
0.10817698068345584
0.10816898774661005
0.10772809471795725
0.10898062035221517
0.10874318884523537
0.10916368238999351
0.11003541281742968
0.11008603091433095
0.1105915707100624
0.1105915707100624
0.11038150711794144
0.11001530082429711
0.10934346146244239
0.10944992426192918
0.10944992426192918
0.10944992426192918
0.10944992426192918
0.10944992426192918
0.10944992426192918
0.10944992426192918
0.10995419647709952
0.10995419647709952
0.10952293942714703
0.10901858007151731
0.1105660292957728
0.1105660292957728
0.10999971538535994
0.1116873760079435
0.11212311111222949
0.11019706591287325
0.11113234752820492
0.11089319715759567
0.11089319715759567
0.11161754417963378
0.11113914303326501
0.11206464359592636
0.11187153394471544
0.11193977555997
0.11210896896480903
0.11288522234731108
0.1129972476696608
0.11242787854174069
0.11260948286455365
0.11322723079187978
0.11322723079187978
0.11258197252551772
0.11087908800883384
0.11079785798700682
0.11079785798700682
0.110886645284889
0.110886645284889
0.11110116858011772
0.11102195592443025
0.11141727141856114
0.11070558006318573
0.11042231279122132
0.11002927724049658
0.1092669188368811
0.10892217052609096
0.10892261085177392
0.10892261085177392
0.10711363511886325
0.10742583221358497
0.10704770378257086
0.10632563866387992
0.10567582296486079
0.10634226860551352
0.10634226860551352
0.10634226860551352
0.10590538031475645
0.10635533576876875
0.10677575982091687
0.10642022144358475
0.10642022144358475
0.10657878968596438
0.10660059175134838
0.10660059175134838
0.10663425500515
0.10646528808558064
0.10646528808558064
0.10566949354369953
0.10514626865568684
0.10599451205419477
0.10570743615590944
0.10635224438455536
0.10608148196945433
0.10629155304794186
0.10621053097617578
0.10650393911083539
0.10669794911193009
0.10669794911193009
0.10808747891810291
0.1086337192827432
0.10896368642508555
0.10995802845141621
0.10984195628735137
0.11099041334762659
0.11106252240057143
0.10959874644835033
0.10872014773828126
0.10872014773828126
0.10852216708927859
0.10852368177936893
0.10852368177936893
0.10691299758248539
0.10748742149077646
0.10748742149077646
0.10773023498103482
0.10828325139428868
0.10836906338373631
0.10836906338373631
0.10766861579102852
0.10731568138093678
0.10731568138093678
0.10640750312952399
0.10733134632629009
0.10737003063006939
0.10709125791250929
0.10709125791250929
0.10758562110052389
0.10859012012692304
0.10915448579496366
0.1089888205487482
0.10894243723527003
0.10757256036953744
0.10782280166996268
0.10734049384398534
0.10734049384398534
0.10675716580546961
0.10697467407665164
0.10616021899048173
0.10638918426324799
0.10682568513204609
0.10608053751799983
0.10621235803985331
0.10612206672163871
0.10419630237980831
0.10486378058420805
0.10494880458058267
0.10499374573459279
0.10525235771416289
0.10497089152484934
0.10579800291225022
0.10561839584829388
0.1053895337668036
0.10511405108585914
0.10381341332886687
0.10381341332886687
0.10437491671303405
0.10538853353792636
0.10493515075373587
0.10498373855666238
0.10443682122433517
0.10341066540468657
0.10406629438858044
0.10406629438858044
0.10406629438858044
0.10482475442609825
0.10482475442609825
0.10466987084341736
0.10485206702196065
0.10454571687292805
0.10533314367806709
0.10558443184784069
0.10524840088294535
0.10562781763704472
0.10516550908525027
0.10516550908525027
0.10602293500531372
0.10602293500531372
0.10511056603679231
0.10586843606894628
0.10557459608388664
0.10551034906044615
0.10636774752077134
0.10651048690616105
0.10677491027924613
0.10785302646780576
0.10843469875802163
0.10803749890474161
0.1082224610400671
0.10764395432926822
0.10891761788828933
0.10902822962375872
0.10866499587273153
0.10776023939119486
0.10907028408224353
0.1084981248376879
0.10845195777621931
0.10845195777621931
0.10768121680666362
0.10722321416272136
0.10772121116614446
0.10820680162427601
0.10781716653779849
0.10844333685513674
0.10844333685513674
0.1072899193688396
0.10589361984078136
0.10640038063416886
0.10705443767288216
0.10643367310520097
0.10609414208196516
0.1061300309296757
0.10513075570482823
0.1053794112603105
0.10708175529154722
0.10708175529154722
0.10708175529154722
0.10732079679582031
0.10722870337593494
0.10715958010153619
0.10672974574596626
0.10756518084458129
0.10758654915919229
0.10730442600006512
0.10787483700120971
0.10600484716053457
0.10550495768155724
0.10550495768155724
0.10608315823368936
0.10587062660615162
0.10698698722566241
0.10698698722566241
0.10714823683931107
0.1066751122982009
0.10774396126608968
0.10792608975632856
0.10792608975632856
0.1069446046683398
0.10558852438010895
0.1054912323081639
0.1054912323081639
0.10472218930992816
0.10605696378757397
0.10605696378757397
0.1058005500849685
0.10689719667041753
0.10659700528205365
0.105890076278956
0.10502926715590756
0.10562635259301378
0.1069245321325213
0.10685617621901708
0.10699442669248341
0.10752256741866259
0.10725646172526983
0.10754838427377897
0.10714076883668293
0.10714076883668293
0.10668351587030081
0.10465485262147921
0.10429106878405368
0.10429106878405368
0.10429106878405368
0.10415147056076489
0.10415147056076489
0.10387883506078062
0.10439605252759154
0.10439605252759154
0.10469487870471338
0.10469487870471338
0.10469487870471338
0.10469487870471338
0.10469487870471338
0.10457393683603418
0.10445937908305737
0.10407136055716869
0.10536146038620102
0.10608039074310509
0.10629335482105146
0.10629335482105146
0.10648704799887262
0.10611146326514741
0.10624808486074518
0.10610044777630771
0.10636422484344892
0.10763719240800708
0.10841740074846051
0.10871272085548755
0.10836191873273464
0.1092206709325415
0.1092206709325415
0.1092206709325415
0.10849871971345505
0.10849871971345505
0.10738775899581776
0.1071930571930256
0.1072485900302016
0.10739188901537362
0.10875672476530043
0.10872399561314032
0.10737061203588662
0.10833185253644739
0.10841177441865203
0.10820149903507106
0.10847472062086351
0.11048718475389098
0.10931105119485322
0.10948342708387601
0.10930889410770918
0.1082842523107499
0.10861541878717389
0.10889398244166976
0.10853628838274677
0.10677644037351929
0.10584564800106132
0.10525348237935522
0.10588504133814591
0.10743173159669964
0.10815696554962541
0.10791943697154406
0.10783364411851463
0.10913579903233647
0.10974144118663193
0.11075342711579227
0.11013288374835024
0.10976234976222432
0.10977728318349335
0.1094771076047452
0.1093248394333924
0.1093248394333924
0.10957424641325741
0.10965515447476491
0.1095258789044825
0.10782536591056231
0.10753883673350655
0.10730990134722022
0.10703495729721722
0.10600645039085198
0.10600645039085198
0.10581883882630051
0.10581883882630051
0.10497709990567934
0.10538278923814874
0.10698607705231789
0.10698607705231789
0.10810805774822957
0.108112392410668
0.108112392410668
0.10715798019415047
0.10658901840235321
0.10633112214935893
0.10633658096731329
0.10645707951947324
0.10721670573655441
0.1081244408319812
0.1081244408319812
0.1081244408319812
0.108121917554102
0.108121917554102
0.10865684581717334
0.10824111696108256
0.10820899829729609
0.10866980484562008
0.10809344938687922
0.10888631741396328
0.10951416272970296
0.10985576277306638
0.10985576277306638
0.109381892070797
0.1084286019352342
0.1084286019352342
0.1084286019352342
0.10868573410942473
0.10885949746452443
0.10958465239780205
0.10940534901467214
0.1099198930877587
0.11091519151783749
0.11253877681812309
0.11212128537280226
0.1126008331489956
0.1126008331489956
0.1126008331489956
0.1126008331489956
0.1126008331489956
0.11167769953828503
0.11167769953828503
0.1107609663734797
0.11091540959885743
0.11187674771086324
0.11090558498989547
0.11087156686057768
0.11075761007963364
0.11105408802998525
0.11105408802998525
0.11102478797772963
0.11174430981043187
0.1116828645707036
0.11025385488021519
0.10905202949387653
0.10898893199841142
0.10906380579042813
0.1088913993156018
0.10784254014977009
0.10812687120270867
0.10812687120270867
0.1073737700495276
0.10715959949610449
0.10761412856494938
0.10761412856494938
0.10741114083262845
0.10760981730204289
0.10781889227523461
0.10820771188744262
0.10820771188744262
0.10726984126473167
0.10726984126473167
0.10695604103847801
0.10695604103847801
0.10610812166287542
0.10620191106285502
0.10624451359040829
0.1062004730143579
0.10603722894881845
0.10603722894881845
0.10584528842873002
0.1063472073880526
0.10610154971773857
0.10447877634536884
0.10578102784378401
0.10588156681855192
0.10562525914802841
0.10696559013373298
0.1073555182189876
0.10775292988910205
0.10718307113041335
0.1066816230204013
0.1057362187036198
0.1058640777156205
0.1058640777156205
0.10648171373464678
0.10648171373464678
0.10675649897742574
0.10771926629208012
0.10818858313368292
0.1082486767727672
0.10868572617885937
0.10951983818171665
0.1087899917468925
0.10897006418186826
0.10903492827248908
0.10903492827248908
0.10903492827248908
0.10984568719157911
0.11050282231998675
0.11093529780829238
0.10995815311965203
0.10865278325072054
0.10743891132489813
0.10775763285235813
0.10775763285235813
0.10851651271311309
0.10847622768229077
0.10754088022462223
0.106383421444273
0.1071391392423094
0.10721293168980943
0.10777940085148048
0.10775510492127827
0.10881757741963562
0.10874820317276364
0.10874820317276364
0.108093951454422
0.10725376650937242
0.107635086997481
0.10804536648791933
0.10850388552630175
0.10850388552630175
0.10742655181810414
0.10742655181810414
0.10752628484148448
0.10858570527814837
0.10870135679139585
0.10957847377304439
0.10957847377304439
0.1084691911322345
0.10868528957566442
0.10868528957566442
0.10743685698874622
0.10743685698874622
0.10743685698874622
0.10743685698874622
0.10743685698874622
0.10673567808391758
0.10741702325069125
0.1073356622136157
0.1073356622136157
0.10642917345913229
0.1056056347348259
0.10646550523782566
0.10704681067936715
0.1072461865439653
0.1072461865439653
0.10821219441338432
0.10803453307470476
0.10813441985661013
0.10775488031286397
0.10775488031286397
0.10822523881889072
0.10682613645182037
0.1071448923310995
0.1079855460828039
0.1069760220041249
0.10711691666362277
0.10578754052357996
0.10658131265376326
0.10658131265376326
0.10734580519789641
0.10630682899953883
0.10714436023040304
0.10759817380782326
0.10759817380782326
0.10818024676877434
0.108236448918158
0.10916356974170532
0.10862091424748065
0.10834511098295055
0.10750707530699605
0.1064060399438813
0.1070143832975727
0.10733495395734217
0.10776648677227942
0.10877090170840428
0.10852403402475828
0.108963812578791
0.10902392001951346
0.10860691688350928
0.10715234873427233
0.1062887000245151
0.10662883649725921
0.10662883649725921
0.10684478137943376
0.10796328353927344
0.10802484949302592
0.10796025907129968
0.10615635992031892
0.10570526042068414
0.10585390820142256
0.10585390820142256
0.10452946676930859
0.10527582675053118
0.10513340181987085
0.10583128077005095
0.10581585240452274
0.10581585240452274
0.10514965276059725
0.10548336093527212
0.10485945542892935
0.10450287185010687
0.10532565340991609
0.10328881820786029
0.10404806771957846
0.10404806771957846
0.10287823769255698
0.10287823769255698
0.10287823769255698
0.1035715115393774
0.10337085899192609
0.10377888081307181
0.10283244809091267
0.10201128874616612
0.10186560241988933
0.10308093354493462
0.10213400119385703
0.10251845249007209
0.10166795249508206
0.10119710947873335
0.10162311298387432
0.10136176455545796
0.10112827824512247
0.10235038424243799
0.10195888046644953
0.10195888046644953
0.10233565236672611
0.1030039357552504
0.1030039357552504
0.10212479365691363
0.10111625679697722
0.10111625679697722
0.10246795752193813
0.10298974645584767
0.10344234405977876
0.10228611459690036
0.10196144709252568
0.10157938213142664
0.10176596777082483
0.10276083127211347
0.10276969709117696
0.10220453599872738
0.10220453599872738
0.10181671272398303
0.10205811772157503
0.10202376404472757
0.10225585033800023
0.10252164813625007
0.10258060302848164
0.10275086271248376
0.10296549200688299
0.10336782698571897
0.10188857360527608
0.10141860136608215
0.10153533710397943
0.10047444426319603
0.10031507506218525
0.10022018094328151
0.10031801469091987
0.1019478968991811
0.1019478968991811
0.1019478968991811
0.10118078842289646
0.1007645462336497
0.10051294469796934
0.09987577538235887
0.09973772202703746
0.09973772202703746
0.09957166927113578
0.09996502592375534
0.09926154982626913
0.09876527427366086
0.0992844215256968
0.09850237651837213
0.09848857806709126
0.09848857806709126
0.09848857806709126
0.09804665135598492
0.09750472463740402
0.09750472463740402
0.09846371349227705
0.09960322303232756
0.09859643245688374
0.09939456671138845
0.09939456671138845
0.09957030682736409
0.09918680884121496
0.0991755104898442
0.09967899212841133
0.09967899212841133
0.09930621619101991
0.09911298453941782
0.09983917491110529
0.10080914239235936
0.1002180819603042
0.09989791861290528
0.09989791861290528
0.09937830087626497
0.09937830087626497
0.10076228049397007
0.10015110708220608
0.0999199279023362
0.0999199279023362
0.09941790987719112
0.09958099638507607
0.09834680468350987
0.09834680468350987
0.09834680468350987
0.09842143898665076
0.09842143898665076
0.09884588681597674
0.09926140111617633
0.09841872080121356
0.0986844465385014
0.0986844465385014
0.09768914854325778
0.09661507008099848
0.09563335831226556
0.09655050576114393
0.09769994507484042
0.09779943345815886
0.097909515105076
0.09807659205845846
0.09712060553190414
0.09771842507458045
0.09775530269433219
0.09834350038244051
0.09810800081206605
0.09791892606123077
0.09881051304037057
0.09813415913816428
0.09753447420936426
0.09847769188675862
0.09946099713428766
0.09946099713428766
0.10040582083058391
0.10114991956266023
0.10121256460966228
0.10217844175401868
0.10217844175401868
0.10217844175401868
0.10188925313138945
0.10166467459795192
0.10166467459795192
0.10090407509351396
0.10008533969529189
0.10020070259772178
0.09998601933249186
0.09960334851039862
0.1003860595874978
0.10106845221214045
0.10079856688004676
0.10023693482565832
0.10039147496667712
0.10031837553593331
0.10031837553593331
0.10084768064318392
0.10084768064318392
0.10126940038613154
0.10200089324247341
0.10200089324247341
0.10200089324247341
0.10200089324247341
0.10092414559731881
0.10092414559731881
0.10226041718133187
0.10130809519533872
0.10130809519533872
0.10041709131545917
0.10178129988981613
0.10160434443428333
0.10191022674427387
0.10169958004936865
0.10169958004936865
0.10196634332344084
0.10187304858891513
0.10187304858891513
0.10322283042509359
0.10281638570277252
0.1028644936686861
0.10292075931272675
0.1024145315471672
0.10183932454297911
0.10197305700317595
0.10201291894830714
0.10228028215901909
0.1029336631527157
0.10311167698652196
0.10356003358491674
0.10321924857891454
0.10481666030532442
0.1042681845006399
0.10390496543545677
0.10409882174024886
0.10260443020546683
0.10362978079739515
0.10427940799545762
0.10427940799545762
0.10443251628843307
0.10454075989933055
0.10438472213455866
0.10515074327628973
0.10539317615002344
0.10629295798683813
0.10614229906339202
0.10699820213872516
0.1075903149758169
0.10856800680314707
0.10889140659980114
0.10914743946371913
0.10892090252445531
0.10892090252445531
0.10892090252445531
0.10870304422931246
0.10811800447505607
0.10811800447505607
0.10811800447505607
0.10804707306665753
0.10804707306665753
0.10704654391212085
0.10674416261580676
0.10711128128955813
0.10811020364874384
0.1079841446589372
0.10775260090984144
0.107542709642198
0.10802571605103328
0.10828458398480047
0.10828458398480047
0.10852838936645616
0.10947835161583133
0.10861587488036051
0.10922808892334457
0.10957287103823689
0.10955069115862348
0.10955069115862348
0.10926817827336091
0.10926817827336091
0.10921256160583351
0.10845289459393889
0.1081601424170763
0.10835077929567288
0.10775425856949548
0.10775425856949548
0.10813499982976958
0.10823393363730205
0.10859601153572401
0.10859601153572401
0.10878687543709357
0.10900182367654407
0.10900182367654407
0.10942296272258129
0.10938869215114227
0.11000096618907894
0.11041088605460087
0.1102646793794102
0.10986900432778746
0.10964824943931523
0.11004473244405878
0.10957342808650367
0.10957342808650367
0.10911313922927805
0.10930759273639551
0.10929254780166907
0.10929254780166907
0.1089902089520542
0.10904850717158854
0.10976009122421951
0.11005177358464208
0.10914482500875541
0.1086453940299234
0.10845844862327167
0.10808432874297473
0.10848128620886259
0.10762143145461804
0.108882059501971
0.108882059501971
0.10881434149259456
0.10832496206914229
0.10685770916962568
0.10768709105038399
0.1085097891935928
0.10860109825390578
0.10851251794818033
0.10827377053000564
0.10749646042756919
0.10810131298898445
0.10786608797447639
0.1079676315449214
0.10854829167811104
0.10943931015900027
0.10933306054987407
0.10951184581953351
0.10951184581953351
0.10962273854376499
0.10980338858153074
0.10980338858153074
0.10936926662875916
0.10909804298857684
0.10865618301675116
0.10893193550833218
0.10807024514060742
0.10620512683310504
0.10720953989918089
0.10715166498277288
0.10715166498277288
0.10715166498277288
0.10733379715821725
0.10686218488428746
0.10658758663433143
0.10658758663433143
0.1063973016112109
0.10719342172816955
0.1063541959098905
0.10635990718383273
0.10731362029057094
0.10731362029057094
0.10735705742237142
0.10823327218498886
0.10823327218498886
0.10756238919785208
0.10663658553691331
0.10663658553691331
0.10720212509879706
0.10824894907821118
0.10830989705475556
0.10938744435296267
0.10935903271330034
0.11008186033207276
0.10845146215138758
0.10833338834009609
0.10757492700513396
0.10734031182724942
0.10734031182724942
0.10716863181776785
0.1072624154070154
0.10660967904356312
0.10628288725772655
0.10586202173305366
0.10605876042503216
0.10547268734380008
0.10526471659195269
0.10587864746629656
0.10587864746629656
0.10587864746629656
0.10601778306667611
0.10564151628552518
0.10567403784097434
0.10512042590742574
0.1055226676578249
0.1055226676578249
0.10598400066440222
0.10557952385381757
0.10432863347062815
0.10432863347062815
0.10434789958380195
0.10434789958380195
0.10490600662223086
0.1053504292862034
0.1054537598783636
0.10545630749466588
0.10461438401827906
0.10461438401827906
0.10461438401827906
0.10535809421379794
0.10726377819356807
0.10631894566783542
0.10631894566783542
0.10635212837920821
0.10707797130051586
0.1065188101828068
0.10639651899560162
0.10682782269372587
0.10659958970368336
0.10669341230051703
0.10655845983204658
0.10655845983204658
0.10655845983204658
0.10794745555050683
0.10794745555050683
0.1079497233571446
0.10761209218701044
0.10761209218701044
0.10720051856727032
0.10704915550983014
0.10801845177404656
0.1087773770946441
0.1090920723886359
0.10896241010809997
0.10834782719556946
0.10893001275004645
0.10893001275004645
0.1098613531513509
0.1098613531513509
0.11063964960327306
0.11096642086173278
0.11055639896676249
0.11037140598140666
0.1112326274519605
0.1112326274519605
0.11175234944090724
0.11175234944090724
0.11129149039154715
0.11071097859083183
0.11004010593980408
0.10889088401903223
0.10868302668691483
0.10903655204674848
0.10945359617884487
0.10813667055181911
0.10859693579962046
0.10930553719551805
0.10866928268512963
0.10867797068108481
0.10867797068108481
0.10825245227663995
0.10730507114896164
0.10730507114896164
0.10613121067892897
0.10603796273752998
0.10685459271227672
0.10741301754628346
0.10741301754628346
0.1074627606150835
0.10669842258860969
0.10710283809120567
0.10623080999340825
0.10623080999340825
0.10664779118243696
0.10662876516582503
0.10703768614545153
0.1075123599808302
0.10719211416782855
0.10873736442225775
0.10806383176420953
0.10864714345608655
0.10959139149109307
0.10997949995426134
0.11075392342337101
0.11075392342337101
0.10996337602328045
0.10984220710394312
0.10943101918465026
0.10970654363880082
0.11097373919770855
0.11097373919770855
0.11056959863363931
0.11045553225682248
0.10941049434894476
0.10941049434894476
0.10905958042124017
0.10897528523296543
0.109364583211437
0.1101252647544079
0.10955870543717541
0.10984381972222813
0.10984381972222813
0.10959213081832507
0.10959213081832507
0.11019144691686901
0.11015587693474524
0.1113960682497665
0.1113483210894289
0.11130739039421306
0.11146026251197486
0.11178552140851572
0.11178552140851572
0.11219733732331759
0.11282281271249531
0.11271932354875269
0.11182864439089654
0.11149365356413074
0.11237959043266878
0.1123346593452846
0.1123346593452846
0.1123346593452846
0.11170201600978333
0.11250510114433614
0.11250510114433614
0.11161795877065146
0.11169486671562973
0.11205973063001605
0.11145963276014963
0.11190615785161845
0.11139230850643332
0.11139230850643332
0.11055484489924454
0.10965090878769841
0.1104245244561799
0.1104245244561799
0.1104245244561799
0.11010629422939534
0.11064943678698477
0.11064943678698477
0.11174018635035025
0.11174018635035025
0.11078867526880345
0.11100640168312396
0.10988907074172484
0.10971971819239647
0.11134209260114092
0.11040339385015312
0.11012372624728713
0.11012372624728713
0.11093978893028757
0.11154584822516446
0.11154584822516446
0.11084159866855114
0.11084159866855114
0.11003859983474493
0.11003859983474493
0.10897883218245456
0.10987841460026196
0.10987841460026196
0.10987841460026196
0.1103318661364364
0.1103318661364364
0.10970772926447354
0.10953130663537912
0.11104973545172361
0.11104973545172361
0.11234606290182043
0.11174352618558951
0.11383984709875947
0.11318495253262223
0.11318495253262223
0.11187374859121126
0.11215316919748657
0.11211281156104679
0.11296558139990225
0.11281463787068807
0.11281463787068807
0.11281463787068807
0.11252079431215353
0.113945674199381
0.1136688339706977
0.11280446682474002
0.11184784969171539
0.11184784969171539
0.11170335190967148
0.11184969451119303
0.11245092240735306
0.11273537136882492
0.11396955902155818
0.11378812495902525
0.11394414856545847
0.11394414856545847
0.1146652609382288
0.1146652609382288
0.11356928006336117
0.11374922896948295
0.11341014686298258
0.11279753304536835
0.11200035730377185
0.11147474184448336
0.1107106458964084
0.1107106458964084
0.10933201150657654
0.11028334889499022
0.1106939437096912
0.11055017008980766
0.11043804991792742
0.10942455689859337
0.10837593530490836
0.1085523291933285
0.1089268919199233
0.10932338779219468
0.1102573394214031
0.11161672973536622
0.11146853510441097
0.11121396688521255
0.11109696938732426
0.11094833094169687
0.11072802099548859
0.11072802099548859
0.11019578709329116
0.11089310005346607
0.11089310005346607
0.11135455564153846
0.11083244773330186
0.11213940753676592
0.1117167019441238
0.11144217275717662
0.11179989850189119
0.11216148627924695
0.11168560685442676
0.11206953202771326
0.11157026123870065
0.1107845378792694
0.1107845378792694
0.11089514554743844
0.11061199194199976
0.11030167857000542
0.11030167857000542
0.11030167857000542
0.11021809543572687
0.10945833341748032
0.10864706463213868
0.10822575031370475
0.10780595171772857
0.1079354489522263
0.10837470965577144
0.10668030338179245
0.10668030338179245
0.10656553010368061
0.10656553010368061
0.10656553010368061
0.10703096342159739
0.10634828710611219
0.10626572884442896
0.10648688716953573
0.10676124885854082
0.10676124885854082
0.10659753426785135
0.10492061157472103
0.10492061157472103
0.10532987039647561
0.10471583622366769
0.1037438585030426
0.1037438585030426
0.1039624028875766
0.1039624028875766
0.10418613967395066
0.10248713131320895
0.1023579173589685
0.10315014653762544
0.10379188206169186
0.10364221912093115
0.10364221912093115
0.10365822968617809
0.10456728631381937
0.1046082796264488
0.10396714921957495
0.10427856059702305
0.10329345718012177
0.10329345718012177
0.10337044113161194
0.10263473683110277
0.10263473683110277
0.10209012090315603
0.10188479627501867
0.10176610906105475
0.10306423960868605
0.10271033206222525
0.10236458281335205
0.10236458281335205
0.10283050965409925
0.10279538814493394
0.10279538814493394
0.10235730359005747
0.10235730359005747
0.10288187414381907
0.10288187414381907
0.10288187414381907
0.10263041938042339
0.10263041938042339
0.10173427108849453
0.10155222860638759
0.10206882412308725
0.10226226014375302
0.10256771938237827
0.10321381344974781
0.10338775339047247
0.10421389831306424
0.1034764203168323
0.10319973484950726
0.10319973484950726
0.10364380063814417
0.10442035528544574
0.1056220330143956
0.1056220330143956
0.105336853803888
0.10570859113407269
0.10527534903210635
0.10465445887755354
0.10363019755778628
0.10383675373560938
0.10244100419854842
0.10353707312977736
