0.13824104956205938
0.13824104956205938
0.13824104956205938
0.13824104956205938
0.13824104956205938
0.13824104956205938
0.13824104956205938
0.13824104956205938
0.13824104956205938
0.13824104956205938
0.13824104956205938
0.13824104956205938
0.13824104956205938
0.13824104956205938
0.13824104956205938
0.13824104956205938
0.13824104956205938
0.13824104956205938
0.13824104956205938
0.13824104956205938
0.13824104956205938
0.13824104956205938
0.13824104956205938
0.13824104956205938
0.13824104956205938
0.13824104956205938
0.13824104956205938
0.13824104956205938
0.13824104956205938
0.13824104956205938
0.13824104956205938
0.13824104956205938
0.13824104956205938
0.13824104956205938
0.13824104956205938
0.13824104956205938
0.13824104956205938
0.13824104956205938
0.13824104956205938
0.13824104956205938
0.13824104956205938
0.13824104956205938
0.13824104956205938
0.13824104956205938
0.13824104956205938
0.13824104956205938
0.13824104956205938
0.13824104956205938
0.13824104956205938
0.13824104956205938
0.13824104956205938
0.13824104956205938
0.13824104956205938
0.13824104956205938
0.13824104956205938
0.13824104956205938
0.13824104956205938
0.13824104956205938
0.13824104956205938
0.13824104956205938
0.13824104956205938
0.13824104956205938
0.13824104956205938
0.13824104956205938
0.13824104956205938
0.13824104956205938
0.13824104956205938
0.13824104956205938
0.13824104956205938
0.13824104956205938
0.13824104956205938
0.13824104956205938
0.13824104956205938
0.13824104956205938
0.13824104956205938
0.13824104956205938
0.13824104956205938
0.13824104956205938
0.13824104956205938
0.13824104956205938
0.13824104956205938
0.13824104956205938
0.13824104956205938
0.13824104956205938
0.13824104956205938
0.13824104956205938
0.13824104956205938
0.13824104956205938
0.13824104956205938
0.13824104956205938
0.13824104956205938
0.13824104956205938
0.13824104956205938
0.13824104956205938
0.13824104956205938
0.13824104956205938
0.13824104956205938
0.13824104956205938
0.13824104956205938
0.1381660771496344
0.1381660771496344
0.1381660771496344
0.13740496810400268
0.13740496810400268
0.13740496810400268
0.13740496810400268
0.13608886226032824
0.13416152092495723
0.1345562693501649
0.13459141304577965
0.13459141304577965
0.13434603344829982
0.1338889537208
0.1340687366019946
0.13420883982802512
0.13223500041385378
0.13223500041385378
0.1322211126661501
0.1316803988815738
0.13151189869117827
0.131501871181645
0.1316920983022364
0.13166254343735526
0.13166254343735526
0.13127930344542282
0.13075978710333078
0.13075978710333078
0.13058538979309614
0.13007290323380388
0.13012284133864122
0.13048662385028453
0.1302056395636394
0.13018579102284364
0.13017147330801973
0.13017147330801973
0.13017147330801973
0.13017147330801973
0.1302335344935522
0.12895186438402123
0.12897050559806555
0.1290400930268465
0.12856667856172144
0.12820395472650634
0.12820395472650634
0.12820395472650634
0.12701360049144922
0.12701360049144922
0.12701360049144922
0.12701360049144922
0.12701360049144922
0.12721419872301254
0.12759932806489746
0.12803281192127777
0.12781057628405745
0.1275379786545541
0.1266801614408933
0.12726228787724028
0.12726228787724028
0.12726228787724028
0.12726228787724028
0.12726228787724028
0.12753541309932126
0.12691867880408733
0.12691867880408733
0.12691867880408733
0.1253279683103299
0.12511228951949713
0.12337738014747532
0.1232744984670862
0.12346855662427648
0.12346855662427648
0.12297514431914669
0.12271524679248554
0.12271524679248554
0.12183068643871327
0.12183068643871327
0.12183068643871327
0.12197767572074675
0.12276593840367675
0.12276593840367675
0.12162213525444636
0.12120370022612269
0.12092529263775971
0.12111819985850192
0.12111819985850192
0.12091837861952204
0.12113458171601932
0.12063095865262739
0.12083902889012403
0.1207198463394329
0.1207198463394329
0.12079238473000949
0.11952282211035206
0.11876324329513753
0.11848912249934472
0.1186527407110584
0.11793950661737485
0.11766256244170671
0.11819373698403128
0.11797958115258617
0.11779655579149345
0.11700101916651973
0.11700101916651973
0.11663470185965379
0.11681445340900781
0.11799513428410721
0.11799513428410721
0.11813245766604923
0.11794420441097712
0.11777373433448204
0.11754741688685458
0.11754741688685458
0.11754741688685458
0.11754741688685458
0.11754741688685458
0.11752010835740871
0.11752162841523922
0.11640454726093301
0.11640454726093301
0.11640292867064547
0.11540852731588666
0.11583460547450194
0.11583460547450194
0.11583460547450194
0.11583460547450194
0.11583957584789079
0.11524274752378902
0.11505444076446185
0.11506463735111405
0.11367279144318192
0.11296295085475373
0.11344514049972942
0.11334366397212522
0.11334366397212522
0.11334366397212522
0.11334366397212522
0.11377992091831823
0.11394109164506641
0.11355300483818488
0.11327399879274953
0.11241876479766667
0.11116085553118196
0.11186730557472441
0.11169145003636892
0.11179079161351148
0.11111214814930974
0.11111214814930974
0.11023872031037749
0.11088420655530999
0.11224113026051205
0.11224113026051205
0.11199805635774594
0.11327470009373254
0.11282775922768663
0.11332089492735231
0.112621697299711
0.11266810020246948
0.11171988524747538
0.11171988524747538
0.11256146484385056
0.11204610000736775
0.11189124189430148
0.11189124189430148
0.11300540375562054
0.11222220863796115
0.11319174906994411
0.11352835933175394
0.11220909245958273
0.11033091437757198
0.11085694628081054
0.11135944781167652
0.1104644586948019
0.10887568009950649
0.10887568009950649
0.10818480229533282
0.10852033604358924
0.1076895716368187
0.10677173238957853
0.10677173238957853
0.10720651193810368
0.10628434902082892
0.10679347193100075
0.10657122710911482
0.10657122710911482
0.10737623834590228
0.10706754677329948
0.10649437240005293
0.10669466055738461
0.10593577791405359
0.10593577791405359
0.10524171627085853
0.10433845991906372
0.10470989441145463
0.10373670512363625
0.10283329065022567
0.10306015522748918
0.10315266103312615
0.10326812798417924
0.10212452185257004
0.10217421943009067
0.10217421943009067
0.10217421943009067
0.10341991501262897
0.10280397125511818
0.10456462812018019
0.10458119660765601
0.1054632636365727
0.1062436897401077
0.10556457789815428
0.10481039160715042
0.10481039160715042
0.10481039160715042
0.10620699605257106
0.10652143819394305
0.10652143819394305
0.10652143819394305
0.10691183781370853
0.10629870440798964
0.1060418516651698
0.10581243827803083
0.1048996252445198
0.10550908772409862
0.10566184759136242
0.106402938638258
0.10623511617697196
0.1058239839555987
0.10628683511875223
0.10628683511875223
0.10606838568252383
0.10533065048416908
0.1040855421774461
0.10343015276347198
0.10343015276347198
0.10331320866640152
0.10441561442035957
0.10533859325356
0.10597017377738494
0.10588599207697126
0.10533859803051
0.10512320225399348
0.10463718287059395
0.10343732065699286
0.1046365067395298
0.10541761156140293
0.10541761156140293
0.10475028805773608
0.10467069485676221
0.10463082882717147
0.1045339071695337
0.1045339071695337
0.10453637587948564
0.10453637587948564
0.10588834567637606
0.10561352318114602
0.10561352318114602
0.10638123214387454
0.10638123214387454
0.1066000688339729
0.10703923654797974
0.10585847056109991
0.10533177102553544
0.10526188191220301
0.10526188191220301
0.10533096373457267
0.10605697112438668
0.10534659347768786
0.10534659347768786
0.10534659347768786
0.10461780678480069
0.10461780678480069
0.10407528359594491
0.10240348788366725
0.1029825398014902
0.10327471474934082
0.10355835730121654
0.10331120470904442
0.10302412007290042
0.1032676251160504
0.10370710159179901
0.1034576508058782
0.10435972205315183
0.10435972205315183
0.10317474013127079
0.10423304887759753
0.10549298252603763
0.10549298252603763
0.105685247316891
0.10465830777607178
0.10500812983030337
0.10455813955754514
0.10465978292101462
0.10340974057315606
0.10358847675042869
0.10386822896582168
0.1031386513945492
0.10230578315151805
0.10196208106527632
0.10327453477885282
0.10307761895831175
0.10307761895831175
0.10392010554024107
0.10399808646586584
0.10499788637633765
0.10528733460661761
0.10611238473997442
0.10729725385427845
0.10729725385427845
0.10748343529825834
0.10750262231826116
0.1075535590441992
0.10679300882766789
0.10737892222076233
0.10753067784729668
0.10735381345748973
0.10830037657728349
0.10881827261281139
0.10874449412939069
0.10874449412939069
0.10874449412939069
0.10878113528209415
0.10813359657779359
0.10816069707520719
0.10766137579953797
0.10702637280540131
0.10684452056014383
0.10735065607005058
0.10876982993065298
0.10892554393912803
0.1077877716274259
0.1077877716274259
0.10798521570771273
0.10773392947454989
0.10773392947454989
0.10728084566506044
0.1068117241900611
0.10611815448376319
0.10595032687178042
0.1056919299478127
0.104954155843298
0.10535970314801203
0.10593190383234863
0.10674936914494046
0.10684535895534876
0.10744483876983242
0.10744483876983242
0.1075274743887955
0.10759032236039742
0.10870362612218747
0.10943755740954116
0.10943755740954116
0.10943755740954116
0.10912267087171748
0.10913125678653063
0.10913125678653063
0.10913125678653063
0.10927967023544209
0.10927967023544209
0.10927967023544209
0.10825690395433514
0.10873468083465113
0.10843225803744147
0.10805050637136329
0.10721320637519421
0.10690337286622599
0.1061757928549016
0.10650156868112533
0.10707782425284944
0.10660323121379953
0.10620789270205373
0.10620789270205373
0.10759276180074515
0.1081143086011963
0.10852194917324458
0.10827664740794377
0.10879220633780866
0.11007094436305541
0.11007094436305541
0.11007094436305541
0.10937672038792243
0.10824097940012332
0.108843565325794
0.10995442152515407
0.10879307186817895
0.10871557669423677
0.10871557669423677
0.11021098751690848
0.10954710862346329
0.10850176904379853
0.10857149344752966
0.10924047528276251
0.10954861381958257
0.10938721268481039
0.10875652671882302
0.10803242502503178
0.107920821116016
0.10743728390327145
0.10742414586807512
0.10742414586807512
0.10735468372505977
0.10893705151748288
0.10796259944295335
0.10796259944295335
0.10780328251558716
0.10780328251558716
0.10696174527207669
0.10751428623603522
0.1076255930572317
0.1076255930572317
0.10695650539028244
0.10695650539028244
0.1056927594306107
0.10507229095556149
0.10416741601383528
0.10353070703929028
0.10386726089786616
0.10381451523843176
0.10400196062005801
0.10367469329440965
0.10367469329440965
0.10351765874383885
0.10297792875590848
0.1033461036264515
0.10451342743980659
0.10391245924952439
0.10201572591041504
0.10201572591041504
0.10254159902905786
0.10333990133699608
0.10234628556947985
0.10148513924090127
0.10148513924090127
0.10117914566983119
0.10128274108770663
0.10128274108770663
0.10132084632671631
0.10224919570206148
0.10199276735214766
0.10176812803862856
0.10360819471178521
0.10379082265069321
0.10379082265069321
0.10416220192851308
0.10438010404667998
0.10438010404667998
0.10438010404667998
0.10380693286079089
0.10363225166108257
0.10455349182174083
0.10356235378747485
0.10340391429577227
0.10304600758968702
0.10304600758968702
0.10304600758968702
0.10239816383503943
0.10346796761015498
0.10346796761015498
0.10346796761015498
0.10387921932961529
0.10422384626511075
0.10422384626511075
0.10352161643181906
0.10237746048481909
0.10224157791122894
0.10160072508754527
0.10172659743660267
0.10220458907135113
0.10356171918739834
0.10356171918739834
0.10465569457395847
0.10534197954755178
0.1046078621241547
0.10352793483022354
0.1027335568155712
0.10292191871608242
0.10252804367002491
0.10264471207940286
0.10283727793661183
0.10323999036103428
0.1034398746742799
0.1037389784235252
0.10340713403947265
0.10382540460575833
0.10446555713359125
0.10446555713359125
0.10446555713359125
0.10508902842685117
0.10508902842685117
0.10508902842685117
0.10471402650740971
0.10471402650740971
0.10440794315958318
0.10440794315958318
0.10452313171822904
0.10431472287975947
0.10324075895862436
0.1023899111898002
0.10289741333233983
0.10289741333233983
0.10344434269867901
0.1043299362437144
0.10394863963436983
0.10378708109092229
0.10385849725788307
0.10316814886665093
0.1041857749666561
0.10410863950476765
0.10405965913954797
0.10353206816203972
0.10407566480345005
0.10275811219396816
0.10262032939982976
0.10154554386477498
0.10077658082727452
0.10249332933795095
0.10106995503006293
0.10066615013926519
0.10066615013926519
0.10066615013926519
0.10268173895806205
0.1029000850925407
0.10400826217512384
0.10400826217512384
0.1044183945601657
0.10310856107961501
0.10305233820188996
0.1029187333839165
0.103780483103625
0.10292474632106818
0.10262521099299013
0.10236630502220151
0.10236630502220151
0.10315633737143812
0.10315633737143812
0.10435879298152274
0.10435879298152274
0.10367839750637123
0.10443761144081319
0.10443761144081319
0.10394443381653337
0.10394443381653337
0.10396150053032102
0.10396150053032102
0.10381027050519649
0.10381027050519649
0.10425405282290391
0.10425405282290391
0.10425405282290391
0.10425405282290391
0.10369152819582177
0.10369152819582177
0.10408937107561939
0.10354472158841198
0.10387296497109567
0.10394342902825163
0.10326112065629985
0.10326112065629985
0.10326112065629985
0.10251728739697741
0.10232154969120143
0.10188761605684908
0.10178558495333624
0.1016795305446998
0.10239749336508931
0.10254817931809346
0.10217225110184772
0.10165930101540462
0.10332255283510279
0.10378582135416266
0.10401346099553727
0.10401346099553727
0.1039885090694683
0.10379282818801447
0.10357385252893313
0.10317491620339621
0.10301645492123288
0.10380896621784538
0.10461007611708362
0.10573186065062433
0.10579542375658252
0.10579542375658252
0.10579542375658252
0.10584113036043101
0.10584113036043101
0.10584113036043101
0.10599515795234937
0.10506355237437437
0.10442492523951895
0.10393226457675697
0.10406890851246316
0.10533711763615626
0.10533711763615626
0.10467334280546496
0.1038491436132693
0.10505178350302709
0.104948142690383
0.10589266039336778
0.10543807472793729
0.10362203274794225
0.10377222358362719
0.10450866589004205
0.1047486703568311
0.10488211064969295
0.10488211064969295
0.10461712792162604
0.10461712792162604
0.10461712792162604
0.10399573772613682
0.10399573772613682
0.10352161063157636
0.10325066023852811
0.10275266814352614
0.10384971832033096
0.10291497594099391
0.10291497594099391
0.10296522348351252
0.1037522295439739
0.10444801828556315
0.1040302064518643
0.10421234030714725
0.10439368878216664
0.10265859994578529
0.10247878167331016
0.10228533595891527
0.10381697191357335
0.10430128654705988
0.10392218091830319
0.10392218091830319
0.1045726160265671
0.10462064254433545
0.10478658983431648
0.10603132224879963
0.10509121027250357
0.10550156717600687
0.1067070715259713
0.10727134019443392
0.10664979450829767
0.10523926269234193
0.10600523649341899
0.10600523649341899
0.10600523649341899
0.10600523649341899
0.10670474973527817
0.10729100865531796
0.1059288927522105
0.10708789518223163
0.10751343795118051
0.10661003702667576
0.1070572879739098
0.1070572879739098
0.10530684959215414
0.10450979542907265
0.10561957222769831
0.10521975013607451
0.10521975013607451
0.10571724812147916
0.10442918544426574
0.10378093194424516
0.10416178882573983
0.1046539386056054
0.10486924273893748
0.10374685293423523
0.10495541320047061
0.10588580165601988
0.1062396508473102
0.10687257877865365
0.1072778108426978
0.10747201377243315
0.10747201377243315
0.10667888373818114
0.10699182816698222
0.10786328689032021
0.1079442245611209
0.1079442245611209
0.10702008607953427
0.10726173608976697
0.10678616358693538
0.1060106953844897
0.10569801212289907
0.1065930002799751
0.10685271810937913
0.10693760191415848
0.10875757363746193
0.1084528170042616
0.1084528170042616
0.1084528170042616
0.10859235251814368
0.10844070086968671
0.10844070086968671
0.10828797396496605
0.1077449234656185
0.10815165020376277
0.1086146640194829
0.10793219722463615
0.10751103140528223
0.10817382451060595
0.10718598835636307
0.10743192208260226
0.10764351483656963
0.10801160329063664
0.10774341719922288
0.10770501750045801
0.10740486935801932
0.10641022448077331
0.10641022448077331
0.10645922007506102
0.10708645347307486
0.10620697395465328
0.10620697395465328
0.10694954745416142
0.10700696352180608
0.10812223739808276
0.1071127397218341
0.10647347568611322
0.10766786429811104
0.10606772388065999
0.10534169819892975
0.10587873433394053
0.10548386875673815
0.10548386875673815
0.10561107123656341
0.1051820435618592
0.10495075158959866
0.10395436712638928
0.10400830332636257
0.10400830332636257
0.10349184782997779
0.10349184782997779
0.10338749845928508
0.10335963169646674
0.10299911804046785
0.10284169682633558
0.1037111657970006
0.10272479550419573
0.10302282010084228
0.10414153419880866
0.10377019758135848
0.10377019758135848
0.10374387549247763
0.10461088582944186
0.10427219158498298
0.10424937683443067
0.10510425532034028
0.10547996985309699
0.10679863284788821
0.10782968446801364
0.10883046142150553
0.1079773710390449
0.10698660212903369
0.1080048390141409
0.10803131444742496
0.10803131444742496
0.10828593484419444
0.1075317403226665
0.10600769079975404
0.10668200071396604
0.1070852048807484
0.10730815229693227
0.10768006187433594
0.10734128331525458
0.10644631428363394
0.10668116189010741
0.10633084105330723
0.1055360696029004
0.10486312155012727
0.10486312155012727
0.10486312155012727
0.10486312155012727
0.10594309451387779
0.10574406305582601
0.10574406305582601
0.10581220693770421
0.10602111150659513
0.10654756287754796
0.10647749736752168
0.10511654366168702
0.10474078519508336
0.10570178957027936
0.10555023896169716
0.10711207987755181
0.10603370874592509
0.1060836643259454
0.10494161652360465
0.10539243085454597
0.10499118561239897
0.10499118561239897
0.10499118561239897
0.10557543936674514
0.10598257079755276
0.10587927335408436
0.10572481635880093
0.10460194458959796
0.10479883192660647
0.10588219344138529
0.1047915772488533
0.10462655358755488
0.10484805005467912
0.10484805005467912
0.10457796451884008
0.10490720461935006
0.10490720461935006
0.10490720461935006
0.1052903539576411
0.10571747835968878
0.10619607222723981
0.1066047804286254
0.10713836963544619
0.10731364248196909
0.10652456467211394
0.1068411519565196
0.10762594442770859
0.10757019702273184
0.10695656308148493
0.10704927156848841
0.10678475557811416
0.10682693757962719
0.10578618115476038
0.10490946274968632
0.10531962235402212
0.1041296145551933
0.1041296145551933
0.1041296145551933
0.10427870363961707
0.10410915902417818
0.10464076547014396
0.10440971057039906
0.10440971057039906
0.10459036200235344
0.10373978974999533
0.10341707618475209
0.10369386201765277
0.10442614743368626
0.10442614743368626
0.10352332282258464
0.10384213492595243
0.102705945571172
0.10318476767194724
0.10318476767194724
0.10383201580288143
0.10359874911053994
0.10359874911053994
0.10345485322023522
0.10330829738143558
0.10234666416511727
0.10260106806042264
0.10296828624027186
0.10228708169292074
0.10260603721207592
0.10260603721207592
0.10332234425993217
0.10297741784798087
0.10315253636957072
0.10315253636957072
0.10392219392105947
0.1042802043172547
0.1044271539834304
0.10367868966590246
0.10367868966590246
0.10302339503747367
0.10302339503747367
0.1042182935898697
0.1042182935898697
0.1042379887742928
0.1042379887742928
0.10396333181392002
0.10459916960007468
0.10496710054484731
0.10460620080121581
0.10392614767196029
0.10484670047652431
0.10484670047652431
0.10560868424087445
0.105431826434119
0.1056640303136255
0.10622926530683278
0.1069312577979443
0.1069312577979443
0.10592877416844047
0.10592877416844047
0.10558159556126324
0.10577153154629203
0.10632623740184644
0.10597677575622337
0.10597677575622337
0.10627604709953395
0.1068830441936514
0.10678795471626316
0.10563475215130316
0.10612454886295379
0.10586484901297795
0.10588651927137967
0.10553469865081135
0.10594027397427075
0.10468088411811015
0.10585359258910308
0.10568267927762996
0.10554276441563466
0.10527678110646979
0.10527678110646979
0.10527678110646979
0.1060447982873681
0.1060447982873681
0.10575590243754826
0.10575590243754826
0.10516690465778158
0.10535595986007595
0.10568476731197628
0.10617038602722026
0.10605388434344165
0.10512960732562335
0.10493415966285037
0.10458340636374171
0.104151309220691
0.10348400073456805
0.10307504277528044
0.10261080736643466
0.10261080736643466
0.10243943448410095
0.10226425666707674
0.10109769630021163
0.10180019801217566
0.10180019801217566
0.10180019801217566
0.10308754130882009
0.10308754130882009
0.10370422899051446
0.10504525302039441
0.1048069130397595
0.10342997409013308
0.10372202733371484
0.10412283138539905
0.10513874251726221
0.10471460641225447
0.10453227808581152
0.10462465281816653
0.10530971296660217
0.10592520769026417
0.10617215241482686
0.10617215241482686
0.10507157134784598
0.10507157134784598
0.10468611726424289
0.10468611726424289
0.10457601227946389
0.10488799333954729
0.10478212327783235
0.10478212327783235
0.10477961554121165
0.1041297377305689
0.10518760776645952
0.10518760776645952
0.10465033515808314
0.10465033515808314
0.1046250090851031
0.1046250090851031
0.10465283496560474
0.10433905542390995
0.10516341097143098
0.10405381174585901
0.10470670705158103
0.10470670705158103
0.10577991392478159
0.10440811460410979
0.10440811460410979
0.10447072580745832
0.10308108538358109
0.10158971097414687
0.10118704049256098
0.10119119409242221
0.10050510739046117
0.10050510739046117
0.10050510739046117
0.10011163296441973
0.10017873989285069
0.10032776214685345
0.10086432288593686
0.10084516131067248
0.10017643241862614
0.10058991622829515
0.09979741249777205
0.09979741249777205
0.10024609176909352
0.1005002896034276
0.10041691258307628
0.09937929496629752
0.09937929496629752
0.09997743896795108
0.09997743896795108
0.09926102988737344
0.09926102988737344
0.09858330117459088
0.0987162380767988
0.09881970205666238
0.0994367181673924
0.09825980123341743
0.09825980123341743
0.09898710102964257
0.09898710102964257
0.09945605776774553
0.10126406655615483
0.10151728952338454
0.10246517631225756
0.10211148597680131
0.10110974269382533
0.10038912546790255
0.10038912546790255
0.10076991070260444
0.10007947961238159
0.1007718901544573
0.10069530791866754
0.10158110935802425
0.10159929050796423
0.1015999993729155
0.1015999993729155
0.10190827488028135
0.10174364555492851
0.10212144665355034
0.10222800199997617
0.10261340907476761
0.10137986243232869
0.1016384247294887
0.10167913748100833
0.10137526043018302
0.10073193333684911
0.1014083252175655
0.10159839965971133
0.10159839965971133
0.10201562373662428
0.10234010077849963
0.10283241464705398
0.10283241464705398
0.10269641004608478
0.10217814180728028
0.10225195167565516
0.10291319416652515
0.10245558682070102
0.10209990342588215
0.10226246091972269
0.10179302311912843
0.10301321951866597
0.10293613477977788
0.10314404740639267
0.10230752994341981
0.10081964966117161
0.10176066013575913
0.10084213672215835
0.10096912947016076
0.10117893106798607
0.10216160096133511
0.10210729698093264
0.10210729698093264
0.10190803859680324
0.10190803859680324
0.10190803859680324
0.10190803859680324
0.10214194305656565
0.10146615005127482
0.10146615005127482
0.10228797963697968
0.1020511298350772
0.10311124129114807
0.10412565467018275
0.10495515907513282
0.103928127281623
0.10382034241086205
0.10384742066985209
0.10384742066985209
0.10368543901234786
0.10441551691030584
0.10489904062970655
0.10576266136150005
0.10681321114830442
0.1057598075124203
0.10654529236340765
0.10619639662512984
0.10608631176947761
0.10608592614013711
0.10608592614013711
0.10558710675100713
0.10567825190484811
0.1060521365227678
0.1060521365227678
0.10497980268432522
0.10536395408331188
0.10512307568721559
0.103975381820358
0.103975381820358
0.10464628328638798
0.10535294286283838
0.10676081273151342
0.10650889214385922
0.10627152765041181
0.1063400132451403
0.10772858082953232
0.10772858082953232
0.1083915409319711
0.1073787332101418
0.1073787332101418
0.10693079692683062
0.10672089049299063
0.10654492001087727
0.10661829520672272
0.10666941545584928
0.10692838077237485
0.10692838077237485
0.10563390030554011
0.10563390030554011
0.10563390030554011
0.10563390030554011
0.10520571997766777
0.10649652777655393
0.10649372487969401
0.10605468745485193
0.10605468745485193
0.10619764064510313
0.1062527904847564
0.10598173238225875
0.10666460087875654
0.10555734539450513
0.10651816557587451
0.10664728200952335
0.10590420939321822
0.1051987153999954
0.10557160200989818
0.10557160200989818
0.10543810254255094
0.10543810254255094
0.10498271573907585
0.1047143653929319
0.10595375006564266
0.10660999723384726
0.10674675221225134
0.10654529830125924
0.1065258862593407
0.10716018662096405
0.10716018662096405
0.10772277737585924
0.10815624387422984
0.10815624387422984
0.10699903444876617
0.10595847286918851
0.10551569400877757
0.10504996016530722
0.10504996016530722
0.10669058177238075
0.10669058177238075
0.10590925046175151
0.10461017482050182
0.10646210646476041
0.10658407576833642
0.10721533971206032
0.10721533971206032
0.10721533971206032
0.10657063878781961
0.10647042590103542
0.10693279100590965
0.10688912564505659
0.10708709564882846
0.10708709564882846
0.10700027548822286
0.10687474071041139
0.10682145993254005
0.10631833810730996
0.10631833810730996
0.1054454175163534
0.10381548702818713
0.10346467532664765
0.10377383454391936
0.10322467620174744
0.10319974052999699
0.10242583448736381
0.10321239968242253
0.10321239968242253
0.10377473113394815
0.10377473113394815
0.10377473113394815
0.1036662548604089
0.1036662548604089
0.1036662548604089
0.1040362634809349
0.1031475173848617
0.10292595924438795
0.10292595924438795
0.10222954219674331
0.10375435113208167
0.10375435113208167
0.10398366807300215
0.10407929115122679
0.10352237927495132
0.10352237927495132
0.10395401317277903
0.10323654641368643
0.10266743018280582
0.10345531688285978
0.10343904035352741
0.10352037095825882
0.10426468766201186
0.10454186624716566
0.10407053798646386
0.10401181833755331
0.10387119633887854
0.1026679883641022
0.10230524474504384
0.10286773641499619
0.10352712363325207
0.10290333137076416
0.10315058295797719
0.10315058295797719
0.10299426749526192
0.10299426749526192
0.1020391936483648
0.10199054725430699
0.10199054725430699
0.10134843858496902
0.10039546316715647
0.10062818492002916
0.10062818492002916
0.10218026357839498
0.1008670900509829
0.1008670900509829
0.09977542681545559
0.09977542681545559
0.09863489455675357
0.09759833799777567
0.09899162649877108
0.0991254756458755
0.10001689580839673
0.09996068037368837
0.10217580406855818
0.10141946744795488
0.10097902747833555
0.10097902747833555
0.10041116291874613
0.09988389508932473
0.09988389508932473
0.09926583021173008
0.09901872475171174
0.09830595365196157
0.09730505492388916
0.09802156218536619
0.09802156218536619
0.09802156218536619
0.09739268097904245
0.0979565347603856
0.09837272878901832
0.09837272878901832
0.09786173970122677
0.09773119786469929
0.09806370818022932
0.0982552276615231
0.097011632279477
0.09764584051650445
0.09829731908789878
0.09829731908789878
0.09829731908789878
0.09829731908789878
0.09785319777375784
0.09843559818988035
0.09806135130329521
0.09805061624645009
0.0979348602562551
0.0979348602562551
0.09679441764942304
0.09681737437219001
0.09697940653510753
0.09666079379963802
0.09676067390770311
0.0970127814146239
0.09680058244034229
0.0967766225499028
0.09705718222079115
0.09713342195131329
0.09908339043667708
0.09834303788250506
0.0988103755641196
0.09897996635242988
0.099537805940105
0.10030351154296716
0.10030351154296716
0.10030351154296716
0.0993149835631097
0.09938971525215624
0.10024769849714175
0.1008857469251471
0.10017976185851998
0.10049086885235493
0.10101436315113956
0.09988171245708326
0.10111825058627251
0.10185523221095723
0.10154433543983081
0.10135088248182073
0.10342508742641172
0.1025982255461951
0.10329242743033215
0.10299706644497968
0.10271357736896006
0.10232102090372666
0.10215076199347502
0.10234089310545594
0.10234089310545594
0.10234089310545594
0.10204942437671854
0.1029752628323804
0.10304689924006832
0.10304689924006832
0.10241793784336846
0.10161748939567748
0.10161748939567748
0.10135260850624678
0.1016785936672307
0.10162975093815427
0.10172126859428365
0.1018665234477103
0.1018665234477103
0.10150251780705505
0.10114276298043166
0.10227042429800576
0.10235846020558195
0.10235846020558195
0.10234757977124513
0.1035464625005082
0.10286482802372701
0.10286482802372701
0.10254681354668392
0.10254681354668392
0.103234316717597
0.10210932194965977
0.10156909932891074
0.10156909932891074
0.101333344762795
0.101333344762795
0.10200450318889137
0.10160708842039795
0.1009385024192793
0.10215343237566145
0.10223377031111218
0.10255623750013938
0.10209742307014219
0.10188887448594534
0.10239330989248806
0.10173898849189085
0.10173898849189085
0.10248476228047158
0.10196863577304574
0.10196863577304574
0.10260897718681679
0.10202854024576097
0.10259301784661079
0.10274887960268689
0.10387785846201672
0.10387785846201672
0.10344111566287324
0.10322474374702433
0.10322377776471199
0.1044541271675992
0.10541162325019933
0.10444015609153655
0.10490845201418483
0.10507517605053766
0.10519925063003543
0.1052284005323853
0.10572836506416784
0.10573248153869642
0.10573248153869642
0.10511887771271812
0.1041029810215308
0.10454323782789979
0.10430308201604607
0.10385786656820861
0.10394034896896179
0.10262149907731873
0.10253581655727466
0.10301829859167963
0.10257427697014555
0.10242361241023133
0.1025790079010373
0.1025790079010373
0.1027149735517671
0.1030547873490053
0.10431327233141927
0.10422779834394733
0.10472732855982338
0.10548857872259243
0.10587676631005327
0.10721968178442169
0.10721968178442169
0.1057347538297392
0.10673794116764074
0.10539712221829453
0.10415001831457589
0.10415001831457589
0.10455652259401468
0.10425009249763989
0.1035139797312269
0.10298737465736037
0.10298737465736037
0.10335630897954728
0.10243780611939445
0.10273265385479516
0.10273265385479516
0.10273265385479516
0.10167973320279472
0.1017508588903965
0.10188085791677333
0.10188085791677333
0.10231475795061953
0.10267434032205815
0.10205351771908655
0.10240088957209671
0.10158193163638425
0.10222023429214132
0.10222023429214132
0.10080476741192736
0.10080476741192736
0.10081933348966458
0.1016974861400691
0.1016974861400691
0.1018511109057745
0.10236667418936875
0.10209305850407624
0.10211310592560464
0.10216051243038335
0.10253585447539776
0.10206247971947185
0.10239459263360573
0.10239459263360573
0.10192193308132362
0.10191117216220305
0.10082996167368319
0.09988682087554183
0.09951772068876019
0.10057876537476382
0.10141346734537167
0.10125901699261451
0.10125901699261451
0.10057190523900687
0.10057190523900687
0.10074183878185398
0.10072171726583655
0.10122957675800141
0.10242327742830391
0.10239952377335851
0.10249552266136262
0.10249552266136262
0.10249552266136262
0.10309224855686759
0.10242059412358316
0.10222948773572238
0.10298535723453334
0.10286328318476792
0.10300460898506295
0.10171329324030126
0.10206522987981559
0.10318358400633404
0.10354485804645848
0.10220575030575767
0.10356605238354795
0.10287452231350105
0.10287452231350105
0.10315060511602196
0.1034692619804488
0.10373956627210394
0.10253543003044746
0.1021983854033999
0.10193704860334754
0.10215734711590142
0.10215734711590142
0.10156105533291239
0.10104574641076666
0.10106857837612604
0.10231027302507643
0.1014946390944351
0.10231988461505037
0.10254205051970544
0.10283131287026127
0.10161302943203059
0.10161302943203059
0.10161302943203059
0.10161302943203059
0.1026966543534173
0.10244896814888796
0.10224664786908101
0.10287497725886911
0.10345304642742721
0.10408934721038184
0.10431432682043273
0.10431432682043273
0.10384491959551487
0.10425090803296706
0.10366360197424125
0.10366360197424125
0.10383725700023226
0.10469063644175772
0.10434899771600513
0.10508120608436693
0.10488967014064757
0.10567205299666732
0.10535667643956291
0.10540288493406129
0.10599167259561207
0.10607595697356476
0.10700830561382575
0.10700830561382575
0.10702111505554968
0.10554588743845841
0.10552453560499798
0.10552453560499798
0.106714607374395
0.10670525199970139
0.10575266571507365
0.10575266571507365
0.10623515882541239
0.10569770273179296
0.10601207651740219
0.10620628113607747
0.10623866779807467
0.10737593184341963
0.10713857287535816
0.1067379133537248
0.10642054160360644
0.10647257329604479
0.10616167724310827
0.10616167724310827
0.10586978409208933
0.10586978409208933
0.10437581918926518
0.10381447719419165
0.10450711132301618
0.10557640555900394
0.10549726535253065
0.1050875131140992
0.10520247156761055
0.10520342722683973
0.10576494731781927
0.10692126833593313
0.10669549280954296
0.1060029441205487
0.10558477335132928
0.10619577599240072
0.10619577599240072
0.10472573307899247
0.10505665007272853
0.10520824268793724
0.1046029250385588
0.1046029250385588
0.10294911906595157
0.1019643222785306
0.10210015148292814
0.10275283331587885
0.10313040912186312
0.10303548021225477
0.10384391610961607
0.10355164951754878
0.10355164951754878
0.10355164951754878
0.10290063704883955
0.10417215196310127
0.10570611710746339
0.10559440420036828
0.10567787570281964
0.10573473757636288
0.10629861381213317
0.10717362538057609
0.10563263870357974
0.10588049796537671
0.10544571366729258
0.10544571366729258
0.10540678209330093
0.10514372683742887
0.10544571111839779
0.10541369320852255
0.10541369320852255
0.10541369320852255
0.10582838183555858
0.1049221885498042
0.1055678070514841
0.10539229607444756
0.10539229607444756
0.10536261436103653
0.10569785195918967
0.10565065373307814
0.1058757234477317
0.10666191784434075
0.1062642423868509
0.10562902766376951
0.10677527689477209
0.10552507276650319
0.10444738459596552
0.10469511740885852
0.1056598666639408
0.10439705580760501
0.10524584956897758
0.10524584956897758
0.10561985183134551
0.10485114261894465
0.1045603195663446
0.10430189726065325
0.10274418388707889
0.10334284258927086
0.10334284258927086
0.10267407505168193
0.1014384412758686
0.1014384412758686
0.10219855870134732
0.1043275048141978
0.1043275048141978
0.10503665054519076
0.10505666029324565
0.10416793863385915
0.10421995339644873
0.10483328810282035
0.10438257907383827
0.1045127359567772
0.10413614848294457
0.10375561225541743
0.10420684448163932
0.10356899035711978
0.10273840797191963
0.10334649972275488
0.1041279239384976
0.1041279239384976
0.1041279239384976
0.10446311567778999
0.10367918749360415
0.10381057350138613
0.10348924807781566
0.10493593159788588
0.10468768574522457
0.10594903123393025
0.10594899694109076
0.10652199991963901
0.10752630492613854
0.10749889715025188
0.10749889715025188
0.10624395661928976
0.10721621073724867
0.10749156324762238
0.10749156324762238
0.10686916921171413
0.10686916921171413
0.10686916921171413
0.10741390123656717
0.10741390123656717
0.10809365906324524
0.10809365906324524
0.10809365906324524
0.10751965910261277
0.10711206740772335
0.10609760555563426
0.10618680426552095
0.10619467017115018
0.10646586944865621
0.10715911361954555
0.10711137477517882
0.10613465809121564
0.10613465809121564
0.10683480211364324
0.10683480211364324
0.10643847525899348
0.10565288373640036
0.10563522111101754
0.10599425768478073
0.105110905644691
0.10450987363437075
0.10450987363437075
0.10324636343893105
0.10349918102161233
0.10357153973176238
0.10357153973176238
0.10357153973176238
0.10357153973176238
0.10357153973176238
0.10401917420790777
0.10401917420790777
0.10469095057628047
0.10514766939956126
0.10463968965198342
0.1052679516134051
0.1048923165621663
0.10468014511255933
0.10410907570410567
0.10410907570410567
0.1044873435745955
0.10447079556167418
0.10362450446386104
0.10252770324760899
0.1035551808552201
0.10378894495001773
0.10479348245164581
0.10452539688214957
0.10456434286177313
0.10420223896222178
0.10513092073870846
0.10558137340061588
0.10616565478934002
0.10616565478934002
0.10579160065760192
0.10588296685062305
0.10703340307728408
0.1062535483983586
0.10594993575628181
0.10693384869752721
0.10693384869752721
0.10693384869752721
0.10686076670927395
0.10778511945855923
0.10740031181809301
0.10740031181809301
0.10695391083621748
0.10735005346207174
0.10728605041805477
0.10728605041805477
0.10708810395203953
0.10722403971270789
0.10722403971270789
0.10772095030895854
0.10791904543363982
0.1091993283355928
0.1091993283355928
0.10861396267160717
0.10720975372089835
0.10715744603682817
0.10665421785039186
0.1051753476489958
0.10601978400440083
0.10521816861412846
0.10412569612441616
0.10412569612441616
0.10371101513473109
0.10371101513473109
0.1045026880386443
0.1045026880386443
0.10374356957582861
0.10414167788430297
0.10448951765787835
0.10448951765787835
0.10506200267581976
0.10562223981045622
0.10562223981045622
0.10536224049919435
0.10564007444624976
0.10569054850674876
0.10562303120116605
0.1063553211781053
0.1057929223266843
0.10510245074685069
0.10464260780330055
0.1039757015359351
0.10379678165717209
0.10401601511068792
0.10180364534855967
0.10180364534855967
0.10238796816615899
0.1022167955139871
0.1022167955139871
0.10210601693498297
0.10187612012530095
0.1008570837836324
0.10028549688884962
0.1004304981540857
0.1004304981540857
0.10145693135111841
0.10283769142773987
0.1006391320250635
0.10143456319196445
0.10234452807199473
0.10234452807199473
0.10210403829236718
0.10210403829236718
0.10210403829236718
0.10167294073152823
0.10119780617164234
0.10119780617164234
0.10119780617164234
0.10107080514708343
0.10148707035260737
0.10140586360047037
0.10166172895888125
0.10162433526154938
0.1016544341035954
0.1016544341035954
0.10158910143975394
0.10204053035438247
0.10148840304101561
0.10279501327225776
0.1027824705979583
0.10266453573883814
0.10266453573883814
0.10241036630264126
0.1022679680234611
0.10278582778695854
0.10330370993409613
0.1034036345647309
0.10358039993259162
0.10358039993259162
0.10375517817431419
0.10325488772060415
0.10392176005843443
0.10392176005843443
0.10342341618192012
0.10297903889282052
0.10349461114953076
0.10426671795932449
0.10426671795932449
0.10426671795932449
0.1039209535122574
0.10313170682399382
0.10448625677471997
0.10473938522794933
0.10420129403299475
0.1049577413486354
0.10495013632978041
0.10446385542879566
0.10444727127292419
0.1045680359681716
0.10568942582039781
0.1052200219946731
0.10652998472296508
0.10703699618145925
0.10685217502426028
0.10727422163657543
0.10683342043830352
0.10693896554569794
0.10693896554569794
0.10626450810570418
0.10626450810570418
0.10604992370120384
0.10464019342372724
0.10464019342372724
0.1036415851458299
0.1041541561207227
0.1028868556043229
0.10252808202359785
0.10282910120592981
0.10282910120592981
0.10272323166265097
0.10366821303239251
0.10302406615778996
0.10302406615778996
0.10257923588728529
0.1017923497223917
0.10170837084324029
0.10245280015596968
0.10357487606950132
0.10350044959903273
0.10429899664887639
0.10429899664887639
0.10492211245261139
0.10478874432136469
0.10463037070505413
0.10463681081034301
0.1050287666307185
0.10423621607218277
0.10423621607218277
0.10388159070475066
0.10388159070475066
0.10388159070475066
0.10377457319891815
0.10291017386457174
0.10307793939043597
0.10307793939043597
0.1033984924574045
0.1033984924574045
0.1037633406861561
0.1037633406861561
0.10452680596640329
0.10476373221450037
0.105135158405895
0.10530199561161818
0.10570324615672497
0.10472065742555134
0.10515453973688156
0.10515453973688156
0.10555101359126048
0.10684891499117166
0.10652929996976429
0.10688600838504074
0.10627278437459196
0.10627278437459196
0.10604358572951866
0.1056377210621195
0.10547424431972262
0.10551866441362882
0.1056783686339067
0.10414085373255942
0.10414085373255942
0.10433313402490026
0.10433313402490026
0.10430838273888184
0.10538588076098832
0.10573051459645287
0.10469489549221053
0.10353450138157788
0.10353450138157788
0.10358337458853766
0.10325990029546701
0.10325990029546701
0.10344766952299822
0.10294488521014387
0.10294488521014387
0.10273340304674769
0.10273340304674769
0.10209165881985884
0.10215743005903213
0.10280232148610993
0.1013657103570047
0.10105434961842524
0.1014432299878489
0.10347606944142176
0.10359814625015351
0.10293838887064473
0.10257893503610269
0.10163262503048812
0.10248325229394348
0.10344307355656442
0.10381909428706618
0.10436085980952489
0.1046541910645081
0.10373158881499313
0.10374288094087322
0.10377334629957671
0.10394669146037513
0.10397888682286893
0.10397888682286893
0.10444344822932493
0.1037759764326919
0.10554432180713044
0.10509423027099568
0.10446047982480064
0.10512242384405061
0.10488917335611281
0.10513923262660618
0.10503197611500659
0.1054504696435614
0.10519199983533707
0.10472288202335557
0.10471287206596196
0.10353435099348476
0.10406480891300361
0.10390641960052491
0.10390641960052491
0.10433190149901274
0.10424668749862703
0.10435589033865782
0.10452079828782322
0.1037396736221311
0.10364472437499105
0.10364472437499105
0.10283969625828024
0.10260360335580934
0.10260360335580934
0.10341729837248351
0.10346632239993472
0.10424868884787623
0.10470229032412527
0.10488400293164088
0.10488400293164088
0.10488400293164088
0.10535467428391182
0.1058929229196988
0.10525082977489984
0.10608011821038625
0.10645874839053149
0.10622744874334476
0.10599192073591451
0.1065719206675185
0.10545389844314369
0.10570647718234413
0.10585440525582157
0.10531195318599341
0.10760548718469093
0.10795937032446329
0.10750376436266104
0.10778831601446012
0.10750702821952535
0.10737346349819298
0.10840780794308295
0.10768881004427616
0.10826583010104211
0.10805725819799113
0.10844389101458286
0.1079932798794499
0.10795719057311481
0.10799231406114895
0.10562179807819634
0.10562179807819634
0.10562179807819634
0.1053220679799937
0.10445118043307007
0.10456369501068877
0.10399450521096204
0.10411349381893986
0.10517994582316174
0.10540519415964632
0.10399672924305904
0.10383772197292264
0.10231142334640364
0.10198736502231256
0.10181590074696333
0.10175126434374306
0.10346239984784868
0.10349874226688183
0.10383160662763234
0.10475019298632098
0.10417783630492972
0.1032367339569115
0.10377164833118772
0.10382780420140511
0.10462332687242236
0.10462332687242236
0.10430776173488601
0.1040778521742195
0.10524371783282362
0.10521025299240093
0.10675267620461154
0.10675267620461154
0.10588456614718283
0.10589658468376788
0.10670088555654933
0.10656463225092108
0.10656463225092108
0.10752881200429948
0.10752881200429948
0.107761307574139
0.107761307574139
0.10658513154026203
0.10658513154026203
0.10581585377803909
0.10652085424545225
0.1068802135270816
0.10663984167643
0.10550536631582925
0.10431030707468354
0.10455031335135909
0.10507374966890787
0.10507374966890787
0.10461682477025545
0.1045942477325898
0.10485078136505455
0.10339667966481288
0.10339667966481288
0.10265287268194491
0.10275085311578039
0.10156921235598246
0.10156921235598246
0.10081533169361784
0.10081533169361784
0.1001189985414429
0.09998478299548455
0.09998478299548455
0.10109305426331995
0.10109305426331995
0.10013682073298932
0.10000196757324467
0.09953938621910258
0.09953938621910258
0.1001242773981896
0.10015245608174034
0.09952702657271392
0.09919886667517927
0.09919886667517927
0.09892883118657596
0.09947647872918547
0.0991586051590729
0.09827391881904812
0.09827391881904812
0.09856134941947804
0.09912977571816102
0.09772418509913303
0.09780264387327636
0.09775959059125872
0.0984219597814944
0.09851693759398884
0.0990846677822314
0.09900282637181053
0.09865873143673363
0.09835463404998471
0.09835463404998471
0.09801392005311639
0.0981592729350609
0.0981592729350609
0.09743849156790722
0.09797370931531388
0.09747212935327045
0.09772236009945846
0.099139634213033
0.09992791222309678
0.09853836208366376
0.09795484637948969
0.09755445714724777
0.09689935637348955
0.09689935637348955
0.09766243338860522
0.09803410850119419
0.09830285408235521
0.09817747485824775
0.09674447280827148
0.09718865124499024
0.09758328586462733
0.0968419134389988
0.09680885744408188
0.09750255208067651
0.0979874478421992
0.09854256329362335
0.09863056062603402
0.09860530590145494
0.09884630725554058
0.09884630725554058
0.09868299390639731
0.09801723671528913
0.09801723671528913
0.09784414527923563
0.09938210944581785
0.09865681547065885
0.099460139109617
0.0993435580106303
0.09941460416184421
0.09941460416184421
0.09920718231438515
0.09920718231438515
0.0991429250430972
0.0991429250430972
0.0991429250430972
0.0991429250430972
0.09932723343385838
0.09911986361433875
0.09925358156123588
0.09954294459646582
0.10024779167872637
0.10038696606188602
0.10091393140417479
0.09977953059976011
0.09977953059976011
0.09993981638438301
0.09993981638438301
0.10051918828351708
0.10051918828351708
0.10046894274239382
0.10002226999128812
0.10052349855784326
0.10140601982057891
0.10140601982057891
0.1019448836577396
0.10061192492734417
0.1025405595119598
0.1025405595119598
0.10207028237747104
0.10111981322584587
0.10111981322584587
0.1009383185509724
0.1009383185509724
0.10062754107060704
0.10183379130130478
0.10316334650136069
0.10316334650136069
0.10311218616578927
0.10404845513411644
0.10402744967377742
0.10402744967377742
0.10409710088426181
0.10409710088426181
0.10345754248143894
0.10343000681525685
0.10243151376397173
0.10384102950506213
0.10334204816571696
0.10309366264868146
0.10309366264868146
0.10304947990690194
0.10384913753801908
0.10376019695805125
0.10337765134438084
0.10406065556790602
0.10364320123343951
0.10412196425762331
0.10399430325717966
0.10485943155778574
0.1045148291358963
0.10457530935891056
0.10474202365943557
0.10553177827570656
0.10625126838779837
0.10673985283834612
0.10641359105152269
0.10685082511479378
0.1052372319811826
0.1052372319811826
0.10557615321451619
0.10482628896587934
0.10482628896587934
0.1044363301988925
0.10413794386393484
0.10342980001873503
0.10346488373626458
0.10482266219770175
0.10506090661823869
0.1060613193807396
0.10653454002389955
0.10653454002389955
0.10679388860047584
0.10565793723531558
0.10597375708682594
0.10604419060098055
0.10604419060098055
0.10633134922567102
0.1055639165297032
0.1052929079338868
0.1051654840166427
0.10506029268080569
0.10588225513654817
0.10617111287080037
0.1072341434172684
0.10630212542515635
0.10762076597811415
0.10762076597811415
0.10726913891062272
0.10770644203391297
0.10851090703483901
0.10851090703483901
0.1082692093498431
0.1082692093498431
0.10901348134635001
0.10825659126913463
0.10913671280702088
0.1092761878727336
0.10903474543116565
0.11014353606886394
0.10981357061773836
0.10770954740608021
0.10666881333427736
0.1066771781009577
0.10813437245172616
0.10939289638311034
0.10860471313405791
0.10811435935281039
0.10833584470695606
0.10760809278469417
0.10622162708362999
0.10725116155705418
0.10725116155705418
0.10727687926462712
0.1073956386850289
0.10729281250180515
0.1065388212807824
0.10659595493489818
0.10613278671871551
0.10615441255100547
0.10615441255100547
0.10626183501933167
0.10383603379377575
0.10290362216121414
0.10290362216121414
0.10290362216121414
0.10290362216121414
0.10292676577254115
0.10358900200869453
0.10311201023035226
0.10311201023035226
0.10249988163119042
0.1031992595648713
0.10279248443977068
0.10310835787304985
0.10319614053183646
0.10379003531304919
0.10416736456793196
0.10425178571389557
0.10426569892283306
0.10462667504042043
0.10554900177907353
0.10585300135257654
0.10493434563565504
0.10561354448822323
0.10561354448822323
0.10600839940583286
0.10480910718892986
0.10480910718892986
0.10485306885355657
0.10485306885355657
0.104203960661193
0.10457189154341208
0.1050077958683703
0.10499383120142476
0.10432436037685854
0.1046943121364564
0.10529895891525913
0.10508261718518494
0.10508261718518494
0.1057190116554431
0.1057190116554431
0.10611799952098382
0.10587425044852315
0.10587425044852315
0.10719571927845543
0.10595467053702962
0.10586489808766344
0.10546956765244832
0.105178401732818
0.10598618070850423
0.10637708081284383
0.10637708081284383
0.10657437230667632
0.1058139472658789
0.1058139472658789
0.10672894616546137
0.10672894616546137
0.10668204230252804
0.10563507782375206
0.10534181997815055
0.10596210275926236
0.10516438886375402
0.10466337420450228
0.10445155997410356
0.10254901586878626
0.10373555216485023
0.10334197546900527
0.1040124285405586
0.10419098479638299
0.10444704740433629
0.10405350498086055
0.10405350498086055
0.10405350498086055
0.1045423622314432
0.10408555191302707
0.10408555191302707
0.10413578130579698
0.10349508875991835
0.10332627686961134
0.10321050368061553
0.10337364322456001
0.10372326853689551
0.10375056027417895
0.10375056027417895
0.10401560759733326
0.105139095455765
0.105139095455765
0.10523242265721904
0.10431179163515433
0.10431179163515433
0.10434678960783149
0.10353816851048288
0.10247819601534552
0.10361357411117908
0.10362566154200481
0.10342408949727305
0.10306588338322381
0.1042737391938165
0.10419006167300868
0.10389232606310701
0.10389232606310701
0.10332792982333543
0.10376045541937519
0.10391438100818581
0.10438614269189603
0.10518849519664597
0.10621806933578783
0.10517406699889902
0.10480474029847467
0.10489921510187583
0.10489921510187583
0.10507551540048403
0.10488785338950239
0.10407699732086304
0.10395516110627497
0.10388927708648728
0.10377027113766361
0.1039463868910564
0.10394158793840323
0.10382956028625456
0.10325185383919504
0.10325185383919504
0.1026277233830013
0.10158367269930264
0.10120113045829954
0.10132973345037542
0.1018894495306657
0.10223239781649639
0.10266370253202663
0.10338434138179356
0.10364677476112606
0.10334792305829772
0.10311364374446676
0.10250222453771847
0.10344665999023295
0.10439288720929646
0.10384019161291967
0.10332961190630739
0.10332961190630739
0.10332961190630739
0.10453083842983939
0.10604855948773936
0.10604855948773936
0.10604855948773936
0.10673831447212209
0.10542552432909333
0.10671698326650059
0.10692494230620027
0.1064501160756445
0.10555088682133085
0.10597937656652229
0.10565650613619545
0.10632811884582272
0.10637335426568496
0.10756000234432223
0.10868857390872769
0.10907366240700682
0.10907366240700682
0.1083713048658388
0.1083713048658388
0.10807870106488567
0.10836924419834774
0.10836924419834774
0.10793123384126153
0.10781744774087337
0.10781744774087337
0.10760093300521159
0.10711699111330363
0.10724517310938311
0.10674450783825778
0.10694138439006275
0.10735508492416532
0.10669679079350157
0.10644786873418402
0.10601579551244437
0.10601579551244437
0.10593949127828368
0.10490005947172902
0.10454943295977424
0.10407406295336084
0.10361552865607584
0.10421006868183953
0.10417097593674385
0.10417097593674385
0.10417097593674385
0.10454996877644844
0.10513683505360763
0.10341443417596616
0.10270577072932512
0.10259223222706787
0.10259223222706787
0.10257649776014098
0.10224193783753704
0.10161206310186874
0.10239522968965058
0.10214914110506508
0.10332119717958732
0.1037724503978894
0.10376317712689005
0.10356326044612184
0.10356326044612184
0.10355304937971316
0.10426522010349365
0.10371917282132934
0.10330925578222122
0.10313720010167499
0.10288073956041795
0.10315219258282943
0.10283533665415989
0.10197265298429546
0.10184033653906385
0.10139056058993891
0.10104669620354781
0.10136447979553109
0.10307687676802317
0.10242741679113873
0.10285468577533849
0.10218621921716797
0.10329848848183361
0.1038648737051124
0.10396719514884568
0.10248815118432623
0.10214846196160139
0.10207190649289628
0.10119847999731811
0.10073732893667421
0.10044727884923471
0.09998855634874582
0.10041760249434983
0.10051660269935694
0.10101523445329164
0.1010123355856046
0.10154086871853542
0.1023379897529302
0.10281301951333832
0.10247112050249173
0.10271819934443809
0.1028969374689554
0.10195417259649914
0.10230102869278825
0.10209968576101003
0.10295495192990517
0.10258060090597147
0.10271176131183196
0.10234400056009908
0.10245080414434574
0.10160262869307922
0.10139390616685627
0.1010939036684899
0.1001255049924301
0.0993359848485499
0.09965950647493514
0.09965950647493514
0.09965950647493514
0.09965950647493514
0.10112817189085711
0.10030180553024169
0.10118546514910241
0.10118546514910241
0.10197993394139568
0.10145332485803944
0.10145332485803944
0.10166824930778655
0.10111081772179857
0.10151470979220639
0.10183854155621445
0.1020826988762419
0.10279997513815198
0.10279997513815198
0.102561208744363
0.102561208744363
0.10388004817192462
0.10450587244276589
0.1052349860815165
0.10433230184136984
0.10377825157627589
0.10377825157627589
0.10377825157627589
0.1046006121865974
0.10517779724890966
0.10497303009648756
0.10551579184627387
0.10431271438512851
0.10428642598461686
0.10382537383738628
0.10390070969837517
0.10447084581371645
0.10360589502640544
0.10465379566248806
0.10476893732417995
0.10506874396657512
0.10284351986970343
0.10284351986970343
0.10489782815936362
0.10504195316111656
0.10462990111314827
0.10485405579945664
0.10367468490637764
0.10412372287056125
0.10346714301471292
0.10365039046950099
0.10365039046950099
0.10365039046950099
0.10365039046950099
0.10303992366658604
0.10348673708940483
0.10347707462489006
0.10347707462489006
0.10361770779960887
0.10364991623397772
0.10159716128790493
0.10133501325499122
0.1024391087926908
0.1027318135363745
0.10308632258602843
0.10238378623314927
0.10278230805219038
0.10268075148396799
0.10290156705169698
0.10368464942514816
0.10368464942514816
0.10368464942514816
0.104344601992344
0.1057514132788824
0.1057514132788824
0.10495583516472434
0.10493246064436629
0.1063671633870855
0.10612615583890535
0.10630270644674882
0.10630270644674882
0.1057986432684177
0.10611881032745264
0.1054077949512881
0.1054077949512881
0.10522544543575696
0.10580412022514274
0.10630311950078306
0.10534013601756469
0.10447467205643292
0.10378608378770744
0.10211547190473529
0.10211547190473529
0.10313968830395569
0.10313968830395569
0.1029171369856832
0.10402878534529941
0.10462419521471687
0.10429374911693745
0.10647811493549643
0.10663563813670747
0.10663563813670747
0.10583822664201674
0.10601216879013779
0.1066258015500074
0.10733940631881946
0.10808845077837473
0.10803378242860663
0.10867723753559679
0.10732114963263213
0.10735968174449495
0.10708388871264372
0.10708192706647851
0.10741088781285749
0.10823002250598585
0.1074792691697283
0.1074792691697283
0.1074792691697283
0.10726595472507869
0.10726595472507869
0.10711644737988767
0.1048374944834714
0.10403772067464674
0.10436385834713155
0.10299069054516453
0.10299069054516453
0.10264496406526931
0.10275395027164466
0.10277977037355585
0.1024144598184023
0.10319238326731703
0.10347137467490264
0.10347137467490264
0.10383602438884729
0.10441770221364226
0.10441770221364226
0.10438790370697348
0.10413500633150581
0.10413500633150581
0.10348486744898922
0.10348486744898922
0.10307410929250352
0.10307410929250352
0.10345944852312662
0.10415431190805756
0.1052542143519176
0.1052542143519176
0.1052542143519176
0.10467133390050858
0.10558698758328303
0.10659071756081438
0.10460757522947317
0.10460757522947317
0.10374669733676468
0.1039093345406783
0.10431980914481984
0.10474487758268829
0.10474487758268829
0.10448069119377436
0.10391242056994288
0.10379105521846411
0.10409900921141521
0.10299567171772546
0.10352298835524087
0.10365479965990966
0.10359930582002473
0.10363958299143504
0.10332856147411064
0.10293725525728384
0.10368218525849
0.10229086641418443
0.10229086641418443
0.10173663471654318
0.1024637312624214
0.10224055560216222
0.10235634885111612
0.10186137211931211
0.10186137211931211
0.10307497156592386
0.10443253659090201
0.10485857274118465
0.10396119011764993
0.10387468734622986
0.10387468734622986
0.1037369471920555
0.10300554880572059
0.10300554880572059
0.10309457130854013
0.10309457130854013
0.1021432452853472
0.10230807711817738
0.10230807711817738
0.10213237511597902
0.10370362190585453
0.10375989540274179
0.10394965035350645
0.10365705124871197
0.10408337960429728
0.10423730945217782
0.10423730945217782
0.10411069817575287
0.10402176527626855
0.10333041809371363
0.10318300203634569
0.10318300203634569
0.10362596856005038
0.10352714753740394
0.1048733706254923
0.10357423240302491
0.1039073612690885
0.1039073612690885
0.10538640871223685
0.10567692913423697
0.10589846466449843
0.10672532519476287
0.10552373493609404
0.10504176829553828
0.10554412402200196
0.10490802106099532
0.10294484194043725
0.10328235851186046
0.10359433982133595
0.10359433982133595
0.10404425238909994
0.10404425238909994
0.10482678861335584
0.10442846991489318
0.10425354690053168
0.10448964811132035
0.10448964811132035
0.10448964811132035
0.10564495470192055
0.10564196657790727
0.1055331957532465
0.1055331957532465
0.1055331957532465
0.10649324459914797
0.10664339858700995
0.10655811289508774
0.10703729366318286
0.10759956246503875
0.10716405360282222
0.10746488159017083
0.10761411728764124
0.10761411728764124
0.10761411728764124
0.10665807819583273
0.10665807819583273
0.10644150240368098
0.10664516366701347
0.10790657799776456
0.1070335355317777
0.10652374893866165
0.10846020257869245
0.10846020257869245
0.10793707643013216
0.10875854815537404
0.10913149918396808
0.1089860275194311
0.10892992957373884
0.10892992957373884
0.10842633139453821
0.11040567169175838
0.10987026168588258
0.10987026168588258
0.10987026168588258
0.10987026168588258
0.11081235295697726
0.11092215065140636
0.11036171465687222
0.10851890963872818
0.10907473111768963
0.10917331813093155
0.1089001004537308
0.10895996497582018
0.1092214349634871
0.10869594806750199
0.10943168712105779
0.11067306855602221
0.11067306855602221
0.10916282095634859
0.1092178633848767
0.10898720217720358
0.10951312384831458
0.10945616266941252
0.10842241145578414
0.10813850077825934
0.10851888167857647
0.10705641283629382
0.10696073492196838
0.1060013180258788
0.10557378645570493
0.1062801212897794
0.1062801212897794
0.1062801212897794
0.1071907816295321
0.10641137797900388
0.10641137797900388
0.10641137797900388
0.10641137797900388
0.10641137797900388
0.1067953722809729
0.10764586374882268
0.10724529683732455
0.10724529683732455
0.10724529683732455
0.10711991472694782
0.10711991472694782
0.10711991472694782
0.10726870612796473
0.10726870612796473
0.1083132095547277
0.10911530415014256
0.10911530415014256
0.10896736113896136
0.10986379740257042
0.11060532521846818
0.11024692597965997
0.11064599233675934
0.11036299350831962
0.1104449428804613
0.11043119222329205
0.1102643124568434
0.11026550228441509
0.1102803985914057
0.11044420377278202
0.10873785564915717
0.10839103157294724
0.10926980416137311
0.10907503577464471
0.10927095149201685
0.10975666887828736
0.11011873254664695
0.11025984115110675
0.11025984115110675
0.11031289615405546
0.10984339862783021
0.10874329587461144
0.1079147324939673
0.1079147324939673
0.10778831326524428
0.10778831326524428
0.10778831326524428
0.10740972068528765
0.10740972068528765
0.10858344473674422
0.10803106567490554
0.10750187953478876
0.10806611946648646
0.10688950650495627
0.10585053412084906
0.10555881404048097
0.10496366303496588
0.10504108327669259
0.10502998114012822
0.10547259011464576
0.1054641280110205
0.10670568385141244
0.10653758583109943
0.1059696562276043
0.10495050652554955
0.10457421364995281
0.10457421364995281
0.10457421364995281
0.10535646565700522
0.10535646565700522
0.10469638769880772
0.10390428321576939
0.10594333666922472
0.10594333666922472
0.10465985267396792
0.10445607414979695
0.10461191151491946
0.1047912988383209
0.10553828872032195
0.10433688728550833
0.10481070178365964
0.10481550735526891
0.10423454259889213
0.10504421537105617
0.10469862782372415
0.10544347982325021
0.10564530914819399
0.10589587388962238
0.10515939149793378
0.10515939149793378
0.10382405629742461
0.10395373199565287
0.10419308852253459
0.1050946973295454
0.10461947131438604
0.10461947131438604
0.10297145732095664
0.10370160983753415
0.10370160983753415
0.10370160983753415
0.10310367730414469
0.1035587458553447
0.10371268618628394
0.10357756312053304
0.10357756312053304
0.10448693575683561
0.10464395545999902
0.10464395545999902
0.10464395545999902
0.10534649880655265
0.1038913902015443
0.10389518289013838
0.10390346141937302
0.10349909483245132
0.10349909483245132
0.1024266140133628
0.10288967847996153
0.1030369783166999
0.10211438511713258
0.10211438511713258
0.10309189283357156
0.10355517448213505
0.10364937060328325
0.1031424755530094
0.10360491712850992
0.10315844860076803
0.1026823567447406
0.1027481106405902
0.10337812372245049
0.1042419518964215
0.10400370209626626
0.10400370209626626
0.1036471202313424
0.10365381058330898
0.1039847466387143
0.10438200097503732
0.10487355236804595
0.10463572243761296
0.10432557174389082
0.10431571142388925
0.10517903205907878
0.10591846716615441
0.1052851280769979
0.10508331433188381
0.10558952912779032
0.1054506260490938
0.1054506260490938
0.10526432465125127
0.10522619444617044
0.10522619444617044
0.10619611884042392
0.10619611884042392
0.10619611884042392
0.10594128159819399
0.10594128159819399
0.10541924538072416
0.10503274671651389
0.10443223295889494
0.10402497172005637
0.10408879266473843
0.10495134546692153
0.10495134546692153
0.10425480338789893
0.10514635039081056
0.1041244976317119
0.1041244976317119
0.10289621655116982
0.10284874752202693
0.10284874752202693
0.10330641758340948
0.10329215581154684
0.1030094053187187
0.10277208785105038
0.10171528801061498
0.10180037726683316
0.1017002998635842
0.10176629902896497
0.10242397621045343
0.10286150580227264
0.10366365512510405
0.10300975993804061
0.10380970202740243
0.10380970202740243
0.10448274077215988
0.10448274077215988
0.10448274077215988
0.10448274077215988
0.10510948069138022
0.10519021858881414
0.10519021858881414
0.10524298658053946
0.1043169485410169
0.10491801971116668
0.10535996466413684
0.10471703163556012
0.10471703163556012
0.10419196173695283
0.10447346724225232
0.10447346724225232
0.10447346724225232
0.10395979743542588
0.10366265793286272
0.10286562305948756
0.10286562305948756
0.10255554249322578
0.10183949117155341
0.10235854006443557
0.10378564866431791
0.10378564866431791
0.10355607841260356
0.10320014674203289
0.10437019256748042
0.10426998652753253
0.10391927525131442
0.10320971291752538
0.10438112222362168
0.1042441367754038
0.10510383142103674
0.10462064421878975
0.10462064421878975
0.10428864528601298
0.10391104832101736
0.10416680269358387
0.10386422461492313
0.10230394318016754
0.10230394318016754
0.1024814168511589
0.1024814168511589
0.10244490273104988
0.10277323542247499
0.10528655434805134
0.10560137579983828
0.10560137579983828
0.10560137579983828
0.10535895991509453
0.10651827595142317
0.10767223930108846
0.10696774268219368
0.10745292791201551
0.1069705598869376
0.1069705598869376
0.10659235755581037
0.10529115462951519
0.10417873914381261
0.10469643038293784
0.1056864229731277
0.10588173275779904
0.10575888975518251
0.10521999303092347
0.10602137354372843
0.10604204574827106
0.10570372721048629
0.10508795447369829
0.10478268159810762
0.10478268159810762
0.10514091358886109
0.10514091358886109
0.10519648973701079
0.104951736392722
0.10541933588091086
0.10529955211534898
0.10541765318575218
0.10581506523345957
0.1057839775241398
0.1057839775241398
0.1057839775241398
0.1057839775241398
0.10527408909508962
0.1050903611965773
0.10471048695050364
0.10446919150851842
0.10446919150851842
0.10475327352075357
0.10546658087721858
0.10460034053177825
0.1047264310392276
0.1048346886421555
0.10556891142430311
0.10409329888329065
0.10441014106796619
0.10441014106796619
0.10579728240419611
0.10579728240419611
0.10468487462730477
0.10389902985991753
0.10389902985991753
0.10389902985991753
0.10411860125695518
0.10423828407292035
0.10580735562074153
0.1051303071719757
0.10572539501483326
0.10601073724938077
0.10595604828353984
0.10566350607532318
0.1055852684181278
0.10636984822355099
0.10507959811082919
0.10298271323970713
0.10378846180916848
0.10378846180916848
0.10378846180916848
0.10389914972823343
0.10389914972823343
0.10410771035776215
0.10529947210186737
0.10562766264432272
0.10523714224001732
0.10432056067110339
0.10375800642114717
0.10375800642114717
0.1043973272533869
0.1039261371014129
0.10432814238393134
0.10478603995521052
0.10422963311439316
0.10422963311439316
0.1050106126224804
0.1050106126224804
0.10579562222940457
0.10525772088303437
0.10525772088303437
0.10543896248687233
0.10541215018604637
0.10541215018604637
0.10463650495799902
0.10463650495799902
0.10434515778193401
0.10349485578582741
0.10409933663900428
0.1047433832842237
0.10466869013891704
0.10381466734653103
0.10393625030041986
0.10456529865300225
0.10506319523702014
0.10569835677988834
0.10616409639082774
0.10504275642351195
0.10479281162540272
0.10560103410120457
0.10639899413066155
0.10537852171667196
0.10538875596120886
0.10538875596120886
0.10538875596120886
0.10490772413423595
0.10518374943127755
0.10504879290476524
0.10504879290476524
0.10504879290476524
0.10414034108096488
0.10311614929502312
0.10392542888264351
0.10392542888264351
0.10308150690317837
0.10386137685928894
0.10386137685928894
0.10253981452831502
0.10304400711555377
0.10304400711555377
0.10304400711555377
0.10415992314744972
0.10363655889567003
0.10363655889567003
0.10213975522116854
0.10213975522116854
0.10105629408121818
0.10075768718272655
0.10049857465633182
0.10024314578372194
0.10113643945556754
0.10105461914235964
0.10220697414875998
0.10154961087723527
0.10189620225532231
0.10177853053814825
0.10148047997952137
0.10135368150253281
0.10075917726623584
0.10075917726623584
0.10107082950679495
0.10170995774393729
0.10228656072857352
0.10225069550517028
0.10396705110129432
0.1045992787228599
0.10423733389677885
0.10268590201928136
0.10400020852239748
0.10400020852239748
0.10472519545214538
0.10472519545214538
0.10472519545214538
0.1045865633824469
0.1045865633824469
0.10385494953654593
0.10241298544786068
0.10209548790917658
0.10209548790917658
0.10145882899568155
0.10244183210585187
0.10322412937662041
0.10299859153902145
0.10172061529484594
0.10302569740904827
0.1041433334914523
0.1041433334914523
0.10258270114002889
0.10258270114002889
0.10281481898590647
0.10194456152280443
0.10090834559564721
0.10096530454076082
0.10142864383890123
0.10268792921856741
0.10268792921856741
0.10268792921856741
0.10295512049455159
0.10397354154199812
0.10397354154199812
0.10437281126150841
0.10510855108625484
0.105385096828132
0.10505656142716849
0.10445949746105299
0.10553531578909364
0.10508637951688946
0.10500770510189827
0.10515448374328784
0.10425642834383045
0.10400891869242453
0.10393077069887006
0.10264674186257183
0.10150652974457063
0.10116928225732941
0.1021538125607334
0.10323961995753018
0.1030458559340504
0.10294435894654387
0.10336573692037365
0.1032560031061321
0.10345520951964293
0.10491844269656223
0.10471688364164695
0.10471688364164695
0.10381418025579577
0.10434709145056509
0.10391091184639104
0.10515255224200687
0.10533428838790924
0.10607892243387652
0.1051645042819933
0.1062376671557467
0.10602438407692834
0.1064976983059045
0.10666158937702414
0.1058223428761402
0.1058223428761402
0.1058223428761402
0.1058223428761402
0.10657021520217755
0.10601575807139127
0.10682966493634644
0.1071552968218076
0.10634511507167092
0.10634511507167092
0.10634511507167092
0.10611665358495578
0.10611665358495578
0.10703433341416582
0.10550596496149044
0.10550596496149044
0.10552035084172816
0.10495483236287467
0.1048207130235259
0.10490527317050644
0.10490527317050644
0.10535335493737472
0.10535335493737472
0.10535335493737472
0.10578571596778852
0.10564937722370234
0.10629628619732177
0.10673701121708287
0.10673701121708287
0.10781275150543436
0.10755322411926788
0.10698939204082088
0.10667824828050829
0.10667824828050829
0.10707027298831971
0.10664635869119765
0.10722402116762456
0.10700098863795934
0.10674663538121355
0.10590981490651284
0.10590981490651284
0.10628977048721407
0.10694903037396448
0.10626077994316979
0.10513585205999557
0.10513585205999557
0.10626488069096512
0.10617513638084455
0.10698714390029376
0.10623293643765575
0.10648812247980975
0.10652390978133246
0.10508315976828635
0.10508315976828635
0.10521153867217799
0.10603715323496135
0.1064533350472378
0.10722583715432606
0.10654359232393626
0.10645016460961088
0.1065302171451679
0.10557451874557415
0.10557280744830162
0.10576018945592702
0.10599967308045541
0.10557940851479823
0.10532540700813908
0.10497556666660043
0.10547355245398454
0.10512169963480145
0.10512169963480145
0.10416663291816758
0.10416663291816758
0.10481617627446423
0.10481617627446423
0.10481617627446423
0.10449906119840535
0.10424574844814648
0.10424574844814648
0.10424574844814648
0.10424574844814648
0.10394364919917046
0.10485914087745299
0.10390958160434172
0.10333414556935505
0.10245479524109047
0.10293734785472289
0.10293734785472289
0.10271178962058329
0.10271178962058329
0.10291615747582582
0.10274139576372018
0.10361112930655492
0.10222195195515796
0.10218593797916316
0.10294348995323123
0.1031546106475655
0.10192971233218362
0.10195742827671414
0.10194122128494969
0.10243008232315483
0.10324833559205787
0.10324833559205787
0.1027706417353909
0.1027706417353909
0.1027706417353909
0.104020797449302
0.104020797449302
0.10394998151380856
0.10479731769368769
0.1049367130587114
0.1039834465372458
0.10321203395193322
0.10293110400692831
0.10366040301783529
0.10345194512853749
0.1047210434252986
0.1049924914192855
0.10467915483578516
0.10373913253371676
0.1023801145917486
0.10249011501068264
0.1040963656850799
0.10423001793689991
0.10334746463561566
0.10315872737498524
0.10354951190095568
0.10264427758026823
0.10232184223687152
0.10189494449145248
0.10189494449145248
0.10279702606436046
0.10279702606436046
0.1032858108278837
0.10302840880201505
0.10161624119752358
0.10136480313585201
0.10184011340900961
0.10178434456477536
0.10178434456477536
0.10178434456477536
0.10150428844357458
0.10204187545083916
0.10189813148212083
0.10262830658738953
0.10262830658738953
0.10305447089293358
0.10164378993651066
0.10158668367762863
0.10158668367762863
0.10213272907529321
0.1021879645182261
0.1021879645182261
0.10273186616300053
0.10249473201079543
0.10249473201079543
0.10203860572263306
0.1022013761574243
0.1019019729140305
0.10197809157528437
0.10197809157528437
0.10197809157528437
0.10097228445817835
0.10031382847014846
0.10009291866220636
0.09924359908565385
0.09929341857379395
0.09880017223175237
0.0991195391531798
0.09954270299895215
0.10035833070239404
0.10032602329804112
0.10032602329804112
0.09987397070809151
0.09937157639936972
0.10032571440932811
0.10115500330792859
0.10132332859011349
0.10122663943172132
0.10122663943172132
0.10090693419233733
0.10090693419233733
0.10090693419233733
0.10012927765715592
0.0997130987249089
0.10044606836017156
0.1010722415155714
0.10116117198830325
0.10112627274469402
0.10112627274469402
0.10107485643600583
0.10161074514191944
0.10269493888032837
0.10240869362557149
0.10337920310042356
0.10337920310042356
0.10315431702973489
0.10382686328925453
0.10288440993606181
0.10288440993606181
0.10371309030939309
0.10371309030939309
0.10413676108746518
0.10413676108746518
0.10535142563526047
0.10535142563526047
0.10450845581541186
0.10418986192890205
0.10508292947056903
0.10459270099440537
0.10459270099440537
0.10459270099440537
0.10400348405216983
0.10436098555911542
0.10436098555911542
0.10393811842156316
0.10504481274904653
0.1042713571954156
0.10388390976678194
0.10363373851055169
0.10388503382472764
0.10388503382472764
0.10462264391763361
0.10307180493747668
0.10372281429726918
0.10364863613738848
0.10359328013567151
0.1046428631354727
0.10475493925479426
0.10499358237869735
0.10603080109621273
0.10648983445903375
0.10548082778653668
0.10564531427639566
0.10653110245438967
0.10550547023905718
0.1065620154766166
0.1065620154766166
0.10671814737003374
0.10671814737003374
0.10585319392913281
0.10585823542202911
0.10585823542202911
0.10573973684774123
0.10469952994689738
0.10545108589224686
0.10503836409794466
0.10506457821228393
0.10477371357313758
0.10477371357313758
0.10475727956783028
0.10437656442466299
0.10437656442466299
0.10441747613646782
0.10427015969639357
0.10422733082941989
0.10422733082941989
0.1039965194844802
0.1039965194844802
0.10443721585399392
0.10443721585399392
0.10609594100918956
0.10639393668914932
0.1068046760127183
0.10724422450459253
0.10935042258120962
0.10829671797318095
0.10861145370617598
0.10864061224586576
0.10816074049124
0.10862771521995362
0.10862771521995362
0.10854587511017978
0.108096599784737
0.108096599784737
0.10729397151782136
0.10618526603155835
0.10625958153288122
0.10625958153288122
0.10625958153288122
0.10582846812539126
0.10582846812539126
0.1058584759604446
0.1058584759604446
0.10618563066891352
0.10508944856406835
0.10533834682917359
0.10637989771192585
0.10656713193533651
0.10656713193533651
0.1068810667174724
0.10694854074485349
0.10694854074485349
0.1061334008733998
0.10558481119120589
0.10502731551791751
0.10567736313519721
0.10560813082012274
0.10587813535780798
0.10587611466382937
0.10510034779459597
0.10524200743564857
0.1053384946322259
0.10560728635228471
0.10589863035140296
0.10594974878200546
0.10570806828901488
0.10570806828901488
0.10467035896005683
0.10467035896005683
0.10441808912427694
0.10477831203599422
0.10415744537010073
0.10368726720579899
0.10302298377531104
0.10259974427269838
0.10259974427269838
0.10315519237073949
0.10312495744832899
0.10312495744832899
0.10312495744832899
0.10319935531211383
0.10319935531211383
0.10158733738004071
0.10042533965251126
0.09958930965738369
0.09958930965738369
0.09962089176070009
0.09962089176070009
0.09824169377051306
0.09956083701133371
0.09956083701133371
0.09936496242052742
0.0991321812080571
0.09860828856201384
0.09862777255514411
0.09827849709241387
0.09868701236192536
0.09960148955392352
0.0995860172097011
0.0992957135557722
0.0996304698402926
0.09969136361543529
0.10041996051805067
0.09940723832403163
0.09883224908853062
0.099494198591291
0.099494198591291
0.0992212879180159
0.09910096327057219
0.0985328507152058
0.09911870711385601
0.10017897450381986
0.10015828580482909
0.1004703526657914
0.1004703526657914
0.10001667172614677
0.10001667172614677
0.10030256149338959
0.10030256149338959
0.10060415802740448
0.10021868568531658
0.10021868568531658
0.10039148618753704
0.10097664922809292
0.10142296027133618
0.10142296027133618
0.10142296027133618
0.10142296027133618
0.1005875215528033
0.1008479612747623
0.10046466047720977
0.09949160226456526
0.09954120655847896
0.09952232742020496
0.09908698000335249
0.09904314001423899
0.09860826511646707
0.09860826511646707
0.09836409686412068
0.09918081463097222
0.09937697794052344
0.09930973084945076
0.099366727234406
0.09969964094232756
0.09969964094232756
0.09990689563133108
0.10052051804234385
0.10011898001712383
0.10010577634163556
0.10062062333245578
0.10149644683396927
0.10150194182387287
0.10123804264909186
0.10148561474347836
0.10084409472103249
0.10163181340321953
0.10168381702572735
0.10195866529929244
0.10100337684129906
0.10155785639161104
0.10155785639161104
0.10302154109418157
0.10279252566083862
0.10224235556037765
0.10154397213812691
0.10140163476846213
0.10126271664170303
0.10126271664170303
0.10158242242908672
0.1007224226143942
0.1007224226143942
0.1007224226143942
0.10151332973245564
0.10151332973245564
0.10224199892442941
0.10224199892442941
0.10224199892442941
0.10166660164103687
0.10207619397516775
0.10270086131225523
0.10180942945126498
0.10195321704064475
0.10147057855190122
0.10093896537596586
0.09967697277107089
0.09934960183783854
0.09819722278680364
0.09904303560667144
0.0995885984878147
0.09941227728507393
0.09909793116136041
0.09859364109421698
0.0988355563083948
0.10001350040675351
0.10163353692320043
0.10122486905371576
0.10116441436327497
0.10155645935987694
0.10188225665175041
0.10192830250746855
0.10060897382456536
0.1020176914246643
0.10252010074259783
0.10246403256796398
0.10189821523908954
0.10189821523908954
0.10109778071174086
0.10109778071174086
0.1009529865886987
0.09982330433599752
0.09982330433599752
0.10041640420847223
0.1003141756745061
0.10042404454167762
0.10213862347391191
0.10158349158677446
0.10168096690235509
0.1008688949998679
0.1008688949998679
0.10063622429757206
0.1007503590986252
0.1007503590986252
0.10181128280014143
0.10181128280014143
0.10220110900897367
0.10145307079881141
0.10093382442969269
0.10202745726380912
0.10197369272466636
0.10209758302092
0.10188518108061483
0.10218814390501028
0.10218814390501028
0.10300329450292955
0.10385651028036996
0.10403224130760325
0.1039536892890487
0.10433751219074403
0.10408441565872643
0.10330380736656236
0.10330380736656236
0.1033767780695485
0.10396234000555786
0.10540852120649893
0.10593467390669566
0.10624061001197782
0.10624061001197782
0.10562469479875143
0.105181744963546
0.105181744963546
0.10580130708943201
0.10624148808531682
0.10592444558592923
0.10561379140598504
0.10561379140598504
0.10554059312397422
0.10534086952078098
0.10543969103652422
0.10583596932511474
0.10568139616583541
0.10538548067859875
0.10573193767717592
0.10584667140659859
0.10584667140659859
0.10520917830426417
