0.1363401217078158
0.1363401217078158
0.1363401217078158
0.1363401217078158
0.1363401217078158
0.1363401217078158
0.1363401217078158
0.1363401217078158
0.1363401217078158
0.1363401217078158
0.1363401217078158
0.1363401217078158
0.1363401217078158
0.1363401217078158
0.1363401217078158
0.1363401217078158
0.1363401217078158
0.1363401217078158
0.1363401217078158
0.1363401217078158
0.1363401217078158
0.1363401217078158
0.1363401217078158
0.1363401217078158
0.1363401217078158
0.1363401217078158
0.1363401217078158
0.1363401217078158
0.1363401217078158
0.1363401217078158
0.1363401217078158
0.1363401217078158
0.1363401217078158
0.1363401217078158
0.1363401217078158
0.1363401217078158
0.1363401217078158
0.1363401217078158
0.1363401217078158
0.1363401217078158
0.1363401217078158
0.1363401217078158
0.1363401217078158
0.1363401217078158
0.1363401217078158
0.1363401217078158
0.1363401217078158
0.1363401217078158
0.1363401217078158
0.1363401217078158
0.1363401217078158
0.1363401217078158
0.1363401217078158
0.1363401217078158
0.1363401217078158
0.1363401217078158
0.1363401217078158
0.1363401217078158
0.1363401217078158
0.1363401217078158
0.1363401217078158
0.1363401217078158
0.1363401217078158
0.1363401217078158
0.1363401217078158
0.1363401217078158
0.1363401217078158
0.1363401217078158
0.1363401217078158
0.1363401217078158
0.1363401217078158
0.1363401217078158
0.1363401217078158
0.1363401217078158
0.1363401217078158
0.1363401217078158
0.1363401217078158
0.1363401217078158
0.1363401217078158
0.1363401217078158
0.1363401217078158
0.1363401217078158
0.1363401217078158
0.1363401217078158
0.1363401217078158
0.1363401217078158
0.1363401217078158
0.1363401217078158
0.1363401217078158
0.1363401217078158
0.1363401217078158
0.1363401217078158
0.1363401217078158
0.1363401217078158
0.1363401217078158
0.1363401217078158
0.1363401217078158
0.1363401217078158
0.1363401217078158
0.13587537034751127
0.13588007901351565
0.13588007901351565
0.13587518198510026
0.13587518198510026
0.13413405185611046
0.13403953024314105
0.1332936130521868
0.1332936130521868
0.13258526642966706
0.1321429094623192
0.1321429094623192
0.1321429094623192
0.1321429094623192
0.13206467757858723
0.13093508325769537
0.13159091680106136
0.13180527203917988
0.1314021598677292
0.1314021598677292
0.13051520898456714
0.13037822028970145
0.1296483506605709
0.12995636449482267
0.1300087695024394
0.1300087695024394
0.1300087695024394
0.1300087695024394
0.12914241246468264
0.12830858404250567
0.12779522297606227
0.12753733572749112
0.12753733572749112
0.12646719324107422
0.12646719324107422
0.12673685972264312
0.12616900896414865
0.12598062259463028
0.12693691239989985
0.12611763574090204
0.12611763574090204
0.12552993519574956
0.12552993519574956
0.12569934684137873
0.125805083010193
0.12490591215234242
0.124635969157038
0.12507790815706846
0.12398010015111127
0.12333514479746553
0.12333514479746553
0.12339038278379724
0.12307729314353186
0.12307729314353186
0.12307729314353186
0.12321015536822627
0.12321015536822627
0.12186790533609781
0.12020531641941054
0.12068465146535748
0.11940238662338448
0.11956293404900176
0.11958566707856218
0.11929474098442686
0.11929474098442686
0.1180156015765299
0.1175964568372959
0.1178004888703865
0.1178004888703865
0.1166123026580545
0.1166123026580545
0.1166123026580545
0.11670352463515372
0.11670352463515372
0.11602471460632187
0.11602471460632187
0.11473787735712622
0.11473787735712622
0.11473787735712622
0.11499616386607
0.11534147570320255
0.11577406152499393
0.1155743597714357
0.11510660867565892
0.1148972445622019
0.1148972445622019
0.1148972445622019
0.1148972445622019
0.11491166502826478
0.11508108721424153
0.11508108721424153
0.11517227903299665
0.11517227903299665
0.11407341662328835
0.11336071388550978
0.11362158118448912
0.11345444229120173
0.11401259972943106
0.11251314939558493
0.11312603707773128
0.11339682072530909
0.11348833487248862
0.11334262066364012
0.11259558832534815
0.11259558832534815
0.11295621994351954
0.11244414536206945
0.1126917646204347
0.11324418975419673
0.11267878967271992
0.11267878967271992
0.11267878967271992
0.1127021658358052
0.11241670781795517
0.11206391252317244
0.11273162701563412
0.11219794586366016
0.11162842232420904
0.11184050002848053
0.11062243551786356
0.11224188547039501
0.11237587065452505
0.11228397223194272
0.11205872215726818
0.11200058353211169
0.11107975675057544
0.11160817085722426
0.11170262444609598
0.11171471162362215
0.11216053470705636
0.11216053470705636
0.11277758843155294
0.11082623100929369
0.10913358646354124
0.11014870600031407
0.11000849350747266
0.11000849350747266
0.10977453436017473
0.1091733418576368
0.1091733418576368
0.10839774142027274
0.10841289331477617
0.10738670916428765
0.10738670916428765
0.10766626688913049
0.10662959978067432
0.10662959978067432
0.10723916874890495
0.10780812765801973
0.10780812765801973
0.10734282446917329
0.10811857139477468
0.10857915385570507
0.10857915385570507
0.10817414911476135
0.10899175248087017
0.10966165146467437
0.10974462779452449
0.10974462779452449
0.10974462779452449
0.10974462779452449
0.10974462779452449
0.10947890166182017
0.10939332520549465
0.11018094266463531
0.11059003536015533
0.11059003536015533
0.11057529560167073
0.11057529560167073
0.109985680907213
0.10924262433600843
0.1081844927525646
0.1086167703285663
0.10923812138286611
0.10923812138286611
0.10978615089260646
0.10978615089260646
0.10991369167174408
0.109555290228424
0.10848263514573686
0.10878242618304529
0.10904944348740296
0.10904944348740296
0.10929549394766834
0.1090477438573581
0.1092473916717381
0.1091356268423837
0.10748796090901566
0.10747186653965252
0.10777053390227227
0.10881719466034775
0.10804312962593325
0.10805530142176323
0.10862324796902782
0.10855132863296095
0.10888749167967925
0.10748705899738191
0.10878207326299943
0.10878207326299943
0.11055812660978395
0.11095519563214526
0.11095519563214526
0.11039185478262771
0.11039185478262771
0.11039185478262771
0.10889209761589505
0.10894356456134659
0.10894356456134659
0.10894356456134659
0.1083697467930121
0.1083697467930121
0.10800826640887831
0.1086074846680088
0.1086074846680088
0.10803623894742843
0.10849831144286873
0.11010849572326784
0.10904849537737248
0.10856038757447803
0.10856038757447803
0.10985566453743541
0.10806300631503014
0.108271578377844
0.10817174317967795
0.10848513801875165
0.10744157725611853
0.10744157725611853
0.1078454499392399
0.10822193520674547
0.1067819425799023
0.1063145474795835
0.1050375636227808
0.10658287290425819
0.10658287290425819
0.10762033030505924
0.10762033030505924
0.10746802062746282
0.10788930587026405
0.10788930587026405
0.10712537961794773
0.10760611653405625
0.10713363396128237
0.10675693804402162
0.10675693804402162
0.10604174818214358
0.1066584318008839
0.10748007778694571
0.10700035645783551
0.10630215311946505
0.10690835358488955
0.10785924202723605
0.10794700991653168
0.10821482976731539
0.10848384602517337
0.10824079741174533
0.10753432005003145
0.10795436606324929
0.10628092374655794
0.10713357991568531
0.10819153219630394
0.1083220542009091
0.10826676615695469
0.10832804201273728
0.10834225807392499
0.10779791405476492
0.10754059506377103
0.10623699795887324
0.10627233503292657
0.10731743205736126
0.10756023396973355
0.10657757174129949
0.1070148495342261
0.10602415902495337
0.10720066586287257
0.10720066586287257
0.10720066586287257
0.1075115181688665
0.10836848968005393
0.10836848968005393
0.10828728896664211
0.10760225318632236
0.10867893685231989
0.10872798296404723
0.10894198683142463
0.10902626901628566
0.10903808932148112
0.10903808932148112
0.10911586656823148
0.10911586656823148
0.10768387947223469
0.10861084120395494
0.10950873292670321
0.10939417126467406
0.10972273747947317
0.10972273747947317
0.10843591288059744
0.10843591288059744
0.1087818461520037
0.10866692812838614
0.10812043807162261
0.10892882175599625
0.10851364492397773
0.1071657604903265
0.10818066956354032
0.1084129965205915
0.10813630957201249
0.10909004937394476
0.10785275113637928
0.10843719489381767
0.10840774642927274
0.10954374781588726
0.10920739690597221
0.10923044404801012
0.10869517350516229
0.10869517350516229
0.10869517350516229
0.10869517350516229
0.1088050708617145
0.10768929847889076
0.10818641045969656
0.10835088312431994
0.10835088312431994
0.10742021277423688
0.10741275625476103
0.10685565027130511
0.10587288178802934
0.10587288178802934
0.10657883615345227
0.10720528491079839
0.1070023885940743
0.1070023885940743
0.1056782419754552
0.10516676418138808
0.10583599953809028
0.10721150495171715
0.10740225175732764
0.10740225175732764
0.1073666948183992
0.10835430916348361
0.10835430916348361
0.10835430916348361
0.1091419541401365
0.10880361195399844
0.10901648657522049
0.10914801731714083
0.10944950637822085
0.10931814640541153
0.10887408584080092
0.10895772213677796
0.10914620218050995
0.10914620218050995
0.10974949532524701
0.10853211271029681
0.10837393697329535
0.10869841082681742
0.10784552735267244
0.10918577524772298
0.10956986737522427
0.1082980293646353
0.10853033727176987
0.10853033727176987
0.10908317155580018
0.10965327668671437
0.11137080929907395
0.111533945345502
0.11088298121378513
0.11058658818647983
0.10999679319861266
0.10998716665460938
0.1106000529011638
0.10987457120419888
0.10993178211882387
0.11060135670880981
0.11183998669657019
0.1124437422000912
0.11234595116478609
0.11119626251956591
0.11155311948914262
0.11155311948914262
0.11195332678601544
0.11098020295389548
0.11169555423628504
0.11225795611434057
0.111618967829053
0.11217941608901977
0.11340257286613332
0.11383689305815112
0.11349988199545334
0.1124566238153358
0.11353929635092282
0.11400335310386939
0.11362222857248111
0.11264647733175939
0.11343317364042972
0.11364236975864304
0.11264042089922714
0.11262859420475824
0.11244241796355703
0.11260264379926076
0.11260264379926076
0.11128288696759989
0.11122690264196813
0.11083166704578376
0.11051570921559714
0.10973733940577292
0.10973733940577292
0.10981038000945384
0.10981038000945384
0.10978200153272619
0.11144214604395206
0.11242800569803618
0.11242800569803618
0.1117597137839162
0.11185719328402839
0.11185719328402839
0.1116943517612896
0.11230674612112464
0.11230674612112464
0.11073239098958203
0.10980959237403197
0.11032057122059089
0.11130455976516684
0.11124885041844
0.11124885041844
0.11124885041844
0.11100645412695838
0.11066544636223082
0.11057914087842578
0.11182458972284041
0.11029668417936288
0.11029668417936288
0.11026063341256155
0.11026063341256155
0.11117141057194134
0.11117141057194134
0.11118670483158974
0.11118670483158974
0.1112507776761851
0.1112507776761851
0.11135063072219756
0.11175767213328205
0.11133548584944661
0.11133548584944661
0.11143525399294145
0.11143525399294145
0.11143525399294145
0.11145457920206614
0.11145457920206614
0.11192491346706432
0.1123270731294212
0.11259483994131404
0.11139748882361203
0.11050887353261726
0.11032592629697126
0.11022641837000664
0.11009153243551024
0.1098647448679149
0.11068735468626521
0.11066996569931503
0.1096335835428245
0.1096335835428245
0.1100969502527533
0.1100969502527533
0.10967475555361896
0.10859183888504306
0.10810267041058387
0.10795511067894352
0.10819086889617499
0.10825863439673103
0.10923570974263166
0.10709926783287714
0.10745335549317417
0.10661329401963818
0.10681012161102878
0.10681012161102878
0.10709152835186984
0.10891327596628168
0.10831383748484744
0.10896998406961746
0.10896998406961746
0.10939331540351191
0.10962635632258053
0.10971288006531688
0.10958348290805922
0.10833293379616453
0.10833293379616453
0.10825362044051452
0.10776862008395463
0.10776862008395463
0.10743817253098659
0.10753300157954697
0.10698728059303593
0.1082007366025417
0.1076390654946318
0.10702185357664579
0.10702185357664579
0.10687977615121232
0.10602804347815564
0.10602804347815564
0.10525021671054527
0.10506739741364038
0.10456870187074614
0.10456870187074614
0.10358158421159631
0.10382899226884887
0.10502528880795335
0.10465116398763495
0.10370489248261225
0.10418536558327512
0.10597987306290546
0.10594293379925888
0.10466509133530562
0.10417472929348433
0.10344044748603513
0.10273259843050621
0.10280475427735103
0.10137198252052007
0.10139011949760834
0.10276877751571237
0.10310624437730026
0.1022771502191189
0.10324651406057761
0.10320736692485412
0.10280753500769883
0.10329456033694037
0.1050097478720037
0.1047544524015457
0.10576430520157917
0.10624759435302161
0.10517953018217263
0.10590822633823538
0.10579402450468332
0.10516190753149027
0.10615927482230747
0.10595931337216256
0.10492617805284317
0.10475255340730277
0.10475255340730277
0.10381085110713185
0.10414736634035279
0.10379628063853456
0.10379628063853456
0.10227928330312944
0.10227928330312944
0.10227928330312944
0.10227928330312944
0.10227928330312944
0.10227928330312944
0.10236386118167402
0.10205250149635209
0.10252509570512974
0.10261994939944469
0.10261994939944469
0.10261994939944469
0.10266264859538551
0.10250788846320681
0.10341720110815689
0.10322327973225402
0.10229338812725182
0.10297087856789504
0.10297087856789504
0.10297087856789504
0.1018870883347269
0.10210147690797806
0.10210147690797806
0.10261939524004007
0.10252109118614758
0.10252109118614758
0.10267216087263248
0.10323400830887888
0.1031084133151377
0.1029221761082918
0.1039120518161509
0.10436591593228706
0.10471718242212606
0.10430611283325215
0.10451288435787962
0.10470047468364728
0.10442756957101007
0.10468517961943494
0.10432018315537983
0.10441571362466237
0.10434970518636752
0.10320723285745899
0.10286905348671505
0.1039473271359137
0.1039473271359137
0.1039473271359137
0.1030863329396522
0.10304232687052492
0.10371111695352613
0.10419962867202436
0.10386033373585343
0.10522635074164557
0.10460347568846706
0.10352843011082838
0.10397317480759456
0.10377055530056055
0.10347363643719294
0.10416695220391264
0.10352137977414876
0.103569333158958
0.10265777253183715
0.1032216332022094
0.1027300813709078
0.10321793051953389
0.10396200529362194
0.1033072081889028
0.10352064223889229
0.10456308255630306
0.10456308255630306
0.10558550016603759
0.10558550016603759
0.10598652523280384
0.10598652523280384
0.10699822055937008
0.10699822055937008
0.10632293733216557
0.10632293733216557
0.10486422166369383
0.10345931375038367
0.10345931375038367
0.10345931375038367
0.10304663776281456
0.10366446446480812
0.10390089402296361
0.10351786827315282
0.1035152215366445
0.1035152215366445
0.1035152215366445
0.1035152215366445
0.10414970992264366
0.10347308640137542
0.10421433380500349
0.10383216405716804
0.10370860235668487
0.10280624172468528
0.10309800592294885
0.10304230827747476
0.10304230827747476
0.10255950710480286
0.10289583292719925
0.10421403633166584
0.10441370544075966
0.10449683299300279
0.10456138749137882
0.10323443706046366
0.10372123242808205
0.10265421798703264
0.10243275806898261
0.10347363844660903
0.10344613454240449
0.10344613454240449
0.10310125231704642
0.10310125231704642
0.10324736457602547
0.10257825796866356
0.10257825796866356
0.10250399293565722
0.10412456823803215
0.10347137066740174
0.10349731155993422
0.10452254116532107
0.10452254116532107
0.10473882571940164
0.1038076297407375
0.10430387153818191
0.10271282647919927
0.10310252913729008
0.10262299463702446
0.10356264739457141
0.10320996270417652
0.1050101585372987
0.1058668551462605
0.105820217622528
0.10576734101102933
0.10576734101102933
0.10571573292146391
0.10552674789426421
0.10596084110695192
0.10689942136040988
0.10767271309042296
0.10731410262047993
0.10806988688423702
0.10781881937607306
0.1068268452402372
0.10695812877681526
0.10695812877681526
0.10695812877681526
0.10695812877681526
0.10688992006300069
0.10735029326016986
0.10735029326016986
0.1073813637960747
0.10740605509334011
0.10666984055392763
0.10666984055392763
0.10829702238954315
0.10827687049018747
0.10822318026368606
0.10782183595112269
0.10691874792738465
0.10704787675916365
0.1068480153449879
0.1068480153449879
0.10660751560264241
0.10660751560264241
0.10573752146532549
0.10762497849166536
0.10762497849166536
0.1091450398634635
0.10911730110370299
0.10915439297621374
0.10802961514586572
0.10823524441999845
0.10686063246096654
0.10672924357069925
0.10635652767384708
0.10684378503841464
0.1066908445121081
0.10674547694705629
0.10780316423800254
0.10780316423800254
0.10758696367933673
0.10845632614388066
0.1101947928829249
0.1095402412318012
0.1095402412318012
0.1085656400652827
0.1085656400652827
0.1085656400652827
0.10844726814553185
0.10844726814553185
0.10806666293780591
0.10804317224433846
0.10747410156062004
0.10772714345921591
0.1074130836694287
0.1074130836694287
0.10683130800596571
0.10681793760109665
0.10600621045853684
0.10600621045853684
0.10604114924775841
0.10604114924775841
0.10655418138050672
0.10548999304039233
0.10616007877396218
0.10775397477083004
0.10900045416398657
0.10927701582482416
0.10927701582482416
0.109535885641628
0.11006625077092584
0.11037373343375861
0.11037373343375861
0.11008953602839305
0.11075676146111256
0.11075676146111256
0.11041296053652368
0.11041296053652368
0.11072856618493117
0.11072856618493117
0.11083914628320957
0.11154445375622807
0.11128048587770517
0.11236261803376299
0.11267357911471856
0.1113834610878121
0.11140142021929428
0.11177777983281874
0.11152604815663694
0.11191801035190742
0.11154584479096266
0.11159057108713075
0.11127322716520545
0.11015518554577725
0.1101563889906935
0.11063746333739267
0.11167857877114036
0.11081144459063243
0.11130843607122339
0.11130843607122339
0.11130843607122339
0.11054132885683055
0.11054132885683055
0.11008386800137739
0.10947016490847791
0.10899617897834872
0.10944262845688439
0.10939114432851661
0.10862239998475655
0.1083463792516086
0.10843756277096121
0.1081320558179076
0.10697608057459108
0.10790742726521761
0.1078644914748283
0.1078644914748283
0.1078644914748283
0.10829893359170209
0.1080426139129854
0.10718845221183454
0.10735448960631569
0.1072707894738822
0.10537842821695022
0.10613430459157631
0.10653282588884776
0.1059237343978816
0.10595231316135076
0.10595231316135076
0.10595231316135076
0.10595279170956762
0.10595279170956762
0.10595279170956762
0.1080094469684499
0.10843940603368062
0.10919692003905812
0.10960942772961486
0.10889470343225162
0.10851140755729569
0.10697873796127891
0.10764565737251201
0.10764565737251201
0.10788964495509791
0.10775592763554362
0.10859795786955086
0.1085013902960217
0.10855215762292464
0.10761851886398771
0.107146910210396
0.10763943565180527
0.1075112751221938
0.1075112751221938
0.10754417510080176
0.10663956090595128
0.10759809169970737
0.10759809169970737
0.10691435335819231
0.10705957174251488
0.10735494111668772
0.10776272188388583
0.10737746169889612
0.1067079628402328
0.1067881265326573
0.10656899798643374
0.10781210241091542
0.10924603267374697
0.10924603267374697
0.10974302376629685
0.10910059031418567
0.10805570469897123
0.10764436312541296
0.10760788297479776
0.10797344414709804
0.10797344414709804
0.10815627102890947
0.10815627102890947
0.10768243182060946
0.10730653897135728
0.10750827264410483
0.10717669944691804
0.10582505328177984
0.10582505328177984
0.10734854877304448
0.10775748666143732
0.10789683794522445
0.10789683794522445
0.1079120260737787
0.10886456279953538
0.10773349167510478
0.10726643658058546
0.10742989062316646
0.10688271921317768
0.10587385738440967
0.10587385738440967
0.10713673653781078
0.10741212796602909
0.10640808582394855
0.10664050493464768
0.10664050493464768
0.10664050493464768
0.10639464711444183
0.10507963472113482
0.10495297433644826
0.10495297433644826
0.10544894526323237
0.10544894526323237
0.10544894526323237
0.10557001151146528
0.10556211113945385
0.10518982047794419
0.106495056415883
0.106495056415883
0.10617964367571718
0.10663461789701341
0.10722114363836174
0.10537206742659634
0.10454446080509641
0.10366163346446644
0.10499183661028264
0.10582437216551281
0.10598581175367901
0.10598581175367901
0.10467298378088331
0.10445598703406284
0.10668274104412295
0.10668274104412295
0.10668274104412295
0.10594008879467079
0.10555331315604541
0.1068895673417302
0.1068895673417302
0.10659304161161505
0.10712712530618207
0.10742470515620575
0.10723285310541664
0.10742599165528427
0.10698167182008123
0.10698167182008123
0.10717003442427314
0.10638760029912137
0.10551053344977619
0.10615961963017473
0.10645614691765509
0.10651671328981707
0.10651671328981707
0.10674593237159669
0.10674593237159669
0.10629416398640282
0.10667317504213716
0.10596230519415806
0.10529837604453551
0.10639213241075854
0.10574374128150874
0.1059865989519804
0.10619958746627876
0.10648495152680659
0.10593041210448474
0.10502564764754195
0.10532629267661453
0.1039628624755574
0.10295952200664381
0.10228848148247188
0.1036498586719607
0.10294742686080925
0.10402950212785066
0.10402950212785066
0.10402950212785066
0.10402950212785066
0.1040578966387502
0.10473264635821031
0.10591875747217332
0.10629012546365062
0.1052360236575959
0.1048639551978609
0.1048639551978609
0.10518005334089098
0.10559905868583543
0.10559905868583543
0.10585148592862043
0.10585148592862043
0.10590947771038685
0.10480383867237325
0.10638495093232131
0.10638495093232131
0.10544328449114995
0.1058577958470386
0.1058577958470386
0.10645001936640469
0.10698745117922472
0.10632004218165653
0.10574866835886342
0.10625461286979736
0.10528153859685924
0.10614087876235566
0.10512438603937524
0.10491660172681261
0.10531795673082785
0.10496600161668591
0.10382525972089487
0.10400106686709218
0.10340895729933786
0.10463290895663739
0.10543320099845163
0.10598621217159605
0.10598621217159605
0.10621367589343138
0.10621367589343138
0.10666338876448128
0.10581458099334543
0.10591743638186707
0.10599485627471873
0.10599485627471873
0.10483415902797887
0.10636652734537431
0.1071305964479929
0.10684142564577637
0.10740319983316361
0.10730740198763217
0.10754756361761686
0.10745689460136046
0.1068449893714618
0.10753361180341757
0.10670506519776969
0.10694883523259449
0.10570432296923846
0.10522446043199372
0.10460208332349386
0.10549627942406613
0.10621617496301818
0.10512848209117387
0.10500575759799707
0.10566690002874454
0.10566690002874454
0.10537607104109362
0.10537607104109362
0.10537607104109362
0.10537607104109362
0.1038253217031733
0.1035780853187953
0.10320147280027943
0.10308440893167839
0.10308440893167839
0.10337870674776402
0.10404125547944909
0.10336332608353731
0.10419393947391929
0.10419393947391929
0.1037757740043137
0.10512653147445652
0.10505636408973205
0.10480277820271972
0.10517928608769854
0.10425586896424915
0.10340617751864056
0.10480446556640247
0.10613336912646658
0.10613336912646658
0.10613336912646658
0.10659917939538156
0.1063515486083926
0.10489632431559608
0.10489632431559608
0.10557125876956079
0.10399046427991496
0.10519291502300378
0.10565976506926221
0.10429002937367286
0.10429002937367286
0.10416356097042236
0.10360897532588698
0.10314436426689425
0.10314437922722361
0.10215352023427289
0.10292023643106722
0.10282934128883689
0.10248916022725357
0.10273710104759635
0.10280497289992992
0.10302248813041673
0.10302248813041673
0.10302248813041673
0.10302248813041673
0.10281336866707483
0.10290677215058688
0.10397734308554785
0.10359891136071463
0.1029978502625622
0.1024132040681482
0.1024132040681482
0.1023972998581664
0.1037305939686771
0.1037877807586046
0.10449915480339163
0.10440003007460513
0.10339206652539461
0.10339206652539461
0.10341797161274015
0.10341797161274015
0.10310308988670856
0.10219849765796589
0.10219849765796589
0.10291499842451834
0.10217525401998645
0.10217525401998645
0.10161799739933342
0.10031140666246427
0.10082593358777096
0.10222963980492167
0.10231279266522704
0.1011102508374489
0.10125156395148649
0.10032564555093802
0.1003344940822105
0.09995325750887729
0.0998124567927345
0.10026293329710241
0.09966884989909418
0.10139235182627399
0.10125146998839
0.10119264481775646
0.1022599580592533
0.10270266116536579
0.10319828521637309
0.10315874414275762
0.10316387270113744
0.10094427834994837
0.10172444465664159
0.10221599445667268
0.10243848191492509
0.10253074445653806
0.10232189198660248
0.10185010836634104
0.10219340006079211
0.10267705608102451
0.10236287029501007
0.10417046473441699
0.10346421459042475
0.10370630593707657
0.10370630593707657
0.10370630593707657
0.10370630593707657
0.10362044446230441
0.10207242381041598
0.10207242381041598
0.1028255266434851
0.10292096185748813
0.10318762064741618
0.10255058929351421
0.1027936620022453
0.10273404941295389
0.10256427064307456
0.10274359239435715
0.10274359239435715
0.10274359239435715
0.10345343456414849
0.10309032161833497
0.10309032161833497
0.10363282800609006
0.10363282800609006
0.10363328701038298
0.10425939821302249
0.10370515293338722
0.10393599807552366
0.10394918841727746
0.10394918841727746
0.10374056913625604
0.10378847208562235
0.10346599371885407
0.10346599371885407
0.10412380454750315
0.10498464383866057
0.10498464383866057
0.10513427492070532
0.10411321496960346
0.10478494424130326
0.1050098233881706
0.10532254472829096
0.10617175059962533
0.10460674905148362
0.10485595807585818
0.10438693656885227
0.10364511406480863
0.10364511406480863
0.1033642846630058
0.10448212710480373
0.10467532048071987
0.10516834740354165
0.10405613174349773
0.102842333114814
0.10288681985336375
0.10225229094043971
0.10210603264742212
0.10297729925111128
0.10297729925111128
0.10394561322141004
0.10396102176003011
0.10480887108639625
0.10515510170319764
0.10633801495283726
0.10610089161516795
0.10614011517304855
0.10459112311742398
0.10404245704318378
0.10386599280507228
0.1042435723884179
0.1042435723884179
0.10219949560268579
0.10204278201125205
0.10189708425407658
0.10189708425407658
0.10167883666962513
0.10193599434117884
0.10355163014575615
0.10279382643617857
0.10405144012398294
0.1039011943153083
0.10475813532279299
0.10345457335991827
0.10345650093120898
0.10415233923184712
0.10415233923184712
0.10412281710004347
0.10462008479676241
0.1041384496840346
0.10474220077303349
0.10456554949754296
0.10369599735908731
0.10388654804358195
0.1044034743931769
0.10550860034766267
0.10562220174140644
0.10566854288687548
0.10566854288687548
0.10566854288687548
0.10566854288687548
0.10566854288687548
0.10609150560313947
0.10618067903505993
0.10618067903505993
0.10672031654342988
0.10544501226841048
0.10544501226841048
0.103837322649615
0.10302766495196444
0.10304692088120555
0.10359769630497342
0.10459862323024109
0.10459862323024109
0.10335522221122229
0.10327784801422638
0.10346245781704556
0.10395663952218863
0.10395663952218863
0.10137470208342057
0.10235551704854146
0.10235551704854146
0.10200687175352713
0.10252947970697471
0.10242687404693478
0.10242687404693478
0.10297345310841141
0.10297345310841141
0.10291547320467943
0.10200628163049547
0.10156343016608667
0.10184918458145976
0.10182375153447377
0.10182375153447377
0.10215821045461111
0.10165984706987805
0.10165984706987805
0.10072201456711295
0.09928643596897095
0.1001231826228007
0.10072232060094026
0.10072232060094026
0.10158715866563192
0.10163646497683451
0.10163646497683451
0.10091146264434918
0.10091146264434918
0.10091146264434918
0.10135034412469852
0.10135034412469852
0.10135034412469852
0.10158571123334223
0.10128364386473553
0.10257490842975059
0.10257490842975059
0.10214685824557328
0.10214685824557328
0.10224233335664573
0.10317690734450427
0.1025176282041874
0.10315286276650455
0.10308428527362841
0.10398984981692964
0.10372972737548773
0.10451954769452265
0.10411689181940019
0.10345855163049973
0.10382725400135814
0.10366695999064507
0.10287319481023964
0.10275534751800398
0.10254173725635202
0.10254173725635202
0.10254173725635202
0.1016423302927123
0.1016423302927123
0.10163214027352835
0.10167469247244114
0.10167469247244114
0.1017259907629471
0.10080187854409758
0.10088052022943508
0.10088942613759605
0.10097051868727173
0.10097051868727173
0.10277692166327358
0.10285831235994052
0.10309682712216993
0.10309682712216993
0.1033361700622852
0.10237044090392655
0.10299403968808447
0.10305387172055655
0.10373607795084894
0.10373607795084894
0.10373607795084894
0.10402879990744739
0.10291717894950883
0.10383730508562572
0.10383730508562572
0.10456436692219942
0.10410836634178923
0.10379756008937813
0.10379756008937813
0.10379756008937813
0.10379756008937813
0.10346292349577349
0.10440609835831115
0.10423295562304848
0.10365879027962283
0.10353818933070272
0.1042342780800281
0.1042342780800281
0.10512970455961133
0.1045858512381385
0.10483351577027852
0.10442309506037349
0.1039295593034741
0.1039295593034741
0.10455840686886703
0.10534522960957833
0.10534522960957833
0.1055064000218745
0.10561474328047242
0.10604616076109874
0.10604616076109874
0.10619329540979687
0.10565797438848445
0.10606841810647819
0.10713818329660718
0.10713818329660718
0.10635611998578474
0.1070332080343242
0.10757439820479948
0.10757439820479948
0.10777331533442729
0.10747073515177621
0.10774460241344853
0.10806754379074934
0.10792517606909283
0.10632768269653993
0.10692484831409248
0.10656247484485577
0.10619890343498058
0.10583358339005085
0.10583358339005085
0.10468420923259922
0.10585805963226541
0.10650840499747642
0.1069489884663842
0.10693715756951118
0.10693715756951118
0.10693715756951118
0.10668270788398584
0.10665263089726687
0.10665263089726687
0.10723215671163933
0.10804702284252436
0.10825937327401347
0.10825937327401347
0.10651839663532431
0.10651839663532431
0.10589144956350215
0.10589144956350215
0.10677117292591924
0.10773816827052571
0.10634453871750171
0.10634453871750171
0.10634453871750171
0.10684034785600323
0.10614736852060687
0.10570550503886789
0.10607194224018757
0.10566539832740476
0.1051468453977311
0.10602085776145745
0.10602085776145745
0.10567261091148619
0.10621632677101085
0.10570036504057574
0.10453356240491322
0.10432741325721946
0.10431231067492719
0.10465146694791162
0.10465146694791162
0.10402407421724846
0.10392956802147747
0.10468445595641755
0.10470765289119582
0.10507821634117724
0.10416645773756825
0.10293748821729849
0.10307325265724868
0.10307325265724868
0.10242449605552588
0.10220338442575023
0.10235569712852438
0.10270008236000562
0.10277634484929903
0.10277634484929903
0.10220036357199075
0.10220036357199075
0.1031871913819969
0.1032572460384389
0.10372543316570104
0.10435624887260687
0.10529742004134028
0.10529801129563869
0.10509595199102385
0.10509595199102385
0.10486703896437245
0.10486703896437245
0.10397023563912502
0.104516197003598
0.104516197003598
0.10449967000091777
0.10384261974812353
0.10370652432999101
0.1030742980528951
0.10359998368538738
0.10375392972786325
0.10441396892236826
0.10441396892236826
0.10479589956236599
0.10471936491099539
0.10392895433360094
0.10504070421964726
0.10550535449906727
0.1057317828439507
0.1057317828439507
0.1057317828439507
0.10536843732696335
0.10615712704014837
0.10615712704014837
0.10602008243069025
0.1059813361462972
0.1059813361462972
0.10643328603794963
0.1062336403857074
0.10682622833682241
0.1066266785468726
0.10811889644241164
0.10673814693059186
0.10617626292427364
0.105230721269025
0.105230721269025
0.105230721269025
0.10569692503231334
0.10570882857542913
0.10622492596242304
0.10622492596242304
0.1057147825464215
0.10573024811566122
0.10432883928319892
0.10397904994055744
0.1039529254531566
0.1039529254531566
0.10498260587570683
0.10543326189067502
0.10618894217332006
0.10676910265181888
0.10676910265181888
0.10687924342270319
0.10687924342270319
0.10620842667949507
0.10620842667949507
0.1056330319547695
0.10563927752430567
0.1042600776385809
0.10503430040203801
0.10428452795253292
0.10428452795253292
0.10394684060990343
0.1039445914641042
0.10433030999077685
0.10442020380267644
0.10442020380267644
0.10441864083113654
0.10337262550883666
0.10361327365376506
0.10285404581176866
0.10300440037600889
0.10148107298822671
0.10200718576438982
0.10275354263833207
0.10181576840476601
0.10181576840476601
0.10171336846085491
0.10253967944353864
0.10253967944353864
0.10248732336632857
0.10272423862096974
0.10353864816644556
0.10353864816644556
0.10353864816644556
0.10353864816644556
0.10326367521861696
0.10324905676760951
0.10218559850557692
0.10218559850557692
0.10218559850557692
0.10218559850557692
0.10138421945421719
0.10127186928924965
0.10127186928924965
0.10220926901236008
0.10276624854622955
0.10239743146543145
0.10178067899274647
0.10178067899274647
0.10137730344386063
0.10137730344386063
0.10194148825848512
0.10239739047443533
0.10132865319181372
0.10216484062793726
0.10193388401395932
0.10180013102506935
0.10184563916920657
0.1033454682525983
0.10216716933278344
0.10154476622916198
0.1014483821067631
0.10266029170203722
0.1032245740546889
0.10287390987171571
0.10399736915454955
0.10236832158980523
0.10236832158980523
0.10350951485945199
0.10425711959572134
0.10341997844508605
0.10478173188455865
0.10491830058157056
0.1053459267869194
0.1046644780304018
0.10444896039593382
0.1050217996508985
0.10482034373305586
0.10354215338980467
0.10443662203617783
0.10478283778175708
0.10477244311154735
0.10477244311154735
0.10538952478582524
0.10538952478582524
0.10538952478582524
0.10604897300575891
0.10653206223412098
0.10622387753314666
0.10622387753314666
0.10525061039891688
0.10525061039891688
0.1056470772626971
0.10691832599080131
0.10674227082464992
0.10633978431362898
0.10633978431362898
0.10557601906600934
0.1040954849042154
0.10379865941442566
0.1033533254666486
0.10398785602520758
0.10431056826332054
0.10298188558895166
0.10231163696567733
0.10236861768220214
0.10236861768220214
0.10236861768220214
0.10236861768220214
0.10362936002014558
0.10286843822793083
0.10289003402432108
0.10323604494861084
0.10368492648667792
0.10374694037239823
0.10353825107871462
0.10215331066694906
0.1016071709817695
0.1015517705108237
0.10240732628762148
0.10154163777596455
0.10178264943935861
0.10165561920825646
0.10220979271686761
0.10219973504415214
0.10220329588948164
0.10253731735944735
0.10220692063948413
0.10220692063948413
0.10348464547096504
0.10348464547096504
0.10317264907269977
0.1026107081884137
0.10249400243677084
0.10264203823820124
0.10264203823820124
0.10254770569325294
0.10303870670945704
0.10428127686960419
0.10428127686960419
0.10504541331709728
0.10438129707440653
0.10392583812907738
0.10395966147272166
0.10442759604211026
0.10480202958981046
0.10380457789983394
0.10459587086815883
0.10459587086815883
0.10515495934579666
0.10525140995976448
0.10534831537835979
0.1061148196448205
0.1077619177994039
0.10887208041853019
0.10859957217520068
0.10729539418464049
0.10724476960196454
0.10675178997141199
0.10592036299952409
0.10608338268529464
0.10638544133178038
0.10566184560716159
0.1061770562682818
0.10729448231055545
0.10644885274102704
0.10747666027652877
0.10656467971264369
0.10579241783218984
0.10579241783218984
0.10715016767715653
0.10681921817213304
0.10745599982684753
0.10745599982684753
0.10745599982684753
0.10745599982684753
0.10745599982684753
0.10805483206277827
0.1075864876472542
0.10646761450056919
0.10628023588908918
0.10770469798939716
0.10722620953414441
0.10722620953414441
0.1071352430753002
0.1068859682218602
0.10807468819067641
0.10784404362563699
0.10939090893260374
0.10928805299558735
0.110150300094801
0.11026149518171634
0.11026149518171634
0.10926314674814083
0.10874116799058645
0.10883890769598012
0.10843804670745559
0.1088793054420203
0.10770902817758109
0.10758543034559502
0.1093191869446405
0.10781190957783159
0.10767238763492659
0.10767238763492659
0.10859639353655956
0.1099136568688708
0.1101564357187691
0.10994264770274659
0.10979288021025957
0.10880967611197166
0.10852363524467927
0.10786032054064294
0.10819176600360082
0.10667567954924977
0.10780303453660686
0.10618416915260778
0.10669428898426551
0.10691220814246571
0.10691220814246571
0.10744473532549996
0.10730659834735165
0.10658014277767276
0.10730299461216479
0.10808992587463205
0.10750723625372653
0.10885895824156497
0.10828505448744259
0.10903191682266826
0.10851177910171857
0.10858603364499718
0.10843482807929623
0.10985385432620152
0.10937411317541622
0.11016327137045916
0.10930105700025886
0.1093721561209063
0.10933907858650294
0.10933907858650294
0.10954570149496425
0.10941861142924998
0.1092152598389395
0.10958652426905517
0.10894457424488542
0.10915857029820197
0.1089866908757965
0.1089866908757965
0.10900866171241554
0.10914923300088221
0.10914923300088221
0.10896760893048998
0.11155257575340471
0.11242771282692195
0.11226601643288511
0.11259113470878648
0.11241501636969448
0.11193626031538087
0.11120767256847176
0.11063652947271206
0.10988038833734477
0.10959602332687772
0.10946440056198516
0.10873212099778409
0.10910031539564358
0.10900895559220329
0.10951975395675553
0.10897363075018147
0.10979807139225158
0.11038433418519189
0.11079349375253762
0.11071136368827306
0.11004985256726349
0.10993358627118574
0.10913763836398567
0.10874214235621892
0.10874214235621892
0.1089536299609002
0.10866440203603125
0.10967689921431469
0.10860905943661779
0.10848470099979597
0.10830982557913242
0.10862793362481896
0.10862793362481896
0.11021325253809447
0.11021325253809447
0.10911693275705357
0.10950250957819636
0.1099122825022
0.10950298255745158
0.10950298255745158
0.10812904828242995
0.10734157655458035
0.1080685030740924
0.10863630502194375
0.10863630502194375
0.1086948478300598
0.1086948478300598
0.10812070763242446
0.10943222452266137
0.10945861951601975
0.10962675636866129
0.10998098284277266
0.11131179374346925
0.11136088871058861
0.1107448915425698
0.11104747650062499
0.11245291644263075
0.1118029178684309
0.11254008795557884
0.11162275783944141
0.11190506869078412
0.1110165774115995
0.111345924841765
0.11127035519581029
0.11124064067633414
0.1118276828633269
0.1118276828633269
0.11168420922830995
0.1127113693482693
0.11197907880490325
0.11233213840555556
0.11223581450792862
0.11262811523315594
0.11290585522754353
0.11226367375014853
0.1133986614988589
0.1131831067988612
0.1131831067988612
0.11336831563812894
0.11311312072784349
0.11311312072784349
0.11241867942428062
0.11241867942428062
0.11303029486095487
0.11187111985221129
0.110134575901604
0.11092003751449385
0.11101111915206677
0.11057503179216208
0.11034286671441443
0.11112541927955855
0.11018418225530288
0.1101670269643336
0.11113610499083706
0.11130715245964241
0.11055846597190636
0.11134513189746298
0.1114907224393457
0.11278692335306928
0.11260636223077276
0.11121633765239909
0.11195901097948044
0.11195901097948044
0.11015901262526455
0.10976002277197928
0.10975667733960975
0.10997864033289484
0.10898689302408472
0.10947960966629713
0.10966819186614267
0.10882041837799629
0.10887553458236353
0.10858079080674456
0.10799000643390955
0.10767584108579224
0.10668192974252011
0.10633117651197257
0.10633117651197257
0.10694041029712906
0.10717893782567799
0.10775640962761417
0.10775640962761417
0.10775640962761417
0.10756097054581465
0.10841302133574997
0.10765197579042833
0.10765197579042833
0.1068624809472518
0.10665052671514946
0.10606846027837499
0.10606846027837499
0.10587707909004977
0.10587707909004977
0.10746530619487732
0.10680698383389818
0.10646637707078671
0.10704853582963816
0.10673075351112399
0.10673075351112399
0.10712920746194035
0.10712920746194035
0.10674980971597091
0.10717830023245284
0.10779486802818711
0.1077757822114951
0.10658818591309728
0.10658818591309728
0.10666347410198147
0.10774100296680904
0.10725691961845829
0.1067106460391537
0.10686436077141333
0.10646283957630194
0.10564521124792069
0.10624893652840661
0.10624893652840661
0.10634746287814643
0.10730146504830708
0.10740127896303364
0.10746258163424477
0.10841228530381675
0.10841228530381675
0.10914273975028582
0.10951158147227506
0.10951158147227506
0.10876534175440648
0.10750530936743669
0.10750530936743669
0.10746678468749248
0.10788864381166653
0.10788864381166653
0.10790139435772778
0.10820729607898968
0.10820729607898968
0.10820729607898968
0.10789344355375965
0.10765526406514374
0.10659066102851174
0.10659066102851174
0.10581180282383355
0.10581180282383355
0.10573590414178827
0.10559704616259244
0.10550721818710979
0.10458639413930682
0.10321925952871971
0.10303378480829598
0.10303378480829598
0.10217219367133942
0.1007004638325045
0.10062265108651337
0.10094213285605112
0.10080136364600323
0.10011139391616167
0.09998679657747181
0.10050395576425189
0.09883708569925208
0.10015222936063299
0.10015222936063299
0.1000430389224792
0.1000430389224792
0.10061412128720659
0.10061412128720659
0.10080558921063276
0.10105553250256531
0.10059039550915805
0.10059039550915805
0.0995646910104802
0.10083914415761128
0.10083914415761128
0.10083914415761128
0.09990489186987309
0.09990489186987309
0.09936628178643955
0.10038084833519095
0.09996188100198686
0.10045055787308334
0.10045055787308334
0.10045055787308334
0.10084258830511854
0.0998560437371973
0.10007709962707548
0.09968205169405857
0.09968205169405857
0.09914601841425554
0.09914601841425554
0.09914601841425554
0.09996068346568705
0.09995427003608064
0.09995427003608064
0.0992107166813857
0.10018251327479744
0.10140834955570764
0.09985954547527745
0.1008061843739356
0.1008061843739356
0.10067593054707691
0.1013647757515201
0.1016288372678629
0.10269873059039411
0.1023491722731217
0.1033550518925741
0.10270413553563958
0.1027321270190765
0.10253434020298866
0.1028388822700462
0.10312814131239109
0.10358549732163352
0.10380944104647463
0.10457768767978454
0.10487462485059397
0.10515923202256591
0.10562137161914315
0.10557478288663148
0.10544432587622615
0.10594984497403223
0.10571551613386126
0.10574295959345317
0.10558885816878123
0.10445432675958656
0.10465917095896493
0.1040862734773006
0.10551585180440944
0.10509373128071685
0.10384237839147077
0.10320976246347553
0.10414468742342885
0.10436872339546495
0.10512333723088255
0.10474872944277308
0.10474872944277308
0.1053384564023053
0.10672340962361655
0.10725786694249112
0.10730036812479365
0.10738730302177073
0.10686804418029597
0.10686804418029597
0.10686804418029597
0.10686804418029597
0.10622982276769508
0.10620950382315099
0.10615138201855383
0.10754050096148554
0.10754050096148554
0.10828254524147984
0.10851848015588514
0.10840811388266826
0.10840811388266826
0.10840811388266826
0.10885837898160428
0.10905695187005393
0.10905695187005393
0.10816422313375838
0.10816422313375838
0.10687788415200064
0.10713788112524014
0.10700077619470835
0.10783845184769394
0.10783845184769394
0.10904762397739665
0.10761856949075221
0.10716125204258355
0.10716125204258355
0.10716125204258355
0.1069353264916478
0.10590980188910239
0.10533595319611327
0.10561734267929464
0.10642780042841353
0.10722956414209975
0.1051775997565521
0.10529431731750163
0.10529431731750163
0.1053036143365587
0.10518942632042759
0.10487141005703982
0.10554949723069183
0.10492575707197963
0.10477695146754509
0.10535118055400403
0.10535118055400403
0.10535118055400403
0.10535118055400403
0.10427921001057748
0.10420796355364319
0.10406910853333412
0.10406910853333412
0.10236297121756925
0.10286873213575559
0.10235397912971175
0.10188487227391246
0.10188487227391246
0.1006171368569491
0.10019405393274929
0.10170055105564188
0.10224086673477671
0.10269001126239007
0.10269001126239007
0.10417695706779126
0.10417695706779126
0.10277610284120309
0.10277610284120309
0.10271867433524345
0.10285880446956493
0.10285880446956493
0.10393037487804208
0.10290010625270167
0.103502914007088
0.103502914007088
0.1042910881902747
0.10406144668565658
0.10420785446159574
0.10408587536407332
0.10422148994636607
0.10550027863135196
0.10594321787387351
0.10663287156224376
0.10782917123487817
0.10827411879821856
0.10786050549684277
0.10621578376461553
0.10572217421744043
0.10569262140611221
0.1056663854769195
0.10531497706504536
0.10495154483252767
0.10500652456693378
0.10469394972849257
0.105175462960068
0.10504529303845674
0.10504529303845674
0.10477130502000441
0.10441149058717587
0.10441149058717587
0.10441149058717587
0.10441149058717587
0.10325583100245046
0.10119252635340939
0.10195932196371439
0.10251291382247761
0.10251291382247761
0.10296163482466013
0.10224150898446722
0.10224150898446722
0.10224150898446722
0.10224150898446722
0.10224150898446722
0.10260029314628057
0.1025843284502812
0.10294237028436933
0.10182737146915653
0.10220651713002211
0.10200661726841281
0.10200661726841281
0.10099711826779027
0.10091183490056632
0.10111706801392227
0.10106596455543561
0.10249225202436822
0.10253072328300451
0.10266874206550564
0.10277905805458618
0.1021321440812028
0.10301648860878178
0.10268489743292791
0.10391946297924189
0.10391946297924189
0.10391946297924189
0.10509056239234517
0.1046553435287554
0.10522790133750116
0.10460134329178433
0.10488971343973305
0.10488971343973305
0.10419137713990995
0.10399732651265389
0.10357979964101752
0.10443812991570245
0.10439615609583155
0.1052819531136785
0.10604802669507084
0.10545944904127648
0.10590470956086165
0.10585273905249427
0.10574518285640606
0.10690234783089299
0.10645618448127334
0.10645618448127334
0.10666509435069911
0.10589599923196152
0.10589599923196152
0.10624832268887335
0.10625160283032165
0.10697540287617657
0.10650330214733911
0.10650330214733911
0.10646493149200152
0.10646493149200152
0.10665802175527272
0.10692617612015426
0.10692617612015426
0.10692617612015426
0.10636051676428258
0.106409926082017
0.10679062499686187
0.10703605395815598
0.10652197967210106
0.10589220467242902
0.10550712316588182
0.1054003211132061
0.10509846439556593
0.1060816247857513
0.10558306741932669
0.10558306741932669
0.10556942408111022
0.10506524941636745
0.10445305609409258
0.10306709933525272
0.10250642663749855
0.10337059138420436
0.10331419371025481
0.10339887816069515
0.10365380013540743
0.10419418536386632
0.10384694424311125
0.10367102156192011
0.10378851726000593
0.10328016022331686
0.10328016022331686
0.10454300380837285
0.10622464043034216
0.10757280123045697
0.1076116586573862
0.10721243801540818
0.10645047205864021
0.10571716933002409
0.1052734775905678
0.1049815646778251
0.10524177844534909
0.10436632212673502
0.10528012524071785
0.10557111879354039
0.10538664521915202
0.10558397419864606
0.10605572436833163
0.10595581116538581
0.10584034264398674
0.10518994231218852
0.10511041156781141
0.10480314426027888
0.10480314426027888
0.10472037556326363
0.10499599623854806
0.10495704199264491
0.10566456933960891
0.10504522695747556
0.10638762195103679
0.10638762195103679
0.10638762195103679
0.10703406031144586
0.10703406031144586
0.10606656978476518
0.10606656978476518
0.10626739142613292
0.1059938071720545
0.10556768697440884
0.10427807295020712
0.10350192042317453
0.10363341196799968
0.10363341196799968
0.10431589235537074
0.10490125927575152
0.10588724784579781
0.10588232385319742
0.10574498580780199
0.10541710808936615
0.10624621337923994
0.10624621337923994
0.10637595306757477
0.10569130547858727
0.10568769979551264
0.10564314435131951
0.10430379233587336
0.10491341126257507
0.10630603925370793
0.10630603925370793
0.10495879839017774
0.10565392671987114
0.1041107934074878
0.1033225893148482
0.10348772136988554
0.10397743282296085
0.10519523848466289
0.10573490305331522
0.10573516088838632
0.10657578647083653
0.10621524895501744
0.10562790363861854
0.10634090034112538
0.10612967442254045
0.10665736692420273
0.10700098791732934
0.10620499040524431
0.10756947722467214
0.108018655981559
0.108018655981559
0.10829729361452992
0.10878505494396547
0.10807043849230238
0.10803739241393119
0.10773354028719694
0.10930925862671681
0.10930925862671681
0.10930925862671681
0.10882441354358423
0.10878198310651928
0.1095690893617751
0.10942646056005803
0.10926732756131682
0.10926732756131682
0.10926732756131682
0.1098093128940161
0.1098093128940161
0.10970789274987607
0.10950061710471287
0.10901668639585807
0.1092953572472432
0.1091044277942957
0.10736520076804046
0.10667662006495146
0.1065929843195212
0.10500870893778066
0.10640753769295477
0.10640753769295477
0.10640753769295477
0.10552501850396712
0.10556051280416977
0.1048341267127961
0.1048341267127961
0.1048341267127961
0.1048341267127961
0.1048341267127961
0.10321971469909497
0.10321971469909497
0.10335710880386476
0.10335710880386476
0.1033007311113811
0.10446078022570893
0.10565164684993762
0.10451001067891033
0.10451001067891033
0.10531314213685616
0.10677442662923664
0.10708615786494387
0.10670958911097168
0.10649478041831754
0.10584538268224561
0.1058074455962628
0.1058074455962628
0.10447724089508019
0.1033578483746989
0.10325012751179198
0.10305865896168453
0.10382001386579379
0.10358543401670413
0.10315751566449101
0.10455623906153276
0.1026558823551115
0.1026558823551115
0.10321661947274366
0.10426952999536658
0.1054109632066295
0.1054109632066295
0.1054109632066295
0.10508029883537526
0.10508029883537526
0.10540471744233876
0.10540471744233876
0.10614703980995113
0.10669470698989345
0.10583444943919317
0.10488887737325767
0.10510559670149482
0.10510559670149482
0.10510559670149482
0.10485001174434794
0.10516276675983198
0.10518929317379415
0.10514556112505666
0.1039754329444972
0.1039754329444972
0.10427606354600391
0.10460597596479737
0.10334277575779655
0.10334156623458692
0.10334156623458692
0.10414909640189524
0.10400102251888878
0.10400102251888878
0.10423701374266046
0.10513849336613303
0.10618118954441587
0.10608360998021332
0.10633840842196063
0.10600479687292737
0.10541290972839736
0.10578646337046556
0.10535951980437488
0.10535951980437488
0.10524060901633035
0.10524060901633035
0.10491158256032161
0.10692701893206184
0.10672502836844884
0.10645954536499971
0.10622567592130289
0.10622567592130289
0.10634959823660581
0.10590903775102098
0.10590903775102098
0.10630767230045236
0.1057344525449056
0.10575791501862887
0.10575791501862887
0.10437219147821437
0.10457217009901593
0.1041417518392762
0.10290871132972654
0.10403881817544372
0.10515219395992081
0.10543595387571067
0.10517117385635474
0.10456841083728859
0.10426280468773912
0.10471342952022632
0.10452389221153134
0.10452389221153134
0.10449706369061235
0.10464129317881603
0.10464129317881603
0.10449580790681659
0.10503885113100345
0.10503885113100345
0.10530696437465127
0.10551167922501747
0.10605171028917781
0.10609065848595008
0.10673417643622517
0.10755930771046743
0.10774957296336092
0.10789772650069782
0.10769287445509379
0.10725261095312427
0.10691210209443902
0.10673354748888772
0.10581572127565898
0.10559218598063376
0.10580060823064702
0.10618006281941163
0.10456841920293769
0.10471589711456931
0.104847699825
0.10478773511464762
0.1047824434164713
0.1045374838508911
0.10484367710738154
0.10556527187361377
0.10456172772839795
0.10547162738475865
0.10548218867888581
0.10503058122407351
0.10592264541051725
0.10592264541051725
0.1058555323703714
0.1058555323703714
0.10532202451429899
0.10651495808163056
0.10651495808163056
0.10651495808163056
0.10657251869864308
0.10657251869864308
0.10657251869864308
0.10657251869864308
0.106629026332571
0.10637697610050122
0.10679216198093523
0.10729767556421665
0.10764070385765118
0.10924599844086538
0.1101183775750787
0.10995509801388206
0.10959834462845544
0.10978103318668292
0.10880768916951641
0.10842462390256796
0.11015242600588152
0.11015242600588152
0.11051358358983877
0.11037400612923327
0.10932229813463601
0.11019904153077027
0.11014612131483514
0.10932666266757327
0.1097006257272918
0.11105173024173762
0.11059743461011433
0.10983003649687718
0.10983003649687718
0.10879334641776549
0.10847245701737421
0.10847245701737421
0.10866352712335019
0.10847133420054351
0.10661168094121704
0.10737460776134587
0.10725859198601038
0.10725859198601038
0.10683423694457245
0.10720834808051377
0.10646778267725387
0.10658068884298415
0.10692111419452821
0.10692239609346493
0.10855134444846909
0.10855134444846909
0.10852309078129044
0.10916667208823416
0.10864875706993044
0.10864875706993044
0.10894282356390383
0.1075173999416474
0.10915708481644286
0.10888354467139896
0.10956092890313493
0.10917437522453668
0.1085664824502536
0.10860205753183043
0.10930228165255833
0.1101984136135692
0.10979116271466505
0.10979116271466505
0.10875654270013155
0.1089125643438913
0.1089125643438913
0.10990573256836252
0.10986958287278169
0.10986958287278169
0.10914346454366007
0.10753951294932097
0.10681494326429342
0.10630024797773288
0.1053020840271068
0.1056738462237749
0.10503781529291034
0.10503781529291034
0.1051863043126805
0.10680075580500398
0.10672399139539086
0.10595841413544617
0.10564074388026282
0.10564074388026282
0.10564074388026282
0.10602567815252763
0.10684488564383256
0.10695637351036903
0.10614542994874639
0.10614281606980615
0.10696786134068413
0.10696786134068413
0.10728774307738813
0.10732160534011789
0.10735418891080262
0.10656584675891743
0.10730931146773744
0.10737269116229523
0.10757035763959799
0.10805033581837706
0.10805033581837706
0.10653537442386132
0.10653537442386132
0.10692443900439351
0.10715056988367183
0.10650620394693804
0.10650620394693804
0.10722240691197342
0.10722240691197342
0.10813102140986659
0.10813102140986659
0.10812738094129033
0.10810643379582517
0.10844907954956803
0.10801030472306165
0.10610739280883379
0.10618233049730771
0.10655859187644214
0.10655859187644214
0.10724364093031925
0.10666855231702199
0.10551703701954614
0.10551703701954614
0.10413456384549508
0.1036196010912315
0.10411527170129707
0.10411527170129707
0.10521546013248272
0.10521546013248272
0.1054053160736059
0.10436210053282569
0.10517143738424388
0.10428468273255166
0.10391962258713186
0.1033491913088278
0.1032664204565356
0.1032664204565356
0.1032664204565356
0.10370680726373534
0.10510301074847546
0.10505421508596163
0.10702027559422161
0.10668211417685831
0.10736304456410545
0.10617711544091916
0.10617711544091916
0.10668970976473863
0.10610094138457189
0.1063206493863314
0.1063206493863314
0.1064872689405524
0.1058467027489918
0.1066781080675711
0.10750988827415463
0.10804065052418688
0.10772344292305783
0.10743990880056083
0.10747740532030216
0.10747740532030216
0.10735062044684902
0.10862648829515258
0.10862648829515258
0.10862648829515258
0.10898006798359561
0.10955762512245724
0.1106016069989926
0.11051530844197946
0.11051530844197946
0.11051530844197946
0.11015662667416252
0.10934833742430805
0.10853701491771686
0.1088712448396722
0.10731530206459218
0.10772941345572694
0.10814608871448564
0.10804038379663766
0.1083190303875433
0.10790985144548204
0.10790985144548204
0.10790985144548204
0.10754154555232906
0.10789426261296507
0.10849742318837467
0.1075480708202945
0.10616311954668023
0.10719405476940738
0.1072892397209848
0.1072892397209848
0.1072892397209848
0.10775891502810399
0.10905758016823602
0.10934733446774238
0.10934733446774238
0.10934733446774238
0.10934733446774238
0.1089251209747123
0.10934987977699342
0.10966754028567664
0.1095680711845189
0.10988569687903445
0.11025446777450258
0.11028242315987762
0.10953620662527476
0.10874423035291765
0.10874423035291765
0.10859680458710597
0.10859680458710597
0.10737723078232801
0.10719275687635309
0.10573964074482903
0.10737604119777379
0.10712944100153565
0.10713856658323209
0.10752533401218925
0.10705804854345015
0.10731235619243013
0.10743459731381946
0.10876532846860786
0.10876532846860786
0.10919019662100037
0.10977351406091171
0.11010478391669022
0.11032493692343846
0.11144793406467396
0.11180444990173471
0.11180444990173471
0.11225406594755563
0.11254621301490804
0.11224547174054668
0.11166090199269335
0.11166090199269335
0.11027279017275234
0.11126411165455512
0.11158035489697136
0.11158035489697136
0.11100790070839651
0.11068678362919468
0.11074098302133768
0.11002253079525948
0.11084954278825829
0.11037372266994815
0.11126981376685838
0.11126981376685838
0.1112319242216289
0.11081732663191214
0.11081732663191214
0.10975948107829141
0.11015147292226603
0.11073843217045327
0.11073843217045327
0.11128891780019798
0.11245170343621771
0.11184296588193002
0.11144584935835282
0.1112782015579352
0.11190626358781089
0.1111520141317244
0.11062405242584411
0.11062405242584411
0.11094518287297601
0.11224342305592258
0.11224342305592258
0.11317240764951361
0.11435163893424585
0.11436292988485108
0.11436292988485108
0.1132918239201707
0.1132918239201707
0.1128477915865215
0.11327311644287182
0.11327311644287182
0.11297821735328978
0.11207462984377499
0.11243415261853562
0.11231603054255107
0.11287404263017634
0.11088468817086505
0.11200395569433275
0.11128686320541935
0.11014431165997728
0.11014431165997728
0.10951906765572937
0.10951870373293558
0.10927129323322854
0.10927129323322854
0.10997999100714233
0.11001190800992636
0.11072337610779943
0.11028395786527098
0.10943439906668716
0.1095679924828487
0.10835385801030899
0.10811752329273007
0.10811752329273007
0.1086127592458095
0.1086127592458095
0.10890949298414729
0.10890949298414729
0.1084838726575313
0.1084838726575313
0.10873814927812216
0.109128745754597
0.10927050061225774
0.10860291116354452
0.10825795863446307
0.10825795863446307
0.10798307171108697
0.10587476764522263
0.10599716931361274
0.10550645816824963
0.10550645816824963
0.10597434490947953
0.1055559584204461
0.1055559584204461
0.10550322153529904
0.10507018999661018
0.10459656991965116
0.10459656991965116
0.10459656991965116
0.10431162188388568
0.10555488055700907
0.10555488055700907
0.1060202356602545
0.1060562979338619
0.10533455680184811
0.10470043117707459
0.10470043117707459
0.10520835573382623
0.10454779959558402
0.1040846395898131
0.10432483178341403
0.10432483178341403
0.10283458740376865
0.10349095149772539
0.1047126158580749
0.1047126158580749
0.10489963442841953
0.10439314011616364
0.10439314011616364
0.1050115494519208
0.10473006991496779
0.10451704554892588
0.10451704554892588
0.10451704554892588
0.10402854038595796
0.10384810491638587
0.10286052465529263
0.10393087056661456
0.1030748461035105
0.10355536760491249
0.10307625333796648
0.10307625333796648
0.10383478633639136
0.10383478633639136
0.10482213285524604
0.10452329290343054
0.10436095912059465
0.10413801881400475
0.10418100663860433
0.1033663696492051
0.10383301188864326
0.10453976454735167
0.10522413536231624
0.10460594643329785
0.10551909377495344
0.10541887924711563
0.1049155056554269
0.10500944177337677
0.10446264209099072
0.10359643786421165
0.10324622540630464
0.10324622540630464
0.10381325898751786
0.10381325898751786
0.10428841947201946
0.10430322555723358
0.10255356889112728
0.10192818786909927
0.10230844963684954
0.10293512470330304
0.1035074844070431
0.10246057097965848
0.10192385793977488
0.10232826202265188
0.10364590229304663
0.10380450703450718
0.10419649607305301
0.10388843538221015
0.1059440109178571
0.10736294980442036
0.10736294980442036
0.10786060851412255
0.10767424836459608
0.1081734328323581
0.10731874066377148
0.10731874066377148
0.10688030721079107
0.10688030721079107
0.10646733965268827
0.10646733965268827
0.1058913394959091
0.1058913394959091
0.10609401158107168
0.10699715788137831
0.10650191724991305
0.10650191724991305
0.10650191724991305
0.10585544762658476
0.10633418913936175
0.10680072063159357
0.10718735453776226
0.10588261041378895
0.10641423601855281
0.10641423601855281
0.10492927466877663
0.10624853478187234
0.10607789403919327
0.10628774227301964
0.10692605683331398
0.10648356823897392
0.10594278228374339
0.10594278228374339
0.10626654814652878
0.10626654814652878
0.10705785476014938
0.10808116285727905
0.10841173824786002
0.10801351748629175
0.10801351748629175
0.10670838776947755
0.10548131469158145
0.10451780039825176
0.10451780039825176
0.10523718780537876
0.1063371518876586
0.10645064224243396
0.10645064224243396
0.10632516068351536
0.10666475516007652
0.10666475516007652
0.10693529950703169
0.10664958580804232
0.10573656815000552
0.10493084359107036
0.10441481662341344
0.10441481662341344
0.10419495954876652
0.1046981471407461
0.1046981471407461
0.10486978323180221
0.1051801376585423
0.10497314818281209
0.10497314818281209
0.1055285302166819
0.10530860161212002
0.1034475596487472
0.10354483897182318
0.10332651201861831
0.1033661628435412
0.10324440208302259
0.10448951752862666
0.10448951752862666
0.10499915678162369
0.10382091814236682
0.10381468826222444
0.10341252858375599
0.10382628528320503
0.10492062454173408
0.10492062454173408
0.10432982373309417
0.10563217913857953
0.10581591602667063
0.10581591602667063
0.10469653849898682
0.10432866236816929
0.10530740172408316
0.10662042416243638
0.10712580963547907
0.10574496746465517
0.10638456701502136
0.10578168380569211
0.10578168380569211
0.10565650941479404
0.10565650941479404
0.1053229206098584
0.10500025026779364
0.10558308410104841
0.10597311024743145
0.10503095463031681
0.10503095463031681
0.10411068464139986
0.10501835393931912
0.10531090451340076
0.10411124505210621
0.10316199049232642
0.10221742416551294
0.10221742416551294
0.10235509179863839
0.10131665167041684
0.10103384800390043
0.10103384800390043
0.1005012198962817
0.10082517436103267
0.10174772301212562
0.10174772301212562
0.1007081083523461
0.1007081083523461
0.10118013182250292
0.10140539654269617
0.10087617200238565
0.10092676644310349
0.1008561832327694
0.10099636121552413
0.10099636121552413
0.10141344893384223
0.10079965197532542
0.10092759747974259
0.10095175295661332
0.10148679053896127
0.10161996067621097
0.10161996067621097
0.10138179931929395
0.10077498531341271
0.10149945302029095
0.1007652716457218
0.10136936318339677
0.10136936318339677
0.10136936318339677
0.10171847459590194
0.10200718218912432
0.10077622096269086
0.10017548900075816
0.10049261519748812
0.10077760757536915
0.1019836112818205
0.10126200644337977
0.10126200644337977
0.10178789743137007
0.10093857104854521
0.10193478241677509
0.10248569884085947
0.10262388716422284
0.10173608112113061
0.10173608112113061
0.10121028904426707
0.10125416342950179
0.10165549613894216
0.10068777838941158
0.10068777838941158
0.10169090508561973
0.10095813789329758
0.10107303143699754
0.10063604398589182
0.10088953259774772
0.10088953259774772
0.10115193766842293
0.1010308546940536
0.10048153893499213
0.10048153893499213
0.0995069665623871
0.0995069665623871
0.09973199472848548
0.09973199472848548
0.10019757559836562
0.10043915263749378
0.10173365766723662
0.1029747597097881
0.1038038286674955
0.10417002410751448
0.10364587318879201
0.10366852016831216
0.10351469067228415
0.10391515507078737
0.10391515507078737
0.10402692383022112
0.10456161357903665
0.10456161357903665
0.10456161357903665
0.10371715183579504
0.10431277515614805
0.10489151364312603
0.10489151364312603
0.10439416090003786
0.10317800593707907
0.10373429600028612
0.10378845386672249
0.10378845386672249
0.10378845386672249
0.10365045930592533
0.10438875831931141
0.10503343240985263
0.10515707204508355
0.10515707204508355
0.10566164491445602
0.10603093123889779
0.10542851480040351
0.10439456613313523
0.10439456613313523
0.1052039089635402
0.10498083022040659
0.10326118281997498
0.10305119372037667
0.10348863498487891
0.10376613708725671
0.10375138679765018
0.10319889209951334
0.10281197080444782
0.10281197080444782
0.10281197080444782
0.10325799008399282
0.10325799008399282
0.10336663759010035
0.10368061110026291
0.10401994398173646
0.10401994398173646
0.1043188482601398
0.10456982281702995
0.10456982281702995
0.1045516859943724
0.10468760344684667
0.1051751046781889
0.10452866562765513
0.10452866562765513
0.10390775551734681
0.10500177018207309
0.10656917060296277
0.10667955954197911
0.10667955954197911
0.10631298455237613
0.1062056257858396
0.10737672083595964
0.10674224573370539
0.10634273402837524
0.10673865630919957
0.1050088231699907
0.10398418662304264
0.10412206118477035
0.10329656862823955
0.10375797064304836
0.10375797064304836
0.10381216771163951
0.10311140997468499
0.10408447280788459
0.10367584187533829
0.10354840507974589
0.10410723605150345
0.10456416633191293
0.1035419398455547
0.10412292258641818
0.10421599712174916
0.10485262101565691
0.10485262101565691
0.10527755890910845
0.10612611756423328
0.10612611756423328
0.10667925125612186
0.10667925125612186
0.10667925125612186
0.10667925125612186
0.10661445183993015
0.10713162771958161
0.10715849096356088
0.10715849096356088
0.10703030773837979
0.10712318761806916
0.10681876073929904
0.10568390938602878
0.10568390938602878
0.10568390938602878
0.10568390938602878
0.10541241236115999
0.10541241236115999
0.10519510894579694
0.10594555971619597
0.10599428276496493
0.10599428276496493
0.10476514342661075
0.10473869138945896
0.10359538402914427
0.10339530965617828
0.10325525241326108
0.10280696642937603
0.10236622041880371
0.10192685744359178
0.10183679565116281
0.10235568954978248
0.10235568954978248
0.10288689714839942
0.10319481256979814
0.10319481256979814
0.10373483579573728
0.10350095504858357
0.10220145237701891
0.10272566736547632
0.10204261180005364
0.10223331290713851
0.10189906646683435
0.10189906646683435
0.10234357079250134
0.10242354514692122
0.10143117170394927
0.1029724702256987
0.10326526151330342
0.10326526151330342
0.10430899341662186
0.10414943700276547
0.10414943700276547
0.10531669859983706
0.10528935014097973
0.10554799457981523
0.10524523954288535
0.10365280727625423
0.10296301243810088
0.10277344248865719
0.10400586054654787
0.10400586054654787
0.10478020866099219
0.10385637417162204
0.10385637417162204
0.10398211260810851
0.10413438592005685
0.10336026615152163
0.10356354926186055
0.10316830776045964
0.10336103900850446
0.10242692059111451
0.10269736719542809
0.10182725225596918
0.1008578853065711
0.1008578853065711
0.10197694974162791
0.10107062745252492
0.10168146484304048
0.09995871515399786
0.09956122465163438
0.09956122465163438
0.1002489806274831
0.10012013106443136
0.10019476018261873
0.1009243355945366
0.10043289142660268
0.10094988825945612
0.10099588996176394
0.10030867207028304
0.10029125261354847
0.10077389749244153
0.10077389749244153
0.09996795078371207
0.09963458991881398
0.09971728441600211
0.1005532160573062
0.10017717552986198
0.10008867286171687
0.10008867286171687
0.10034958481102638
0.10034958481102638
0.10074772114047378
0.09958393200885546
0.09908456290548559
0.09894051816955744
0.09917806365236069
0.0983099119832963
0.09740173700425736
0.09765357561354683
0.09765357561354683
0.09789083660879083
0.09910843012776958
0.09963033171089863
0.09963033171089863
0.09963033171089863
0.09892779310201277
0.0995372143165433
0.0995372143165433
0.09871923308450203
0.09865363271645372
0.09887586405243623
0.09853268026340176
0.098958616135472
0.09864046978473523
0.09867296868845435
0.09867296868845435
0.09873961887815917
0.09963122912300058
0.09933269909791445
0.09933269909791445
0.09953250301277121
0.10054677101826502
0.10145160103789061
0.10028844590321383
0.10011931735190605
0.10182546790533717
0.10183464948818448
0.10123425432769466
0.10123425432769466
0.10034892208426593
0.10087946073275864
0.10114058665289821
0.10114082231155269
0.1009123724347053
0.10239763921172305
0.10201287393238907
0.10182199589767524
0.10259955050069708
0.10259955050069708
0.10279156179408
0.10399832106043898
0.10414085313667688
0.10415334623213651
0.10415334623213651
0.10481443472264175
0.10496966601699874
0.10381266585201929
0.10418313555805288
0.10457856942282015
0.10531927008969519
0.10571775684812078
0.10571775684812078
0.10574863492173325
0.10587122652795967
0.10480892368626933
0.10464541312970199
0.10517596836876489
0.10636698538578887
0.10531963769825847
0.10651908048682114
0.10695263535748589
0.10695263535748589
0.10599609133615823
0.10497838634324377
0.10556979711644071
0.10691757606818045
0.10642963792460079
0.10570748917451904
0.106044405765163
0.10618362251627043
0.10618362251627043
0.1052279704360875
0.10520253083432682
0.10505228734199623
0.10454944147236382
0.10404307796300201
0.10404307796300201
0.10345152824732705
0.10291479015398257
0.1044996421296499
0.10394785052912375
0.10394785052912375
0.10319502371390658
0.10382424811886157
0.10382424811886157
0.1044082500138649
0.1044082500138649
0.10496278284630822
0.10430078117873579
0.10406242283893422
0.10226188130233903
0.10245367799783756
0.10316307482380035
0.10381832839299669
0.10347358650259761
0.10457059100608188
0.10457059100608188
0.10376543436242731
0.10376543436242731
0.10429052829881458
0.10438462388402239
0.10339614758363046
0.10436003565719452
0.10407089125787984
0.10439032777716384
0.10461037094687178
0.10412570707204755
0.10412331990373605
0.10412331990373605
0.10356949683036051
0.10181222867200618
0.10181222867200618
0.10218683372450596
0.10238968361451821
0.10238968361451821
0.1018343798938257
0.1018343798938257
0.10293164550026428
0.10328183410022707
0.10390570214994298
0.10269284183480427
0.10269284183480427
0.10234693985253102
0.1021901620993228
0.10132135093038831
0.10162691485126797
0.10162691485126797
0.1028462646367467
0.10261612074067604
0.10154183658538743
0.10154183658538743
0.10114100243379119
0.10114100243379119
0.10104609363251839
0.1009842230360441
0.10241057237481677
0.10223674490121079
0.1028926894866006
0.10424332837731684
0.10332136083651858
0.10332136083651858
0.10302122576762442
0.10302122576762442
0.10389212542740682
0.10389212542740682
0.10389212542740682
0.10320405360136214
0.1023980620387006
0.1021166594917189
0.1022956290636958
0.1029774031867789
0.1027563656107631
0.1027563656107631
0.10258937639622012
0.10258937639622012
0.10293605591706384
0.1024044256808417
0.1024044256808417
0.10157629126386675
0.10191304832475742
0.10228354103924706
0.1015030627922461
0.10236863261256818
0.10257012040096732
0.10250052243511766
0.10272503189295114
0.10302277900303355
0.10302277900303355
0.10278747692348786
0.10193786732427024
0.10193786732427024
0.10291437410984941
0.10310430501469317
0.10189610118737838
0.10262021994147781
0.1025811535337839
0.1036170579232082
0.1036170579232082
0.10405023822742941
0.10315835506512153
0.10398604333725328
0.10356333663084309
0.10356333663084309
0.10356333663084309
0.10384569432812926
0.10370586464787569
0.10417067413553399
0.10411748349989114
0.10378868406503454
0.10414389439640855
0.10385073021621032
0.10244298259855023
0.10244298259855023
0.10253751385018986
0.10253751385018986
0.10286922753271541
0.10286922753271541
0.10286922753271541
0.10286922753271541
0.10353789811066816
0.10504957393005435
0.10453565160783576
0.10453565160783576
0.1031498305080881
0.10343485279492734
0.10297356296703808
0.10297356296703808
0.10252365740884721
0.10252365740884721
0.10290241094124028
0.10290241094124028
0.10290241094124028
0.10290241094124028
0.10336577691904839
0.10391684140187843
0.10391684140187843
0.10489602326530131
0.10374696652096843
0.10374696652096843
0.10367701962841445
0.10456214187217946
0.10404443226694875
0.10401542712932892
0.10493471849615517
0.10487749821434542
0.10504173261501465
0.10490956293714614
0.10607145609464343
0.10472022228160224
0.10524001262404818
0.10493657420801529
0.10493657420801529
0.10546467782314012
0.10548149097363488
0.10583551835362155
0.10599048751795176
0.10543383594976502
0.10732511201742219
0.10732511201742219
0.10709876496241873
0.10661058043196794
0.10711848495263589
0.10711848495263589
0.10575890918287555
0.10663510225222245
0.10767624501529148
0.10723294321911622
0.1085456905421677
0.10855927247698702
0.10948317201327754
0.10948317201327754
0.10919162973905579
0.10912394626850161
0.10955300776251531
0.10955300776251531
0.1093053082756731
0.1093053082756731
0.10707141128280609
0.10641239917400507
0.10641239917400507
0.10735827626628588
0.1068742619493314
0.10673539821430948
0.10743015431846034
0.10639901637188946
0.10655829017232538
0.10655829017232538
0.10476165709782924
0.1044458251500448
0.10457735968422456
0.10596377575578798
0.10570064414399626
0.10556633700960737
0.10439105337138868
0.10439105337138868
0.10473789708914558
0.10473789708914558
0.10462071209879677
0.10516254720569673
0.10512556410714025
0.10570866613656593
0.1053286751427798
0.10382290281478623
0.10293203869638025
0.10307057822478824
0.10359805884637568
0.1041580510313994
0.10386047072227121
0.10386047072227121
0.10313492122220094
0.1040442036412351
0.1037132721617823
0.10489433700179912
0.10573645189357196
0.10505783870168779
0.10459499856885507
0.10506781904364552
0.10566872217774968
0.10599364983827293
0.10566498898587298
0.10566498898587298
0.10647043613196278
0.10647043613196278
0.10514020432136095
0.10668327606996475
0.10657428358008329
0.10740152615624406
0.10740152615624406
0.10761628223913912
0.1079871824482036
0.1079871824482036
0.1078003817705783
0.10768221290088482
0.10658785170306681
0.10625087133509402
0.10697077336992383
0.10767317585907597
0.10642497862883332
0.10551460130983241
0.10508902482629535
0.10508902482629535
0.1049824661903622
0.10497165968958938
0.10550516358284691
0.10504046916820035
0.10547112061279934
0.10683407216878203
0.10683407216878203
0.10705579911308749
0.10760154777160892
0.10760154777160892
0.10775309018719043
0.10662171173119013
0.10655265984953363
0.1059255071108767
0.10572515979333408
0.10464705986776576
0.10477475667433674
0.10450277957602896
0.10494954362151956
0.10617802124115647
0.1065746529265225
0.1065746529265225
0.10645048925323948
0.1054771955166088
0.10627188587953545
0.10611100340749315
0.10497614537136223
0.10374878931295789
0.10365594047389814
0.10261375196458367
0.10312855762814847
0.10312855762814847
0.1029829423075647
0.10307977054792715
0.10379670997968311
0.10340855151862481
0.10340855151862481
0.10402074913067962
0.10228971512728982
0.10254551114302725
0.10302482960318775
0.10279445490782516
0.10175493860067603
0.10228461410452967
0.10213753129697901
0.10213753129697901
0.10177393803963443
0.10334452278642661
0.10291441379935339
0.1041130375964918
0.10406376983570666
0.10406376983570666
0.10406376983570666
0.10399913232736781
0.10468071121246494
0.10514162686794556
0.10547818732689075
0.105586507576479
0.1059318590164633
0.1059318590164633
0.10627993733927749
0.10627993733927749
0.10571129573232688
0.1059971812362563
0.10600282077187435
0.10573681061320829
0.10573681061320829
0.10535106513932743
0.10535106513932743
0.10515557988042452
0.10532220561151479
0.10641517356330547
0.10629611773065509
0.10511676976752382
0.10500064698397399
0.10469980706699022
0.10413184666535565
0.10533849873197325
0.10517467318373147
0.10400057446692691
0.10447112590940813
0.10465835280319907
0.10405958494079857
0.10366247691533717
0.10366247691533717
0.10315449788297527
0.10315449788297527
0.1024989722921512
0.10250417315527084
0.10431829575419467
0.10563526905971896
0.10454845797916287
0.10443179378574559
0.10443179378574559
0.10443179378574559
0.10425725035641605
0.10432515377691884
0.1056048831896899
0.1056048831896899
0.10552095865298014
0.10534772393080097
0.10497290240903466
0.10438249929709918
0.10539996063739747
0.10560126103235246
0.10432810335052302
0.10528013740550533
0.10379951469271498
0.10379951469271498
0.10439620955532405
0.10447629625798822
0.10520712298616565
0.10524152259117928
0.10524152259117928
0.10528899274511175
0.10469943060859467
0.10469943060859467
0.10424594097730142
0.10372674177544236
0.10419341382947998
0.10350884796573152
0.10274283574762225
0.10361205626369065
0.10288299922916833
0.10290827597598202
0.10290827597598202
0.10290827597598202
0.10267675667012037
0.10180777686747747
0.10093424467359367
0.10110988055001513
0.10042217422044179
0.10014050481120867
0.10014050481120867
0.09994727118211394
0.09921860780031469
0.09914901407279213
0.09992380744915717
0.10041262868104746
0.0991715186918752
0.0991715186918752
0.09863652413914113
0.09911621844594344
0.0992639870311442
0.09939355900060771
0.09888246803584169
0.09926552920774795
0.09926552920774795
0.09926552920774795
0.09906154785889314
0.09933016576436988
0.10140914964085805
0.10218366387854934
0.10174773228336176
0.10170111747562653
0.10269233671573157
0.10322987756516357
0.10160853393194906
0.10121577449024967
0.10064612876364237
0.10131396306558102
0.10115737830663557
0.10098734512902557
0.10113332691026469
0.10141644932613687
0.10145341745412152
0.10042062897419579
0.09993930479701015
0.10107960013599404
0.10107960013599404
0.10075785406344724
0.10160722561733254
0.10092427852511653
0.10146220156128222
0.10229240278436923
0.10201827136200688
0.1010927707399552
0.1010927707399552
0.10018732890182075
0.10057687347019827
0.09964517379244223
0.09921730517388842
0.09921730517388842
0.10031007354730019
0.10031007354730019
0.10031007354730019
0.0996256899458195
0.0996256899458195
0.09945646109555535
0.09973859743734599
0.0986210129615342
0.10073738394055572
0.10175245104474387
0.10070248337953244
