0.11193806369212927
0.11193806369212927
0.11193806369212927
0.11193806369212927
0.11193806369212927
0.11193806369212927
0.11193806369212927
0.11193806369212927
0.11193806369212927
0.11193806369212927
0.11193806369212927
0.11193806369212927
0.11193806369212927
0.11193806369212927
0.11193806369212927
0.11193806369212927
0.11193806369212927
0.11193806369212927
0.11193806369212927
0.11193806369212927
0.11193806369212927
0.11193806369212927
0.11193806369212927
0.11193806369212927
0.11193806369212927
0.11193806369212927
0.11193806369212927
0.11193806369212927
0.11193806369212927
0.11193806369212927
0.11193806369212927
0.11193806369212927
0.11193806369212927
0.11193806369212927
0.11193806369212927
0.11193806369212927
0.11193806369212927
0.11193806369212927
0.11193806369212927
0.11193806369212927
0.11193806369212927
0.11193806369212927
0.11193806369212927
0.11193806369212927
0.11193806369212927
0.11193806369212927
0.11193806369212927
0.11193806369212927
0.11193806369212927
0.11193806369212927
0.11193806369212927
0.11193806369212927
0.11193806369212927
0.11193806369212927
0.11193806369212927
0.11193806369212927
0.11193806369212927
0.11193806369212927
0.11193806369212927
0.11193806369212927
0.11193806369212927
0.11193806369212927
0.11193806369212927
0.11193806369212927
0.11193806369212927
0.11193806369212927
0.11193806369212927
0.11193806369212927
0.11193806369212927
0.11193806369212927
0.11193806369212927
0.11193806369212927
0.11193806369212927
0.11193806369212927
0.11193806369212927
0.11193806369212927
0.11193806369212927
0.11193806369212927
0.11193806369212927
0.11193806369212927
0.11193806369212927
0.11193806369212927
0.11193806369212927
0.11193806369212927
0.11193806369212927
0.11193806369212927
0.11193806369212927
0.11193806369212927
0.11193806369212927
0.11193806369212927
0.11193806369212927
0.11193806369212927
0.11193806369212927
0.11193806369212927
0.11193806369212927
0.11193806369212927
0.11193806369212927
0.11193806369212927
0.11193806369212927
0.11193806369212927
0.11325722753852946
0.11355163953435855
0.11355163953435855
0.11248829652376752
0.11268988061617263
0.1133134189524647
0.11296287260474948
0.11296287260474948
0.11296287260474948
0.11296287260474948
0.11296287260474948
0.11268599043997546
0.11271960905941046
0.11243682631672534
0.11278325123581492
0.1124421552420163
0.1124421552420163
0.11199797318570949
0.11199797318570949
0.11199797318570949
0.11198343798442108
0.11116636597890121
0.11145113969245399
0.11066319856329428
0.11066319856329428
0.11068942129749659
0.10978569985122856
0.10978569985122856
0.10978569985122856
0.10978569985122856
0.10991105281471841
0.1101543209409918
0.11019170370712758
0.11019170370712758
0.11006257902587357
0.11010152606394391
0.11030072156253999
0.11085439135686553
0.11085439135686553
0.11008885581675865
0.11063852538404306
0.11063852538404306
0.1098842556902852
0.10891645663031414
0.10917575782646628
0.10917575782646628
0.10885068280769288
0.10842749670608672
0.10842749670608672
0.10794672459340106
0.10844745039310486
0.10899358246531154
0.10899358246531154
0.10899358246531154
0.10905679272109467
0.10905679272109467
0.10870225297811828
0.1082567712962965
0.10753239801764258
0.10753239801764258
0.10753239801764258
0.10720648677221307
0.107317638456375
0.107317638456375
0.10631000919327119
0.1053278670621505
0.1053278670621505
0.1053278670621505
0.10526018853748445
0.10526018853748445
0.10526018853748445
0.10526018853748445
0.10367830382278556
0.10421383621757765
0.10421383621757765
0.10401317055561966
0.10436275346371496
0.10436275346371496
0.10436275346371496
0.10547614210027598
0.10577778975192381
0.10577778975192381
0.10577778975192381
0.10577778975192381
0.10577778975192381
0.10530436727650674
0.10530436727650674
0.10530436727650674
0.10488858117163859
0.10463999125632541
0.1046731034559075
0.1046731034559075
0.1046731034559075
0.10306122909209481
0.10306122909209481
0.10306122909209481
0.10330551469131229
0.10330551469131229
0.10369040414167943
0.10376751176919836
0.10368780662817773
0.10359564758144792
0.10306076270291448
0.10294692715050767
0.10293505040685891
0.1029380534719359
0.1029380534719359
0.1029380534719359
0.10346747493439142
0.10346747493439142
0.10346747493439142
0.10335965274728667
0.10441166951617185
0.10441166951617185
0.10448021621437573
0.10512522402986925
0.10512522402986925
0.10513411905936479
0.10552862774181217
0.10491844488883846
0.10494661124864137
0.10494661124864137
0.10480474005123178
0.10420112321278403
0.1041540435873968
0.1041540435873968
0.1041540435873968
0.10437293692499118
0.10513555882634944
0.10515962932219998
0.10538318892604208
0.10547518542546659
0.10547518542546659
0.10547518542546659
0.10572662779887351
0.10572662779887351
0.10572662779887351
0.10611746103521492
0.10611746103521492
0.10611746103521492
0.10611746103521492
0.10586784542187529
0.10586784542187529
0.10586784542187529
0.10586784542187529
0.10566976632933026
0.10484432997370835
0.10449950090436579
0.1042721659596869
0.10462191869855236
0.10494834928661352
0.10494834928661352
0.10494834928661352
0.10452586087279125
0.10452586087279125
0.10452586087279125
0.10452586087279125
0.10460279062259682
0.10444565494202235
0.10444565494202235
0.10444565494202235
0.10444565494202235
0.10452349774503136
0.10452349774503136
0.10452349774503136
0.10368994714853076
0.10368994714853076
0.10411859676690959
0.10411859676690959
0.10411859676690959
0.10411859676690959
0.10434216299474942
0.10405996042117861
0.10407531385725274
0.10444124952796441
0.10444124952796441
0.10433010877048692
0.10433010877048692
0.10433010877048692
0.10433010877048692
0.10433010877048692
0.1050766557469541
0.1050766557469541
0.1047549050423843
0.1047549050423843
0.1047549050423843
0.1047549050423843
0.10493903368531163
0.10493903368531163
0.10493903368531163
0.10493903368531163
0.10475513319717762
0.10475513319717762
0.1040984907152853
0.10456604567403345
0.10456604567403345
0.10467618595687936
0.10442370775912757
0.10442370775912757
0.10511041212799618
0.10511041212799618
0.10446385237712456
0.10452137296341264
0.10452137296341264
0.10444562379832262
0.10444562379832262
0.10404940287509414
0.10404940287509414
0.10319992402239084
0.10319992402239084
0.10319992402239084
0.10319992402239084
0.10365514561554401
0.1037917622818028
0.10364918982800109
0.10364918982800109
0.10389914851950262
0.1030969670910404
0.1030843786939168
0.1030843786939168
0.1030843786939168
0.1040555726220318
0.1040555726220318
0.10391257778926265
0.10391257778926265
0.10389287999113313
0.10389287999113313
0.10389287999113313
0.10389287999113313
0.10389287999113313
0.10389287999113313
0.10389287999113313
0.10446097420979461
0.10446097420979461
0.10408887036020668
0.105025912876251
0.10503135182864312
0.10558875568851121
0.10595909642012408
0.10595909642012408
0.10619450061543516
0.10572437873568435
0.10572437873568435
0.10529476088685685
0.105214746110463
0.105214746110463
0.10481919682091823
0.10481919682091823
0.10451478041368303
0.10451478041368303
0.10465980245676597
0.10465980245676597
0.10465980245676597
0.10465980245676597
0.10465980245676597
0.10409332673710166
0.10371843971398906
0.1032503211367093
0.10339707323028617
0.10295983527878068
0.1031032233984227
0.1027970333131688
0.1027970333131688
0.1027970333131688
0.1027970333131688
0.1027970333131688
0.1027970333131688
0.1027970333131688
0.1027970333131688
0.1027970333131688
0.1027970333131688
0.1027970333131688
0.10351941468193651
0.10351941468193651
0.10351941468193651
0.10351941468193651
0.10351941468193651
0.10351941468193651
0.10351941468193651
0.10477303646271041
0.10477303646271041
0.10477303646271041
0.10477303646271041
0.10477303646271041
0.10477303646271041
0.10477303646271041
0.10456068548501112
0.10401578969075487
0.10428608922823089
0.10434467469767002
0.10434467469767002
0.10434467469767002
0.10510100288101622
0.10510100288101622
0.10510100288101622
0.10510100288101622
0.10510100288101622
0.10510100288101622
0.10510100288101622
0.10524630347789507
0.10524630347789507
0.10524630347789507
0.10524630347789507
0.10524630347789507
0.10524630347789507
0.10547222639925274
0.10547222639925274
0.10550254193571386
0.1059399435253802
0.10510846125615217
0.10510846125615217
0.10614840117399349
0.10614840117399349
0.10614840117399349
0.10614840117399349
0.10614840117399349
0.10614840117399349
0.10614840117399349
0.1062617101720778
0.10648426012097954
0.10650571066628237
0.10650532362442625
0.10650532362442625
0.10650532362442625
0.10650532362442625
0.10650532362442625
0.10634624919739873
0.10634624919739873
0.10668969925288858
0.10668969925288858
0.10668969925288858
0.10672250791398241
0.10646676119398354
0.10646676119398354
0.1058402338290699
0.1063674484136054
0.1063674484136054
0.106332111847364
0.106332111847364
0.106332111847364
0.106332111847364
0.106332111847364
0.10682937328671545
0.10682937328671545
0.10682937328671545
0.10682937328671545
0.10733551212130699
0.10733551212130699
0.10685237935667669
0.10685237935667669
0.10685237935667669
0.10685237935667669
0.10685237935667669
0.10730767782846438
0.10685302257004027
0.10722723980205875
0.10722723980205875
0.10722723980205875
0.10722723980205875
0.10722723980205875
0.10722723980205875
0.10701247501291919
0.10683083867127299
0.1066857169542354
0.1066857169542354
0.1064805466505408
0.10653115915595904
0.10588710667065265
0.10540379738343057
0.10501993531699208
0.10455286236445191
0.10444052327920215
0.10448348376127957
0.10448348376127957
0.10448348376127957
0.10422587825801713
0.10421666445683338
0.10475993474042009
0.10475993474042009
0.10475993474042009
0.10488381990215388
0.10488381990215388
0.10488381990215388
0.10412756499952841
0.10405036090073176
0.10411913856496241
0.10412968617550798
0.10427662694278061
0.1045949152292384
0.1045949152292384
0.1045949152292384
0.1045949152292384
0.1045949152292384
0.10486266476526321
0.10487389466604755
0.10530656353681257
0.10475359779875433
0.10469845371342747
0.10469845371342747
0.10433209488893311
0.10433209488893311
0.10433209488893311
0.10459562635995893
0.10459562635995893
0.10478750896832813
0.10478750896832813
0.10478750896832813
0.10478750896832813
0.10465916269663285
0.10465916269663285
0.10465916269663285
0.10480681981752539
0.10480681981752539
0.10480681981752539
0.10480681981752539
0.10480681981752539
0.10480681981752539
0.10480681981752539
0.10480681981752539
0.10470587507162048
0.10470587507162048
0.10470587507162048
0.10470587507162048
0.10470587507162048
0.10470587507162048
0.10469823422698438
0.10469823422698438
0.10474385792142793
0.10491244148175134
0.10458498896115871
0.10482457384787865
0.10482457384787865
0.10523305095407251
0.10523305095407251
0.10523305095407251
0.1058232561249931
0.10586945015381577
0.10586945015381577
0.10586945015381577
0.10556436225712146
0.10556436225712146
0.10556436225712146
0.10556436225712146
0.10556436225712146
0.10525594985035626
0.10525594985035626
0.10525594985035626
0.10525594985035626
0.10525594985035626
0.10525594985035626
0.1049641391600731
0.1049641391600731
0.1049641391600731
0.1049641391600731
0.10506161464143789
0.10506161464143789
0.10504680572654373
0.10504680572654373
0.10504680572654373
0.10466039130734063
0.10457804125789612
0.10457804125789612
0.10490515734299104
0.10490515734299104
0.10481834954613563
0.10481834954613563
0.10502391601375992
0.10502391601375992
0.10502391601375992
0.10502391601375992
0.10502391601375992
0.10501885973492701
0.10501885973492701
0.1050015923316156
0.10417456897847614
0.10427854529617092
0.10445251300589188
0.10445251300589188
0.10449551313163467
0.10449551313163467
0.10449551313163467
0.10449551313163467
0.10449551313163467
0.10449551313163467
0.1042239591006556
0.1042239591006556
0.1042239591006556
0.10451527219738868
0.10451527219738868
0.10415565264689725
0.10415565264689725
0.10408390820595517
0.10407669185245527
0.10407669185245527
0.1040344902694072
0.10495472807571539
0.10485061583462583
0.10490580276453525
0.10490580276453525
0.10351997809246676
0.10351997809246676
0.10427108204678337
0.10427108204678337
0.10427108204678337
0.10427740971923775
0.10427740971923775
0.10375127615059324
0.10370677576084252
0.10363392239324148
0.1040570385766515
0.10410775751667398
0.1036993368434171
0.1036993368434171
0.1036993368434171
0.1036993368434171
0.10351948266795004
0.10351948266795004
0.10370073699582145
0.10327381973329315
0.10327381973329315
0.10327381973329315
0.10329935696970229
0.1031708153097903
0.1031708153097903
0.1031708153097903
0.1031708153097903
0.1033455770228204
0.10292284059758938
0.10290154951948101
0.10290154951948101
0.10290154951948101
0.10290154951948101
0.10290207186458238
0.10332704655531223
0.10332704655531223
0.10332704655531223
0.10332704655531223
0.10333540238711555
0.10306018971641888
0.10298729628316576
0.10264105335107307
0.1035461106609321
0.10307052289498007
0.10301427175074773
0.10301427175074773
0.10249367794964447
0.10345646293089189
0.10306098314922331
0.10305618616072104
0.10305618616072104
0.10376741078194296
0.10470452162892367
0.10470452162892367
0.10474255967647397
0.10454431460939764
0.10387696758425141
0.10447530697580343
0.10447530697580343
0.10447530697580343
0.10447530697580343
0.1046108293251404
0.10512538465630818
0.10478242899055071
0.10478242899055071
0.10474562550093826
0.10412668001708539
0.10412668001708539
0.10412668001708539
0.10412668001708539
0.10358836081928224
0.10358836081928224
0.10358836081928224
0.10358836081928224
0.10358836081928224
0.10358836081928224
0.1038129159746848
0.1038129159746848
0.1036226543521999
0.10351722121585955
0.10420483700798908
0.10345304018054892
0.10456919049491499
0.10456919049491499
0.10456919049491499
0.10456919049491499
0.1056564382940351
0.1056564382940351
0.1056564382940351
0.1057817902712949
0.1057817902712949
0.1057817902712949
0.10577367151848906
0.10576096842161022
0.10576096842161022
0.10576096842161022
0.10547603452512458
0.10547603452512458
0.1055807365165796
0.10564224182715078
0.10501035067990694
0.10501035067990694
0.10501035067990694
0.10501035067990694
0.10486835319078243
0.1056638336330649
0.1056638336330649
0.1056638336330649
0.1056638336330649
0.10596212563040637
0.10596212563040637
0.10596212563040637
0.10666898148948882
0.10666898148948882
0.10726932823049454
0.10726932823049454
0.10773990120864783
0.10816582638927548
0.10827416072358104
0.10809931933830587
0.10809931933830587
0.10809931933830587
0.1079052402851959
0.1070845998562115
0.10796436348727442
0.10772106370609497
0.10772106370609497
0.10772106370609497
0.10787578032099197
0.10787578032099197
0.10787578032099197
0.10830727382717845
0.10830727382717845
0.10809315447896921
0.10791117160208717
0.10791117160208717
0.10787987163745084
0.10787987163745084
0.10826263107977341
0.10818473558792183
0.10814592875559773
0.10814592875559773
0.10814592875559773
0.10808174566312757
0.1079515739124661
0.1079515739124661
0.10796013657088337
0.10796013657088337
0.10796024883813524
0.10750687430816024
0.10727046074566786
0.10721958468239517
0.10721958468239517
0.10721958468239517
0.10723353428008275
0.10723254035261903
0.1077004736827711
0.10730530847514508
0.10730530847514508
0.10721560072486559
0.10798167995732601
0.10798167995732601
0.10798167995732601
0.10798167995732601
0.10827706034980625
0.10827706034980625
0.10819895750063956
0.10819895750063956
0.10849995306820501
0.10849995306820501
0.10784040279174192
0.10804235842492568
0.10793447285245387
0.10793447285245387
0.10793447285245387
0.10807185825171696
0.10842731629865232
0.10896593963994688
0.10896593963994688
0.10883219957759635
0.10849956934814263
0.10849956934814263
0.10849956934814263
0.10849956934814263
0.10856048480584823
0.10902535482046584
0.1086834482764691
0.1086834482764691
0.108885727955298
0.108885727955298
0.108885727955298
0.108885727955298
0.108885727955298
0.108885727955298
0.108885727955298
0.108885727955298
0.10805775451096179
0.10803437328178979
0.10803437328178979
0.10803437328178979
0.10745905456754082
0.10745905456754082
0.10745905456754082
0.10745905456754082
0.10745905456754082
0.10765472659739356
0.10765472659739356
0.1091799387374889
0.10918125496538499
0.10918125496538499
0.10918125496538499
0.10839351118619288
0.10892151989495313
0.10892151989495313
0.10892151989495313
0.10892151989495313
0.10825493979834187
0.10825493979834187
0.10785691542991493
0.10774429588357246
0.1079211900603424
0.10757390089802674
0.10747741868335031
0.10782930151605248
0.10782930151605248
0.10755434997891129
0.10755434997891129
0.10676346319290751
0.10676346319290751
0.10676346319290751
0.10758066844382691
0.10758066844382691
0.10758066844382691
0.10758066844382691
0.10758066844382691
0.10758066844382691
0.10701811599097395
0.10693939016135255
0.10681064405889008
0.10681064405889008
0.1065313268872889
0.1065313268872889
0.1065313268872889
0.1065313268872889
0.10660953164217077
0.10552641171178896
0.10552641171178896
0.10552641171178896
0.10650024089961442
0.10595804615725822
0.10595804615725822
0.10595804615725822
0.10595804615725822
0.10595804615725822
0.10646518279615448
0.1069906959163801
0.1069906959163801
0.10676768930854642
0.10773740946450186
0.10819154852635056
0.10819154852635056
0.10801486177256878
0.10801486177256878
0.10683652400844491
0.10762539317384988
0.10762539317384988
0.10762539317384988
0.10754214371795127
0.10814415382827029
0.10814415382827029
0.10814415382827029
0.10814415382827029
0.10814415382827029
0.10814415382827029
0.10752397509858856
0.10809725777129013
0.10809725777129013
0.10795668822790545
0.10750673130266437
0.10750673130266437
0.1077751148421539
0.1075524418790714
0.1075524418790714
0.10760872772717572
0.10731844128606034
0.10781105472009495
0.1076634490401384
0.10776769425518752
0.10776769425518752
0.10776769425518752
0.10776769425518752
0.10776769425518752
0.10776769425518752
0.10776769425518752
0.10776769425518752
0.10800960546191794
0.10704868207369722
0.10757138394118608
0.10757138394118608
0.10757138394118608
0.10757138394118608
0.10720614897411371
0.10650265462130024
0.10679033292012506
0.10679033292012506
0.1070685734834089
0.1070685734834089
0.10585676883541331
0.10585676883541331
0.10585676883541331
0.10585676883541331
0.10584760285996608
0.10613158614762451
0.10605499282122306
0.10605499282122306
0.10619573791143465
0.10682603323541648
0.10660986280733484
0.10660986280733484
0.10660986280733484
0.10660986280733484
0.10660986280733484
0.10660986280733484
0.1067084471192231
0.10689498127502427
0.10652362253086907
0.10652362253086907
0.10652362253086907
0.10618113826387686
0.10641163497634008
0.10641163497634008
0.10641163497634008
0.10641163497634008
0.10641163497634008
0.10671099482424395
0.10671099482424395
0.10671099482424395
0.10584687034109691
0.10599878144912117
0.10644554035707023
0.10655323878118107
0.10665403614840119
0.1062055894326538
0.1062055894326538
0.1069120910147946
0.10690821126012738
0.10690821126012738
0.10695082166419184
0.10696545506849044
0.10696545506849044
0.10696545506849044
0.10696545506849044
0.10696545506849044
0.10696545506849044
0.10696545506849044
0.10713884507907116
0.10769853467261996
0.1077175720156891
0.1077175720156891
0.10851401002285967
0.10786828476461671
0.10792613255031246
0.10792613255031246
0.10792613255031246
0.10833303164141843
0.10833303164141843
0.10833303164141843
0.10808396343300156
0.10802584110280751
0.10852943078561451
0.10851616392851667
0.10851616392851667
0.10851616392851667
0.10851616392851667
0.10851616392851667
0.10902946296717309
0.10902946296717309
0.10836934811543032
0.10836934811543032
0.10862479717042264
0.10862479717042264
0.10862479717042264
0.10883629851707485
0.10883629851707485
0.10910894868746655
0.10903437387256106
0.10902372469222245
0.10918969356559334
0.10918969356559334
0.10918969356559334
0.10918969356559334
0.10918969356559334
0.10973367032872934
0.10973367032872934
0.1088497237456418
0.1088497237456418
0.1087587638934224
0.1087587638934224
0.10942174933584771
0.10942174933584771
0.10942174933584771
0.10942174933584771
0.10942174933584771
0.10943278647025205
0.10943278647025205
0.10927384402035299
0.10841515621529565
0.10841515621529565
0.10841515621529565
0.10873493847606376
0.10874038722948465
0.10835701591271074
0.10770637445453216
0.10770637445453216
0.10770637445453216
0.10770637445453216
0.10770637445453216
0.10770637445453216
0.10770937444342886
0.1080863043782222
0.10766801364644751
0.10747518433910917
0.10747518433910917
0.10706375282935074
0.10730124166856406
0.10730124166856406
0.10730124166856406
0.10712601264403633
0.10712601264403633
0.10712601264403633
0.10696080324547468
0.10756077071269426
0.10639652070790276
0.10679316536127315
0.1068540922155039
0.10720591797779765
0.10720591797779765
0.10720576598988946
0.10720576598988946
0.10733632160229876
0.10733632160229876
0.10772936028433877
0.10772936028433877
0.1080206851720206
0.10842133725238942
0.10833377831395807
0.10833377831395807
0.1085963286988785
0.10818706211135352
0.10803993557838064
0.10803993557838064
0.10746075942202853
0.10746075942202853
0.10746075942202853
0.10804135703270953
0.10804135703270953
0.10804135703270953
0.10804135703270953
0.10784552816625521
0.10784552816625521
0.10784552816625521
0.10784552816625521
0.10784552816625521
0.10784552816625521
0.1080598205081145
0.1080598205081145
0.1080598205081145
0.1080598205081145
0.1080598205081145
0.1080598205081145
0.10819924331468814
0.10819924331468814
0.10819924331468814
0.10741783344099727
0.1067855031461238
0.10672583529920009
0.10812011406603483
0.10812011406603483
0.10812011406603483
0.10812011406603483
0.10792197408221896
0.10801440531311887
0.10801440531311887
0.10799228338001594
0.10799228338001594
0.10799228338001594
0.10799228338001594
0.10794092053438727
0.1079410633399567
0.1079410633399567
0.1079410633399567
0.1079410633399567
0.1079410633399567
0.10840582598244017
0.10840582598244017
0.10840582598244017
0.10840582598244017
0.10813991225357568
0.10761552279932982
0.10776654967951446
0.10851124744610377
0.10873102238189568
0.10873102238189568
0.10873102238189568
0.10873102238189568
0.10865277482665794
0.10865277482665794
0.10834359040465612
0.10834359040465612
0.10834359040465612
0.10894430886581438
0.10894430886581438
0.1084988843265687
0.1084988843265687
0.10905458376599636
0.10905458376599636
0.1092516805411123
0.1092516805411123
0.10911996183002684
0.10911996183002684
0.10911996183002684
0.10911996183002684
0.10911996183002684
0.10958144753147779
0.10914243797743405
0.10978571611544646
0.10978571611544646
0.10978571611544646
0.10978571611544646
0.10978571611544646
0.10978571611544646
0.10978571611544646
0.10978571611544646
0.10978571611544646
0.10910878353394554
0.1097552241262698
0.1097552241262698
0.10940293258739953
0.10940293258739953
0.10947839571990974
0.10979128768391301
0.10979128768391301
0.10979128768391301
0.10979128768391301
0.10865109321649172
0.10865109321649172
0.10865109321649172
0.10865109321649172
0.10867555587811596
0.10867555587811596
0.10867555587811596
0.10867555587811596
0.10952407038645136
0.10952407038645136
0.10845102479814198
0.10845102479814198
0.10845102479814198
0.10845102479814198
0.10845102479814198
0.10841437488559433
0.10841437488559433
0.10933996653167204
0.10972545244699815
0.10952413937890015
0.10952413937890015
0.10952413937890015
0.10952413937890015
0.10952413937890015
0.10952413937890015
0.10948822264932416
0.10948822264932416
0.10948822264932416
0.10948822264932416
0.10948822264932416
0.10948822264932416
0.10865670045674976
0.10865670045674976
0.1089061535400633
0.1089061535400633
0.1089061535400633
0.10904519375425435
0.10819852234626436
0.10819852234626436
0.10819852234626436
0.10906196431840039
0.10906196431840039
0.10906196431840039
0.10906196431840039
0.10859175677893051
0.10904277373217815
0.10875498077349463
0.10810983083710675
0.10810983083710675
0.10810983083710675
0.10716577640923222
0.10716577640923222
0.10773468164746364
0.10773468164746364
0.10773468164746364
0.10773468164746364
0.10759970182021471
0.10759970182021471
0.10792224941476876
0.10792224941476876
0.10853049586666083
0.10929978954869705
0.10929978954869705
0.10929978954869705
0.10914320912867748
0.10914320912867748
0.10914320912867748
0.10914320912867748
0.10914320912867748
0.10878081441055248
0.10878081441055248
0.10878081441055248
0.10878081441055248
0.10878081441055248
0.10878081441055248
0.1084170036956435
0.1084170036956435
0.10808811323096879
0.10808811323096879
0.10808811323096879
0.10808811323096879
0.10808811323096879
0.10866635848438347
0.10866635848438347
0.10866635848438347
0.10866635848438347
0.10866635848438347
0.10779217761441788
0.10779217761441788
0.10720574785732714
0.10795078527333749
0.10795078527333749
0.10795078527333749
0.10795078527333749
0.10795703016595512
0.10785319309077393
0.10785319309077393
0.10785319309077393
0.10785319309077393
0.10785319309077393
0.10785319309077393
0.10785319309077393
0.10780431541401593
0.10780431541401593
0.10780431541401593
0.10769125769247118
0.10813858777658175
0.10741245991579695
0.10741245991579695
0.10741245991579695
0.10741245991579695
0.10741245991579695
0.10741245991579695
0.1072609227322246
0.1072609227322246
0.1072609227322246
0.10747050968720175
0.10634850218019772
0.10604196520448403
0.10570248125922427
0.10570248125922427
0.10494107494170797
0.10476911721076788
0.10476911721076788
0.10476911721076788
0.10476911721076788
0.10471014333361366
0.10483103055451926
0.10483103055451926
0.10483103055451926
0.10495934409686969
0.10495934409686969
0.10495934409686969
0.10489861343014295
0.10489861343014295
0.10489861343014295
0.10495988034391632
0.10509768580964264
0.10448178384362963
0.10448178384362963
0.10495246603761656
0.10500804387155219
0.10458468736799392
0.10458468736799392
0.10458468736799392
0.10458468736799392
0.10458468736799392
0.10458468736799392
0.10458468736799392
0.10439366905041618
0.10439366905041618
0.104915011664852
0.104915011664852
0.10489612051420098
0.10479752260390855
0.10479752260390855
0.10479752260390855
0.10504386409676235
0.10504386409676235
0.10504386409676235
0.10508025560300469
0.10508025560300469
0.10508025560300469
0.10516915480855904
0.10516915480855904
0.10549964629941627
0.10516906256024632
0.10562656072372303
0.10562656072372303
0.10533027447180952
0.10533027447180952
0.1056926648924672
0.1056926648924672
0.1056926648924672
0.1056926648924672
0.10535762192147562
0.10535762192147562
0.10535762192147562
0.10535762192147562
0.10591800903503153
0.10611069436704293
0.10578424714939134
0.10567563692406479
0.10567563692406479
0.10544444533602072
0.10599066254769351
0.10549874610821398
0.10551663271659777
0.10551663271659777
0.10551663271659777
0.1056266029218344
0.1056266029218344
0.1056266029218344
0.1056266029218344
0.10562463950863867
0.10577449867295668
0.10577449867295668
0.10577449867295668
0.10577449867295668
0.10577449867295668
0.10577449867295668
0.10577449867295668
0.10604029069497643
0.10598671308424301
0.10598671308424301
0.10598671308424301
0.10619430683682206
0.10619430683682206
0.1055955413754647
0.10532519616142527
0.10526077660320515
0.105501065143833
0.105501065143833
0.10593973122263853
0.10652620054047839
0.10648305522611412
0.10648305522611412
0.10648305522611412
0.10625756414587063
0.10701482562112297
0.10701482562112297
0.10707831548836291
0.10707831548836291
0.10773696015729552
0.10691668334829264
0.10691668334829264
0.10691668334829264
0.10691668334829264
0.10670088951287508
0.10663725329793547
0.10663725329793547
0.10663725329793547
0.10649513449169731
0.10649513449169731
0.10722405454609324
0.10722405454609324
0.10693672135161372
0.10740928095428931
0.10708578469164436
0.1079175763910972
0.10793495075703348
0.10839642532864659
0.10839642532864659
0.10862277757427581
0.1072352513196907
0.1072352513196907
0.1072352513196907
0.10724013428860153
0.10718823342597436
0.10718823342597436
0.10713717239481146
0.10713717239481146
0.10713717239481146
0.10713717239481146
0.10713717239481146
0.10777122356908515
0.10777122356908515
0.10777122356908515
0.10777122356908515
0.10801592481411296
0.10801592481411296
0.10801592481411296
0.10801592481411296
0.10804534920790519
0.10797132278561072
0.10797132278561072
0.1078934787617278
0.1078934787617278
0.10783797703882911
0.10783797703882911
0.10808432663850376
0.10792099778705164
0.10792099778705164
0.10792099778705164
0.10792099778705164
0.10836913088992342
0.10852539847630324
0.10852539847630324
0.10832625388912225
0.10864616913638199
0.10864616913638199
0.10864616913638199
0.10864616913638199
0.10864616913638199
0.10809470938292001
0.1082881417161874
0.10840213926356067
0.10816983304720665
0.10878060878852985
0.1092288789117954
0.1092288789117954
0.1092288789117954
0.1092288789117954
0.1092288789117954
0.10931857759691238
0.11021498416122275
0.11021498416122275
0.1105389109733418
0.1105389109733418
0.11044209129512017
0.11044209129512017
0.11044209129512017
0.11044209129512017
0.11044209129512017
0.11044209129512017
0.11044209129512017
0.11038235258494489
0.11005672694314643
0.11034045734722575
0.11034045734722575
0.11034045734722575
0.11034045734722575
0.11034045734722575
0.11056123827776242
0.10978251683646953
0.11046135184512879
0.11046135184512879
0.11111537228674616
0.11074811909650141
0.11074811909650141
0.11137778199752824
0.11128235193707513
0.11128235193707513
0.11128235193707513
0.11092781047316369
0.11098320169607274
0.11054125143743314
0.11054125143743314
0.11120797914765715
0.11120797914765715
0.11120797914765715
0.11120797914765715
0.11120797914765715
0.11120797914765715
0.11120797914765715
0.11120797914765715
0.11120797914765715
0.11120797914765715
0.11120797914765715
0.11120797914765715
0.11120797914765715
0.11115990447491789
0.11115990447491789
0.11115990447491789
0.11118413277418257
0.11098439706466383
0.11053469060393116
0.11134115125936302
0.11134115125936302
0.11166968604923572
0.11136448504149961
0.11136448504149961
0.11152361118346092
0.11152361118346092
0.11216767101921933
0.11276056513944918
0.11259194897714288
0.11249859764952559
0.11249859764952559
0.11224893964200619
0.11224893964200619
0.11224893964200619
0.11187066052495255
0.1111628649073897
0.1111628649073897
0.1111628649073897
0.11119006832145495
0.11119006832145495
0.11119006832145495
0.11119006832145495
0.11141378497243176
0.11141378497243176
0.11141378497243176
0.11141378497243176
0.11141378497243176
0.11107714521427595
0.11082636582043302
0.11082636582043302
0.11149051247374411
0.11156636339321703
0.11156636339321703
0.11221743614887769
0.11221743614887769
0.11221743614887769
0.11231387822992735
0.11231387822992735
0.11197513346395985
0.11137094983374232
0.11264466412497419
0.11264466412497419
0.11278461155968443
0.11278461155968443
0.11278461155968443
0.11269617527379457
0.11269617527379457
0.11269617527379457
0.11333137123921369
0.11307433395593489
0.11307433395593489
0.11307433395593489
0.11314713963190612
0.11314713963190612
0.11314713963190612
0.11314713963190612
0.11314713963190612
0.11373525045626257
0.11373525045626257
0.11373525045626257
0.11395811381163937
0.11476285721234988
0.11476285721234988
0.1158992024464129
0.1158992024464129
0.1158992024464129
0.1158992024464129
0.1155442267151758
0.1155442267151758
0.11517760190887177
0.11517760190887177
0.11474196401373407
0.11484136064972629
0.11484136064972629
0.11484136064972629
0.11437214237762994
0.11428684108577149
0.11428684108577149
0.11412170188672115
0.11412170188672115
0.11412170188672115
0.11412170188672115
0.11429185696059758
0.11429185696059758
0.11374594621870805
0.11368737014483574
0.11318624559858391
0.11318500168960482
0.11318500168960482
0.1136451742299444
0.1136451742299444
0.11380738844105533
0.11417812928144326
0.11417812928144326
0.11423066605132855
0.11423066605132855
0.11423066605132855
0.11423066605132855
0.11423066605132855
0.1147254620025611
0.11483819956738177
0.11428038320600223
0.11383756599225016
0.11383756599225016
0.11364395132675484
0.11364395132675484
0.11364395132675484
0.11364395132675484
0.11364395132675484
0.11323305134945748
0.11318260037474631
0.1136431221558769
0.1136431221558769
0.11518974346139793
0.1154624764153607
0.1154624764153607
0.1154624764153607
0.1154624764153607
0.11542651167292381
0.11542651167292381
0.11490032422313622
0.11490032422313622
0.11559421364942578
0.115637684052055
0.115637684052055
0.115637684052055
0.11641681752033606
0.1158051528137922
0.1158051528137922
0.11606706034711511
0.11606706034711511
0.11686318342138272
0.11686318342138272
0.11686318342138272
0.11686318342138272
0.11686318342138272
0.11686318342138272
0.11686318342138272
0.11724841888621522
0.11724841888621522
0.11645510198166595
0.11645510198166595
0.11645510198166595
0.11671156422251037
0.11671156422251037
0.11537666715591711
0.11537666715591711
0.1162097702195678
0.11538073089811916
0.11538073089811916
0.11538073089811916
0.1159696925801117
0.1159696925801117
0.1159696925801117
0.1159696925801117
0.11598805683397422
0.11598805683397422
0.11597520651091468
0.11597520651091468
0.11597520651091468
0.11597520651091468
0.1155959060246335
0.1155959060246335
0.11578238819073333
0.11578238819073333
0.11578238819073333
0.11531616633656304
0.11531616633656304
0.11531616633656304
0.11531616633656304
0.11535184566063926
0.11535184566063926
0.11535184566063926
0.11544577852374656
0.11544577852374656
0.11544577852374656
0.11568023930108198
0.11608090637579115
0.11608090637579115
0.11608090637579115
0.11577910867566336
0.11569769636005096
0.1157667869175398
0.1157667869175398
0.1157667869175398
0.1157667869175398
0.1157667869175398
0.11643607994110391
0.11643607994110391
0.11643607994110391
0.11643607994110391
0.11643607994110391
0.1158568035651172
0.11575880437262649
0.11575880437262649
0.11660446674826178
0.11674099671683097
0.11687507554524623
0.11628745125334454
0.11648727110287056
0.11648727110287056
0.11660350950429205
0.11669631180419617
0.11585952748053556
0.11577503171857656
0.11614376367062448
0.1167671394486392
0.11619208735710287
0.1162380438163363
0.1162380438163363
0.1162380438163363
0.1162380438163363
0.1162380438163363
0.11674683440929066
0.11674683440929066
0.1162265309196683
0.11557748754036759
0.11557748754036759
0.1154674896746689
0.11422190497345057
0.11502073544939842
0.11502073544939842
0.11502073544939842
0.11515814451092077
0.11429066676826956
0.11450220383135135
0.11427580467272332
0.11400230417731784
0.11368415606395386
0.1134684418163397
0.1134684418163397
0.1124507717434046
0.11182590870592463
0.11182590870592463
0.11182590870592463
0.11182590870592463
0.11183638123270136
0.11183638123270136
0.11183638123270136
0.11201213464248683
0.1125569215077081
0.1125569215077081
0.1125569215077081
0.11218588545868624
0.11222787276426452
0.11325579120095186
0.11296965542814197
0.11296965542814197
0.11296965542814197
0.11296975625572946
0.11296975625572946
0.11296975625572946
0.11296975625572946
0.11359959746189756
0.11359959746189756
0.11364927924942458
0.11415648890217861
0.11272001427339048
0.11215240221283407
0.11215240221283407
0.11136582763620102
0.11136582763620102
0.11162736017355918
0.11169590272651124
0.11249396056726549
0.11147437457323203
0.1114281957399754
0.1114281957399754
0.1114281957399754
0.11049604606023522
0.11085421794241264
0.11085421794241264
0.11119471922514106
0.11119471922514106
0.11119471922514106
0.11119471922514106
0.11106221843434563
0.11106221843434563
0.11071194425053921
0.11070588072259158
0.11070588072259158
0.11070588072259158
0.11153482304835463
0.11116140643023814
0.11146080897547325
0.11146080897547325
0.11146080897547325
0.11191608445500437
0.11177104599682458
0.11164488780380802
0.11140884659566304
0.11184516794927246
0.11157680256479538
0.11173847723858057
0.11173847723858057
0.11152469347511701
0.11152469347511701
0.11152469347511701
0.11212436004955761
0.11212436004955761
0.11248399658039235
0.11287346148760838
0.11287346148760838
0.11181865814011448
0.11298156670707196
0.11298156670707196
0.11298156670707196
0.11298156670707196
0.11298156670707196
0.11298156670707196
0.11210317771823056
0.11210317771823056
0.11203003463514147
0.11208592065987084
0.11208592065987084
0.11208592065987084
0.11291338196273132
0.11319259792165305
0.1124160284403893
0.1124160284403893
0.1124160284403893
0.1124160284403893
0.11240664788260717
0.11240664788260717
0.1120402173996801
0.1120402173996801
0.11258059620876958
0.11190920921337723
0.11232591368802873
0.11232591368802873
0.11232591368802873
0.11276502597840025
0.11276502597840025
0.11276502597840025
0.11277321396979413
0.11323314038153381
0.1130375566492989
0.11348604485561184
0.11389069749027647
0.11389069749027647
0.11389069749027647
0.11355827171518232
0.11401596923046026
0.11401596923046026
0.11401596923046026
0.11401596923046026
0.11401596923046026
0.11401596923046026
0.11401596923046026
0.1135099273753235
0.11362550139615053
0.11360759321148581
0.11382080691090594
0.11366903997847484
0.11366903997847484
0.11331743626998464
0.11357274530398523
0.11357274530398523
0.11357274530398523
0.11357274530398523
0.11361003529393646
0.11348982288358665
0.1140044941216951
0.1140044941216951
0.1140044941216951
0.1140044941216951
0.1140044941216951
0.11338340065017381
0.11338340065017381
0.11338340065017381
0.11338340065017381
0.11438340780416002
0.11375070668591827
0.11398677060694594
0.11398677060694594
0.11387798527783795
0.11279215528651643
0.11298861699946747
0.11305062923331421
0.11305062923331421
0.11305062923331421
0.11305062923331421
0.11305062923331421
0.11305062923331421
0.11305062923331421
0.11282303861918976
0.11248949338598863
0.11248949338598863
0.11230346044015413
0.1122478888511869
0.11255256133332063
0.11194147108368963
0.11194147108368963
0.11194147108368963
0.11197881920112925
0.11197881920112925
0.11197881920112925
0.11246076327441529
0.11296963487487574
0.11296963487487574
0.11309258925242889
0.11268975311085029
0.11299031359109536
0.1125765985359331
0.11334556809203894
0.11334556809203894
0.11334556809203894
0.11331779656945001
0.11331779656945001
0.11331779656945001
0.11301094502102724
0.11278733203868017
0.11246882345837374
0.1128009684971272
0.1120105381704742
0.11171949064876543
0.11090111297636177
0.11123260506522274
0.11123260506522274
0.1106274463200399
0.11132225810730019
0.11111692666927096
0.11103137039828341
0.11103137039828341
0.11103137039828341
0.11188413573579918
0.11188413573579918
0.11208972296679208
0.11208972296679208
0.11208972296679208
0.11208972296679208
0.11208972296679208
0.11147328337802745
0.11147328337802745
0.11147328337802745
0.11103916116822253
0.11148460549900047
0.11148460549900047
0.11148460549900047
0.11115961942466396
0.11200962883891238
0.11259200090882814
0.11259200090882814
0.11259200090882814
0.11263274164835158
0.11263274164835158
0.11279473345716508
0.11279473345716508
0.11279473345716508
0.11279473345716508
0.11262235395961834
0.11262235395961834
0.11275274547205023
0.11275274547205023
0.11275274547205023
0.11296551993700242
0.11296551993700242
0.11296551993700242
0.11315077047463455
0.11315077047463455
0.11357468346919213
0.11259656511519472
0.11306239230090272
0.1128093343355639
0.11262770744969414
0.11274522648973466
0.11294486053934222
0.11294486053934222
0.11294486053934222
0.11294486053934222
0.112551944059678
0.112551944059678
0.11275869282777538
0.11260974857215328
0.11319290100660843
0.11345179024248568
0.11298457579747043
0.11330575380392315
0.11330575380392315
0.11384022954724315
0.11262117802875694
0.11266140555841245
0.11266140555841245
0.11471206796927536
0.11471206796927536
0.11538915873693315
0.11538915873693315
0.11538915873693315
0.11498073097808245
0.11498073097808245
0.11517546373431824
0.11456388068630513
0.11456388068630513
0.11456388068630513
0.11456388068630513
0.11456388068630513
0.11432663732859953
0.11432663732859953
0.11397158264034708
0.11397158264034708
0.11397158264034708
0.11397158264034708
0.11397158264034708
0.11406537732706376
0.11406537732706376
0.11406537732706376
0.11406537732706376
0.11406537732706376
0.11406537732706376
0.11363241782637781
0.11363241782637781
0.11363241782637781
0.11363241782637781
0.11363241782637781
0.11371908564884166
0.11492349401691355
0.11492349401691355
0.11492349401691355
0.11492349401691355
0.11492349401691355
0.1151012783578485
0.11521014633274541
0.11521014633274541
0.11550365990759162
0.11550365990759162
0.11550365990759162
0.11552394302672185
0.11552394302672185
0.1149979665661022
0.1149979665661022
0.11555361135942377
0.11450799357674835
0.11402050565608335
0.11457237930000541
0.1140860647464026
0.11439126481030473
0.11439126481030473
0.11439126481030473
0.11439126481030473
0.11366290561974868
0.11380411503578479
0.11380411503578479
0.11363785627318486
0.11363785627318486
0.11392086048169402
0.11366369272028234
0.11366369272028234
0.1144152735719595
0.11400760278299196
0.11400760278299196
0.11400760278299196
0.11400760278299196
0.11400760278299196
0.11416600886474094
0.11393411626791286
0.11393411626791286
0.11393411626791286
0.11393411626791286
0.11393411626791286
0.11441966040877598
0.11397980873402343
0.11397980873402343
0.11361093935266076
0.11388181482735676
0.11388181482735676
0.11388181482735676
0.11388181482735676
0.1147729685270753
0.1147729685270753
0.1151903172759523
0.11473972540407602
0.11473972540407602
0.11453290503214941
0.11503504804748113
0.11503460676377479
0.11503460676377479
0.11503460676377479
0.11503460676377479
0.11494377481614051
0.11494377481614051
0.11494377481614051
0.11460934663070439
0.11460934663070439
0.11558637616438444
0.11538891496023532
0.1150690266372115
0.11473384163054852
0.11473384163054852
0.11473384163054852
0.11526526376903112
0.11526526376903112
0.11526526376903112
0.11517042581339496
0.11501031620181583
0.11501031620181583
0.11403678688445892
0.11403678688445892
0.11433134276662069
0.1146641876066666
0.1146641876066666
0.11453786365548511
0.11447967304380645
0.11447967304380645
0.11386368721831314
0.11386368721831314
0.11386368721831314
0.11411065645400972
0.11413335339332675
0.11413335339332675
0.11446701832368282
0.1152375184635028
0.11499102549526732
0.11499102549526732
0.11447019799924354
0.11453778500603008
0.11437498132179012
0.11486743943725787
0.11486743943725787
0.11486743943725787
0.11486743943725787
0.11486743943725787
0.11475470472523694
0.11477578222162317
0.11477578222162317
0.11494397209837379
0.11486251003161366
0.11486251003161366
0.11486251003161366
0.11468319629109189
0.11468319629109189
0.11524396397990971
0.11524396397990971
0.11507982444069718
0.1144995471048323
0.1140176255798046
0.11356008228852345
0.11356008228852345
0.1134278702913936
0.1134278702913936
0.11364416010112266
0.11364416010112266
0.11364416010112266
0.11338601688256066
0.11300835933050041
0.11366646644617509
0.11378464159627417
0.11378464159627417
0.1140018843668166
0.1140018843668166
0.1140018843668166
0.11355042484898505
0.11359938018113648
0.11437613872394702
0.11434074779367269
0.11434074779367269
0.11434074779367269
0.11434074779367269
0.11434074779367269
0.11434074779367269
0.1137560714397612
0.11356548231942994
0.11356548231942994
0.11395529181815604
0.11385213972993943
0.11385213972993943
0.11385213972993943
0.11385213972993943
0.11424163725487656
0.11424163725487656
0.11424163725487656
0.11416074875310989
0.11394694244292441
0.11353926912014235
0.11398350588423344
0.11414548951356758
0.11414548951356758
0.11372981759546115
0.11372981759546115
0.11372981759546115
0.11372981759546115
0.11446080544667642
0.11398416164689647
0.11398416164689647
0.11398416164689647
0.11398416164689647
0.11398416164689647
0.11471913409898257
0.11471913409898257
0.11430608415875548
0.11430608415875548
0.11405705043487885
0.11405705043487885
0.11405705043487885
0.11265400902064038
0.11265400902064038
0.11279946898534739
0.11279946898534739
0.11279946898534739
0.11279946898534739
0.11372270765027856
0.11373170861595316
0.11373170861595316
0.11373170861595316
0.11373170861595316
0.11373170861595316
0.113633905651574
0.1130148136926761
0.1130148136926761
0.1130148136926761
0.11299614026499137
0.11299614026499137
0.11306280224334171
0.11306280224334171
0.11251014901435175
0.11251014901435175
0.11320090339323897
0.11320090339323897
0.11320090339323897
0.11316304229081077
0.11316304229081077
0.11340988568767754
0.11340988568767754
0.11340988568767754
0.11340988568767754
0.11366152573059991
0.11336034576994485
0.11336034576994485
0.11357049427257222
0.11314874456718385
0.11315208142839082
0.11315208142839082
0.11363577771108364
0.11363577771108364
0.1136412958366278
0.11343768553263489
0.11383476341800094
0.11348617000898129
0.11437634240082246
0.11437634240082246
0.11410447860521186
0.1140728547197226
0.1140728547197226
0.11392864203257594
0.11392864203257594
0.11392864203257594
0.11392864203257594
0.11392864203257594
0.11392864203257594
0.11392864203257594
0.11458523337197019
0.11458523337197019
0.11472426004424736
0.11472426004424736
0.11528149737104518
0.11543059807618195
0.11543059807618195
0.11543059807618195
0.1144426267342556
0.11524853948463812
0.1146538321955267
0.1146538321955267
0.11411297919390921
0.11411297919390921
0.11434466344102179
0.1145287317210792
0.1145287317210792
0.1145287317210792
0.11450783049483795
0.11450783049483795
0.11450783049483795
0.11450783049483795
0.11450783049483795
0.11370433627185587
0.11341199223592081
0.11469995981295342
0.11511346702382597
0.11485531977550349
0.11485531977550349
0.11425624919970329
0.11425624919970329
0.11442497576680272
0.11421067689496328
0.11421067689496328
0.11409298492513617
0.11409298492513617
0.11562035073879692
0.11586003966827857
0.11586003966827857
0.11585913991789401
0.11588676216204553
0.11588676216204553
0.11588676216204553
0.11588676216204553
0.11588676216204553
0.1153446085612107
0.1153446085612107
0.1159262082949991
0.11579439687314014
0.11579439687314014
0.11555894201465652
0.11555894201465652
0.11566767649840426
0.11495434154838809
0.11477448394461129
0.11477448394461129
0.11429502727019196
0.11442325178497408
0.11442325178497408
0.11429693759273993
0.11429693759273993
0.11401321028747001
0.11394466322345216
0.11394466322345216
0.11394466322345216
0.11394466322345216
0.11394466322345216
0.1140987408380483
0.1140987408380483
0.1140987408380483
0.1140987408380483
0.1140987408380483
0.11343065168816757
0.11446763660707374
0.11446763660707374
0.11446763660707374
0.1145499374904524
0.1145499374904524
0.1145499374904524
0.1145499374904524
0.1145499374904524
0.1145499374904524
0.11444220946461656
0.11471084226433959
0.11471084226433959
0.11487955912456846
0.11488195865091834
0.11488195865091834
0.11488195865091834
0.11488195865091834
0.11488195865091834
0.11482348399181284
0.11482348399181284
0.11544406122579381
0.11464142912247118
0.11464142912247118
0.11464142912247118
0.11472437478776831
0.11472437478776831
0.11472437478776831
0.11472437478776831
0.11488699821581107
0.11488699821581107
0.11488699821581107
0.11488699821581107
0.11488699821581107
0.1143402051868511
0.1143402051868511
0.1143402051868511
0.1143402051868511
0.1143402051868511
0.1143402051868511
0.1143402051868511
0.1143402051868511
0.11462950367080452
0.11462950367080452
0.11481451896769805
0.11481451896769805
0.11395732827961524
0.11395732827961524
0.11395732827961524
0.11395732827961524
0.11452303547769904
0.11452303547769904
0.11539052675777134
0.11539052675777134
0.11539052675777134
0.11516880481205526
0.11516880481205526
0.11516880481205526
0.11516880481205526
0.11516880481205526
0.11460925586691059
0.11436898330206517
0.11440987302870555
0.11440987302870555
0.11425971451691055
0.11477949016290517
0.11477949016290517
0.11453088731012724
0.11453088731012724
0.11453088731012724
0.11372797547607258
0.1147664333428436
0.1149670562778124
0.1149670562778124
0.1149670562778124
0.1149670562778124
0.1149670562778124
0.1149670562778124
0.11501308965817986
0.11501308965817986
0.11501308965817986
0.11505346448474942
0.11475924521164331
0.11475924521164331
0.11526631962473065
0.11526631962473065
0.115369464029486
0.115369464029486
0.11521113010814867
0.11521113010814867
0.11521113010814867
0.11521113010814867
0.11521113010814867
0.11532643465638873
0.11628984464091179
0.11628984464091179
0.11630356581614522
0.11692397081406526
0.11692397081406526
0.11689717473614844
0.11744121884295719
0.11744121884295719
0.11774489050313075
0.11774489050313075
0.11719942262904805
0.11652873759015873
0.11652873759015873
0.117066202194048
0.11671497770441537
0.11671497770441537
0.11718555971089749
0.11726274403023741
0.11707667724516758
0.1170430189708505
0.11740591322276554
0.11740591322276554
0.11754634297871261
0.11754634297871261
0.1176857745137844
0.1176857745137844
0.1176857745137844
0.1171652072359465
0.11743838313491979
0.1177770776440315
0.1177770776440315
0.1177770776440315
0.1177770776440315
0.1177770776440315
0.1177770776440315
0.1177770776440315
0.1158627743666745
0.1167681848171995
0.1167681848171995
0.11627500349109796
0.11627500349109796
0.11568738800932317
0.11558977719201913
0.11558977719201913
0.11558977719201913
0.11558977719201913
0.11558977719201913
0.11558977719201913
0.11558977719201913
0.11558977719201913
0.1158241398542086
0.1158241398542086
0.11606553084803341
0.11606553084803341
0.11606553084803341
0.11631986576782216
0.11631986576782216
0.11631986576782216
0.11551411367022749
0.11607767669088304
0.11574499156363506
0.11574499156363506
0.11459190925052926
0.11459190925052926
0.11468712551374399
0.11469967402915308
0.11512476691603662
0.11512476691603662
0.11566733925874362
0.1157689482942588
0.11556353454488627
0.11556353454488627
0.11556353454488627
0.11556353454488627
0.11591778275959934
0.11566400385597514
0.11566400385597514
0.11566400385597514
0.1153177481955092
0.11534045662730748
0.11534045662730748
0.11612184451504677
0.11593899354564169
0.11471226684364025
0.11471226684364025
0.11471226684364025
0.11471226684364025
0.11360447701794676
0.11360447701794676
0.11360447701794676
0.11403000736427318
0.11403000736427318
0.11515509326874038
0.11515509326874038
0.11515509326874038
0.11534772401660894
0.1149975635756906
0.11566051914976452
0.11572898729909842
0.11572898729909842
0.11572898729909842
0.11487489041453927
0.11525540177818844
0.11530907377113696
0.11465690351612172
0.11465690351612172
0.11456815899790042
0.11408200695526485
0.11408200695526485
0.11408200695526485
0.11399304385423442
0.11399304385423442
0.11434311125131072
0.11403117653198552
0.11403117653198552
0.11403117653198552
0.11427000295635155
0.11403361276344731
0.11403361276344731
0.11403601879890045
0.11403601879890045
0.11356457873126581
0.11293721957998422
0.11293721957998422
0.11300021587840767
0.11425233934387216
0.11425233934387216
0.1146061586366498
0.1146061586366498
0.11483339213446118
0.11448580692585511
0.11448580692585511
0.11464763751150046
0.11464763751150046
0.11464763751150046
0.11455667969527562
0.1148172083936289
0.1153117321374995
0.1153117321374995
0.1153117321374995
0.1153117321374995
0.1153117321374995
0.115372956928686
0.115372956928686
0.11606236259151205
0.11498332840320376
0.11498332840320376
0.11528230212683341
0.11550602506671845
0.1158787563037905
0.11580220788597767
0.11580220788597767
0.11580220788597767
0.11541266574933015
0.11541266574933015
0.11541266574933015
0.1150213198468439
0.11531921013670811
0.11531921013670811
0.1151054485296612
0.11476141293018716
0.11476141293018716
0.11476141293018716
0.11527963115450686
0.11527963115450686
0.11503022483496733
0.11503022483496733
0.11503022483496733
0.11507062308079306
0.11523753258663891
0.11593101363928919
0.11593101363928919
0.11554608995966979
0.11554608995966979
0.11557321355790015
0.11557321355790015
0.11504665751445646
0.11504665751445646
0.11516259084410282
0.11516259084410282
0.11516259084410282
0.1158456082999362
0.1158456082999362
0.1158456082999362
0.11595945684214212
0.11595945684214212
0.11600104242691252
0.11600104242691252
0.11600104242691252
0.11609135472685876
0.1159905524709618
0.1159905524709618
0.1159905524709618
0.1152564794985525
0.1152564794985525
0.1152564794985525
0.11544378893125185
0.11627074950326327
0.11627074950326327
0.1161017689891057
0.1161017689891057
0.1152079732166111
0.1152079732166111
0.11386527668919054
0.11386527668919054
0.11476938477983285
0.11452474598499296
0.11370090912140948
0.11363723570272921
0.11379764709308135
0.11381743810291815
0.11381743810291815
0.11378505579388914
0.11457796355694004
0.11440292288687212
0.11452985676330145
0.11435856247644607
0.11435856247644607
0.11393046470533258
0.1144918231668821
0.1144918231668821
0.11390747163752868
0.11390747163752868
0.1138685604214901
0.11393542436901352
0.11393542436901352
0.11393542436901352
0.11423119785677606
0.11490670708265664
0.11490670708265664
0.11505866889376441
0.11505866889376441
0.11505866889376441
0.1144351695197658
0.1144351695197658
0.1144351695197658
0.1144351695197658
0.11448601225687442
0.11448601225687442
0.11440650454698698
0.11511247667173573
0.11511247667173573
0.11511247667173573
0.11467958625318739
0.11453669340622773
0.11457115774769124
0.11467622370755537
0.11467622370755537
0.11467622370755537
0.1146607852869971
0.11455645067524689
0.11455645067524689
0.11522663147044117
0.11455130825469786
0.11455130825469786
0.11455130825469786
0.11485962476529314
0.11499635340937933
0.11485071597083696
0.11490685257939567
0.11490685257939567
0.11490685257939567
0.11440159241742248
0.11440159241742248
0.11440159241742248
0.11440159241742248
0.11440159241742248
0.11440159241742248
0.11440159241742248
0.11440159241742248
0.11440159241742248
0.11440159241742248
0.11563502473483644
0.11665380995650337
0.1167566122612756
0.11664050815860517
0.11664050815860517
0.11664050815860517
0.11541330753002342
0.11544746255389678
0.11533031467535641
0.11550730025204685
0.11550730025204685
0.11550730025204685
0.11522002184553369
0.11522002184553369
0.11545021140171391
0.11544407189269887
0.11535965816209524
0.11468866355230015
0.11468866355230015
0.11439981240985686
0.11439981240985686
0.11384122689673119
0.11384122689673119
0.11338651217939588
0.11380413543755796
0.11380413543755796
0.11380413543755796
0.11380413543755796
0.11318622746985965
0.11302054072257528
0.11302054072257528
0.11380219200856184
0.11380219200856184
0.11380219200856184
0.11381590112104234
0.11481016586465408
0.11481016586465408
0.114371138385378
0.114371138385378
0.11432905148953262
0.11447864540942139
0.11447864540942139
0.11545861289147778
0.11545861289147778
0.1154592447187072
0.1154592447187072
0.1156321052156995
0.11524036704400999
0.11524036704400999
0.1148035030108605
0.11547641094710079
0.11547641094710079
0.11480048764739072
0.11505983102334075
0.11524777514963087
0.11524777514963087
0.11498196733048634
0.11498196733048634
0.11481417935141106
0.11481417935141106
0.11481417935141106
0.1148241749331722
0.1148241749331722
0.1148241749331722
0.11494983085428295
0.11494983085428295
0.11494983085428295
0.11553705090563243
0.1152068122760295
0.1152068122760295
0.11490262186300186
0.11542809204074182
0.11569131786881891
0.11612093309572186
0.11579568950513483
0.11565739764294007
0.11565739764294007
0.11565739764294007
0.11575310763517464
0.11575310763517464
0.11575310763517464
0.11542038757487616
0.11542038757487616
0.11470070707272181
0.11534332346293188
0.11534332346293188
0.11507126677832115
0.11550905039736803
0.1156127845058544
0.1156127845058544
0.1156127845058544
0.1154606692885419
0.11500001720680023
0.11500001720680023
0.11498509208692681
0.11498509208692681
0.11486415675641957
0.11486415675641957
0.11490314867446938
0.11468626093356364
0.11468626093356364
0.11468626093356364
0.1152391247183685
0.11503503628572803
0.11503503628572803
0.1141072255685679
0.11388976679356767
0.1139301861225369
0.11410640735307463
0.11379785535605841
0.11379785535605841
0.11390804678346858
0.11390804678346858
0.11390804678346858
0.11390804678346858
0.1144732407655882
0.11465046329289602
0.11441275742594005
0.11441275742594005
0.11519864150682563
0.11519864150682563
0.11519864150682563
0.11538333624435346
0.11497915659077182
0.11497915659077182
0.11497915659077182
0.11437548979538036
0.11437548979538036
0.1140234144561588
0.11388447629358021
0.11388447629358021
0.11388447629358021
0.11453191645979838
0.11485469061446055
0.11485469061446055
0.11518953734980752
0.11521470517599752
0.11481055596859534
0.11481055596859534
0.11430177146324579
0.11430177146324579
0.11505938636916506
0.11508471267287151
0.11508471267287151
0.11508471267287151
0.11537548701168036
0.11537548701168036
0.11537548701168036
0.11505402540225255
0.11505402540225255
0.11505402540225255
0.11554669989551168
0.11554669989551168
0.11546776949267021
0.11546776949267021
0.11555014492186433
0.11526512817026113
0.11535322359884001
0.11487704484504144
0.11535906876137172
0.11535906876137172
0.11520410712146915
0.1153627893397172
0.1153627893397172
0.1152131661133059
0.1152131661133059
0.11592022434523644
0.11592022434523644
0.11612213954564282
0.11573800873656037
0.11620651346811169
0.11620651346811169
0.11657096436734198
0.11657096436734198
0.11722661338302655
0.11722661338302655
0.11736673150630347
0.11736673150630347
0.11716798155557197
0.1167646869797953
0.1167646869797953
0.1168005774261615
0.11622791589003777
0.11622791589003777
0.11701927452390128
0.11653368005304411
0.11653368005304411
0.11653368005304411
0.11612180746080474
0.11612180746080474
0.11612180746080474
0.11686170712723959
0.11673748120397767
0.11731917276203639
0.11750485810223528
0.11706759709169362
0.11706759709169362
0.11706759709169362
0.11736659184712082
0.11726155255257237
0.11736945492239087
0.11704462106541898
0.11704462106541898
0.11704462106541898
0.11727552939984563
0.11572466165789493
0.11643400465380693
0.11637685429062876
0.11637685429062876
0.11616243020072688
0.11616243020072688
0.11616243020072688
0.11649961832390386
0.11582667849238096
0.11582667849238096
0.11582667849238096
0.11582667849238096
0.11582667849238096
0.11622146105080992
0.11622146105080992
0.11633903659987047
0.11633903659987047
0.11633903659987047
0.11620988903247267
0.11620988903247267
0.116229513628165
0.1157652677117224
0.11542375272767301
0.11542375272767301
0.11537937543646677
0.11582165179121252
0.11582165179121252
0.11533589171390217
0.11533589171390217
0.11489219607426386
0.11489219607426386
0.11489219607426386
0.11489219607426386
0.11489219607426386
0.11415855803968765
0.11415855803968765
0.11415855803968765
0.11415855803968765
0.11415855803968765
0.114525919715516
0.114525919715516
0.114525919715516
0.11455401099688357
0.11455401099688357
0.11422960266237538
0.1147602358682976
0.11428008117293148
0.11339489889929645
0.11411769006420147
0.11433693224517111
0.11433693224517111
0.11433693224517111
0.11433693224517111
0.11424987359673754
0.11424987359673754
0.1142488878917262
0.11416464793771887
0.11416464793771887
0.11472204860244109
0.11471610556920259
0.11443924422736049
0.1143485746819305
0.11362799347653195
0.11362799347653195
0.11320617800142857
0.11357901641449783
0.11357901641449783
0.11357901641449783
0.11357901641449783
0.11357901641449783
0.11357901641449783
0.11450839558694877
0.11417807992567335
0.11463827668958482
0.11448887401414584
0.11448887401414584
0.11448887401414584
0.11400432036557419
0.11400432036557419
0.1138958789711256
0.1138958789711256
0.1141459674735798
0.1141459674735798
0.11339871968600047
0.11339871968600047
0.11339871968600047
0.11286595523781665
0.11286595523781665
0.11286595523781665
0.11286595523781665
0.11286595523781665
0.11286595523781665
0.11289975782617492
0.11428312802441905
0.1142641465423657
0.1142641465423657
0.11435266573319298
0.11433164249966778
0.11446918320415855
0.11446918320415855
0.11446918320415855
0.11446383010938173
0.11385518073385718
0.11368350972854967
0.11368350972854967
0.11368350972854967
0.11364178528472407
0.11364178528472407
0.11424992473361902
0.11424992473361902
0.11424992473361902
0.11547664360938693
0.11547664360938693
0.11591793306998836
0.11597322292443868
0.11624182935626254
0.11624182935626254
0.11639758904059269
0.11639758904059269
0.11639758904059269
0.11578074401222413
0.11581890193946136
0.11622515061933902
0.11562854899546077
0.11486064622821202
0.11486064622821202
0.11486064622821202
0.1134838623153286
0.1134838623153286
0.1134838623153286
0.11290813838912242
0.11290813838912242
0.11286031185942733
0.11286031185942733
0.11377097427016288
0.11377097427016288
0.11377097427016288
0.11270432900722376
0.11199465423699538
0.11199465423699538
0.11199465423699538
0.11199465423699538
0.11199465423699538
0.11199465423699538
0.11199465423699538
0.11192348568260431
0.11192348568260431
0.11192348568260431
0.11192348568260431
0.1127390239915715
0.1127390239915715
0.11333356438549017
0.11333356438549017
0.11333356438549017
0.11333356438549017
0.11260505655621145
0.11260505655621145
0.11281939287237494
0.11335090124637505
0.11308748014733232
0.11308748014733232
0.11308748014733232
0.1124798150444618
0.1124798150444618
0.1124798150444618
0.1124798150444618
0.1124798150444618
0.1124798150444618
0.11300221253733966
0.1130419129144418
0.11504742999441006
0.11504742999441006
0.11545250302384855
0.11572176944549654
0.11572176944549654
0.11572176944549654
0.11563572568454421
0.11563572568454421
0.11574336706425746
0.11588407631639162
0.11588407631639162
0.11532215523564521
0.11532215523564521
0.11532215523564521
0.11532215523564521
0.11532215523564521
0.1149994540228373
0.1149994540228373
0.1151167811552862
0.11467757304276888
0.11467757304276888
0.11467757304276888
0.11467757304276888
0.11496203010590297
0.11496203010590297
0.11393084375739722
0.11393084375739722
0.11393084375739722
0.11403777492926218
0.11397713018082156
0.113708112191949
0.11396759458857217
0.11396759458857217
0.11448316657508584
0.11448316657508584
0.11448316657508584
0.11436322524087865
0.11416945001884907
0.11416945001884907
0.11482861070195832
0.11482861070195832
0.11482861070195832
0.11482861070195832
0.11427774783605225
0.1140549393637142
0.11402470777246547
0.1137585777051409
0.1137585777051409
0.11380177145696194
0.11380177145696194
0.11380177145696194
0.11417217468467866
0.11417217468467866
0.11417217468467866
0.11417217468467866
0.11417217468467866
0.11430754741129366
0.11430754741129366
0.11432872514480479
0.11432872514480479
0.11456390992511215
0.11428645381744475
0.11428645381744475
0.11459384780399744
0.11459384780399744
0.1152551805917446
0.11497281281780677
0.11497281281780677
0.11497281281780677
0.11397600306213719
0.11397600306213719
0.11397600306213719
0.11397600306213719
0.11397600306213719
0.11393567280470472
0.11393567280470472
0.11403936509365112
0.11403936509365112
0.11403936509365112
0.1142330202001585
0.11458343902730306
0.11458343902730306
0.1149675028776865
0.1149675028776865
0.11446049342574262
0.11385523402168873
0.11443373879676236
0.11443373879676236
0.11441516388113705
0.11441516388113705
0.11497932076558191
0.11497932076558191
0.11538913284454311
0.11538913284454311
0.11456565186446119
0.11470580824149673
0.11317752406357874
0.11317752406357874
0.11317752406357874
0.11309142118856753
0.1137796992504299
0.1137796992504299
0.11436825878251594
0.11436825878251594
0.11408047324335786
0.11390454858120465
0.11302874388255649
0.1134082135356455
0.11356288619501959
0.11384223201052686
0.11340078237627202
0.11383854510158148
0.11383854510158148
0.11383854510158148
0.11383854510158148
0.11383854510158148
0.11383854510158148
0.11383854510158148
0.11383854510158148
0.11350770892024706
0.11350770892024706
0.11350770892024706
0.11442247339728755
0.11426979584421834
0.11426979584421834
0.11412124568938438
0.11412124568938438
0.11349816833481208
0.11353330398308503
0.11353330398308503
0.11430410137896217
0.11430410137896217
0.11430410137896217
0.11399066230198929
0.11399066230198929
0.11375896397535465
0.11286247046425645
0.11286247046425645
0.11234921147300542
0.11234921147300542
0.11221364696159207
0.11206591498828034
0.11206591498828034
0.11206591498828034
0.11140080923346968
0.11141346167782401
0.11141346167782401
0.11089228437440582
0.11122994942457652
0.11208995715929321
0.11208995715929321
0.11208995715929321
0.11197444620142023
0.11289907088075772
0.11289907088075772
0.11241077949543303
0.11233103005825015
0.11229449463837884
0.11229449463837884
0.11227853822021656
0.11227853822021656
0.1127588826840377
0.1127588826840377
0.11264912996149663
0.11264912996149663
0.11264912996149663
0.11300243048937487
0.11300243048937487
0.11294469428720999
0.11324693254242327
0.11324693254242327
0.11324693254242327
0.11324693254242327
0.1129004378762809
0.1129004378762809
0.11252861532372004
0.11252861532372004
0.11274885205516948
0.11305275520872682
0.1121171286770297
0.11183894918549213
0.11289814488864217
0.11289814488864217
0.11270381881900632
0.11270381881900632
0.11270381881900632
0.11270381881900632
0.11350350224283239
0.11350350224283239
0.11350350224283239
0.1129735877313769
0.1129735877313769
0.1129735877313769
0.11269775721641713
0.1137187250206905
0.1137187250206905
0.11328400665419396
0.11328400665419396
0.11339869199027394
0.11339869199027394
0.11367090661126503
0.11374180870420665
0.11374180870420665
0.11374180870420665
0.11389879594876215
0.113681796070021
0.113681796070021
0.113681796070021
0.113681796070021
0.113681796070021
0.113681796070021
0.11363286968687933
0.11370551208031171
0.11439275307351818
0.11426997893367909
0.11460832270822417
0.11420505127575728
0.11420505127575728
0.11400883672094683
0.11400883672094683
0.11400883672094683
0.11337709940214617
0.11338300870641772
0.11232750074619464
0.11232750074619464
0.11232750074619464
0.11284797832022563
0.11284797832022563
0.1126229503843342
0.11365407033646316
0.11391839780681509
0.11391839780681509
0.11391839780681509
0.11449054218070912
0.11467698021326408
0.11405748804229991
0.11389059663972889
0.11389059663972889
0.11389059663972889
0.11325384873407064
0.11383344424000874
0.11368722078767955
0.11368722078767955
0.11368722078767955
0.11368722078767955
0.11368722078767955
0.11328171119595162
0.11397267203226366
0.11397267203226366
0.11373509614075411
0.11373509614075411
0.11387386213353562
0.11387386213353562
0.11335549178187918
0.11335549178187918
0.11352723187888579
0.11352723187888579
0.11352723187888579
0.11352723187888579
0.11271229063798026
0.11227144093171228
0.11227144093171228
0.11227144093171228
0.11204323609801523
0.11204323609801523
0.11245950127437003
0.1122178849546912
0.11190645596288985
0.11190353905353288
0.11211669128275294
0.11270110894116245
0.11280418911491326
0.11260312439503092
0.11260312439503092
0.11260312439503092
0.11260312439503092
0.11264697166720992
0.11316197083246808
0.11316197083246808
0.11316197083246808
0.11316197083246808
0.11322755885408982
0.11322755885408982
0.11322755885408982
0.11322755885408982
0.11322755885408982
0.11322755885408982
0.11322755885408982
0.1123415072715971
0.1123415072715971
0.11259649764587858
0.11259649764587858
0.11259649764587858
0.11259649764587858
0.1131977223748168
0.11334422116491899
0.11344853020424263
0.11331337238409336
0.11337681015558818
0.11289961827544942
0.11289961827544942
0.11289961827544942
0.11403857711518922
0.11403857711518922
0.11403857711518922
0.11403499843976092
0.11403499843976092
0.1147586733723794
0.1147586733723794
0.1147586733723794
0.1147586733723794
0.1147586733723794
0.1147586733723794
0.11477415917743417
0.11477415917743417
0.11477415917743417
0.11477415917743417
0.11577738021978026
0.11587716837588802
0.11587716837588802
0.11587716837588802
0.11587716837588802
0.11486406211400735
0.11486406211400735
0.11577989414580461
0.11577989414580461
0.11577989414580461
0.11577989414580461
0.11573383284269957
0.11562397051590194
0.11511576620715996
0.11511576620715996
0.11604070437790466
0.11604070437790466
0.11604070437790466
0.11604070437790466
0.11593044760556347
0.11593044760556347
0.11593044760556347
0.11593044760556347
0.11676647836080577
0.11676647836080577
0.1171279921128821
0.11763481152741521
0.11763481152741521
0.11763481152741521
0.11689077005187296
0.11755983641856815
0.11755983641856815
0.11755983641856815
0.1169498784148907
0.1175058555232002
0.11755575385110703
0.11755575385110703
0.11755575385110703
0.11811098601165504
0.11811098601165504
0.11759003074785951
0.11758470628459097
0.11758470628459097
0.11733711557859008
0.11733711557859008
0.11706420358816426
0.11706420358816426
0.11706420358816426
0.11706420358816426
0.11720649035546929
0.11639934380182496
0.11632671507682851
0.11639049477345335
0.1162179847644983
0.11584549920048845
0.11584549920048845
0.11549413286933913
0.11549413286933913
0.11525752761314034
0.11607566167909002
0.11607566167909002
0.11599863730116391
0.11599863730116391
0.11593088303177428
0.11594759634176352
0.11539141904680524
0.11539141904680524
0.11539141904680524
0.11539141904680524
0.11539141904680524
0.11488076755983696
0.11488076755983696
0.1151396517788871
0.11512192234313764
0.11512192234313764
0.11512192234313764
0.11512192234313764
0.11444844509926017
0.11469246976649654
0.11457016384564013
0.11457016384564013
0.11457016384564013
0.11457016384564013
0.11457016384564013
0.11492399613798887
0.11478606363904784
0.11478606363904784
0.11526763718200524
0.11526763718200524
0.11411503267261022
0.11411503267261022
0.114311390668723
0.11492689149920395
0.11500337585840442
0.11507979226465029
0.11507979226465029
0.11507979226465029
0.11507979226465029
0.11482778705786251
0.11484909188525293
0.11484909188525293
0.11482360896851362
0.11482360896851362
0.11516352813284526
0.11535178253749963
0.11541377589966538
0.115622427880612
0.11555810673873886
0.11555810673873886
0.11555810673873886
0.11436299721453451
0.11436299721453451
0.11449258462554672
0.11534146738856411
0.11534146738856411
0.11534146738856411
0.11495256323087528
0.11495256323087528
0.11495256323087528
0.11495256323087528
0.11495256323087528
0.11495256323087528
0.11495256323087528
0.11458660130175048
0.11408558442276509
0.11531409750076019
0.1142422136522228
0.1142422136522228
0.11502323598282581
0.11396250963597933
0.11396250963597933
0.11396250963597933
0.11396250963597933
0.1141022744889676
0.11440019526363455
0.11440019526363455
0.1139968541294326
0.11522906266589213
0.11522906266589213
0.11522906266589213
0.114986978639264
0.114986978639264
0.11460953246188506
0.11460953246188506
0.1149824872834459
0.11461834379533893
0.11461834379533893
0.11520982096680303
0.11493678292211376
0.11526970082377264
0.11526970082377264
0.11568629906379622
0.11475977648469037
0.1146570487046447
0.11350940456632949
0.11264826248621496
0.11264826248621496
0.11264826248621496
0.11370842916933335
0.11370842916933335
0.11370842916933335
0.11370842916933335
0.11370842916933335
0.11313986260569635
0.11313986260569635
0.1128879809888304
0.1130626208909957
0.1130626208909957
0.1130626208909957
0.11324768652302943
0.11324768652302943
0.11322038416326359
0.11322038416326359
0.11322038416326359
0.11300191227206491
0.1127689001468686
0.1127689001468686
0.1127689001468686
0.11284065078713404
0.11313204782516369
0.11363334597270912
0.11329218726552744
0.11324268295060147
0.11428199409824488
0.11428199409824488
0.11452841385264848
0.11463185713947428
0.11463185713947428
0.11392587047540496
0.1137672604550527
0.1137672604550527
0.11285863005762352
0.11267585634239533
0.11267585634239533
0.11268215107240713
0.11268215107240713
0.11268215107240713
0.11312900699230957
0.11312900699230957
0.1131079815653554
0.1131079815653554
0.11240412427095102
0.11240412427095102
0.11240412427095102
0.11260254860539826
0.11352050374821568
0.11384078942006962
0.11384078942006962
0.11384078942006962
0.11384078942006962
0.11356936127864806
0.11358922301462927
0.1140417711162354
0.1140417711162354
0.1140417711162354
0.1140417711162354
0.11461000715145506
0.11461000715145506
0.11434211539291046
0.11434211539291046
0.11424411821499615
0.11389155137975213
0.11389155137975213
0.1131486675587701
0.1131486675587701
0.11301428859700399
0.11301428859700399
0.11301428859700399
0.11301428859700399
0.11309240710137704
0.1127338350520927
0.1127338350520927
0.1127338350520927
0.1127338350520927
0.1127338350520927
0.1127338350520927
0.11292386662138484
0.11292386662138484
0.11244609642550715
0.11244609642550715
0.11243015487850719
0.1131129804563132
0.11314111855483368
0.11301321381625214
0.11301321381625214
0.11301321381625214
0.11350731509830449
0.11350731509830449
0.11350731509830449
0.11350731509830449
0.11232348964733553
0.11232348964733553
0.11309153995079195
0.11309153995079195
0.11285068645757056
0.11277568748074158
0.11327648128265468
0.11327648128265468
0.11327648128265468
0.11279101618384509
0.11279101618384509
0.11279101618384509
0.11279101618384509
0.11279101618384509
0.11279101618384509
0.11350573970898344
0.11376806451158933
0.11376806451158933
0.11376806451158933
0.11383270380262676
0.11363531185402151
0.11363531185402151
0.11316355426896461
0.11351001996989356
0.11348202843558182
0.11348202843558182
0.11316506135114782
0.11316506135114782
0.11387521124257705
0.11402438779728102
0.11312593311253154
0.11324533705965362
0.11310050463764525
0.11310050463764525
0.11375158659995634
0.11354770722808585
0.11354770722808585
0.11335330532546513
0.11335330532546513
0.11334885129709753
0.11334885129709753
0.11304811673150729
0.1128257707098271
0.11309242188730913
0.11304559294350372
0.11304559294350372
0.11304559294350372
0.11339449789963686
0.11339449789963686
0.11339449789963686
0.11339449789963686
0.11304310424281257
0.11304310424281257
0.11301044026990889
0.11301044026990889
0.11301044026990889
0.11308610317951487
0.11223773086137469
0.1121627271379884
0.1121627271379884
0.1121627271379884
0.1121627271379884
0.11222201513453951
0.11222201513453951
0.11222201513453951
0.11212361717043169
0.11215163978977531
0.11215163978977531
0.1118186049346713
0.1118186049346713
0.11079804886755544
0.11079804886755544
0.11104819962834903
0.11112885354430903
0.11112885354430903
0.11112885354430903
0.11112885354430903
0.11112885354430903
0.1109507554115642
0.1109507554115642
0.1109507554115642
0.10989579363603974
0.10989185717034461
0.10990371650528917
0.11041423352607635
0.11041423352607635
0.11041423352607635
0.11041423352607635
0.11041423352607635
0.11041423352607635
0.11041423352607635
0.11041423352607635
0.11041423352607635
0.11041423352607635
0.11041423352607635
0.11041423352607635
0.11041423352607635
0.11041423352607635
0.11052370067296259
0.11039413248214441
0.11039413248214441
0.11039413248214441
0.11058699518735073
0.1100095274797486
0.10982312390210448
0.10982312390210448
0.11053269752788933
0.11053738883792187
0.11053738883792187
0.11053738883792187
0.11053738883792187
0.11053738883792187
0.11053738883792187
0.11032860513726424
0.11019586769016558
0.11031804817298149
0.11031804817298149
0.1095501868151119
0.10953610158416502
0.10953610158416502
0.10953610158416502
0.1096517229300278
0.1096517229300278
0.10975700140295358
0.11021423554130962
0.11021423554130962
0.11067146803449872
0.11067146803449872
0.11067146803449872
0.1102956112835931
0.11107910220910511
0.11132821872561051
0.11126014095949571
0.11126014095949571
0.11126014095949571
0.11126014095949571
0.11126014095949571
0.11126014095949571
0.1111697228435406
0.1111697228435406
0.1111697228435406
0.1117513134780223
0.1117513134780223
0.11231330298299894
0.11355286198863593
0.1130438968697229
0.11356512069380643
0.11356512069380643
0.11312132122509724
0.11199641368144889
0.11199615048894371
0.11199615048894371
0.11152198629139191
0.11152198629139191
0.11152198629139191
0.11162828772398989
0.11106124490043746
0.1110760472514773
0.11096474964757504
0.11075042763894548
0.11075042763894548
0.11075042763894548
0.11110687764240945
0.1107108736486565
0.1107108736486565
0.11067063658588826
0.11067063658588826
0.11132440533860849
0.11132440533860849
0.11100942750210317
0.11100942750210317
0.11100942750210317
0.11100942750210317
0.11109489580530107
0.11109489580530107
0.11084979413844655
0.11084979413844655
0.11084979413844655
0.11084979413844655
0.11093078103122793
0.11093078103122793
0.11093078103122793
0.11093078103122793
0.1113664858596156
0.1120860838042007
0.11111065739240868
0.11111065739240868
0.11111065739240868
0.11111065739240868
0.11111065739240868
0.11111065739240868
0.11111065739240868
0.11100782395675382
0.11100782395675382
0.11100782395675382
0.11082003933318596
0.11082003933318596
0.11082003933318596
