0.13781479393902402
0.13781479393902402
0.13781479393902402
0.13781479393902402
0.13781479393902402
0.13781479393902402
0.13781479393902402
0.13781479393902402
0.13781479393902402
0.13781479393902402
0.13781479393902402
0.13781479393902402
0.13781479393902402
0.13781479393902402
0.13781479393902402
0.13781479393902402
0.13781479393902402
0.13781479393902402
0.13781479393902402
0.13781479393902402
0.13781479393902402
0.13781479393902402
0.13781479393902402
0.13781479393902402
0.13781479393902402
0.13781479393902402
0.13781479393902402
0.13781479393902402
0.13781479393902402
0.13781479393902402
0.13781479393902402
0.13781479393902402
0.13781479393902402
0.13781479393902402
0.13781479393902402
0.13781479393902402
0.13781479393902402
0.13781479393902402
0.13781479393902402
0.13781479393902402
0.13781479393902402
0.13781479393902402
0.13781479393902402
0.13781479393902402
0.13781479393902402
0.13781479393902402
0.13781479393902402
0.13781479393902402
0.13781479393902402
0.13781479393902402
0.13781479393902402
0.13781479393902402
0.13781479393902402
0.13781479393902402
0.13781479393902402
0.13781479393902402
0.13781479393902402
0.13781479393902402
0.13781479393902402
0.13781479393902402
0.13781479393902402
0.13781479393902402
0.13781479393902402
0.13781479393902402
0.13781479393902402
0.13781479393902402
0.13781479393902402
0.13781479393902402
0.13781479393902402
0.13781479393902402
0.13781479393902402
0.13781479393902402
0.13781479393902402
0.13781479393902402
0.13781479393902402
0.13781479393902402
0.13781479393902402
0.13781479393902402
0.13781479393902402
0.13781479393902402
0.13781479393902402
0.13781479393902402
0.13781479393902402
0.13781479393902402
0.13781479393902402
0.13781479393902402
0.13781479393902402
0.13781479393902402
0.13781479393902402
0.13781479393902402
0.13781479393902402
0.13781479393902402
0.13781479393902402
0.13781479393902402
0.13781479393902402
0.13781479393902402
0.13781479393902402
0.13781479393902402
0.13781479393902402
0.13781479393902402
0.13707076462670253
0.13692938095325474
0.13674364138112596
0.13609383725643265
0.13609383725643265
0.13609383725643265
0.13554290039316708
0.13554290039316708
0.13554290039316708
0.13486562346728598
0.134117270481598
0.13393087845405324
0.1332361421185758
0.1332361421185758
0.1332519680691938
0.13299031085688434
0.1321928606335539
0.1321928606335539
0.1321928606335539
0.13234174559636308
0.13234174559636308
0.13238173326733232
0.13238173326733232
0.13201201939788723
0.13201201939788723
0.13201201939788723
0.1309201872327723
0.13080874342602603
0.13082080519351771
0.13092025270355878
0.1308398065421473
0.1308398065421473
0.1308398065421473
0.1308398065421473
0.13025082934728227
0.13025082934728227
0.12985949338262648
0.12985949338262648
0.12953264063387196
0.12953264063387196
0.12908303504039326
0.12908303504039326
0.12827030906238146
0.12827417889403148
0.12775954168350312
0.12775954168350312
0.12729286839006557
0.12729286839006557
0.126066623861489
0.12555248907572428
0.12560081161626635
0.12560081161626635
0.12560081161626635
0.12576461686291338
0.12544038586727493
0.12470291203070222
0.12432105666093467
0.12399614618615036
0.12518481430528974
0.12556546307917563
0.12556546307917563
0.12404296560192903
0.12340897887182137
0.12340897887182137
0.12429734093763829
0.12429734093763829
0.12389990705922484
0.12389990705922484
0.12436343751690006
0.123149789212397
0.123149789212397
0.12372131688919395
0.12355830751570866
0.12177700249742548
0.12157289084157645
0.12062949791627255
0.12062949791627255
0.12110965443801082
0.12088589518872754
0.11938772635256896
0.11828156181427676
0.11789214713559097
0.11789214713559097
0.11805086766860448
0.11804675906705697
0.11774602142161777
0.11774602142161777
0.11679333861076772
0.1180130825984107
0.1180130825984107
0.11782141669237191
0.11771420987406679
0.11741450752697224
0.11696346732163626
0.11781858039568287
0.11696021539824278
0.11680536692091717
0.11660900932839953
0.11540287265044256
0.11604799937643562
0.1156815103776477
0.1156815103776477
0.11449101971022324
0.11425136715512034
0.11425136715512034
0.11448507663396748
0.11448507663396748
0.11518859966794318
0.11389504235351974
0.11339621132817859
0.11262361581437297
0.11149662570710846
0.11149662570710846
0.11149662570710846
0.11149662570710846
0.11152727534848406
0.11120431625077437
0.11163771950530058
0.11152301774413345
0.11085699915166683
0.10949681981782276
0.11023824877849636
0.10974922358608703
0.10920240800092933
0.10920240800092933
0.10951387569620562
0.11063275588101167
0.11063275588101167
0.109772109389372
0.10947822348184548
0.11043888865666844
0.11276341989423622
0.11276341989423622
0.11223048323775571
0.11164571186647768
0.11256201341049864
0.11256201341049864
0.11191719349662115
0.11190894807090378
0.11166589754764188
0.11178068719555727
0.11146875576809129
0.11176080513251212
0.11137409895092164
0.11137409895092164
0.11137409895092164
0.11075004635675519
0.11075004635675519
0.11143569067594714
0.11180117805225592
0.11134163390005872
0.11144901600430393
0.1128842119284775
0.11208396865113238
0.11137422054275949
0.11137422054275949
0.11152015677858342
0.110788069824135
0.11052898411471587
0.11029902030621819
0.11029902030621819
0.10994251215200204
0.10920883238470086
0.10950152478785116
0.11044208152155179
0.10882987567043868
0.10701903224121015
0.10689809960295564
0.10667559532012208
0.10667559532012208
0.10581515307549468
0.10605844668310892
0.10605844668310892
0.10556442442715869
0.10531594620781623
0.10502774558421608
0.10553964234405834
0.10641148421939185
0.10643793536282471
0.10643793536282471
0.10614265300687702
0.10489265849084446
0.1060266158396119
0.1068772723994609
0.1064934000824332
0.10739645014097444
0.10688223577906973
0.10661906420285425
0.10661906420285425
0.10778327679929692
0.10749590759177069
0.10704155220257168
0.10799735075541678
0.10920874318415696
0.10927817544888313
0.10911650927894852
0.10911333030194785
0.10906021481524146
0.10912934639953364
0.10831627629280284
0.10831627629280284
0.10831627629280284
0.10831627629280284
0.108919191170793
0.10976407495707997
0.11003847153796867
0.11061911033222271
0.11042758026371222
0.10976733859381661
0.10976733859381661
0.10976733859381661
0.11003652029949429
0.10975742673942998
0.1097603670530409
0.10900796120205414
0.10862544274378529
0.10862544274378529
0.10862544274378529
0.10845941716035558
0.11019255106339489
0.10958909323401643
0.10947441169150438
0.10951769895741868
0.1095281965643987
0.11079758975394265
0.11092802145893357
0.11100723491607317
0.11092124646287356
0.1112662257633005
0.11173685481455947
0.11030021677748211
0.1102981177076836
0.1102981177076836
0.11213260315660847
0.11197818944839946
0.1115378759440003
0.11210090832801053
0.11157845495771546
0.11157845495771546
0.11153723756571658
0.11120484399320303
0.1098638420779058
0.11015206570933198
0.1104823968764606
0.11086627109106165
0.11086627109106165
0.10992039630504592
0.1109182371525308
0.1109182371525308
0.1109929597461633
0.11152629252124556
0.11208974974609441
0.11145255598877599
0.11076365653606043
0.11071189060392643
0.1106948940655156
0.1098998931037466
0.1098998931037466
0.1098998931037466
0.10920764707825795
0.1080542426621105
0.10829140838966762
0.10837211988191195
0.10837211988191195
0.10754115913701955
0.10797342787558432
0.10730360900108243
0.10557555897196848
0.10610877839845917
0.10706477746270182
0.10817240979830041
0.1079147230966935
0.10751852919481111
0.10801760291922091
0.10809971526263613
0.10747835572824999
0.10810583365089386
0.10843773747498159
0.10894976422594205
0.10974166665584206
0.10974166665584206
0.1083083653595002
0.10957783670608912
0.10957783670608912
0.10977711613416888
0.11001382839025914
0.11121749928810885
0.11116045592327112
0.11160247316509621
0.11134439044492526
0.11231545206020338
0.11173647783681073
0.11240534422598276
0.11267545885985612
0.11299405234579755
0.11366554144370956
0.11428272492126607
0.11407254199840307
0.11557492155217505
0.11533091609107972
0.11590897824316732
0.11594823914702661
0.11596291925469324
0.1162701155619172
0.11760032005141141
0.11662922725797423
0.11627155405159763
0.11644279415166534
0.11628687701321036
0.11662862388566407
0.11653201784526535
0.11653201784526535
0.11653201784526535
0.1154575955160211
0.11526483093496934
0.11500661009440359
0.11500661009440359
0.11500661009440359
0.1150146640312058
0.11477559357422763
0.11428149202745871
0.11418429691456679
0.1157214381338527
0.1140131193896439
0.11402321687585101
0.11374500834096096
0.11316729640181664
0.11283447639058676
0.11283447639058676
0.11355086029466621
0.11355086029466621
0.11302341688623531
0.11302341688623531
0.11313962249120184
0.11301880172500961
0.11370449174032084
0.11299942396673264
0.1128857864442376
0.11122586472186949
0.11122586472186949
0.11122586472186949
0.11138710360941362
0.11192241978307767
0.11192241978307767
0.11180183248854303
0.1125300728496914
0.11252812322301357
0.11219897356063481
0.11195419242783657
0.1121477923195183
0.1109773146262806
0.11129008457520168
0.11129008457520168
0.11189657062094142
0.11274695869290415
0.11329946333372155
0.11270545375477745
0.11262317499341654
0.11144745518567943
0.11246780231511258
0.11253517458106056
0.11313486896785074
0.11261812872141566
0.11299172751635055
0.11280336673312383
0.1129829887980362
0.11325711311641133
0.11388959357094294
0.11388959357094294
0.11388959357094294
0.11345355040449533
0.11345355040449533
0.1139119763277374
0.11411378018148471
0.11334025664436732
0.11350325170996575
0.11350325170996575
0.11243491428434782
0.11243491428434782
0.11254039642211593
0.11254039642211593
0.11180878296773837
0.1110760092036941
0.1115952602478141
0.11137128391981109
0.11283813463743825
0.1132245820108018
0.1132245820108018
0.1132245820108018
0.1132245820108018
0.11263104914298412
0.1127679812598404
0.1127679812598404
0.1127732711921471
0.11293354839176387
0.11330401024713352
0.11222298042640287
0.11166334638691797
0.11078404438107085
0.11024110548089036
0.11056070102036633
0.1109555455187752
0.11027484463241351
0.11063939631666396
0.11083041378994603
0.11154765487142382
0.1119681732048397
0.11193149888261382
0.11245931226271624
0.11226120919561429
0.11260016710543364
0.11130753880509661
0.11257106522447059
0.11257106522447059
0.11262667450095143
0.11325206196805301
0.1115912000653062
0.11118556471619949
0.11100356905325415
0.11062870521319129
0.11020182379993981
0.11043733879149377
0.11073772704057519
0.11007887928850117
0.11041205277884443
0.11195837536718073
0.11227444067589688
0.111304766569639
0.11066953919133442
0.1110882369271115
0.11211331972643339
0.11380191048910042
0.11218190458261945
0.11189128171918372
0.11211142950952689
0.11261304913278025
0.11330407198336155
0.11269427480277344
0.11143319545209929
0.1111061001111111
0.11041391477073745
0.11051035159670103
0.10964256813635276
0.10938960924153034
0.10938960924153034
0.10948730525094508
0.10854868875953846
0.10736304366169765
0.10768033230711344
0.10950844046134034
0.10924323242427202
0.10978278047776756
0.11014942321164183
0.11029957189715643
0.11029957189715643
0.10857172690131149
0.10894599655890376
0.10922437359767151
0.10936948035228536
0.10911174454364742
0.10908471380419998
0.1079399697333588
0.1084833610732104
0.1084833610732104
0.1081458140392565
0.10817692351113711
0.1083340360057919
0.10877135711530059
0.10782144419183223
0.10881202416811356
0.10726583652273791
0.10752513825122807
0.10762729457132893
0.10762729457132893
0.10762729457132893
0.10854846945297382
0.10854846945297382
0.10806802892745315
0.10894164276870055
0.10997448759585313
0.10997448759585313
0.1100259582717821
0.1100259582717821
0.1100259582717821
0.11002023917741602
0.11084561933449036
0.11196595028531482
0.11196595028531482
0.11190984221958722
0.11128785712436831
0.1111913117853843
0.11059857467622944
0.11005994122304044
0.1107581065788479
0.11050185351187053
0.11014072437265984
0.10975343107844558
0.11130708657712639
0.11074161467495672
0.11074161467495672
0.11080296362191742
0.11113237190805511
0.11182008619194551
0.11152033019971987
0.11199932479783782
0.11162243454487945
0.11162243454487945
0.10975964177615959
0.10939162915041829
0.10766430628638188
0.1082333430877935
0.10834301198768563
0.10812334299659157
0.10812334299659157
0.10812334299659157
0.10836435645311593
0.10886356420006606
0.10863365479791356
0.1078222256455797
0.10873546695370159
0.10869772808714924
0.10910113309581208
0.10684675795702776
0.10684675795702776
0.10694438470656671
0.10552583987438026
0.10516877085673632
0.10477376160866289
0.10443365426784788
0.10517356648136703
0.10504869151361676
0.10447940752796778
0.10447940752796778
0.10542101295316338
0.10574165956427138
0.1051197076446333
0.10522129190743468
0.10586614992961468
0.10586614992961468
0.10586614992961468
0.10579675909230382
0.1062123862407571
0.10694646784827369
0.10635030796097353
0.10598565106812144
0.10644982323215021
0.10655197081677126
0.10625104995182316
0.10715898709127285
0.1074408477657266
0.1074408477657266
0.1074408477657266
0.10861759369508558
0.10928137879148069
0.10919322515999909
0.11058514426857806
0.1107137751255086
0.10973980991636675
0.11013006841459116
0.11078388191692382
0.11079095710052653
0.11079095710052653
0.11070723794552853
0.11070723794552853
0.11069946849771853
0.11148130372981117
0.11144267431205594
0.11287306087780184
0.11287306087780184
0.11327349051505092
0.1125852358143095
0.11200596302977917
0.11200596302977917
0.11237841953442239
0.11237841953442239
0.11261193967561872
0.11261193967561872
0.11266173651092684
0.11287989514589825
0.11224188280756776
0.11171154218751712
0.11179454583479631
0.11289401349372867
0.11349856136697613
0.11348343703526725
0.11282160987113143
0.11364447257892851
0.1124451528333767
0.1124451528333767
0.11276981003143258
0.11187637029890617
0.11252953008917758
0.11283599468309066
0.11283599468309066
0.11224212983213219
0.1128081778013306
0.11132313816409614
0.11197178780193684
0.11150018069385571
0.11086573590663859
0.11100137834431846
0.11208772629241007
0.11183554294225094
0.11131099307422052
0.1114720699745849
0.111497906166674
0.11116060809097614
0.11232641732283545
0.11232641732283545
0.11169241605923216
0.11183271568715689
0.11162516854993355
0.11241345803859996
0.11197732290127989
0.111151988963604
0.11148927376727764
0.11148927376727764
0.11099822439970025
0.11112860424729439
0.11003600533788986
0.10954074963780121
0.1097818304517758
0.1095811792562555
0.10910328054610119
0.10943693800418013
0.10951056174996195
0.11062853276563295
0.11062853276563295
0.11080744570170108
0.11080744570170108
0.1099954950279476
0.11013266042219208
0.10955684511934938
0.11062738909598263
0.11115975821566512
0.11069672529850404
0.11069672529850404
0.10961059100697171
0.10930905476004675
0.10998195674752084
0.10940269767761383
0.10955707451665023
0.10939244545415765
0.10989123098610303
0.10931647858588138
0.10931647858588138
0.10952660799331536
0.10842605571765708
0.10842605571765708
0.10822976834794232
0.10813952976331324
0.10813952976331324
0.10826640314337546
0.10875228193511328
0.10875228193511328
0.1089231591675539
0.10966330661002076
0.10920709913707936
0.10945019504400705
0.10890034489023517
0.10834458539264075
0.10817336015910663
0.1086678750825735
0.10866500385923183
0.10866500385923183
0.10879305267680942
0.10879305267680942
0.11018466610437437
0.11026580779107159
0.10994967327596476
0.11115812913461065
0.11115812913461065
0.10915432597112563
0.11024430815533239
0.11102260457068247
0.11101790028069643
0.11038705693294638
0.11041271988601041
0.11086670129846656
0.11150963653190167
0.1120467960469542
0.11242953070319188
0.11282722066414218
0.11262928915362658
0.11216718614184723
0.11153695086946007
0.11255624484068927
0.11247227673717644
0.11249093045693992
0.11307052904703269
0.1132383605049462
0.11325230529982806
0.1133436972320405
0.11319176282258325
0.11227226998696815
0.11211522985569826
0.11221485843028406
0.11257389127914819
0.11306097634903133
0.11306097634903133
0.1131840346803403
0.1136497865620379
0.11385424864024656
0.11279805226340552
0.11140492160421778
0.11140492160421778
0.11124412521454874
0.11124412521454874
0.11124412521454874
0.11129355172644022
0.11129355172644022
0.11133782123132979
0.11117224008186993
0.11130763355297874
0.1106939390741411
0.11099140623810703
0.11099140623810703
0.10985078465391084
0.10923802639631909
0.10818095003782709
0.10818095003782709
0.1080354007522326
0.10810769798017977
0.1082168882223299
0.1082168882223299
0.1087291538304593
0.10741573725009419
0.10697318040347216
0.10697318040347216
0.10701141656501617
0.1074715785443918
0.10743366856346917
0.10792689700541001
0.10854501535060557
0.10891409344127287
0.10866113837517685
0.10943905284304468
0.10875741580812277
0.10984125020710413
0.10726734692771686
0.1070312125015439
0.1070312125015439
0.1070312125015439
0.10733381431614933
0.10617189976311021
0.10705795114815116
0.10705622933544139
0.10780426028960358
0.10969167951115084
0.10969167951115084
0.10887633276514426
0.10877287958570435
0.10877287958570435
0.10878596162684391
0.1098615164166318
0.11028832093954426
0.11134258552870996
0.11134258552870996
0.11134258552870996
0.11027993509892262
0.1090047602329411
0.10971801295778603
0.10921427745860685
0.10921427745860685
0.10845891433095589
0.10798142753318345
0.10863217441240824
0.1074097840357168
0.10731628515296596
0.1070944304047615
0.10920742800992125
0.10920742800992125
0.10862513326826985
0.10920279466003355
0.11018867389230516
0.10911378576366845
0.11011073341933825
0.11011073341933825
0.10866518113003386
0.10844996626850494
0.10844996626850494
0.10844996626850494
0.10786591043039963
0.10786591043039963
0.10774595852537194
0.10755681354464953
0.10782837114801919
0.10782837114801919
0.1073545512858618
0.1073545512858618
0.1073545512858618
0.107578855028701
0.10761716479808689
0.10761716479808689
0.1073269351732031
0.10776573751083851
0.10648674533085947
0.10679169486133636
0.10733529069130258
0.1073269507655477
0.10816021227188365
0.10816021227188365
0.10871590404738687
0.108683668031261
0.10909515662786474
0.10898879338365673
0.10887198326762665
0.10923108318704998
0.10932820310995238
0.11057098242935322
0.11120764583372697
0.10987148199793358
0.11084976251139216
0.11084976251139216
0.11084976251139216
0.11084976251139216
0.11043652155884444
0.11043652155884444
0.11044948726946831
0.11069672135494316
0.11226008129033684
0.11206195379931622
0.11160012973609229
0.11160012973609229
0.1108797417985917
0.112035492039025
0.11122508763853746
0.1112188332642173
0.11157938512953744
0.11143221734089066
0.11143221734089066
0.1106552456085018
0.11025687802709809
0.11187726788114209
0.11187726788114209
0.11187726788114209
0.1115665174755911
0.11146638789711295
0.11237652387997324
0.11105743080129815
0.11051803204547017
0.11051803204547017
0.11065314222618297
0.11094241991657391
0.11094241991657391
0.11279710647608408
0.11291296145989584
0.11291296145989584
0.11153767332354086
0.11049653757111932
0.11048186902334661
0.11019408447891366
0.11058759428021613
0.11032926591237319
0.10956913027786692
0.10956913027786692
0.10871388498579533
0.11078887245540013
0.11121310638384888
0.11072183665021082
0.11129434956109396
0.11139810372827613
0.11055757335884037
0.10942833874999662
0.10926309991717889
0.10926309991717889
0.10965071074237863
0.10966294751339331
0.10966294751339331
0.10964324982690227
0.10985201145883801
0.10934167704583654
0.10932933192380377
0.1083936206417409
0.1083936206417409
0.10971292093461354
0.1103474430826075
0.1103474430826075
0.10985622863035488
0.10985622863035488
0.10985622863035488
0.11078878651527076
0.11083530801296182
0.11091652279276074
0.11065292896135494
0.11144325824337227
0.11051760991643
0.10938692277347833
0.10880028342597814
0.10842266916502734
0.10911577936305608
0.11028800299393259
0.11133506968715624
0.11036691703389087
0.11128974218722433
0.11121480184820354
0.1096234547228689
0.10979350871902292
0.10979350871902292
0.10956293052890828
0.1095060874255143
0.1095060874255143
0.10850258078046617
0.10913998324191536
0.10941389302379635
0.10943883321954549
0.10943883321954549
0.11003618267310092
0.10972082346600215
0.11158404430063806
0.11158530936997416
0.11158530936997416
0.11158530936997416
0.11158530936997416
0.11139667372326642
0.11190850870636762
0.11134639676411758
0.11075826947515133
0.11015590299660188
0.10991444333798135
0.10924797341962292
0.10940132520358932
0.10893897064890168
0.10917583541177504
0.11003569227198913
0.11014808913811146
0.11026075917325906
0.11043004103202507
0.11077284261074156
0.11085917681249173
0.11096883647230195
0.11096883647230195
0.1105082046185351
0.11047399422856176
0.11047399422856176
0.11047399422856176
0.11106640357380596
0.11150824555927574
0.11272682695448469
0.1126351793525793
0.1126351793525793
0.111945989920311
0.11230521102759562
0.11233562198897966
0.1111497265515701
0.1104612876332397
0.11031408429468297
0.11115910944997834
0.11172187827604993
0.11172187827604993
0.11110531177829389
0.11137503840323464
0.11153626841363364
0.11153626841363364
0.11119381906902494
0.11113151012997688
0.11112234372448404
0.11167023470347427
0.11167023470347427
0.11167023470347427
0.11167023470347427
0.11054178710577468
0.11068514326101087
0.11023509136507655
0.11042168422713665
0.11042168422713665
0.11039813052495161
0.1105098688279497
0.10936878855653853
0.10904678325803872
0.1110566513892289
0.11091334326097917
0.11091334326097917
0.11032503990923008
0.1104338235704589
0.11092688811929406
0.11022614307270492
0.11060276572011546
0.1116871371981918
0.11138556834055433
0.11138556834055433
0.11161405085778016
0.11200673711476257
0.11188152123446661
0.11262759942058767
0.11232004776243883
0.1126994818410794
0.1120541483220986
0.11092753124000046
0.11092753124000046
0.11083901857655391
0.11023261845419141
0.11028477262724985
0.11028477262724985
0.10988136087300346
0.11082218849725199
0.11193918358342825
0.11321218061886211
0.11259315331955008
0.11243248119431336
0.1129878788556349
0.1129878788556349
0.11365399602951036
0.11208981957315879
0.11110865489412394
0.11184111070832156
0.11101149312200229
0.11064173014572845
0.11064016309056925
0.10919555758994694
0.10889817783204753
0.1090544758970981
0.10891585568637963
0.10853087281293668
0.10861469775473313
0.10849609035932452
0.1078711332693592
0.1079692983268657
0.1079692983268657
0.1069728210498947
0.1076088652146617
0.1076088652146617
0.10806090289861073
0.10876978900898285
0.10915116190973276
0.10895483637508908
0.1092463982446665
0.10848373708831799
0.10785738582266353
0.10748078000292258
0.10816907621758719
0.10786797083898272
0.1078063720226581
0.1078063720226581
0.10789073381633554
0.10911209155186516
0.10976969254348486
0.10884575015956746
0.1088219964818548
0.1088219964818548
0.10904826253630455
0.10817610883267492
0.1090105599980327
0.10953694540782073
0.10971170752552432
0.11042209194266642
0.11008122961989396
0.10965907469274075
0.10907142195454728
0.10902015745813212
0.10925110798079976
0.10887723035670886
0.1076756180302709
0.1076756180302709
0.10746663549720141
0.10743470470303246
0.10668714279288462
0.10611886365542068
0.10761687921163632
0.10761687921163632
0.10657633859023388
0.1064829639247743
0.1072548980061764
0.1065512151429488
0.10484650123496185
0.10520911419271102
0.10490826189090743
0.10490826189090743
0.10609194553389405
0.10643681730444243
0.10643681730444243
0.1065459570300261
0.10649368067512838
0.10777332609478081
0.10875715367440782
0.10705036647148973
0.107083201645991
0.10710410242955208
0.10765119753258964
0.1077985636555942
0.10763553474847323
0.10831040723062962
0.10781488603675743
0.10781488603675743
0.107631762614446
0.10660642249432678
0.10563816467252139
0.10563816467252139
0.10667291882875493
0.10667291882875493
0.10664298806199587
0.10595381888286019
0.10554826590740189
0.1073604276080064
0.10721497727819544
0.10710159315215545
0.10599884981044527
0.10599884981044527
0.10579864580730687
0.10529689605198629
0.10589104863062304
0.10596621985612675
0.10751844595065851
0.10751844595065851
0.10748193599341695
0.10748193599341695
0.1061843518452612
0.1061843518452612
0.10562073770637183
0.105469043634641
0.10550271654307648
0.10539971549077046
0.10558226192252285
0.10527602652032893
0.1048631055673977
0.1048631055673977
0.10473724424261661
0.10407268836940593
0.10485654089145102
0.10563926350168354
0.10542654994301658
0.10657837534989989
0.10697858976337563
0.10697858976337563
0.10697858976337563
0.10701971982584634
0.10517090523671581
0.10488162998870248
0.10363297273104083
0.10340476221003288
0.10427865994357659
0.10453439421183218
0.10466074424488715
0.10498083581780529
0.10436278153479439
0.10484800866538115
0.10414419032427062
0.10500973731457036
0.10479963960451989
0.10454690803700084
0.10454690803700084
0.10508268660311983
0.10571367956405393
0.10599191924292534
0.10558027598370061
0.10497494006484648
0.10565392243078114
0.10593924562134716
0.10683362554584631
0.1077691285788131
0.10696694062751277
0.10768386920903933
0.10719666896852623
0.10662506485731907
0.10566446352804838
0.10619443756866234
0.10702874628909285
0.1077151299871435
0.10727621733473955
0.10802497555844973
0.10745852895574357
0.107459555557679
0.107459555557679
0.10717541311759034
0.1063695886566115
0.10745821759763037
0.10734462301805933
0.10781814697697202
0.10737614306214768
0.10737614306214768
0.10767324739826767
0.10795034978521176
0.10795034978521176
0.10853835327894155
0.10948092597883415
0.10915952231991903
0.10906783100134775
0.10906783100134775
0.10703643171267718
0.10740175704348541
0.10691645198303044
0.10628845930260326
0.10628845930260326
0.108205499668189
0.108205499668189
0.10837283846377846
0.1085748695050252
0.10954066062554103
0.10914483402875867
0.10805408808974185
0.10805408808974185
0.10805408808974185
0.10879126158833996
0.10879126158833996
0.10879126158833996
0.1098766999029019
0.10973972161842209
0.11056067181150775
0.11056233204883842
0.11056233204883842
0.11094065866125473
0.11082925533480309
0.11082925533480309
0.11051581023605894
0.11051581023605894
0.11033403700500106
0.11033403700500106
0.10989632107419865
0.10999962772721593
0.10999962772721593
0.11002323773807703
0.11114617731349866
0.11114617731349866
0.11127574499099703
0.1110742147314274
0.11130684163165981
0.11292946651876773
0.11292946651876773
0.11269402447373417
0.11269402447373417
0.11191858849462229
0.11105718270478497
0.10985737014268526
0.10986459152605918
0.10972369287735514
0.10857256956513975
0.10999874716377579
0.11018490040043148
0.11014726847132997
0.10892503494141903
0.10842083190389974
0.10830369861401531
0.10788148573112785
0.10828681371149138
0.10837999928222633
0.10837999928222633
0.10895739785061945
0.1085713130642741
0.10887945366705075
0.1074679975800242
0.10704707087029958
0.10651139125204925
0.10745411534237653
0.10704405902318993
0.10763398247264712
0.10763398247264712
0.10763398247264712
0.10749805290735552
0.10731270505245563
0.10731270505245563
0.10703786615569405
0.10713206458188093
0.10664257987494244
0.10603383737721217
0.10661469514911814
0.10618975220641617
0.10736701204209964
0.1078009751991785
0.1078009751991785
0.1078009751991785
0.10683769087196558
0.10770659026333032
0.10703439736166048
0.10767398156382786
0.10834536814369639
0.10769271409171294
0.10740400391473724
0.10756764647099028
0.10756764647099028
0.10769630207710318
0.10756678966273236
0.1069280013598294
0.10563507011190161
0.1053745748537138
0.1065673439260632
0.10605294615556969
0.10657769455572003
0.10715228348936368
0.10705220319601096
0.10685485336878675
0.10806506994828353
0.10703206246655654
0.10664221489002186
0.10587996160838967
0.10513275590239658
0.10513275590239658
0.10636324065777489
0.1070435114842504
0.10666973165237598
0.10770482608809913
0.10760397135390497
0.1084560874981765
0.10769823211484944
0.106765290966476
0.10723869368737343
0.10700214764647056
0.10700214764647056
0.10713281113358483
0.10765397645585825
0.10703622691617648
0.10758287294773863
0.10758287294773863
0.10692968078084142
0.10662025596928643
0.10630025467391536
0.10510274971128108
0.1054823996615948
0.1054823996615948
0.10543383891127862
0.10542993950323332
0.10560134862275322
0.10519260235187783
0.10445981310214693
0.10445981310214693
0.10486606688205269
0.10446746439342111
0.10451533617240992
0.10511079587390887
0.10495617870496066
0.10396770219612152
0.10511694150137665
0.10448567360634653
0.10441218494065721
0.1039586989281584
0.10410788279441868
0.10410788279441868
0.10410788279441868
0.10493867516185375
0.10455583820146273
0.10455583820146273
0.10445957502293737
0.1052072624299691
0.1057676859720379
0.10481123321770021
0.10481123321770021
0.10505086640574024
0.10480227976958349
0.10443084056779489
0.10475308604767308
0.1057546241434258
0.1057546241434258
0.10593917746987712
0.10594087675143404
0.1070231742200987
0.10677529542277388
0.10677529542277388
0.10542866057468019
0.10689689699729238
0.10702236117562271
0.10702236117562271
0.10707354970715406
0.1081038063848228
0.1069072386018331
0.10610651488166734
0.10723906031602358
0.10840272014650873
0.10840272014650873
0.10762236225857941
0.10747800838571883
0.10771610474960981
0.10771610474960981
0.10881502122621607
0.10897830082471736
0.10892965487798655
0.10892965487798655
0.10871776444406166
0.10718865582760972
0.10651555341907615
0.10647040221520042
0.10671358016172915
0.10724872989181657
0.10683474083386386
0.10619458728701181
0.10514565639164528
0.10502190082146352
0.1057627112928481
0.1057627112928481
0.1053778784647643
0.10547645733492862
0.10563495346725774
0.10656187964335241
0.10491214207448916
0.10491214207448916
0.10623685671794218
0.10598248924715933
0.10639201955888117
0.10580816529176194
0.10599885450387338
0.106771784408852
0.10665946813760413
0.10679518018520173
0.10605764136615628
0.10605764136615628
0.10605764136615628
0.10778560467846378
0.10684765841102929
0.10677425902338773
0.10582745172950135
0.10582745172950135
0.1068883278243645
0.10703775840622906
0.10751095696426957
0.10662886417325458
0.10444882370792949
0.10451789552735122
0.10451789552735122
0.10534570438064587
0.10599708125874972
0.10678048580159964
0.10801620077063608
0.10699322168446204
0.10765638599771767
0.10796733858020048
0.10874959006209273
0.1088724354952399
0.10968344506443871
0.11052089382116419
0.11052089382116419
0.11045739939384255
0.10992821428824717
0.1099775077398817
0.1099775077398817
0.11071399800451778
0.11071399800451778
0.11001339084131237
0.10913660309831355
0.10976306124870354
0.10978721829017897
0.11045612917602325
0.11015628096557484
0.11065929824799925
0.11041298153250297
0.10948846644883976
0.10948846644883976
0.10948846644883976
0.11029504064446735
0.11029504064446735
0.10999414756839372
0.10904468541766042
0.11051125660728665
0.11051125660728665
0.10995928914716852
0.11004364989759217
0.1114839499099271
0.11149682013866227
0.11127138078907826
0.11077619233511739
0.11059200715411177
0.10986418272607523
0.10866153983849527
0.10803042759094514
0.10836412729704081
0.10866313352980501
0.10975923708190617
0.10985031550743403
0.10914370982901919
0.10970755789884547
0.11006850525363629
0.11001371120531432
0.11024109559986307
0.110676346784138
0.11134420157552603
0.11116170881052125
0.11119047137302407
0.11119047137302407
0.11191471560742425
0.111938845235318
0.111938845235318
0.11176715101958903
0.11333145779738399
0.11354497156250579
0.11354411872249905
0.11173701976723084
0.11173701976723084
0.11173701976723084
0.11065045169788784
0.11120374997743242
0.11054678972517229
0.11106501239085502
0.1106208396183419
0.1117546188593775
0.1117546188593775
0.1113049459133059
0.11133003067610402
0.11118031203673133
0.11119656921235532
0.11068190524231739
0.11058240451112895
0.11058240451112895
0.11038968185829211
0.11000410568897061
0.11000410568897061
0.11070585648451511
0.10973340887340831
0.11013638196640647
0.11020320147874729
0.10984959218317705
0.11186065772591994
0.11261877163000047
0.11302807074344554
0.11302807074344554
0.11358704473266834
0.11358704473266834
0.11332674259905086
0.11252223360441702
0.11252223360441702
0.1127904027025319
0.11350902001586415
0.11321769615317441
0.11265655891882193
0.11265655891882193
0.11355223512456392
0.11355223512456392
0.11383450962179877
0.11383450962179877
0.11322815182723821
0.11293738923970147
0.11286692855697442
0.11251880701483392
0.11381348738950994
0.11296018710065536
0.11296018710065536
0.11192704611986522
0.11193384128935177
0.11192127591909082
0.11222051925707649
0.11211731484795023
0.11211731484795023
0.11245190526412066
0.11109241502457992
0.11109241502457992
0.11100044942232168
0.11100044942232168
0.11232559551204893
0.1123127795832884
0.1118877364095036
0.11154086070877688
0.11154086070877688
0.1114299442759999
0.1114299442759999
0.11145311022629265
0.11261192012459767
0.11335552209636186
0.11373961640496745
0.11373961640496745
0.11361767671308104
0.11361767671308104
0.11332745468988638
0.11332745468988638
0.112493439253888
0.11348306355385158
0.11348306355385158
0.11393011305530998
0.11393011305530998
0.11402079483890892
0.11349767296697509
0.11418253985986543
0.11391908979996633
0.11332335659506437
0.1135154678297098
0.11174456740801311
0.11082980586860909
0.11159122872909331
0.11134483589247433
0.1111600130178561
0.11095910408156204
0.11095910408156204
0.11049911531045281
0.1101848878708494
0.11081128689857293
0.11147018099686794
0.11108711918661268
0.11074923820068446
0.11017872162177299
0.11069039037592891
0.11120594554123557
0.11032241556973844
0.10923198893826092
0.1087278046506173
0.10831945634189995
0.10831945634189995
0.10943441590025414
0.11028491490314891
0.1102472990606286
0.11113265870877231
0.11055416868483506
0.10974239341473326
0.109801920885069
0.10990999567026719
0.11148932866403244
0.11148932866403244
0.11140475869123365
0.11072909534909112
0.1107814097642659
0.1107814097642659
0.11114592357620706
0.11114592357620706
0.11112169364310978
0.11112169364310978
0.11151178458559644
0.11151178458559644
0.11151178458559644
0.11216597548456689
0.11240798408891606
0.11240798408891606
0.11306492606667069
0.11306492606667069
0.11225475926667314
0.11225475926667314
0.11221867739789862
0.11080049794764255
0.11048936383137105
0.11002497633115928
0.10912784369642141
0.10956661905346243
0.1082709929601384
0.1075973377351146
0.10789007891170649
0.10789007891170649
0.10840722543823543
0.10846296430624214
0.10899100831585332
0.10996001307056304
0.10934916894417654
0.10934919726752125
0.11006185922573676
0.11063403374795447
0.11042524288514159
0.11045094886356821
0.11037246309330803
0.10959286758190198
0.10959286758190198
0.10900788514174548
0.10725599283721143
0.10863700582150351
0.10916071615082357
0.10916071615082357
0.109215560772497
0.109215560772497
0.109215560772497
0.10935861691134972
0.10935861691134972
0.10871348133406664
0.10789279894865275
0.10885130478078034
0.10932077668456865
0.11042624844492421
0.11112780509643773
0.11052545266427963
0.11061270791137831
0.11034063401492758
0.11023497358149478
0.10975414198390002
0.10965292442486395
0.10983234872224364
0.10979643730621158
0.10979643730621158
0.10969190572891832
0.11038709758857246
0.10995511647099697
0.10959257063269402
0.1101183645444918
0.11028619276910714
0.11001026568357104
0.11001026568357104
0.11001410443490131
0.10972783903031737
0.10855617488244426
0.10952978549021136
0.10947051349353966
0.10947051349353966
0.11069240218663039
0.1104524203874142
0.1104524203874142
0.1118861748936048
0.1118861748936048
0.11300147022056595
0.11397563441130847
0.1138907008585939
0.1138907008585939
0.1138907008585939
0.1138907008585939
0.11452172292851218
0.11450962747665192
0.1145543249720446
0.11440074522159745
0.11395431891264425
0.11412928477386278
0.11412928477386278
0.11419727756069555
0.1136748517042213
0.11312870882655955
0.11292480712544349
0.11315833681830836
0.1130590759035274
0.11368280992503559
0.11443792159845616
0.11244506549031255
0.11241466867744929
0.11242278368089914
0.11288149367358699
0.11172648788897303
0.11127095880213297
0.11127095880213297
0.11141294767786422
0.11141294767786422
0.1116828527062348
0.1119871199585238
0.11175792398999518
0.11175792398999518
0.11205321459734387
0.11196214462960816
0.11164621436535815
0.11110722173890976
0.11096020329286911
0.11096020329286911
0.11033549420205138
0.10949931325906119
0.10949931325906119
0.10949931325906119
0.11085481882861858
0.11085481882861858
0.10969603308587134
0.11071839743224647
0.11033198453669646
0.11033198453669646
0.11018835666922674
0.11018835666922674
0.11126585286177157
0.11132341405534978
0.11132341405534978
0.112742677581181
0.11310648561504318
0.11331848217593321
0.11364330142594528
0.11307716907741931
0.11307716907741931
0.11307716907741931
0.11280734867066518
0.11263718583064063
0.1110436610210815
0.11000507129416612
0.11000507129416612
0.11016998194361217
0.11016444589322917
0.10941371423775434
0.10941371423775434
0.11022937922021266
0.11022937922021266
0.10984224349898422
0.10985162521963347
0.10985162521963347
0.10985162521963347
0.11024741676757974
0.11101800508659425
0.10972562218149982
0.10972562218149982
0.11060819640757538
0.1104449591986299
0.1104449591986299
0.10987001555674825
0.10987001555674825
0.1097940820976671
0.11023443174596592
0.11049240555480021
0.1105566807689217
0.11061302677111726
0.11061302677111726
0.11054605496198933
0.11025589008414076
0.10949134256268893
0.10949134256268893
0.10914683204067367
0.10880223973332194
0.10939262377459104
0.10992784268056555
0.10993114681574365
0.11040333594305121
0.11018170734629351
0.11064637050975662
0.1111083918905478
0.11094777936182494
0.11094777936182494
0.11150422886478409
0.11117975735766511
0.11117975735766511
0.11036559940584566
0.11038133831647999
0.11025966576815169
0.11024293831945724
0.1100755417147585
0.1100755417147585
0.1100755417147585
0.11064035852594781
0.11207683490343817
0.11240618609883184
0.11280186193990271
0.11267528957367107
0.11268759154996262
0.1125089195791235
0.11354723138276676
0.11387265225675924
0.11256100747928072
0.11399618047253912
0.11365023111689551
0.11300218093050275
0.11300218093050275
0.11300218093050275
0.11290480439784874
0.11262031397510444
0.11150748769932474
0.11127212465301692
0.11165563439305976
0.1117802791586145
0.11057020825501375
0.11057020825501375
0.11136135165681595
0.11189224858379895
0.1130774056951314
0.11268199339622753
0.11268199339622753
0.11264340246544165
0.1136192688083081
0.11248525498589375
0.11190675375181751
0.11190675375181751
0.11186169349683552
0.1124467933919275
0.11327524587582577
0.11331071422553926
0.11331071422553926
0.11331071422553926
0.11331071422553926
0.11331071422553926
0.11229936585009055
0.11227009095250488
0.11227009095250488
0.11240817366782846
0.11328074614373247
0.11361586684574106
0.11362247545206021
0.11362247545206021
0.11347665669058914
0.11294614197419883
0.11245496487112563
0.11315499102011867
0.11286050407235977
0.11314732163548283
0.11283756122402928
0.11283756122402928
0.11290246482576013
0.11289972541176146
0.1124716256782263
0.11279763392936105
0.11275663539890657
0.11188551435812956
0.11188943921993888
0.11214300522473339
0.11322640642796142
0.11394933872412236
0.11371876644434772
0.11371876644434772
0.1129275707303248
0.1129275707303248
0.11286719054861936
0.11286719054861936
0.11286719054861936
0.11286719054861936
0.11217947526442353
0.11188580272261321
0.11180227370048132
0.11180227370048132
0.11183084636664813
0.11090510499404517
0.11090510499404517
0.10954520194031267
0.10954520194031267
0.10954520194031267
0.10936013051249413
0.10894897207664596
0.10901557785531088
0.10967533010944555
0.10933602160506825
0.10875431687535836
0.10822533507039064
0.10826899954759638
0.10963325310328438
0.10996243596004422
0.10918131348237312
0.10783744277201536
0.10762227237398199
0.10861737598067078
0.10786460028472503
0.10773716777930205
0.10840781639733263
0.10840781639733263
0.10983361291896863
0.10897395844498849
0.1095518387682336
0.10888940844833153
0.10938859233762857
0.10938859233762857
0.1077852448641094
0.1077852448641094
0.1077852448641094
0.10759575788784684
0.10760153144322868
0.10835868063585533
0.10763080537958634
0.10780236886138816
0.10836665171849338
0.10963303719198833
0.10963303719198833
0.10967367007399326
0.10967367007399326
0.10849716957743887
0.1084540802699707
0.1084540802699707
0.10996572945046795
0.10880285441349127
0.10903685426013175
0.10903685426013175
0.1089386980672079
0.10877900168005969
0.108173129480779
0.10882401089401056
0.10882401089401056
0.10919652815310164
0.10919652815310164
0.10947942100365281
0.10940842625999578
0.10951928282947039
0.10960466887602306
0.10944353156685895
0.1085213965319894
0.1085213965319894
0.10841202482579873
0.10966801642354994
0.1099174824466583
0.1093929372398094
0.1093929372398094
0.1093797864772768
0.10930811746090399
0.10820565493036122
0.10877914977797541
0.10872649148344683
0.10824743012089139
0.10959231302650312
0.10959231302650312
0.10935280374677919
0.10934834735653713
0.10941377811270751
0.10981733873839222
0.1108545550936695
0.11090658113952598
0.11090658113952598
0.11020404894593501
0.11020404894593501
0.10989224659094535
0.10989224659094535
0.10979826844761921
0.10986018064034202
0.10965088329259048
0.11027704725626303
0.11027704725626303
0.11129323185503573
0.11158028601668411
0.11205173604352052
0.11118302778665268
0.11118302778665268
0.11176976656907486
0.11170767986932277
0.11092616744144901
0.11053547399151123
0.11000818418488047
0.1105380700071577
0.1105380700071577
0.10952094719226352
0.10985061225113982
0.10892302421520826
0.10877894150096001
0.10938949713856086
0.10882075236706419
0.10784519579776934
0.10860955856005791
0.10865636651257059
0.10905133354491083
0.10881571951650956
0.10883239604231396
0.107776456204017
0.10825143638866704
0.10825143638866704
0.10876702557679428
0.10922359243631248
0.10949442541732021
0.10949442541732021
0.10964095052083822
0.10980426164479898
0.1094288622694361
0.1094288622694361
0.10907658373674807
0.10707500710703761
0.10707500710703761
0.10697527949831973
0.1070336015139242
0.10811118545685615
0.1084088814219907
0.10861425799558522
0.10927470166774562
0.10927470166774562
0.10727551393472569
0.1078301406125761
0.10773687111453221
0.10773687111453221
0.10785729667787915
0.10785729667787915
0.10734354641910877
0.10686525456304878
0.10686525456304878
0.10686525456304878
0.1066531317433522
0.10686633473746238
0.10669166684101809
0.10786671562240147
0.10786671562240147
0.10810279547808752
0.1094094367490338
0.1094094367490338
0.10942012646422825
0.10811470335239233
0.10732420190170547
0.10731108990207971
0.10731108990207971
0.10720578781131247
0.10629972737299068
0.10624096051874804
0.10576098222626404
0.10670938680218627
0.10609159746168358
0.10653776170141593
0.10681806081327284
0.10744654940588992
0.10810477630515006
0.1078715929736013
0.10758343533513709
0.10816336473031792
0.10826542372041108
0.10614513068404825
0.10614513068404825
0.1053240648770759
0.10535133810460945
0.10568362584374433
0.10537635384732066
0.10552733128763334
0.10596537021865703
0.10560195171930685
0.10560195171930685
0.10560195171930685
0.1049417358542084
0.10527266503954669
0.10603913840714076
0.10594792158366897
0.10620241370040216
0.10620241370040216
0.10620241370040216
0.10654739924107541
0.10712966675053827
0.10837059072652455
0.1073693906210218
0.1073693906210218
0.1073693906210218
0.10775083231863852
0.10834429931038775
0.10833528871471773
0.10824269237409555
0.1087227762994541
0.10823963348766476
0.10884016455915786
0.10759827949698635
0.10800291921353784
0.1079988458346094
0.10928083446364
0.10923420835771573
0.1091017540936353
0.11022448423984658
0.11011417796037756
0.11052254227803968
0.11052254227803968
0.11052254227803968
0.11052254227803968
0.1096603754473428
0.10963601718275325
0.10972817253932947
0.11041032829767328
0.1096861513263184
0.10878778661364086
0.10847416441928086
0.10912419350321961
0.10868723828948784
0.10914446435831145
0.10914446435831145
0.10935022924609215
0.10831654970071135
0.10886023844442849
0.10970357540315423
0.10928709218507368
0.10881289504708082
0.10881289504708082
0.10952576937219764
0.11041627926898027
0.1101110322164133
0.10989770903379552
0.10987165320328299
0.10987165320328299
0.11003752375678463
0.11003752375678463
0.10998222979798752
0.10960967844098568
0.10960967844098568
0.10874666898165405
0.10874666898165405
0.10993863832846366
0.10988226572820556
0.10988226572820556
0.10873640801758055
0.10964013641679286
0.11020486498962585
0.11027898474007505
0.11051113786352522
0.11050042820966913
0.11015641868462103
0.10989909070126341
0.10913677019471459
0.10943930850260464
0.10953802548030064
0.11079210625192351
0.11145448270082747
0.11145448270082747
0.1114049297490211
0.1114049297490211
0.1114049297490211
0.11143678044383215
0.11153847010330345
0.11117026014761215
0.11069052496099198
0.11069052496099198
0.11012476843275272
0.11094344363591589
0.11103026726860803
0.11169538645607975
0.11217574138371514
0.1115350587933792
0.11118074945502902
0.11142688954227785
0.11101906885343144
0.1104565221256465
0.11098135008381323
0.11098135008381323
0.1106046151275504
0.11008541422356749
0.11043044421499362
0.11094932432041277
0.11094932432041277
0.11074054141043951
0.11155881959525932
0.11012342414946745
0.1091049026385013
0.10878532419917002
0.10947992344205076
0.10947992344205076
0.10958196266425245
0.10927917915347823
0.10961628741852045
0.1097042610985839
0.10945676660591769
0.10945676660591769
0.10945676660591769
0.10945676660591769
0.11049717547588521
0.11005687824262235
0.1088595566961141
0.1088595566961141
0.10932435498674677
0.10932435498674677
0.10932435498674677
0.10999097662356512
0.10952071444856382
0.10952071444856382
0.10972931780407631
0.11021148611695641
0.11000653558017875
0.11000653558017875
0.11093531852126047
0.11144934451772508
0.11144934451772508
0.1114424836825809
0.11159078079499815
0.11231480236961426
0.11161280293327414
0.11161280293327414
0.11081765101691521
0.11049947272882456
0.1095219246955525
0.10960535927790187
0.10924874155819304
0.10951375608777603
0.10827484353114775
0.10906392966690737
0.10958952211957111
0.10958952211957111
0.10958952211957111
0.10867790807190063
0.10867790807190063
0.10927385653045944
0.10928507512967059
0.11036013096688309
0.10899111637960747
0.10992557406627868
0.11058493779407848
0.11094978611506191
0.11094978611506191
0.11091772837839182
0.11091772837839182
0.11097219578387064
0.11097219578387064
0.10926091290037197
0.11006177830750796
0.1108274204261118
0.1108274204261118
0.11130446655190096
0.11124564427715922
0.11035913210039429
0.11020851816147076
0.11020851816147076
0.11096283963530393
0.11060107700627515
0.11164462708375718
0.11164462708375718
0.11145424819728492
0.11163728451637984
0.11163728451637984
0.11105496375598883
0.10967217578035558
0.11039495713517491
0.11067162703464316
0.11067162703464316
0.11148025924624161
0.11203334380163678
0.11203334380163678
0.11187166404423012
0.1116457413818711
0.1128498147777557
0.11343252592641669
0.11354832492657621
0.11354832492657621
0.11354832492657621
0.11395396257226836
0.11327478974218476
0.1132539901597654
0.11382839528404078
0.11493780811122621
0.11566839716550704
0.11477887149898469
0.113020665632731
0.1131723287608187
0.1131723287608187
0.11382525205844125
0.11404269820949328
0.11417786681348674
0.11417786681348674
0.11342864387712272
0.11266370483312434
0.11299824020484932
0.11193111627703281
0.11031763914472191
0.11031763914472191
0.1101816485165126
0.11135723094248279
0.11211824269672026
0.11282476185505466
0.11259593316892898
0.11259593316892898
0.11259593316892898
0.11180921020740468
0.11211401862038241
0.11250275380499436
0.11247470363148382
0.11247470363148382
0.11267409958078434
0.1139512954206378
0.1139512954206378
0.11421513619859344
0.11327292811137449
0.11327292811137449
0.11276735066517875
0.11276735066517875
0.11306365021470444
0.11267852974282996
0.11267852974282996
0.11267852974282996
0.1127148799510988
0.11339866692035641
0.11423337800844338
0.11404947027908682
0.1152297392636192
0.11583010392852393
0.11487051936412218
0.11510533704623334
0.11493509399718378
0.11456283113293772
0.11401520865760831
0.11464708023657268
0.11397776924909267
0.11397776924909267
0.11460190821797059
0.11263914912064994
0.11263914912064994
0.11348480309364012
0.11348480309364012
0.11348480309364012
0.11429346058291932
0.11326080221514899
0.11381360927374982
0.11312098495522725
0.11310544243766052
0.11324293214784359
0.11268516904432858
0.11350853087165393
0.11392709163344301
0.11402851635238488
0.11402851635238488
0.11402851635238488
0.11423363933976957
0.11455437531556943
0.11434826361224076
0.11556094042918234
0.11494957199555271
0.11491075093306402
0.1154991981643961
0.11584894345032778
0.11584894345032778
0.11472320848723001
0.11472320848723001
0.11472320848723001
0.11472320848723001
0.11337966952328475
0.11337966952328475
0.11374883883424458
0.11438443843359142
0.11356931823991977
0.11356931823991977
0.1143000483978034
0.11361019835983471
0.11326500329184529
0.11326500329184529
0.11324094071064728
0.1130906907450295
0.11266065079443621
0.11266065079443621
0.11218208865059887
0.11200611707815988
0.11200611707815988
0.11177609382113593
0.11195580886427259
0.11171875188454705
0.11174790633721467
0.11232418969539996
0.11279353264406027
0.11182814589341701
0.11250743997183567
0.11250743997183567
0.11234215401767744
0.11234215401767744
0.11234215401767744
0.11227186712106742
0.11099347736446473
0.11115970716701237
0.1117719240973259
0.1117719240973259
0.11242465420656221
0.11242465420656221
0.11189937454500483
0.11189937454500483
0.11139674949780232
0.11164562191119216
0.11156843635692092
0.11156843635692092
0.11185743724546049
0.11151170275123586
0.11154170840826083
0.11084980242370299
0.11084980242370299
0.1107734245637468
0.1109889166224479
0.11125518981751166
0.11163752652970434
0.11163752652970434
0.11129850818625898
0.1096442495575237
0.10961127396329427
0.10961127396329427
0.11007171435105158
0.11003284745463107
0.109700728934215
0.11024503999503533
0.1099160608184987
0.1098438515036054
0.1098438515036054
0.1092164027213151
0.10923899956023435
0.10995434412595527
0.11011679165925038
0.10997596353175372
0.10997596353175372
0.1118114867791228
0.1120992111873564
0.1120992111873564
0.11122288406144983
0.11122288406144983
0.11102786864269332
0.11087529254781946
0.11087529254781946
0.10968013380006603
0.110001873676329
0.11026372878700032
0.10948277278921463
0.1100359774417262
0.11021818268883522
0.11021818268883522
0.11058818982729822
0.10980910161340347
0.10980910161340347
0.10992864819457432
0.10992864819457432
0.11021802574846845
0.11056893722725808
0.11131678064782204
0.11071876716818324
0.1101056194507305
0.11131122495406892
0.11024712849947485
0.11024712849947485
0.11048266034774461
0.11084907661422536
0.11085111683112843
0.11085111683112843
0.11244116479655883
0.11244116479655883
0.11210297366726843
0.11227707828838254
0.11227707828838254
0.11156037805745583
0.11227964781552162
0.11281339223426085
0.11125783448941326
0.11132287704785132
0.11132287704785132
0.11132287704785132
0.1112950347319449
0.111462825607817
0.11185834319195856
0.11294600213345106
0.11308375826402475
0.11193062716484593
0.11245235552389814
0.11212805209662836
0.1124589283638389
0.11203028063764323
0.11194102267672637
0.11164022716328369
0.11213389353620151
0.1125139981860927
0.11417095672714576
0.11432792306784675
0.11540042070700239
0.11498561433768575
0.11518138928454465
0.11450476377968455
0.11448077750418095
0.11438506945349672
0.11518085695918326
0.11531881908232983
0.11531881908232983
0.11531881908232983
0.11604645993806682
0.11640330032686426
0.11704782710188177
0.11640742717292764
0.11640742717292764
0.11576967199494685
0.11563422989567088
0.11444960577821787
0.11433285633913524
0.11366708260106113
0.11388103306781452
0.11280805110113204
0.11280805110113204
0.11276949047162563
0.11148317082459272
0.11129064586158244
0.11030838260817157
0.10967698146516386
0.10959824732585897
0.10888125542718266
0.1091910864826531
0.11088002522982447
0.11088002522982447
0.11009797893726589
0.11011147525682745
0.10998849431473534
0.10998849431473534
0.10864032354640035
0.10938980451157579
0.10935078789692569
0.10881757306477834
0.10811181888532032
0.10829971914676556
0.10768015931773676
0.10805420191347323
0.10725000291465829
0.10735544933691529
0.10726839695449344
0.10726839695449344
0.10714280994670652
0.107910309028094
0.107910309028094
0.10790439594240933
0.1081847142313114
0.10853971896415433
0.1094699510280506
0.10884470122050029
0.10786064579369294
0.10751930879497047
0.1072196375403056
0.10716955022977748
0.10643853492953216
0.10618441748237399
0.1061559903427382
0.10780251331030985
0.10760002317290013
0.10760002317290013
0.10769270959493571
0.10712133730850447
0.10703800908687652
0.10855858574201036
0.10870399197144158
0.10902692318670607
0.10855013459810689
0.10855013459810689
0.10855013459810689
0.10937258562357498
0.1104148777939868
0.1104148777939868
0.11020834549672155
0.11020834549672155
0.10941274410113035
0.10901083131690407
0.10899826409739562
0.10879483105366256
0.10969248878419235
0.10969248878419235
0.10913948614319709
0.10975885078089215
0.10981590248710908
0.10860719974428377
0.10858254724428265
0.10816384066721318
0.10771411535789968
0.10812132301342536
0.10804215784618403
0.10860519538715488
0.1083100541724052
0.10729364923267398
0.10729364923267398
0.10817607878622659
0.10817607878622659
0.10800025002408621
0.10731901995133104
0.10731901995133104
0.10717587969493507
0.10663736531155822
0.1063349483952759
0.10621547892451412
0.10683982732645148
0.10683982732645148
0.1077194595540503
0.10715219187957026
0.10715219187957026
0.10806081468207987
0.10833448052753218
0.108944213307401
0.10875261408847557
0.10785783493049272
0.10785783493049272
0.10775453168153808
0.106557358171807
0.106557358171807
0.10618642542479821
0.10620040349296468
0.10709052014774559
0.10725881877720311
0.10725107344004385
0.10803932148133501
0.10747497224635595
0.10618009790542712
0.10617106049693899
0.10627032133347472
0.10530643168104398
0.10465636839933123
0.10514752155686632
0.10575500838564456
0.10632550230586349
0.10582018060582862
0.10582018060582862
0.10518768565861751
0.1064883573062442
0.1069109642386225
0.10657022209204016
0.10701006027786163
0.10645488549157012
0.1067795603980725
0.10766843369625051
0.10748786368610946
0.10834947297246446
0.10837004195550716
0.10900926283924915
0.10825963781114745
0.1080741519494428
0.10824345801411905
0.10831839257783407
0.10790027431650416
0.10857886821635594
0.1079300714095907
0.1085580001329388
0.1090845700843344
0.11023559718388257
0.11030227208483051
0.11152748033039142
0.10973242035260776
0.11001159863199915
0.11001159863199915
0.10952453394790114
0.10987568170339472
0.10969454837139654
0.10949116185176395
0.10889477412304253
0.10888213607245197
0.10885331828007458
0.10873380078710654
0.10793926555490792
0.10793926555490792
0.10777019052031292
0.1092159469801601
0.11004094561601976
0.11054827313239608
0.10942073079952612
0.1090738926207542
0.10893377141015398
0.10861547024580386
0.10916508192812922
0.10994853045836782
0.11017736321326876
0.11017736321326876
0.1098784482181041
0.11010068601480447
0.10991261065818721
0.10991261065818721
0.10991261065818721
0.10991261065818721
0.10934548191623011
0.11020148269880431
0.11008686179736929
0.11001470557586585
0.10945264293925117
0.10945264293925117
0.10958343865313429
0.11053403754725669
0.11094093237547323
0.110483400365949
0.1101397418293581
0.11126036845344685
0.11034226669867214
0.11047889052257734
0.11048022471210624
0.11043527064949875
0.11056323201833909
0.11052101722348591
0.11052101722348591
0.11076705254013325
0.11038690833516593
0.11177742475802899
0.11221816410870922
0.11238546246927567
0.11238546246927567
0.11265731733764543
0.11256669814627139
0.11256669814627139
0.11223801581531766
0.11223801581531766
0.11238670095506736
0.11354913482215212
0.11273981081480706
0.1126930494513472
0.1126930494513472
0.11274423063466801
0.11274423063466801
0.11245215016389218
0.11245215016389218
0.11195754434134719
0.11195754434134719
0.11134541701325283
0.11145243798552298
0.11145243798552298
0.11161108701153183
0.11168036805476067
0.1109149279344792
0.11099147620249189
0.110470095592528
0.11118031150845395
0.11118031150845395
0.1115214485043055
0.11103515321351592
0.10971092065375745
0.11060071293167915
0.1094615774663918
0.1094615774663918
0.10930074856583943
0.10980787323554475
0.1104774760060276
0.1105392377429039
0.11019876692851888
0.11071494051274083
0.11174815047224708
0.11184028653762512
0.11184028653762512
0.11167574236275139
0.11228386168451888
0.11283000265398452
0.11283000265398452
0.11283000265398452
0.11292404296493962
0.11292404296493962
0.11292404296493962
0.11292404296493962
0.11212059409485263
0.11162460860691133
0.11201654152783391
0.11201654152783391
0.11263439137671483
0.11257333682522667
0.11237578585169776
0.11147547085110515
0.11167615372343931
0.11148606162938038
0.11163786313887056
0.1109803314039744
0.1107655815820878
0.11204094439230888
0.11154414488113089
0.11094611631836
0.11095180130983026
0.11095180130983026
0.11101440514587922
0.11037288595242167
0.11005422924549711
0.10935282146466353
0.109418387050083
0.10943447080539098
0.11024887804207766
0.11029064197156253
0.11044383767369445
0.110955866448118
0.11173497233008739
0.11173497233008739
0.1117187288538195
0.11251124699961548
0.11251124699961548
0.11224650888563759
0.11157149848648978
0.11100671699255958
0.11094146616989267
0.10942902323910382
0.10807763373781115
0.10814987085134857
0.10796666727063468
0.10796666727063468
0.10796666727063468
0.10714055008154957
0.1066438168659707
0.1066438168659707
0.1066438168659707
0.1066438168659707
0.1069202809911152
0.10653092699540079
0.10796092418179264
0.10790660576658688
0.10791608416826859
0.1085592458150029
0.1085592458150029
0.10883330458331485
0.10845308889549397
0.10845308889549397
0.10929817120761966
0.10929817120761966
0.10871485299012766
0.10802327988791091
0.1081709789928592
0.10776030540755789
0.10812591505909301
0.10812591505909301
0.10887145636110816
0.10847992973516214
0.10818081966716052
0.10739239313797228
0.10733629747532114
0.10816008078743947
0.10816008078743947
0.10672204843247025
0.10621784680302498
0.1067968989298609
0.1071503610265876
0.10680614299991983
0.10680614299991983
0.10757214254945754
0.10757214254945754
0.1069190081960625
0.10656625749226092
0.10656625749226092
0.10656625749226092
0.10656625749226092
0.10727766552507936
0.10727766552507936
0.10841437109320275
0.1088312401156757
0.10889575720284557
0.10906626436497002
0.1095217295188381
0.10840832109258389
0.10848089380429082
0.10941768029211359
0.11053914895352239
0.11053914895352239
0.11146528462725165
0.11148860312591564
0.1120805111655812
0.11270022740948064
0.11263320698204268
0.11184648377019146
0.11067650448630663
0.1116289873282904
0.1116289873282904
0.1116289873282904
0.11172709333121784
0.1115464400588896
0.11231688324177622
0.11231688324177622
0.11265677542697965
0.11364910561137039
0.11319435829313874
0.11195901711823046
0.1115597762093201
0.11183362953394349
0.11240088422043558
0.11240088422043558
0.11199210442029464
0.11150564488893895
0.11133607577156472
0.11151446677053276
0.11024519402522877
0.11061722256830818
0.11047157250399899
0.11148320562487192
0.11173782069123524
0.11240170962113769
0.11274810572108673
0.11288239254385134
0.11288239254385134
0.11283401067722705
0.11274213356541773
0.11164601086380546
0.11144304241241856
0.11290797730520792
0.11203902505668506
0.11117792417539751
0.11023277131876
0.10986680944978097
0.11003585071876389
0.10940057513618015
0.10940057513618015
0.1100303555760893
0.10908544502616097
0.10913887779313827
0.10936019580387887
0.10898706888904115
0.10886722209744135
0.10910933443656029
0.11008848710614004
0.10944386779720564
0.10935794914095008
0.10900166311822748
0.10900166311822748
0.1097890265753702
0.10895870934981665
0.10895870934981665
0.10895870934981665
0.10820347466173831
0.10852545272111976
0.11041462915553418
0.11098400776162848
0.11106992561984379
0.11106992561984379
0.11106992561984379
0.11258487646644418
0.11258487646644418
0.11258487646644418
0.11296033747209726
0.11296033747209726
0.11281655672183613
0.11382962971928003
0.1138277156486173
0.1138277156486173
0.11379724084568091
0.11379724084568091
0.11259117648883374
0.11208234045473488
0.11214138834003068
0.11256360845257211
0.11278677036929485
0.1125833117055311
0.11239303885811436
0.11177163269152493
0.11177163269152493
0.11049089567953745
0.11078748875700584
0.11037970859123397
0.11151712051976906
0.11079774740619347
0.11079774740619347
0.10997209986049677
0.10997209986049677
0.10997209986049677
0.11028083172493473
0.11008912676338854
0.11051305621344042
0.11023535255234906
0.10926589615531838
0.10917810392422184
0.10899463725171132
0.10919331194191421
0.11113803511318643
0.11067954984959617
0.10970808114960506
0.11003417679864826
0.10911389620410443
0.10965121836188182
0.10937332876234912
0.108630526789721
0.10835180684654955
0.10852793600979024
0.10724041852796387
0.10724041852796387
0.10770875293582481
0.10783077893206573
0.10783077893206573
0.10832847206800912
0.1084888348570908
0.1084888348570908
0.10888580141784726
0.10988478210228528
0.11004229432544181
0.10968795868686125
0.10968795868686125
0.11081823442772851
0.11087652709914146
0.11087652709914146
0.11165565168375599
0.11233753889721769
0.11264542067354286
0.11240508946643873
0.110699124151891
0.11185321957538387
0.1115935898898212
0.11191196823241693
0.11147885355801052
0.11162312756036162
0.11182762723962025
0.11114143268213611
0.11245295548585676
0.11245295548585676
0.1115586692347948
0.11350635463916946
0.11420056948845307
0.11420056948845307
0.11476068519231329
0.11451545768179511
0.1135734204129819
0.1135734204129819
0.1135734204129819
0.11198698045040828
0.11198698045040828
0.1127074163035911
0.11242570811570372
0.11242071791942558
0.11260294093470452
0.1120945006620809
0.11204128100908961
0.11204128100908961
0.11235812933984964
0.11315923572898087
0.11310277284573562
0.11178878251354346
0.11122674304280378
0.11053792374527695
0.11075339324343891
0.11075339324343891
0.1115442804029297
0.1115442804029297
0.1115442804029297
0.1115442804029297
0.11126314064573052
0.11126298843388799
0.11135125174146174
0.11145933949784306
0.11249327644141636
0.11250434757531853
0.11285617905071167
0.11290822643588162
0.11290822643588162
0.11240476116290259
0.11258565390254917
0.11248943590555786
0.11196015528162102
0.11165506168674162
0.11142272102543596
0.1110628571316866
0.11027143147206167
0.11082787772289976
0.11080171953853396
0.11058761096918271
0.11066861048511831
0.1110463802789046
0.11107981766925121
0.11156823238803798
0.1121382969070558
0.1121382969070558
0.11122251834203023
0.11172645189137019
0.11172645189137019
0.11149429735614134
0.11174529866383401
0.11141775203711286
0.11141775203711286
0.11122697393503468
0.11131765820889727
0.11076075561521173
0.11127744331054197
0.11155769574543967
0.11149857757271224
0.11233839095928679
0.11199990371111676
0.11142937244111341
0.1114867387179687
0.11154992104089323
0.11247724789158228
0.11264231059915245
0.11399318500072987
0.11378836801080495
0.11378836801080495
0.11437726678480632
0.11399100335904892
0.1130748484220265
0.1132050986999413
0.11370100791946557
0.11299639472850796
0.11318034490538015
0.11200772977071005
0.11175361849599688
0.11204256438440349
0.11204256438440349
0.11202986705460505
0.11149077870629572
0.11083810443271364
0.11224245295336142
0.11070175729832742
0.11041148358356244
0.11041148358356244
0.11111427903396497
0.10941878941992324
0.11063179548974679
0.11084893501539717
0.11084893501539717
0.11128884168862399
0.11059253493561881
0.1107573601211589
0.1107573601211589
0.1107573601211589
0.1094916053531374
0.11030536535308835
0.11087631375818582
0.11027410318187048
0.11084032348308759
0.11173163468708808
0.1117855692521315
0.11030236329372035
0.11008908290896217
0.11012253087363763
0.10930968920226114
0.10930968920226114
0.10899373018802386
0.11028500738576341
0.11087883301405381
0.11087883301405381
0.11059906223437456
0.11108047523899696
0.10990316317527968
0.11074021228675894
0.11074021228675894
0.1114607871796094
0.1124899217364803
0.11144957007119695
0.11074893637848099
0.11099271865485075
0.1102512958572267
0.109938000436298
0.1088785611560045
0.10989588219564142
0.10947909593321972
0.10872969683671314
0.10848486759107011
0.1090183308845416
0.1090183308845416
0.10910350563663854
0.10910350563663854
0.10981594572763764
0.10897135646254004
0.10899766401386286
0.1075365525451864
0.1075365525451864
0.10728488004348462
0.10724177803882706
0.10650786483864547
0.105723635918616
0.10618525787189008
0.10738260580088024
0.1077933873163544
0.10779701266638445
0.10779701266638445
0.10707442144452331
0.10707442144452331
0.10579059853678659
0.10489000571161407
0.10528060348278274
0.1049796647779245
0.10467345506747615
0.10338928011268943
0.10250246437612638
0.10157590547516124
0.10188948954502348
0.10166282969995499
0.1015222554542272
0.10197569558292269
0.10209479245558915
0.10134295370977757
0.10145020003331012
0.10236201844505372
0.10252903871515452
0.10119108546751393
0.1019789108877398
0.10165722270230933
0.10227340944192606
0.10217073078030592
0.10217073078030592
0.10279336409014969
0.10248650592946199
0.10248650592946199
0.1031282524554628
0.10394542255111074
0.10455150251796477
0.10430256095059307
0.10430256095059307
0.10371330017390472
0.10393942103861553
0.10267569447280307
0.10375863378119342
0.10349718612533795
0.1041914335780825
0.10412170897093642
0.10412170897093642
0.10406136794495514
0.1028974970568911
0.1022585147675461
0.1022585147675461
0.10245989420396298
0.10245989420396298
0.10248812196701004
0.10273749317571763
0.10273749317571763
0.10273749317571763
0.10337676662358133
0.10461702398647181
0.10540312875620149
0.10692955887378325
0.10679765949648413
0.10726691119678855
0.10717055834722762
0.1072653179794574
0.10820271321064388
0.10757286720052273
0.10930712308065266
0.10964147590903559
0.10964147590903559
0.10881020998930156
0.10867628345201036
0.10855277465010553
0.10904066233584571
0.10925326788121592
0.10925326788121592
0.1087851511318175
0.10864826269217207
0.10980543455109505
0.10885862254734706
0.108851888099257
0.10848648100875855
0.10979743195271796
0.11016710857615293
0.11011048591000251
0.1103837104699633
0.10915342010737163
0.11137010916110102
0.11039113451509608
0.11039113451509608
0.11103223762162805
0.11033436365512828
0.11033436365512828
0.11078142087011354
0.11078142087011354
0.11095322618537105
0.1117198127829117
0.1117198127829117
0.11125561585544441
0.11125561585544441
0.11115662466062913
0.11122239444496494
0.11122239444496494
0.11031594686432658
0.11016178859060663
0.11016178859060663
0.1095103068477903
0.10985613759962387
0.11080242242084945
0.11080280789225426
0.11119637082337375
0.11002490662550037
0.10907426761019562
0.10907426761019562
0.11098054148302826
0.11100158255066553
0.11114401438622663
0.11007033609285781
0.10986541681006093
0.10889973018052575
0.1088787850463133
0.10878559636491489
0.10789445437539971
0.10820662170311898
0.10782179856401285
0.10782179856401285
0.10680260403727561
0.10713391309318294
0.10715540959151369
0.10669371862256527
0.10628896412738767
0.10658983745242502
0.10721759711091437
0.10753377125520029
0.10635572693588827
0.10633844251199948
0.10727283017432371
0.10711623997451064
0.10668817363262512
0.10669850522374376
0.10643737542677473
0.10633986557912821
0.1070207347752688
0.10730009734776212
0.10677096139477582
0.10749311307319884
0.10652299956647104
0.10683099902930485
0.10683099902930485
0.10683099902930485
0.10734702878066565
0.10836374200109873
0.10831438173756586
0.1082010310060464
0.107482569467913
0.107482569467913
0.10735589647272582
0.10642709204309443
0.1069486729335683
0.10521044385959948
0.10535148017548737
0.10681679185910135
0.10731091381746628
0.10731091381746628
0.10731091381746628
0.10633729511141321
0.10612400276109274
0.10597378846325808
0.10597378846325808
0.10558698086122767
0.10583912796999366
0.10518674861310486
0.1065564643251696
0.10723696262150587
0.10727809122693131
0.10643031588201528
0.10820491182617614
0.10769500277522348
0.10769500277522348
0.10813242216180284
0.10833485541668857
0.108405680431609
0.10786648908192024
0.10786648908192024
0.10825137033545716
0.10825137033545716
0.10787550757494446
0.10745108315922655
0.10745108315922655
0.10780390165549072
0.10863075898300278
0.10921751986561387
0.10793273356683528
0.10802245032231365
0.10816271178589972
0.10841463888065646
0.1079568736357301
0.10772683085399946
0.10897128326692816
0.10833896152160032
0.10724258972702383
0.1069505575530874
0.1069361575023582
0.1069361575023582
0.10711851304269863
0.10711851304269863
0.10753745970648647
0.10753745970648647
0.10674588972689016
0.10579738574148291
0.1053045422313599
0.10471623367312417
0.10471623367312417
0.1049589422597346
0.10551600587734922
0.10764044726149238
0.10642269754305186
0.10681193018692274
0.10789085655266013
0.10671048769135608
0.10700135916745039
0.10691143308173229
0.107315576894269
0.1076757519000031
0.10732657994351312
0.10705755574412384
0.10727280563709667
0.10821838991162824
0.10780048907141551
0.10781877600924757
0.10862226369805533
0.10864918092850592
0.10819025878017509
0.10899932051970714
0.10817344570043413
0.1096610179670593
0.10955532602264406
0.11020740269781056
0.11020740269781056
0.11020740269781056
0.11058383179435204
0.10927226580111656
0.11002332033113059
0.10948677455530977
0.10948677455530977
0.10953573707033082
0.10954428430887335
0.10942931158091972
0.10942931158091972
0.11030010397394446
0.10972064152221507
0.11022505724189387
0.11030086969838312
0.10974815565962841
0.10913215781575106
0.10875526104401043
0.10875526104401043
0.10908891180123384
0.10911975294048054
0.10879010700580129
0.10883921508681438
0.11085043366962992
0.1094411069335418
0.10917778568249042
0.10820072988390347
0.10820072988390347
0.10903282210222177
0.10938444574537036
0.10932098738814058
0.10932098738814058
0.1079485154524064
0.10758230438166518
0.10826837137031588
0.10893941133890017
0.10893941133890017
0.10850239423868965
0.10886936344832632
0.10886936344832632
0.10887710231779933
0.10887710231779933
0.10871116537802389
0.10796733343075234
0.10684340767341606
0.10846841294829665
0.10846841294829665
0.10821092275087196
0.10821092275087196
0.10829569707057207
0.10787758733463794
0.10787758733463794
0.10923239313466362
0.10891118933839043
0.10896038953016236
0.10938462345281298
0.11035198799647886
0.11044500760091246
0.11044500760091246
0.11038088162394598
0.11078181613524636
0.11113076684216215
0.10998481072231063
0.11040977792410848
0.11155616212627568
0.11176500831940488
0.11176500831940488
0.11139548714324615
0.11152644522990005
0.11159661166674305
0.11072881668304876
0.11031555630228027
0.11039100646737163
0.1103716087487746
0.10945478621397778
0.11084380612831692
0.11109947857367432
0.1112930087238028
0.11100430065090139
0.10999000939193443
0.11093248200287549
0.1119008486371649
0.11214661632468521
0.11214661632468521
0.11214661632468521
0.1114138232614374
0.11091507232591101
0.11079855811130002
0.11112847176095095
0.11112847176095095
0.11022306682808433
0.11000140654727081
0.10997873345360253
0.11050054647224937
0.1116249771172038
0.11083070805139494
0.11083070805139494
0.11061525087925461
0.11066900377476056
0.11007859539963796
0.1097902144452883
0.10952326511671176
0.11007017384968944
0.10973852916342074
0.10927933891277057
0.10927933891277057
0.1089160151916674
0.1089160151916674
0.10893691302893166
0.10916226280535314
0.10939315048944633
0.10863558450117144
0.10908764041606467
0.10973816371621632
0.10955484148370424
0.10981943995021842
0.10920005197555147
0.10920005197555147
0.10871408186442245
0.10871408186442245
0.1089158734898187
0.1089158734898187
0.1097782892659353
0.1097782892659353
0.10960192772795202
0.10960192772795202
0.10984367704265653
0.10984367704265653
0.10973934808385262
0.1103784954038993
0.1103784954038993
0.1103784954038993
0.11084098022510949
0.1109268668679761
0.11066945765157271
0.11060046042550604
0.11034333649148642
0.1099092096872928
0.10963087124334447
0.10950725906254581
0.10921274120586622
0.10881145242513601
0.10881145242513601
0.10936239996815787
0.10971720491758626
0.10899827671508609
0.10929146830066208
0.10860275082112245
0.10850468139319462
0.10774857588442119
0.10749916652787231
0.10847814473348977
0.1088537196283924
0.10830875203354537
0.10772315272065114
0.1076809514900685
0.1076809514900685
0.10882882327108573
0.10882882327108573
0.10762954041464183
0.10762954041464183
0.10775508539671079
0.10878258421702519
0.10878258421702519
0.10878258421702519
0.10946000028411393
0.10948520486050914
0.10985393900198716
0.1097857269121723
0.1097857269121723
0.1109741763015191
0.11179652308315981
0.11078444774373562
0.11031047283330662
0.1094417897339878
0.10940598062214794
0.1084703836874667
0.10786237087257629
0.10850341932652717
0.10865736176443598
0.10840575211115587
0.10985794358977356
0.11005847829413999
0.11054130934532062
0.1098320731479341
0.1099260545367059
0.10900617464929419
0.10930722454043938
0.10857955704623361
0.10962354924205452
0.10959894868220303
0.11085795880692936
0.11085795880692936
0.1108753213760404
0.1108753213760404
0.11106586170180872
0.11090492223040119
0.11090492223040119
0.11135998861739943
0.11031145883544384
0.11005624708500382
0.11032141560267007
0.11017415582787106
0.11017415582787106
0.11088626217995426
0.11104446199806142
0.11231361316372426
0.11243292274890994
0.11205392175068989
0.11201549300920827
0.1120719295250789
0.11061194020705005
0.11020264559482869
0.11053403709030547
0.11022977345833683
0.11022977345833683
0.10985063888174436
0.11006706170977139
0.10951961135440424
0.10999648815408175
0.10845080647794729
0.10776594925842438
0.10829685829748725
0.10886383307192897
0.1086400720655301
0.1093419505308696
0.10805165196970966
0.1089846602270323
0.10908911274419685
0.10908911274419685
0.10908911274419685
0.10708439622146215
0.10812109048207545
0.10723583638387495
0.10702751271740765
0.10745126132551389
0.10778626715427399
0.11004002720772967
0.11004002720772967
0.11074203550706722
0.11092592860018426
0.11092592860018426
0.1122428903269175
0.11182286422428091
0.11182286422428091
0.1126904967552608
0.11304620260180626
0.11304620260180626
0.11282436470288755
0.11270333014240429
0.11270333014240429
0.11303643290250867
0.11303643290250867
0.1126859857725501
0.1126859857725501
0.11428452000272066
0.11440909038096361
0.11451303874762989
0.11406946333814384
0.11376874986943238
0.11459318840297267
0.11424554503617639
0.11383921111200367
0.11417931390219985
0.11418890658244849
0.11418890658244849
0.11418890658244849
0.11453412536096116
0.11363599542824766
0.11348448345624935
0.11335310046377689
0.11448111040743926
0.11521345138437875
0.11561835928097658
0.11579252986035544
0.11513941045549354
0.1161865138870587
0.11603003805721689
0.11603003805721689
0.11603003805721689
0.1161001342003935
0.1170340362089167
0.11754498210160119
0.11803672954111927
0.11898023210892363
0.11880508511722479
0.11878053620163491
0.11790458026137805
0.11790458026137805
0.11715451948924839
0.11647281716421953
0.11647281716421953
0.11647281716421953
0.11676881790382888
0.11676881790382888
0.11652968011009864
0.11652968011009864
0.11538417020503268
0.11530603333457827
0.11373672512938397
0.11373672512938397
0.11373672512938397
0.11322987869357834
0.1123219694203477
0.11249652711173612
0.11162015965666311
0.11150892914996353
0.11325914305481248
0.11396649721728212
0.11385036027903588
0.11480182702005158
0.11460420778719853
0.11509997061433776
0.11560899189815348
0.11560899189815348
0.11755959533928798
0.11761306120181042
0.11814055005093761
0.11829381880021327
0.1189255216932815
0.1189255216932815
0.11817890406319292
0.11797803075676987
0.11776734293682742
0.11776734293682742
0.11840534635015537
0.11725387738096466
0.11726604771392432
0.11737425656150034
0.11735180631306547
0.11724431507286774
0.11641295432318202
0.11641295432318202
0.1161119383979606
0.11598134285367818
0.11557573465795952
0.11724150948124964
0.1168154617621712
0.11674955922593949
0.11689640859779682
0.11631714090363526
0.11657629119095023
0.11658467764251723
0.11676895888623379
0.11691877923397097
0.11708063547726542
0.1170484886046395
0.11733689489841818
0.11699066589582371
0.11699066589582371
0.11595784198196847
0.11701524576849467
0.11804361203261651
0.11713047585657688
0.11697290287428486
0.11635863550036572
0.11659219248430168
0.11659219248430168
0.11660566699265452
0.11619708091335211
0.11588359810462515
0.11517841816443518
0.11488707384584428
0.11500883507549112
0.11420383859112881
0.11349342209592445
0.1136021378028154
0.11336917054509714
0.1128154290861054
0.11192116612734627
0.112845561598435
0.11416856755135064
0.11480143532380906
0.11431266456282048
0.11431266456282048
0.11525517595638372
0.11525517595638372
0.11525517595638372
0.11475781549377659
0.1140371209100067
0.11419746592837066
0.11419746592837066
0.11473004055268819
0.11473004055268819
0.11473004055268819
0.1145669606672365
0.11574671232092056
0.11606914861347466
0.11480425131724946
0.1146470597553141
0.11445113233642822
0.114477083147678
0.11453032196207392
0.11453032196207392
0.11427935294550498
0.11474626949138593
0.11386861079625062
0.11453727130556085
0.1142749518831632
0.11397154374168184
0.11305358290829531
0.1126608054225149
0.11303409137901889
0.11303409137901889
0.11308285530856604
0.11308285530856604
0.11308285530856604
0.11286203898947725
0.11289415209927295
0.11361229296574757
0.11361229296574757
0.11426666664737509
0.11518376029402955
0.11431194144410792
0.11368992457790561
0.11459258141217242
0.11528771105597481
0.11528771105597481
0.11528771105597481
0.11316606874954402
0.11182239436201456
0.11179401014002086
0.11177605390223999
0.11193522829572311
0.11166708787839154
0.1132627092844186
0.1132627092844186
0.11285929316607007
0.11285929316607007
0.11285929316607007
0.11237874242907599
0.11300886779060944
0.11307294313300062
0.11369424382145536
0.11369424382145536
0.11369424382145536
0.11369424382145536
0.11424747850295099
0.11453569386244002
0.11443460856758608
0.11376768484933529
0.11358492292887556
0.11261815733213752
0.11270536017730748
0.1122366053933896
0.11234081829128072
0.11296947534157181
0.11352458745558043
0.11359713200736654
0.11359713200736654
0.11425377862719976
0.11260021828973364
0.11270533732392755
0.11320868336995679
0.11376169815141181
0.11398812106103125
0.11398812106103125
0.11398812106103125
0.11448813160467392
0.11510070659651449
0.11510070659651449
0.11510070659651449
0.11444641020810485
0.1138530194272632
0.11358484992672582
0.11395247675707655
0.11395247675707655
0.11395247675707655
0.11384498252645893
0.11309230227691269
0.11340344351668592
0.11279109616204465
0.11279109616204465
0.11241879232689721
0.11303843109729965
0.11322594887969406
0.1123361419158562
0.11161516989797532
0.11177343866704757
0.11168082193685144
0.11168082193685144
0.1125386072065968
0.11365646589499623
0.11410270985800147
0.11427190334028094
0.11476027358287022
0.11386291602275814
0.1141819832879831
0.11343594932442577
0.11316365214097847
0.11352719636132448
0.11444772173484899
0.11448305680099838
0.11319251694137697
0.11327892003199928
0.11340781223098884
0.11309798488883822
0.11453870696119174
0.11308994410900866
0.11308994410900866
0.11295315018833366
0.11295315018833366
0.11348674688266862
0.11321014020619968
0.11306904728520255
0.11197072791277851
0.11197072791277851
0.11108850610712548
0.11108850610712548
0.11192845606582257
0.11132962273838491
0.11059662010346338
0.11016860637731805
0.10970741914449247
0.11006757688817813
0.10914722135450516
0.1096762913582437
0.1096762913582437
0.10988501508863752
0.11000639290657503
0.10973438669017278
0.10951000306023005
0.10951000306023005
0.11102744428979683
0.11145313332920102
0.11158393472157989
0.11145279000003551
0.11090704186717626
0.110482483394629
0.11072211635929699
0.11025462688757547
0.11093809408983105
0.11093809408983105
0.11226944510917414
0.11105996960343646
0.11105996960343646
0.11159016322544935
0.11159016322544935
0.11281003796377884
0.11281003796377884
0.11281003796377884
0.1135671034129413
0.11251824590820178
0.1129882414839971
0.11317795884822067
0.11296718461790764
0.1128112977652255
0.1128112977652255
0.11327695438790066
0.11367568760846596
0.11367568760846596
0.11367568760846596
0.11420735416516956
0.11462908788403074
0.11462908788403074
0.11250366255100812
0.11201741363510369
0.11201741363510369
0.1134149617758983
