0.1376188885769219
0.1376188885769219
0.1376188885769219
0.1376188885769219
0.1376188885769219
0.1376188885769219
0.1376188885769219
0.1376188885769219
0.1376188885769219
0.1376188885769219
0.1376188885769219
0.1376188885769219
0.1376188885769219
0.1376188885769219
0.1376188885769219
0.1376188885769219
0.1376188885769219
0.1376188885769219
0.1376188885769219
0.1376188885769219
0.1376188885769219
0.1376188885769219
0.1376188885769219
0.1376188885769219
0.1376188885769219
0.1376188885769219
0.1376188885769219
0.1376188885769219
0.1376188885769219
0.1376188885769219
0.1376188885769219
0.1376188885769219
0.1376188885769219
0.1376188885769219
0.1376188885769219
0.1376188885769219
0.1376188885769219
0.1376188885769219
0.1376188885769219
0.1376188885769219
0.1376188885769219
0.1376188885769219
0.1376188885769219
0.1376188885769219
0.1376188885769219
0.1376188885769219
0.1376188885769219
0.1376188885769219
0.1376188885769219
0.1376188885769219
0.1376188885769219
0.1376188885769219
0.1376188885769219
0.1376188885769219
0.1376188885769219
0.1376188885769219
0.1376188885769219
0.1376188885769219
0.1376188885769219
0.1376188885769219
0.1376188885769219
0.1376188885769219
0.1376188885769219
0.1376188885769219
0.1376188885769219
0.1376188885769219
0.1376188885769219
0.1376188885769219
0.1376188885769219
0.1376188885769219
0.1376188885769219
0.1376188885769219
0.1376188885769219
0.1376188885769219
0.1376188885769219
0.1376188885769219
0.1376188885769219
0.1376188885769219
0.1376188885769219
0.1376188885769219
0.1376188885769219
0.1376188885769219
0.1376188885769219
0.1376188885769219
0.1376188885769219
0.1376188885769219
0.1376188885769219
0.1376188885769219
0.1376188885769219
0.1376188885769219
0.1376188885769219
0.1376188885769219
0.1376188885769219
0.1376188885769219
0.1376188885769219
0.1376188885769219
0.1376188885769219
0.1376188885769219
0.1376188885769219
0.13691399652961972
0.13691399652961972
0.1363875200412776
0.1363875200412776
0.1363875200412776
0.1363875200412776
0.1343872239432291
0.13421180729761317
0.13318231491377638
0.13318231491377638
0.13327879589418898
0.1329451548504902
0.1329451548504902
0.1329407059552382
0.13285559735831948
0.13285559735831948
0.13289728224200778
0.1324963560992521
0.13083114953585173
0.12897176314424016
0.12879377681377535
0.12855981374036599
0.12819574430492708
0.12819574430492708
0.12819574430492708
0.12819574430492708
0.12846222099885032
0.1285378964424169
0.12804220754901752
0.12804220754901752
0.12804220754901752
0.12685941121523228
0.12679213780623508
0.12709948379543162
0.12648079924322647
0.1263164428450758
0.12561530805335536
0.12561530805335536
0.1248048890449021
0.12476404200097381
0.12476404200097381
0.12476404200097381
0.12476404200097381
0.1243407549883201
0.1244107436362247
0.12449823961984978
0.1243316397442114
0.1243316397442114
0.12333943583660942
0.12242788977241094
0.12286481647697606
0.12286481647697606
0.12187990418389066
0.12164248851073618
0.12025603017098631
0.1202112632756533
0.11996024664070522
0.11981190279241995
0.12030088146368215
0.12009084672304654
0.12009084672304654
0.11975786647770258
0.11874377531732908
0.11882740563281796
0.11946670258282124
0.11946670258282124
0.11926325583250563
0.11892002410107384
0.11927930050092661
0.11949768181685298
0.12010864586503106
0.1187830495314914
0.1187830495314914
0.11822076595833558
0.11823643882065138
0.11872750847204354
0.11898558901844113
0.11936315417631618
0.11915256649829192
0.11739489294741567
0.11808413408167381
0.11753068491949913
0.1183124134569206
0.11755257997241357
0.11661434836929113
0.11661434836929113
0.11737527022610222
0.11737527022610222
0.1172238032676099
0.11636937120389508
0.11617905976378502
0.11551735291769848
0.11474994012972853
0.11474994012972853
0.11447280101329427
0.11563327277222556
0.11545056681929419
0.11545056681929419
0.11499955484217224
0.11414957691593627
0.11414957691593627
0.11318040271356673
0.11334115832540329
0.11242711555359752
0.1121170129488752
0.1121170129488752
0.11266091561072743
0.11309790638122047
0.11263908821765807
0.11171815078861494
0.1116577115405839
0.11256818962210638
0.11211688267443842
0.11225997730285786
0.11303127761822394
0.11137000707808681
0.10963496797172076
0.11031979183854335
0.11046145789020305
0.11060484300972084
0.11017107419825439
0.11017107419825439
0.1104099544327787
0.11089489400504879
0.11057984641158293
0.11044187156196188
0.11047957608796159
0.10923595658275317
0.1094421405618199
0.11071907274495053
0.11071907274495053
0.11205844274034374
0.11266435958764329
0.11278952120969898
0.11222920309285209
0.11285905769139429
0.11293197828940885
0.11143708470191778
0.11142104901315256
0.11213377500317376
0.11268975863491386
0.113169613235208
0.11307144621591603
0.11392184773561372
0.1138652540349581
0.1138652540349581
0.1138652540349581
0.11282916491181895
0.1129937762492219
0.11106732858178935
0.11090030195619298
0.11049654346503296
0.11123611366578601
0.11123611366578601
0.1111476877609417
0.11089796821273984
0.11103287822431326
0.11190671093269351
0.11113322213925417
0.11113322213925417
0.1105181808802362
0.10990272759952044
0.10860751386236502
0.10874372650428193
0.10715422534095391
0.10715422534095391
0.10740077409840851
0.10759371489455304
0.10642886569235706
0.10769121298430481
0.10855316994139597
0.10809251326845894
0.10809251326845894
0.10838695256204502
0.10866971110726428
0.10785174408960017
0.10823032671525028
0.10830685498621123
0.10830685498621123
0.1090044136199193
0.1090044136199193
0.10935012722241952
0.10916646409350973
0.1106190370220037
0.1106190370220037
0.1106190370220037
0.11149822995787195
0.11045651344533909
0.11094931035944992
0.11023138412549478
0.11031044236293672
0.11031044236293672
0.11031044236293672
0.11057866397744857
0.11066481839841952
0.11066481839841952
0.1094982059838912
0.10918770301815901
0.10918770301815901
0.10883166118692635
0.10883166118692635
0.1080965046009549
0.10806868336897699
0.10731111569987573
0.1064991837129697
0.10769504958634477
0.10627027215115156
0.10623069747560898
0.10584835272642788
0.1055981028435151
0.10572808309082456
0.10723441953887632
0.10723441953887632
0.10745770749746603
0.10745770749746603
0.10730917221990892
0.10697975523656791
0.10697975523656791
0.10667884318742608
0.10668648421157387
0.107315657566172
0.10710278650558527
0.10743817427614946
0.10743817427614946
0.10744865785986969
0.10674819211798528
0.10751690990452203
0.10711177206638307
0.1068938600746639
0.10702430122402748
0.10740871629761431
0.10743366809575866
0.10755158702358905
0.10681032927862463
0.10680789012973317
0.1065909735508551
0.10742765544731994
0.10742765544731994
0.10700792176157106
0.1062665537412921
0.10572262663776358
0.10540902768961848
0.10450534026229416
0.10458622641764788
0.10378545176300737
0.10378545176300737
0.10364524545397175
0.10295615207056498
0.1042542041307652
0.10462854356322004
0.10462854356322004
0.10462854356322004
0.1021184422037846
0.10233179835690535
0.10089507106380265
0.10077076188257512
0.10088116623045411
0.10171288672752833
0.10345722252917366
0.10479011675617247
0.10436875775650625
0.10493509355891151
0.10330255537814952
0.1033400385179514
0.10489871331777464
0.10593745413538416
0.10600867836743191
0.10573898970353586
0.10573898970353586
0.10609032287494458
0.10678762231172491
0.10847805741832724
0.10790192569753164
0.10790192569753164
0.10868116702772501
0.10897659088263169
0.10897659088263169
0.10897659088263169
0.10897659088263169
0.10921629605037095
0.10921629605037095
0.10803701430827706
0.1074259943805868
0.1084993325306366
0.1084993325306366
0.10864555337622057
0.10828665642486765
0.10720890381748022
0.10724247933186291
0.10826517111963173
0.10826517111963173
0.10790339414163788
0.10794634508766587
0.10715553708928924
0.10718965386262877
0.1086480922197187
0.1086480922197187
0.10902113025002573
0.10902113025002573
0.10841894744722586
0.10892335879569257
0.1089907128024165
0.10870687650283799
0.1084092887523335
0.10805860759540939
0.10754416715304468
0.10680199579614746
0.10640806459691086
0.10639989317173995
0.10526210865896365
0.10499355088607995
0.10520628124203621
0.10520628124203621
0.10386686313024313
0.10481796003236721
0.10597260892839815
0.10476577805328988
0.10513627987574158
0.10513627987574158
0.1049986264339886
0.1054521438482338
0.10560855375822038
0.10420952291545121
0.10282301647712243
0.10286894814759792
0.1031105371379376
0.10289861601311678
0.1027102627091875
0.10324503913172535
0.10428319624833426
0.10259138111162851
0.10259138111162851
0.10259138111162851
0.10154096463927695
0.10155700437505923
0.1005656636457743
0.10138560796546356
0.10123982201621398
0.10139327426488577
0.10146325155302757
0.10265005963418737
0.10298889396003302
0.10367969774520573
0.10404589341770008
0.10366927320053004
0.10366927320053004
0.10366927320053004
0.10280777427419525
0.10293147246827321
0.1023912655008038
0.1023912655008038
0.10231498434417147
0.1019541712178789
0.10230605671252933
0.10231910040732752
0.10231910040732752
0.10314851510049641
0.10479438029999862
0.10394141625883739
0.10452182355061043
0.10489692203175906
0.10547555961541849
0.10705379925297762
0.10695950485430052
0.10612516185049403
0.10489521087910328
0.10424212263270415
0.10424212263270415
0.10266041369626053
0.10337176835015419
0.10371432733954582
0.10374828505963414
0.10351546099057927
0.10351546099057927
0.10306354782075866
0.10310783221530619
0.10299758261698194
0.10307850136939843
0.10395417320284041
0.10458408823259024
0.10429911037934121
0.10383723638771634
0.10354201053621626
0.10287589598314749
0.10129143589014981
0.10129143589014981
0.10081566959139998
0.1008833712534615
0.10159641778747824
0.10235281957112152
0.10258995786741497
0.10289026048477075
0.1034410417630101
0.10262549071139826
0.10262549071139826
0.10439368250619475
0.10549689584100463
0.10616904487192746
0.10600271522585157
0.10690271256768195
0.10708852202811692
0.10690044888808437
0.10657665718140355
0.10683401574235044
0.10683401574235044
0.10644151337337947
0.10718753427884622
0.10653290834900052
0.10653290834900052
0.10720804009581482
0.10785197865359011
0.10751757429868651
0.10751757429868651
0.1076040617910097
0.10799086916034777
0.10720081728681126
0.1074963501253864
0.10724565249349212
0.10799806320596464
0.10799806320596464
0.10799806320596464
0.10716732151745846
0.10676039876090936
0.10676039876090936
0.10617268023708053
0.10639897980133256
0.10671596342788522
0.10670841465636985
0.10691039083227002
0.10604887326246794
0.1059146878111119
0.10666284971910023
0.1067300631081857
0.10611158573893241
0.10553131773040314
0.104686401495494
0.10534318779574849
0.10499854773210479
0.1039378182802627
0.1039378182802627
0.1039378182802627
0.10276567568923074
0.10330307910474233
0.10384005333345865
0.1040068453711807
0.1042359409314739
0.1045336864846915
0.1045336864846915
0.10480071779652754
0.10568215393674792
0.1066409394681312
0.10675399507208465
0.10671209979991311
0.10636142021402258
0.10550768266972028
0.10602869226690906
0.10590480941452696
0.10590480941452696
0.10666315046311953
0.10670049229102786
0.10670049229102786
0.10748203407646745
0.10655805704393556
0.10655805704393556
0.10780567735791854
0.10714789009082608
0.10559858784042007
0.10726992946314083
0.10698417198516397
0.10595337464678593
0.10595337464678593
0.1062067558616111
0.10741688954965008
0.1069349695853354
0.10675721305837019
0.10546177501152851
0.10536134570676124
0.10582792923551847
0.10618132193063816
0.10793051677764073
0.10792610015116844
0.10662137522230612
0.1062684095992848
0.1062684095992848
0.1055885754572474
0.10567109108767715
0.10567109108767715
0.10578230674220884
0.10551939395772784
0.10562682824180136
0.1056901519532439
0.1056901519532439
0.10691467240833799
0.10705468592649066
0.10703956125688195
0.10797906156118434
0.10759887490881473
0.10726894573910561
0.10635893597249044
0.1068450133585788
0.1069566818456203
0.10705615547652081
0.10705615547652081
0.10742858039667451
0.10673977940596004
0.10788077764672596
0.10788077764672596
0.1071833580097274
0.10833272970086844
0.10779189538661492
0.10701398629504769
0.105797505715077
0.10615683272160281
0.10508217472204937
0.10395483468299527
0.10382670323154497
0.1050558922843984
0.10490465643775831
0.10490465643775831
0.10490465643775831
0.10388030804965336
0.10400826551492721
0.1033216486923266
0.10360784001864275
0.10308948497877352
0.10351933733759186
0.10302482479372493
0.10214821495354638
0.10325947025485406
0.10339602904278397
0.10250144707035046
0.1032503880185551
0.1028185576045846
0.10294293886084938
0.10348316963365539
0.10348316963365539
0.10448342302325068
0.10529922930082955
0.10600597926988005
0.10510848310583655
0.10429321004797763
0.10446704233497928
0.10466660988689885
0.10549734416040651
0.10549734416040651
0.10522259596067073
0.10561422605222757
0.10561422605222757
0.10561422605222757
0.10482957189799604
0.10375579723700952
0.10358624565828246
0.10358624565828246
0.10352895742009872
0.10358945904728571
0.10401444180129706
0.10416140318367989
0.1039732062355541
0.10411322675164283
0.10467021178964445
0.10520808495332679
0.10520808495332679
0.10590664680106336
0.10525334545418365
0.10509138149495016
0.10627636479296142
0.10638660480210821
0.10683414950744918
0.10682753920201848
0.1060608608663579
0.10569122041393451
0.10569122041393451
0.10584403439978433
0.10584403439978433
0.10532434380896236
0.10532434380896236
0.10571043692195164
0.10545064383699022
0.1061694925236419
0.1061694925236419
0.10652037150202043
0.10652037150202043
0.10683619105948874
0.10774984129597114
0.10774984129597114
0.10706351262968268
0.10721247773323692
0.10765401562617914
0.10817233829589733
0.10792449490087347
0.10822626633357235
0.10893232163367092
0.10893232163367092
0.10837532328744702
0.10787151560753841
0.10787151560753841
0.10751297718537962
0.10751297718537962
0.10727223604119587
0.10727223604119587
0.10643300418572134
0.1055741734711174
0.1055675825112171
0.1055675825112171
0.10562139157551502
0.10562139157551502
0.10494237796783645
0.10722797123785194
0.10722797123785194
0.10683920029065527
0.10797820759456252
0.10771498885098178
0.10815909566321251
0.1068105117239915
0.10698490350373208
0.10673145150947753
0.10609436175736707
0.10609436175736707
0.10630459076225751
0.10661516259137768
0.10633793864912905
0.10633793864912905
0.10622765780464759
0.10622765780464759
0.10608117901972378
0.10566546785604276
0.10566546785604276
0.10551714952196506
0.10480386238868483
0.10606105361897515
0.10606105361897515
0.10606105361897515
0.10520831565684215
0.10478836496289198
0.10543140097308601
0.10625677497640248
0.10552736649054939
0.10591048119170679
0.10591048119170679
0.10638504959257147
0.10638504959257147
0.1063596182633253
0.10734467609814272
0.10744423946659933
0.10744423946659933
0.10782754623452968
0.10771135630174672
0.1077147362530538
0.1077147362530538
0.10823260836348188
0.10823260836348188
0.10902526427705182
0.10833343016562384
0.10827311011364218
0.10881815023422452
0.10941884995962299
0.10833860973025823
0.10808839033701334
0.10841280947800587
0.10746580726160893
0.10703338165168887
0.10703338165168887
0.10669814911482776
0.10619138199344455
0.10580250862869348
0.10553571436040782
0.10573363091398273
0.10639566429670029
0.10625684918133287
0.10616732176723737
0.10645348895029418
0.10592459914061596
0.10627496594741846
0.10524791774931176
0.10510589510182407
0.10675280479177358
0.10704397757186818
0.10704397757186818
0.10704397757186818
0.10704397757186818
0.10766679783794812
0.10760483906163082
0.10727272639534914
0.10694827373774249
0.10717150384668653
0.10761696128080295
0.10758178494070485
0.10722774100224491
0.10753908495092525
0.10753908495092525
0.10648047634745225
0.10648047634745225
0.10696634549120748
0.10786128354018316
0.10933539342654876
0.10805445034932905
0.10807223364675828
0.10756925433865897
0.10769963537577396
0.10689665235622176
0.1074728685361089
0.10819597157880682
0.10670750419927458
0.10785438999681454
0.10733984978875143
0.10728952474817124
0.10812856082903118
0.10767720208537414
0.1080415686490756
0.10787202131005064
0.10890564783891632
0.10754915678317842
0.10780719824504789
0.10731203683284701
0.10768942640698442
0.10768942640698442
0.10673504163504924
0.10657224461136225
0.10657224461136225
0.10657224461136225
0.10636352603934646
0.10672848251897765
0.1075886245273115
0.10722187555011828
0.10722187555011828
0.10602620885735414
0.10602620885735414
0.10707099399433674
0.10706296825049495
0.10683953150700569
0.10619305616452368
0.10600706568965229
0.10467848918269713
0.10540877144475556
0.10497392452025718
0.10604633858889238
0.10542767711921079
0.10628716062192396
0.10628716062192396
0.1065071298902265
0.10540906646266202
0.10540906646266202
0.10468397390539626
0.10659461439602404
0.10608575884182943
0.10608575884182943
0.10608575884182943
0.10571589697495863
0.106384332573092
0.10425526836775172
0.10286347501102819
0.10286347501102819
0.10282411591137479
0.10282411591137479
0.10282411591137479
0.10282411591137479
0.10316022268980722
0.10328926194697172
0.10256750516257548
0.1027405431597918
0.1027138097591757
0.10389466506165787
0.10499072786185248
0.10332969819926531
0.102432097327006
0.10265731067612914
0.10217497855335204
0.10127940784840653
0.10069592154873974
0.10069592154873974
0.1007844640213426
0.10062260298974493
0.10110444883100989
0.10130524076419677
0.10291054004015876
0.10291054004015876
0.10291054004015876
0.10325977185701057
0.10325977185701057
0.10166228028416774
0.10183102151972086
0.10301679474304483
0.10249812010411745
0.10230415810329453
0.10223665203176076
0.10223665203176076
0.10223665203176076
0.1019579977846038
0.10273175802994289
0.10280565745725834
0.10373301931130922
0.10373301931130922
0.10389690352989274
0.10355395616543672
0.10355395616543672
0.10355395616543672
0.10225992771100004
0.1010506667731816
0.10122071157145479
0.10138749515853407
0.10212974570719924
0.1012720629534533
0.1012720629534533
0.1012720629534533
0.1010607866996327
0.10020767992656654
0.10158950332188299
0.1024859778055918
0.10140827721527558
0.10140827721527558
0.10185420887700722
0.10122043931571534
0.1012286534506814
0.10050369272281075
0.10091235493653868
0.10077190198439065
0.10077190198439065
0.1005913504532146
0.10098181528463135
0.10098181528463135
0.10151017056631706
0.10166747614701863
0.10261460775678877
0.10261460775678877
0.10283520341121909
0.10243137678972357
0.10243137678972357
0.10243137678972357
0.10225199965024978
0.10165274843160232
0.1023300554275597
0.10178332750223201
0.10178332750223201
0.10178332750223201
0.10158378252145707
0.10067306689023649
0.0998151846447155
0.09854788557108701
0.09854788557108701
0.09863394583499568
0.10034625698974926
0.09986342891537432
0.09906242141113535
0.09906242141113535
0.09992209832039842
0.09963276247939201
0.09963276247939201
0.09958712525090468
0.09965800471784529
0.10046278911241709
0.1009518387741668
0.10125807649846882
0.10125807649846882
0.10125405625091888
0.10125405625091888
0.10094906500137135
0.10040843633033339
0.10040843633033339
0.10040843633033339
0.10040843633033339
0.10051725441103064
0.10051725441103064
0.10051725441103064
0.1007345540618457
0.1003676628470977
0.1013262979354817
0.10111019993793814
0.1009277884183377
0.10091442080198619
0.10100463087683383
0.10121292708502493
0.10121292708502493
0.10057257647783421
0.09943979985738428
0.10087188369599094
0.1004220351575729
0.1004220351575729
0.0999413258881164
0.10004224072106947
0.10009363522524681
0.10009363522524681
0.10009363522524681
0.10009363522524681
0.09988784268245306
0.09901899509025619
0.09819877946364923
0.09857005357670436
0.10014347318139563
0.10021880940075668
0.0998761694466862
0.10034804313232953
0.09978470355924388
0.09918012506016498
0.09827206505733967
0.09823874444514635
0.09848659313525775
0.09861638984673374
0.09897519095504126
0.09764471848769386
0.09765035437264218
0.09729794346826579
0.09803741060822067
0.0978027277236098
0.09956078076281677
0.10035320161874413
0.10123195774682839
0.101344563077973
0.10114168134390672
0.10179277148941118
0.10102501610877128
0.10066220294639304
0.10030176307470268
0.10003200015859359
0.10010262386026926
0.09976430120698022
0.09964481864968867
0.10031371265663157
0.10029908229797224
0.10019674213934229
0.10056046616544519
0.09960183613633089
0.09960183613633089
0.0991823373978945
0.09823977169682865
0.09933089491563099
0.09900777444879277
0.1003241990132473
0.09992863676689862
0.09992863676689862
0.09992863676689862
0.09992863676689862
0.09974531587574688
0.10105244907293598
0.10211281305528916
0.10227090437547216
0.10159875999169773
0.10158824565618396
0.10158824565618396
0.10150325962700146
0.1025891801180167
0.1025891801180167
0.10258762214393291
0.1023346286724529
0.10404416172156132
0.10462135879142424
0.10344523252885347
0.10364578808650936
0.10450532712028132
0.10406893782817593
0.10396092865623975
0.10332524527836151
0.10401294705966457
0.1027390856799303
0.10415744711256333
0.10415744711256333
0.10527021408709028
0.10492508611114391
0.10473324918364085
0.1046187125967619
0.10484500298416322
0.1044721472522158
0.1044721472522158
0.10387081429900723
0.10422970687468085
0.10474449794646469
0.10440617676686115
0.10480123237786428
0.10507420866885592
0.10510283228382496
0.10431725182720372
0.10431725182720372
0.10293089390786872
0.10304944766472543
0.1025002102220368
0.10378922180549513
0.10438530557697778
0.10557518462520522
0.10474011359134894
0.10506190575349374
0.10501252883619944
0.10501252883619944
0.10589705855747825
0.10589705855747825
0.10626179136423691
0.10597283377892636
0.10664989807115653
0.10692849331221872
0.10616625991160974
0.10573451642214445
0.10514441586816217
0.10566796427999074
0.10476322569040493
0.10493277765712113
0.10589426116800622
0.10589426116800622
0.10542829519446131
0.1057934205491546
0.10531113339101278
0.10520602353589997
0.10534287740657201
0.10647124038723774
0.1065491892258078
0.10601205351234554
0.10605915123796412
0.10650329970108106
0.10674729576083175
0.10679645417528365
0.10679645417528365
0.1066421969669286
0.10693099651234836
0.1073587193401068
0.10735456460548432
0.10741047080574033
0.10693222189446037
0.10562758946137822
0.10579520094593405
0.10682440899701039
0.10682440899701039
0.1069157818868975
0.10695761561567957
0.10693272481737216
0.10693272481737216
0.10693272481737216
0.10738273001117446
0.1077871441311461
0.1075791076293973
0.1075791076293973
0.1075791076293973
0.10784689612130689
0.10784689612130689
0.10817251088949464
0.10817251088949464
0.10817251088949464
0.1083575197841377
0.1083575197841377
0.10796886248822037
0.10796886248822037
0.10812092935371702
0.10802112070238366
0.10700550449467366
0.10655064002928197
0.10671757612132801
0.10627277877085327
0.1054492383045402
0.10635398799732058
0.10520550857665231
0.1043738092470325
0.10439455222990868
0.10439270177334234
0.10347925826224685
0.10270141267383733
0.10382096994308732
0.10425613742497444
0.10645558651430038
0.10544945326918423
0.10491041446531113
0.10364623322159422
0.10294349943227565
0.10354294110190068
0.10332845253865015
0.10328579361073852
0.10355188293053584
0.10340007258744596
0.10414903186011121
0.1040011212914575
0.10498128414719063
0.10478663291186495
0.1040152776406332
0.10485276893614426
0.10498469308890185
0.10413804704688409
0.10413804704688409
0.10472708513492716
0.10484363481110931
0.1046971303759971
0.1045167453205949
0.10425946707224067
0.10453687321576283
0.10453687321576283
0.10411917814236862
0.10388949496624196
0.10388949496624196
0.10245826468629216
0.10215498664358719
0.10215498664358719
0.10281417670796617
0.10330902403238255
0.10374372555335604
0.10385767079985435
0.10410088676877784
0.10471245210195446
0.1046491398676773
0.10480492952066833
0.10339129053230674
0.10330985564416058
0.1027108893075391
0.10269909382728105
0.10205301491505572
0.10112307317329787
0.10086049300958712
0.10135022984685953
0.10135022984685953
0.10108032266678608
0.10178792469361515
0.10215488943749829
0.10291068301225748
0.10334799398260791
0.1017185604799286
0.10147835833753836
0.10122247809727826
0.10216479002235855
0.10241447662340808
0.10188738049433176
0.10198246245376667
0.1025365272267729
0.1039190341632221
0.10409136009175056
0.10409565863397227
0.10493667171669553
0.10518050576107486
0.10380576609683331
0.10284337127115835
0.10295917597881417
0.10298804291936375
0.10298804291936375
0.10385624991728715
0.1042877380416912
0.10413389810499028
0.10413389810499028
0.10428651141779814
0.10564211177633996
0.10595848272325813
0.1053613593391897
0.1053613593391897
0.10511300369590408
0.10511300369590408
0.10534019312078002
0.1047796422488413
0.10489909647992655
0.10489909647992655
0.10489909647992655
0.10626201896273381
0.10527053985149513
0.10572814134007287
0.10532840585135034
0.10619027220099175
0.10564854425642703
0.10567118505056335
0.10627322690850521
0.10553002274550054
0.10553002274550054
0.10612959435648682
0.10643921791317784
0.10643921791317784
0.10587339031992003
0.10690844597078764
0.10662874431050282
0.10662874431050282
0.10693998957594758
0.10744025804288752
0.10713009977000888
0.10713009977000888
0.10651388939568374
0.1055526845478027
0.10481992441517698
0.10481992441517698
0.1051526613947717
0.1052344805123125
0.10537014573160457
0.10561565437029644
0.10450217857067022
0.10530446301917576
0.10679329443631401
0.10486339533983355
0.10579979265828966
0.10639266288218699
0.10650625801504024
0.10650625801504024
0.10650625801504024
0.10519175527669526
0.10554995831728751
0.10615421705440162
0.10559848700302861
0.10571884797901598
0.10743079191888756
0.1078437941085091
0.10769812955013447
0.10769223889410033
0.10746467807329065
0.10722407545640616
0.1070574168718234
0.10655996842786344
0.10728979087835118
0.10746179447145646
0.1067753920954582
0.10589566721118919
0.10530721867272769
0.10522705428684372
0.10553875615756463
0.10590170201544301
0.10590170201544301
0.10578895467486911
0.10566645493128411
0.1062441989954643
0.10716695998656867
0.10645316313991054
0.10591811967199224
0.10546951488362352
0.10571538833823062
0.1056160299209083
0.10577590979284966
0.10559590939443564
0.10644214690519851
0.10719799835705361
0.10719799835705361
0.10681180001840328
0.10781788850815453
0.10743687140355729
0.1085806845815676
0.10797204991112112
0.1084214087881838
0.1084214087881838
0.10706834566865704
0.10651156729833501
0.107058067691484
0.107058067691484
0.10720120700817544
0.10710297344224787
0.10715100640286113
0.10666783969656676
0.10657791414369944
0.10730463046293913
0.10683737993984431
0.10575708875910578
0.10444480393119304
0.1043021180551344
0.105909109041608
0.105909109041608
0.1065000241095664
0.10677190407390147
0.1059200780368284
0.10584759638170932
0.1063463984086654
0.10686850209681735
0.10681430515994601
0.10547181383652857
0.10529854756193316
0.1049674314567165
0.10501112870113014
0.10501112870113014
0.10542063653839537
0.10495424197231827
0.10495424197231827
0.10495424197231827
0.10580876601123866
0.10635678056991744
0.10623403990823527
0.10464787572992638
0.10464787572992638
0.10436969280338271
0.10539302277433113
0.10503180345445158
0.10586829743182952
0.10586997607021816
0.10504558084767861
0.1051667597657639
0.10360907083430447
0.10350904815819095
0.10346549714346309
0.1038403942832768
0.10441419622500492
0.10375347443589951
0.10416380635754496
0.10416380635754496
0.10374873351071145
0.10349447199237675
0.10296667863428918
0.10329214901870822
0.10307625144709422
0.10332917939200273
0.10361908944333989
0.10361908944333989
0.10319206746284043
0.10271141016077463
0.10377060330634039
0.10345368743316091
0.10360695227858364
0.10360695227858364
0.10407285730061835
0.10398638796377459
0.1039146791847458
0.1039146791847458
0.10322682514466867
0.1028541790288523
0.10427111578619942
0.10427111578619942
0.10427111578619942
0.10397624918867897
0.10434376188142548
0.10497819069324447
0.10486657120944948
0.10531222994938685
0.104909283573187
0.10489578592462258
0.1053333032265818
0.10501383109031588
0.10525402033981983
0.10483585227804433
0.10603007492246563
0.10612161610841533
0.10617370854056739
0.10617370854056739
0.1076674989650378
0.10676205596942315
0.10676205596942315
0.10708624787007943
0.10530606284954615
0.10530606284954615
0.10482455986825526
0.10481128716147524
0.10481128716147524
0.10620618310972077
0.10596775525054124
0.10462497641393256
0.10500703905522377
0.10541607426409902
0.10417077164666265
0.10291769741210406
0.10323493836339193
0.10277494493399397
0.1034704017603086
0.1034704017603086
0.10383388776976812
0.10531047389732233
0.1055748769482559
0.1055748769482559
0.10613882996181494
0.10697400152701919
0.10596445166674627
0.10567723396127879
0.1051079940337887
0.1051079940337887
0.10579025007777221
0.10610039406308161
0.10672873411743021
0.10740994637657256
0.10723913892830078
0.10703551473416181
0.10699624329933458
0.10766796239410745
0.10766796239410745
0.10681112381203835
0.1059636035250964
0.10486200919595778
0.10486200919595778
0.10548416424780487
0.10613816457101005
0.10658145429644045
0.10630579266914703
0.10623995869146555
0.10623995869146555
0.10652446167635392
0.10596018453698947
0.10714543952613766
0.1071599292767344
0.1063000866247412
0.10595441981468985
0.10612751911541628
0.10657396184157937
0.10689581057955863
0.10690402873954319
0.10729919232741006
0.10651384735271262
0.10651384735271262
0.10651384735271262
0.1057611948018127
0.10640918584772568
0.10530700385429986
0.10530700385429986
0.1049023962352115
0.10576430598890639
0.10636314061585898
0.10636314061585898
0.10632684562326042
0.10632684562326042
0.10670230292892369
0.10670230292892369
0.10670230292892369
0.10670230292892369
0.10758066595613831
0.10728900600307666
0.10925916006513568
0.10925916006513568
0.10947902918709658
0.10915038174100582
0.10915038174100582
0.10915038174100582
0.10915038174100582
0.10936327972168743
0.10998282938065905
0.11003541349472848
0.11003541349472848
0.10896719147314071
0.10887376184571812
0.10920801382199741
0.10920801382199741
0.10920801382199741
0.10958205368480015
0.1099806554461951
0.10953049440367708
0.1095884489097626
0.10993494204267963
0.10993494204267963
0.10906889449664939
0.10911724502847454
0.1093648520835426
0.1089406135036981
0.10894320643771016
0.10897895636177003
0.10897895636177003
0.10897895636177003
0.1085615712234518
0.10900659193631754
0.1086369587201184
0.10823406664583987
0.10968444180609957
0.11000731825238225
0.1081968483098795
0.1081168509686272
0.10734818378482724
0.1071470934045808
0.10711432102902552
0.1078940946822665
0.10781945013875509
0.10864876888988695
0.10864876888988695
0.10784463408758192
0.1082578546024829
0.10729175190027325
0.10729175190027325
0.10729175190027325
0.10845989040497171
0.10845989040497171
0.10897768994766946
0.10888277020757567
0.10966531543384424
0.10927006348049273
0.10965525320765547
0.11046277312460324
0.11029866157084543
0.10989509690759099
0.10976788312807172
0.10965176309064235
0.10904591203783308
0.10941492607164809
0.11033238969214341
0.11033238969214341
0.11052431337539352
0.109136474769583
0.10752650567518812
0.10872378600145124
0.10979115734308721
0.10959946688115485
0.10947142206243093
0.11001706180860123
0.10967503938372203
0.10918415587389346
0.10941252546457206
0.10915832702791033
0.10908945741198794
0.1085372837207921
0.1085372837207921
0.10952191592314173
0.11005867463704054
0.11005867463704054
0.11005867463704054
0.10966305004881804
0.1097543871749025
0.10907293826185885
0.10907293826185885
0.10859883896756066
0.10896548347160802
0.1086954870751802
0.10859262461638886
0.10760272740646726
0.10760272740646726
0.10816206424722283
0.10804839499876559
0.10740669149993944
0.10725122315748378
0.10725122315748378
0.10695116570165053
0.10624223077646346
0.10565468991007791
0.10494510504038494
0.10494510504038494
0.10551408148123712
0.10443919152908034
0.10443919152908034
0.10551247298296508
0.10538110654121506
0.10548240755502472
0.10609749476365615
0.10566845486627954
0.10678818239628662
0.1064964834558586
0.10563074532774362
0.10606453729710735
0.10543572768585707
0.10471964972431667
0.10536471260819094
0.10434750023197538
0.10434750023197538
0.10434750023197538
0.10434750023197538
0.10515567099569534
0.10523391199501796
0.10555333576409087
0.10522216587316356
0.10527726674001445
0.10527726674001445
0.10526333765323931
0.10616721524324398
0.10615407555408005
0.10539987113445969
0.10515798533709782
0.10573707100770353
0.10582654711568155
0.1050258010337126
0.10518591803076455
0.10519955022367224
0.10542288794458786
0.10385498356458873
0.10505415479381658
0.10412705505649678
0.10346872697435483
0.10341826220361955
0.10341826220361955
0.1025948223191161
0.10324040097874923
0.10297872289187214
0.10335386497623171
0.10335386497623171
0.10400707965396526
0.10367271851203522
0.10406825565773535
0.10518645310075811
0.10503820060309632
0.10503820060309632
0.10473968723815746
0.10447586943597899
0.10413531944935404
0.10413531944935404
0.10488852615674099
0.10455304761163366
0.10352595823788906
0.10429266476817121
0.10265896477355227
0.10270936158357945
0.10215371944120309
0.10182380811753598
0.10231722866802012
0.10231722866802012
0.1017352917985135
0.10252068354126592
0.10317507695081672
0.10315186841264107
0.10305000966457639
0.1036639586245825
0.1036639586245825
0.10287417632239441
0.10290412644965628
0.10290412644965628
0.10166557991069312
0.10275743168468904
0.10436394370898704
0.10355992934251183
0.10367039419132981
0.10428442941678288
0.10449780811465348
0.1042373488470036
0.10454632131836583
0.10489916717152518
0.10507402659109652
0.10508641791195662
0.10508641791195662
0.10472044361079402
0.10461276866732021
0.10466569721928506
0.10466569721928506
0.1055669470490342
0.10571707622550229
0.10577078401892229
0.10556318632683905
0.10498953091033104
0.10633657006894918
0.1069608413113601
0.10704702572471873
0.10929018660545801
0.11007868347814753
0.10997606594355426
0.1096514313110617
0.10989906298399302
0.10909470442863275
0.1078627591901053
0.10800130228966155
0.10973991800153049
0.10978480613837481
0.11012369562267782
0.10968684679138513
0.10968684679138513
0.11039924100295069
0.1112279141104879
0.11094901043275886
0.11107883215442606
0.11112960681583832
0.11130787292538113
0.11072567095894605
0.11074434245534356
0.11068834992510522
0.11028780973649994
0.11091377803634452
0.11091377803634452
0.11200238542399041
0.11200238542399041
0.1107510610765995
0.11028140601952299
0.11028140601952299
0.10908434166944363
0.10908434166944363
0.10853794263127546
0.108531369340897
0.10762303972362688
0.10696220195317703
0.10696220195317703
0.10772739252464386
0.10772739252464386
0.10772739252464386
0.10739473768942359
0.10740527430008935
0.10751163341195868
0.10812982760711182
0.10812982760711182
0.10757628758562146
0.10814986158677185
0.10907983046927648
0.1097177153081094
0.1097177153081094
0.11000075959588679
0.11058308234404456
0.11105066994987707
0.11105066994987707
0.11105066994987707
0.11045625117270977
0.11026201737242984
0.11026201737242984
0.10994786191350293
0.10994786191350293
0.10965146525296841
0.1081022002982803
0.1086306780525937
0.10876969608076348
0.10825396000878576
0.10711385232834536
0.1070462383291506
0.10713030204008103
0.10772320067526918
0.10786072676867865
0.10831404407588954
0.10722993117777217
0.10641948594830866
0.1058964306640775
0.10579612461045465
0.10592390292052342
0.10560720499357053
0.10567503966754808
0.10531990265811479
0.10506273596225303
0.10497589835490338
0.10521881765805816
0.10521881765805816
0.1054254239680435
0.10454049533779536
0.10454049533779536
0.10372953219603995
0.10383397844759105
0.10383397844759105
0.10476638992132478
0.10476638992132478
0.10461281787907092
0.10448628059487891
0.10448628059487891
0.10483179115096418
0.10341991607329798
0.10284163388591762
0.10284163388591762
0.10377932220343905
0.1039094530914337
0.1036212916025322
0.10404092651216311
0.10533910479019391
0.10533910479019391
0.1038901647968416
0.10284835187572523
0.10306405085669841
0.10274636222978074
0.10472820698705872
0.10472820698705872
0.10448650119854114
0.10427711130108304
0.10486714991663731
0.10491623354222918
0.10506928497149319
0.10506928497149319
0.10506928497149319
0.10427878732074995
0.10463206019272235
0.1036806797422185
0.10374074879464772
0.102597281296537
0.10193378669276745
0.10224481798578763
0.10161514848320466
0.10095226283921475
0.10182868147526064
0.10204827092167125
0.10341116459236988
0.10341116459236988
0.10417069384413961
0.10417069384413961
0.10345578258036454
0.10341939880269263
0.10371674029906898
0.10389883745347128
0.10346840324779401
0.10448212861510046
0.10637159666382143
0.1069054733801438
0.10778235427449046
0.10859464706755981
0.10695357599639038
0.10692106410725061
0.10587644338063766
0.10617580246884556
0.10526205207629932
0.1043163721276567
0.10423586392751069
0.10442193888971688
0.1047725235603379
0.10228876008031282
0.10297038067306173
0.10416010592869056
0.10455156126795942
0.10502176528437421
0.10413175825611418
0.10388243423523626
0.10388243423523626
0.10388243423523626
0.10518755981469573
0.10468192640934244
0.10507525925543955
0.10531098532335317
0.10640799969944754
0.10771524936616028
0.10689993262934488
0.10700063921894253
0.10714984329070613
0.10727814459158268
0.10726301572005108
0.10726301572005108
0.10721115335198492
0.1071121085813716
0.10863384957500738
0.1069026414315527
0.10652060157516753
0.10652060157516753
0.10592682851861436
0.10569712971721426
0.10562480851929389
0.10559231143725435
0.10581327131961588
0.1054339784764816
0.10617969029752075
0.10676731674800932
0.1074060323731763
0.10791081808204238
0.10816733135284828
0.10823213310335109
0.10823213310335109
0.10825373866482735
0.10770323708171689
0.10847691899066635
0.10865192292406696
0.10865192292406696
0.10727192305733377
0.10816379689851188
0.10816379689851188
0.10862642485625978
0.10848537324442899
0.10859598119382452
0.10831109627669405
0.10764357921001938
0.10744405593303476
0.10744405593303476
0.10695150712561545
0.10662961603367146
0.1071230307788004
0.1076666703490021
0.10775844966715006
0.1072997595364684
0.10757607474226027
0.10792907457922293
0.10869312528034533
0.10831591040585549
0.10896066546497313
0.10889750352828868
0.10893931364003272
0.10814718917494526
0.10953627767877815
0.10953627767877815
0.10949034025529224
0.10930241967080882
0.10950570086224111
0.10973249129942356
0.10984909129457333
0.10984909129457333
0.10984909129457333
0.10830283129946339
0.10888237107961202
0.10892887044650341
0.10762659737207925
0.10621689490188335
0.10621689490188335
0.10728545176134996
0.10728545176134996
0.10757905872392579
0.10708121181035499
0.10708121181035499
0.10708121181035499
0.10697782564497917
0.10714164421460351
0.1072843819949828
0.10704875715540724
0.10622108619830066
0.10623300989197279
0.10621509324370113
0.10590062257410532
0.10561043689082482
0.10456351759806236
0.10409681630599937
0.105043169574463
0.10472792150673385
0.10412903965963839
0.10403021444838287
0.10529955961090015
0.10529955961090015
0.10557629745099767
0.10645614134123191
0.10745206584253976
0.10745206584253976
0.10647589858530992
0.10572706084689222
0.10571207676218675
0.1039276114902775
0.10452802162550423
0.10452802162550423
0.103692018954385
0.10394973199698763
0.10394973199698763
0.10394973199698763
0.10516030523670608
0.10516030523670608
0.10516030523670608
0.10516030523670608
0.10448242224999828
0.10531007445654142
0.10575387970479519
0.10533278847804262
0.10594558852756651
0.10602363400941239
0.10515888345798502
0.10533958311578723
0.10475454048170124
0.10479486106851407
0.10479486106851407
0.10479486106851407
0.10559206533062843
0.10511612630299598
0.10519749773158
0.10502566522208637
0.10525169119939812
0.1057653626441148
0.10508386260171172
0.10508386260171172
0.1047038309401555
0.10414350910458242
0.1057235441498608
0.10619558979699477
0.10619558979699477
0.10676148015439631
0.10787980605472626
0.10630447972540621
0.1061691132838444
0.1061691132838444
0.10765288862731758
0.10778743137373084
0.10764131957328782
0.10735561323531177
0.10735561323531177
0.10688058307859591
0.10676891369939272
0.10836678613383777
0.10836678613383777
0.10788184131368639
0.10732705138366508
0.10732705138366508
0.10766186751674313
0.10809751189576068
0.10781559396567343
0.10740956468724724
0.10740956468724724
0.10740956468724724
0.10740956468724724
0.10740956468724724
0.10774952760313715
0.10808600696565336
0.10701162098510386
0.1060132304338143
0.10615997879798449
0.10676586938306605
0.10505731755710808
0.10505731755710808
0.10476176211169957
0.10470117715499319
0.10470117715499319
0.10440476153754145
0.10440476153754145
0.10423205382609582
0.10423205382609582
0.10406634765456223
0.10468081436003124
0.10401722908316134
0.10401722908316134
0.10401722908316134
0.10435506265435048
0.10435506265435048
0.10353846782513011
0.10353846782513011
0.10267313844906854
0.10293147840948189
0.10245035070509693
0.10248071209456779
0.10274169638158835
0.1032560972597128
0.10378114698271995
0.10340309386934664
0.10254404793685584
0.10254404793685584
0.10186336613270229
0.10309414288539862
0.10300756089346745
0.10301735429943784
0.10301735429943784
0.10347016606814499
0.10334277898529874
0.10340403378903408
0.10366046834529889
0.10331515791570121
0.10384309509055925
0.1043606256987691
0.10446459712014915
0.10446459712014915
0.10542116671297307
0.10523613415548207
0.1056754343910781
0.10522550530325951
0.1049595561042025
0.10519740615273315
0.10596144943147878
0.10487270696572375
0.10438693779864978
0.10438693779864978
0.10506914789608324
0.10520800673251231
0.10534430052177986
0.10559576696576904
0.1061961572036168
0.10645001890936451
0.10529901661164759
0.1049744989952971
0.10576049281771337
0.1061641254014991
0.10664870732849047
0.10664870732849047
0.10715721556968143
0.10726171079259686
0.10706192748319254
0.10706192748319254
0.10655772882341617
0.10655772882341617
0.10443590025398332
0.10443590025398332
0.10379326313203921
0.10327623995430268
0.10327623995430268
0.10387783008836375
0.10412772728482991
0.10412772728482991
0.10452629570875979
0.10494252804439008
0.10494252804439008
0.10645524399600595
0.10553759148890983
0.10487823227148355
0.10502344243128443
0.10490133818768671
0.10477684711826349
0.10444730025357814
0.10500255061696849
0.10523092757426278
0.10520542589030761
0.10520542589030761
0.10520542589030761
0.10462552387271994
0.10455787928848978
0.10462592968046931
0.1041396182506418
0.1041396182506418
0.10613020531306874
0.10613020531306874
0.10606945821787846
0.10552410895869709
0.10463297661759098
0.10650002122078665
0.10650002122078665
0.10561462272945296
0.10561462272945296
0.10632170798989884
0.10632170798989884
0.10629516199086834
0.10612651107243887
0.10612651107243887
0.1052659520430791
0.10513101452126272
0.1050563068477783
0.10551420472746574
0.10575254287962052
0.10575254287962052
0.10653896625717361
0.10737047170009871
0.10647785020926978
0.1072510398757064
0.1072510398757064
0.10792932568750299
0.10656121766764072
0.10614987298431647
0.10486053535759286
0.10616196188800095
0.10641533862068
0.10641533862068
0.10830504074284755
0.10868957146162081
0.10789508042691362
0.10790562349745542
0.1094677928357368
0.10771365071609842
0.10689542360646981
0.1069216939829192
0.10662604078810577
0.10746802845114642
0.10754684079790769
0.10669416765396686
0.10702607428934918
0.10755958260862288
0.1071312150100733
0.10654835049975193
0.10805088317792114
0.10805088317792114
0.10828385012992528
0.10737695090845749
0.10835586924812188
0.10835586924812188
0.10770058851910591
0.10773817222721882
0.1084729594555922
0.1084729594555922
0.1084729594555922
0.10833145073643831
0.10689108961057027
0.10547857846983312
0.10610649282300391
0.10564803552980429
0.10623400198277584
0.10602541551142883
0.10643191589179876
0.10618310353972692
0.10618310353972692
0.10650161074315274
0.10614306255776046
0.1058073446097726
0.10554282856547205
0.10491436460418106
0.1035102936143259
0.10381203740466466
0.106095432961539
0.10660385157353883
0.10600184692225637
0.10690328005471969
0.10690328005471969
0.10710122628779303
0.10694463808938426
0.10763549756737537
0.10763549756737537
0.10763549756737537
0.10784477989953307
0.10784477989953307
0.10820721912635504
0.10882791863891708
0.10998743936766893
0.10998743936766893
0.10912846459841569
0.10966791639739472
0.10966791639739472
0.10938730463603918
0.10936814221228633
0.10914896802919408
0.10914896802919408
0.10893702153373445
0.10893702153373445
0.10873335703919856
0.10895480622598075
0.10849910278521646
0.10894680927747954
0.10981782581025415
0.10961652413323471
0.10920943479216819
0.10905013577328801
0.10830521861708443
0.10809958009300005
0.10777376976099631
0.10809999108877023
0.10809999108877023
0.10652030062024023
0.10719670453151721
0.10635558870903912
0.10811623999327097
0.1083522234486086
0.10849535655884338
0.1082410359046233
0.10765330085029112
0.10638109871894577
0.10638109871894577
0.10638109871894577
0.10638109871894577
0.10719524043820591
0.10724357307918893
0.10652830337942928
0.1064768027987287
0.10585128651602263
0.10578319744333681
0.10626375972892597
0.10522906452083287
0.10481472168809275
0.10481472168809275
0.10481472168809275
0.1064066589881269
0.10694425116485105
0.10775536378266351
0.10787564503953125
0.10807379096014995
0.10776270281989579
0.10776270281989579
0.10841117428811513
0.10877678282676369
0.10817002256931449
0.10829015654441113
0.10791936329146086
0.10791936329146086
0.10828018389173862
0.10774832572320421
0.10782183701707101
0.10782183701707101
0.10748335335778934
0.10731565060477856
0.10731565060477856
0.10792495921335067
0.10756036346041226
0.10728707746004755
0.10802529402251514
0.10811166729457664
0.10920037430885059
0.10920037430885059
0.10969965616753123
0.10825379316209996
0.10839774563877834
0.10763923096758356
0.10763923096758356
0.10811161791050039
0.10783362885960476
0.10806565632654487
0.10842954075991662
0.10879584535005239
0.10879584535005239
0.10879584535005239
0.10879584535005239
0.1086884681875157
0.1086884681875157
0.1086884681875157
0.10902621617598841
0.10825969080266439
0.10872902221875112
0.10808880037564826
0.10808880037564826
0.10673373005205014
0.10609077960161581
0.10655193806812342
0.10540541749200731
0.10446309370901709
0.10424862088816557
0.10424862088816557
0.10424862088816557
0.1046611281525419
0.10490658762985154
0.10478358762270197
0.10478358762270197
0.10478358762270197
0.10513748932328822
0.10491107444585948
0.10533453767642485
0.10575560367063089
0.10524429296797742
0.10499022888314051
0.10476110106397152
0.1051765659075643
0.10499998048527945
0.1047359817337343
0.1047359817337343
0.10462161984609838
0.10476084614906717
0.10572196589974951
0.10494347991634449
0.10494347991634449
0.10588996449604078
0.10642752516423983
0.10642752516423983
0.10545187422452089
0.10486984957823964
0.10486984957823964
0.10332333982713676
0.10314947325722845
0.10314947325722845
0.10314947325722845
0.10365207064551589
0.10260440468719245
0.10202117159831264
0.10172805356386838
0.10172805356386838
0.10291093713690987
0.10222700830679568
0.10173867846780281
0.10212372345442068
0.10185346375744506
0.10193044537183867
0.10215292858010415
0.10264072762250184
0.10245262910974443
0.10245262910974443
0.10245262910974443
0.10245262910974443
0.10147869532403357
0.10223747734479728
0.10231541510484755
0.10186445095986994
0.10070226859573818
0.10070226859573818
0.10036150989128427
0.10133562563530893
0.10077226923352077
0.09961123092982394
0.10180954406469249
0.10180954406469249
0.10206982406346063
0.10186784901758233
0.10186784901758233
0.10238295673181028
0.10238295673181028
0.10285656812474966
0.10390316253778954
0.10411306724814318
0.10359931971226531
0.1037051375589893
0.10392781284775629
0.10407978907430412
0.1033627922116934
0.1033627922116934
0.10331515527823985
0.10297014096874528
0.10297014096874528
0.10304538425532406
0.10355931545350208
0.102378664483015
0.10359269010334848
0.1042585934594396
0.10371198975499882
0.10486957190037027
0.10438925512288935
0.10473909867442739
0.10460904104424643
0.1044699433046783
0.10601773409477756
0.10693266501749518
0.10693266501749518
0.10713020812151842
0.10580075186736311
0.10576742807826887
0.10451575786779475
0.10415554556462973
0.10407980014416635
0.10407980014416635
0.10407980014416635
0.10365559090265158
0.10365559090265158
0.10327271466041564
0.1036007371735832
0.1036007371735832
0.10263204950295046
0.10301255104719374
0.102518807232132
0.102518807232132
0.10196446475269103
0.10157651429323371
0.10105423445168829
0.0999195757868278
0.10009826310254404
0.10021118249139031
0.10206430580321962
0.10225578441070722
0.10283540158556381
0.1024054074164261
0.10237051379425462
0.10184257020258014
0.1017342907648231
0.10223013688641036
0.10223013688641036
0.10315772606889288
0.10342860974371187
0.10381638225787183
0.10428584906435896
0.10404557672854856
0.10453290663984215
0.10550215907651678
0.10398544406047311
0.10469977197237326
0.10383485048048395
0.10383485048048395
0.10354230961774509
0.10477011086211806
0.10525761544495611
0.10525761544495611
0.10425147535959658
0.1053031091037024
0.10547204472704366
0.10547204472704366
0.10597228118534525
0.10555720904054626
0.10555720904054626
0.10612730113681078
0.10612730113681078
0.10678774256256822
0.10696613273410233
0.10636803028126683
0.1056671359950261
0.1052454125485937
0.1052454125485937
0.10620458854364032
0.10621518333386314
0.10621518333386314
0.10646245128200173
0.10663986175552552
0.10602695300700836
0.10679361999584036
0.10608987272049836
0.10592320683656771
0.10567344675405495
0.10602100311149476
0.1063004372213519
0.10571844303263749
0.10548319258006023
0.1056016092053048
0.1056016092053048
0.10532385182757534
0.10665080533614003
0.10604718177311302
0.10604718177311302
0.10604718177311302
0.10749306799175029
0.10717382179111742
0.10832846379324768
0.10807507290677695
0.10776654139137444
0.10741589757780837
0.1071975129806913
0.10705713182872927
0.10705713182872927
0.10794434715159144
0.10794434715159144
0.10811362700486406
0.10710197337552278
0.10735659413869983
0.10745818447830464
0.10830121413351246
0.10806970844106226
0.10806970844106226
0.10806970844106226
0.10780001744785343
0.10653933444688937
0.10640357748865698
0.10705880591274859
0.10695095218124366
0.10713711671280284
0.10713711671280284
0.1070834620048511
0.10719546214359217
0.10642311207969972
0.10642311207969972
0.10569031920012219
0.10569031920012219
0.10657856891552354
0.1066826641460286
0.10625690080089926
0.106935388515863
0.10692058326065713
0.10692058326065713
0.10623626282930547
0.10656889805509503
0.10720309315829163
0.10720309315829163
0.10720092177663645
0.10720092177663645
0.10807617517460287
0.10851657426411504
0.10799818735364562
0.10856601938778643
0.10972515191853115
0.10964951126006904
0.11057716896711065
0.10903608241866532
0.1094602805515735
0.10993989143310753
0.10964316984228224
0.10952068337707146
0.10851171664939094
0.10831579932674062
0.10872037596560466
0.10828838592818613
0.10828838592818613
0.10755067894284209
0.1076228313415249
0.10787626319940896
0.10790348270816763
0.10790348270816763
0.10794940884332621
0.107905900094824
0.10742589406322818
0.10719639431754371
0.10719639431754371
0.1067400967404425
0.1058765262285759
0.10593159033604192
0.10646085666951846
0.10726781407886442
0.10586507652660186
0.1058120246549193
0.1058120246549193
0.10614779761379452
0.10578883713327486
0.10605669229250429
0.10658246178036043
0.10602829804625585
0.10551611013198584
0.10551611013198584
0.10551611013198584
0.10520566362342007
0.10520566362342007
0.10518572628461888
0.1055202852185503
0.10490497080023292
0.10493271836820763
0.10684694602038211
0.1081392364419776
0.10782386456846964
0.10797116341641416
0.10773435011823067
0.10681090632520471
0.10597465843487619
0.10597465843487619
0.10680953081726967
0.10722786711429477
0.10763542845433441
0.10782403033559561
0.10814744235975915
0.10867382124293463
0.10867382124293463
0.10867382124293463
0.10856151300481068
0.10911960764441453
0.10981075404831761
0.10985325070185031
0.10895541198342301
0.10989080245175181
0.1105813047308169
0.11060543911382054
0.11078296473225192
0.11090182063544761
0.11094280187903759
0.11026151919548122
0.11026151919548122
0.10964715454273358
0.10989992940968843
0.1098188347670452
0.11151544252717029
0.11151544252717029
0.11193392275935263
0.11179771042715933
0.11065664060749586
0.1102721849671571
0.11134254955467893
0.11120002535354631
0.11157796040479913
0.1115291448245017
0.11157707018915121
0.1124643437517862
0.11135590493814604
0.11072561449513853
0.11134934761482707
0.11283715775034898
0.11392016589587552
0.11195515956018863
0.11269751200569857
0.11363889562650184
0.11363889562650184
0.11363889562650184
0.11363889562650184
0.11363889562650184
0.11223828208795912
0.11129390952558568
0.11182583676212311
0.11103544845356493
0.11103544845356493
0.11115849163968473
0.11115849163968473
0.11077689955535582
0.11132804352216205
0.11132804352216205
0.11132804352216205
0.11155524274694703
0.11098535570936777
0.11038919211829476
0.11038919211829476
0.11139010954738085
0.11139010954738085
0.11131022523195412
0.10974376607986275
0.11155399239531137
0.11229378897674804
0.11218871516798457
0.11165627245850208
0.11073451222006893
0.10982211855220915
0.10982211855220915
0.10899854498415205
0.10899854498415205
0.10899854498415205
0.1097219167772419
0.10988917264440484
0.10979136563404998
0.11038890188008192
0.11038890188008192
0.11007849529250788
0.11007849529250788
0.11061453288567806
0.11061453288567806
0.11042098023351242
0.10835209829590586
0.10835209829590586
0.10722790709754088
0.10871516246006117
0.10768662322761312
0.10768662322761312
0.10742533223269175
0.10797959585378435
0.10696920832329966
0.10571236021159537
0.10611997061491057
0.10602918715829139
0.10602918715829139
0.10686869462715233
0.10686869462715233
0.10862694070545792
0.10871344234039165
0.10840307474239304
0.10840307474239304
0.1083049426041133
0.10861454848220117
0.10802242932552601
0.10799638695493609
0.10691987962731947
0.1065988139559627
0.10655665391268049
0.10646508263953346
0.10757979596921441
0.10744720944172342
0.10568351312330887
0.10588353482049685
0.10598522872858909
0.10655434592325763
0.10608630890076981
0.10466905896831011
0.10466905896831011
0.10546720943563866
0.10557694783197046
0.10557694783197046
0.10500045524361773
0.10487938955185482
0.10503472138568437
0.10690482430277978
0.10690482430277978
0.10628092663237183
0.10703335489858143
0.10703335489858143
0.10670097870369916
0.10670097870369916
0.10613544192492413
0.10556312141416826
0.10564717637134094
0.10554722114256256
0.10669294068756462
0.10669294068756462
0.10639053336840064
0.10703361046906239
0.10668755000536775
0.10530945435550217
0.10406260754349453
0.10412163899761351
0.10410164190506181
0.10315158251192484
0.10331896887934017
0.10311994831739606
0.10223424415339247
0.1016071477323219
0.1016071477323219
0.10015274276232299
0.1013411472687638
0.10153655166840293
0.10066349213283382
0.10066349213283382
0.10067547165283447
0.10067547165283447
0.10067547165283447
0.10067547165283447
0.10069459862102467
0.10069459862102467
0.10069459862102467
0.10164006085358594
0.1009552175880938
0.10141192056501704
0.10141192056501704
0.10143805100748687
0.1017120210002731
0.10249871210657131
0.102908158838515
0.102908158838515
0.10160470910553432
0.10118447280804263
0.10118447280804263
0.0999297646975751
0.09966642915805521
0.09941900091384277
0.09941900091384277
0.09948101275536222
0.09933977075192753
0.09930954513972678
0.1007782614973583
0.10158715231207407
0.10166849185128235
0.10167414374580391
0.10167414374580391
0.10194674076634418
0.10134128915717276
0.10110838156287105
0.10171254837958796
0.10130881802464317
0.10152564370165748
0.10152564370165748
0.10177295108343941
0.10226733780429881
0.10303994775470887
0.1036907427374292
0.10343905443632874
0.10536593340368414
0.10576611613153998
0.10576611613153998
0.10607918699048019
0.10607918699048019
0.10628888691989244
0.10615074915102184
0.10573311473513414
0.10504126132981759
0.1040263031875367
0.1040263031875367
0.10372638024482893
0.1039603872765545
0.1039603872765545
0.10453916506240597
0.1045733462633743
0.10525335037738932
0.10608044858856243
0.10608044858856243
0.10619489478758004
0.10639408737424885
0.10706723238282471
0.10706723238282471
0.10724300902736744
0.10724300902736744
0.10691169799358573
0.10691169799358573
0.10691169799358573
0.10734610813367655
0.10709169922460872
0.10702506760818678
0.10702506760818678
0.10702506760818678
0.10707533006146491
0.10668156101158817
0.10669140936081424
0.106685595587246
0.1061692211711937
0.10654561422451807
0.10644710703304505
0.10524175018318603
0.10519361008187869
0.10585398557078869
0.1058702544970969
0.10579398768414736
0.10509807351416355
0.10509807351416355
0.1061927841684607
0.10582433897586321
0.10675790570690773
0.10767029198826215
0.10785173722835155
0.1060364625360734
0.10681294646322213
0.10681294646322213
0.10718919773361966
0.10718919773361966
0.10653793236634083
0.10653793236634083
0.10655672826814387
0.1062678608699249
0.10599582691117694
0.10647596155662833
0.10651199604293184
0.10651199604293184
0.1065944437717884
0.10664927131492145
0.10692830924791188
0.10692830924791188
0.10692830924791188
0.10716221641696029
0.10629843840322634
0.10629843840322634
0.10639535604470546
0.10624141455923838
0.10624141455923838
0.10620030441084757
0.10735903681544799
0.10693527872305476
0.1085260588225992
0.10874921763505788
0.10874921763505788
0.1077210545475103
0.1077210545475103
0.10748187323113641
0.109046356250565
0.10863429436631075
0.10882543392227374
0.1075741669361919
0.10836462703047793
0.10836462703047793
0.10791273603038112
0.10791273603038112
0.10700092297355333
0.10579255414463559
0.10582893404950036
0.10582893404950036
0.10615875783440641
0.10562041905601154
0.10516093969497285
0.10516093969497285
0.10516093969497285
0.10440470189792993
0.10461307156034519
0.10398705100705771
0.10427229184425242
0.10408813120512592
0.10408813120512592
0.10415076646859249
0.10415076646859249
0.10486188949185964
0.10540403191629813
0.10513737322092215
0.1058465160951842
0.10575228792362239
0.10488725104824591
0.10488725104824591
0.10492177314522858
0.10492177314522858
0.10515168225018323
0.10515168225018323
0.10344034205704287
0.10254785822154011
0.10220590614786779
0.10207711412124663
0.10221561208390666
0.10233453043396103
0.10233453043396103
0.10357328521104595
0.10340308928076812
0.10340308928076812
0.10340308928076812
0.10322194073179242
0.10276625197796165
0.10276625197796165
0.1017029595883743
0.10140074623784633
0.1011475634060984
0.10107084635032346
0.10107084635032346
0.10088785946215338
0.10153964264590079
0.10133480931656022
0.10126613222264143
0.10051563640273695
0.10051563640273695
0.10096554815397564
0.10126489466941886
0.10225508289562857
0.10283723955414058
0.10283723955414058
0.10261110642905817
0.1016295411743235
0.10166111100431802
0.10150126730255558
0.09987758251485643
0.1001501306479373
0.1001501306479373
0.0995820441591617
0.0995820441591617
0.0993924516302031
0.09990165281616903
0.09990165281616903
0.09996967834390041
0.10105868525493285
0.10012965189016304
0.10008136096584992
0.10212542918003248
0.10212542918003248
0.10130031000195515
0.10172420377215594
0.10172420377215594
0.10172420377215594
0.10280053815152994
0.10190299204204628
0.10199882778832389
0.10202214051019608
0.10071934793252214
0.10071777090128009
0.09979552548011428
0.10047160243896856
0.10081486571839096
0.10153776659029257
0.10204529147402965
0.10204529147402965
0.10163781198297214
0.10210812613436228
0.10163469372525062
0.10233991736815043
0.10218868762156223
0.10210507632550321
0.10239574381844034
0.10239574381844034
0.10239574381844034
0.10243082671579272
0.102470197930354
0.10280936551866764
0.10268836625023088
0.1014569992590593
0.10158753406314679
0.10135711884659404
0.10135711884659404
0.10179763058696387
0.10170064904529556
0.10356250016016745
0.1029065520163317
0.10253429212993656
0.10253429212993656
0.10244270080676288
0.10226291602676714
0.10226291602676714
0.1038096595523632
0.1032487757697881
0.1032487757697881
0.1036462237903824
0.1031046542896683
0.10335514115533279
0.10335514115533279
0.102918010555959
0.1025326680442136
0.10239207083638933
0.1018085213930823
0.10180230215114018
0.10268950709035096
0.10332080417142936
0.10234736243751243
0.10234736243751243
0.10234736243751243
0.10274858797053245
0.10274858797053245
0.10274858797053245
0.1029196842864742
0.10278629517181131
0.10309070395780252
0.1032966459498246
0.10368633261134119
0.10434161602159726
0.10440591405168304
0.10440591405168304
0.10410176376009653
0.10451289161204484
0.1051132721212486
0.10460780758126886
0.10320277357604703
0.10209617057903261
0.10209617057903261
0.10179246509209286
0.10179246509209286
0.10196027148373739
0.10196027148373739
0.1025274399668841
0.10261483399896225
0.10242706656846785
0.10287410531767403
0.10273450602356257
0.1034903829801919
0.10436874046820499
0.10432676776485307
0.1049380049373515
0.1054419313974919
0.10444682594726343
0.10423105947045355
0.10365629788276344
0.10289530862245977
0.10354917516980151
0.10479599176680465
0.10531896602958564
0.10447539743059568
0.10447539743059568
0.10431373792253283
0.10495480129892451
0.10495480129892451
0.10493681138562243
0.1054152730222634
0.10567845610294348
0.10471239080556212
0.10427612300758135
0.1033953882572819
0.10320779674824625
0.104363145509456
0.104363145509456
0.10448479791043708
0.103345700554323
0.1036411160288157
0.10307879480216413
0.10350618787015951
0.10350618787015951
0.10316928743790486
0.10382551298569688
0.10305731365170316
0.10318655222102793
0.10318655222102793
0.10378571163977256
0.10470211161577617
0.10470211161577617
0.1038399956957482
0.1038399956957482
0.10351502653115716
0.10483569637242007
0.10483569637242007
0.10452308654079512
0.104756489598783
0.10358730273124456
0.10441575585517238
0.10517346627970192
0.10469589498679681
0.103871810190704
0.10383773757307369
0.10358166024535595
0.10197818354394904
0.10177299234706931
0.10177299234706931
0.10106788220064801
0.10145526942242727
0.10145526942242727
0.10145526942242727
0.10145526942242727
0.10145526942242727
0.10211354658107219
0.10242942781556148
0.10249537347329168
0.10167000292269193
0.10187398146423882
0.10298617597586243
0.10298617597586243
0.1029028744969045
0.10320117296553753
0.10342274908310806
0.10340989283501562
0.10310348124677873
0.10310348124677873
0.10327624177598677
0.10327624177598677
0.10375010419521
0.10358510081218332
0.10358510081218332
0.1035939630131232
0.10319620697223299
0.10299549054758214
0.1025291812220707
0.104301351374251
0.10427169580918211
0.10649625153206232
0.10710665868024107
0.10571784668137842
0.1060591860628752
0.1060591860628752
0.10541463249988123
0.10541463249988123
0.1059970030046001
0.10571081670863289
0.10601366051615704
0.10579862146703221
0.10543534567294638
0.10630545906531949
0.10630545906531949
0.10637221241748981
0.10668221792321592
0.10525460427714593
0.1040255569525045
0.10424680065143904
0.10365533479436803
0.10499821921703831
0.10499821921703831
0.10535775506537294
0.10485156170207441
0.10429287532003899
0.10429287532003899
0.10356519134236565
0.10362844871235555
0.1041322997188783
0.10456228262407935
0.10433387073453824
0.10361763113129421
0.10542391101072938
0.10582354909726498
0.10589782554805184
0.10630846533057872
0.10495993986683944
0.10438696037729765
0.10438696037729765
0.10423862020278955
0.1050215491242687
0.10386254042460039
0.10415696564099747
0.10406364541692302
0.10341967694314552
0.10486128874809013
0.10423609853793415
0.10402006564485541
0.10359551414791879
0.1034234296368185
0.10379991834273344
0.10379991834273344
0.10395234661894533
0.10402144266601465
0.10453102846659376
0.10452190325996356
0.10366865057393614
0.10309912036873077
0.1024288782370665
0.10254984686445345
0.10254984686445345
0.10315484332328131
0.10414346800805988
0.10500281006530829
0.10546926751132858
0.10448794180555958
0.10373896083904509
0.10309653156671755
0.10462994252680036
0.10503539236040543
0.1053943572498891
0.10641681579188518
0.10654762719812788
0.10711895214933545
0.10669539496828351
0.10669539496828351
0.10638055979415853
0.10580137399726931
0.10580137399726931
0.10483687978666248
0.10515547198739982
0.10515547198739982
0.10611535017498254
0.1058159142761586
0.10619455160630986
0.10725473982731067
0.1068973333630665
0.1068973333630665
0.1074132702513708
0.1074132702513708
0.10824904376147883
0.10783174857857894
0.10808137273923986
0.10791105563387725
0.10851307795340923
0.10868397981248173
0.10961375557362081
0.10865682008831344
0.10767451767620916
0.10713071706564603
0.10713071706564603
0.10759622654237024
0.10756698942123774
0.10763187588681303
0.10803366147464011
0.10798123315801221
0.10899059338646865
0.10810377874421721
0.10810377874421721
0.10810377874421721
0.10861778873703433
0.10797074733538618
0.10732338185998266
0.10723973912867134
0.10820704573216554
0.10820704573216554
0.10820704573216554
0.10852151077599222
0.10848695373886459
0.1086614191328102
0.10711952481746485
0.10573006393023379
0.10573006393023379
0.10563659541867283
0.10709589056974976
0.10753206023443439
0.10753206023443439
0.10753206023443439
0.10753206023443439
0.10787825224913981
0.10832744177773584
0.10703126588053341
0.10721477870323697
0.10756894595655375
0.10834167022073533
0.10834167022073533
0.10728864841592246
0.10740972196165299
0.10740972196165299
0.10696296600441484
0.10718496894885583
0.10718496894885583
0.10816383504942012
0.10816383504942012
0.10767954790535096
0.1081822095497326
0.1081822095497326
0.1080815755668201
0.10811169033831501
0.10817749751496061
0.10817749751496061
0.10787687693249308
0.10850521050734488
0.10813661852291888
0.10736260369429593
0.10740226619409898
0.10887459139907034
0.10853855003000244
0.10853855003000244
0.10826952670981199
0.10826952670981199
0.10826952670981199
0.10826952670981199
0.1085159414842737
0.10832149778499993
0.10775671688449441
0.1086606724907517
0.10871553456346982
0.10916377954783683
0.10920307270180941
0.10920307270180941
0.1096610913962847
0.109408799784925
0.1089753310989468
0.1089753310989468
0.10946872784104701
0.1091762909952739
0.10852565505763599
0.10713552266803104
0.1073867453983367
0.10782326651440091
0.10782326651440091
0.10789266580779484
0.10768572732540505
0.10780547178243123
0.10831212765739802
0.10970594473614347
0.1094010688841365
0.11029872743027803
0.11112257717652901
0.11250315493664724
0.11250315493664724
0.1128148370211555
0.11151904161428973
0.11116614903501523
0.1113523426603315
0.1113523426603315
0.11152219105855019
0.11152219105855019
0.11126195332499997
0.11126195332499997
0.10946428129420022
0.10946428129420022
0.1085927677461911
0.10769268567494077
0.10657103830188129
0.10739477045225429
0.10739477045225429
0.10885855365981738
0.10885855365981738
0.10885855365981738
0.10885855365981738
0.10867498880815278
0.10815991389356754
0.10815991389356754
0.10833973157175178
0.10725893965232357
0.1065032060211921
0.10727652885894445
0.10727652885894445
0.10778669868698117
0.10672648161231105
0.10637852448262172
0.10649045503939883
0.10708784579136946
0.10652963526549103
0.1063035576234271
0.10663073675530689
0.10663073675530689
0.10663073675530689
0.10663073675530689
0.10630078673564824
0.10591264380305607
0.10623051492384311
0.10718171920692636
0.10764410076280197
0.1067410498800938
0.10650085824021516
0.10632649507589148
0.1064264984027675
0.1064264984027675
0.1064264984027675
0.10632583275518204
0.10602102608759466
0.10645524182216007
0.10842613756781723
0.10854979371901051
0.10879270556828291
0.10762969438292942
0.10732491600800055
0.10731230645607287
0.10883010205449895
0.10890468146726422
0.10780670152920879
0.10794950905551408
0.10790530905057867
0.10840814152589154
0.10740063686036114
0.10747810411524543
0.10747810411524543
0.10820379362893585
0.10877382220169973
0.10833812662878967
0.10833812662878967
0.10826382439588177
0.1070136805507591
0.10739182559573231
0.10688422836057435
0.10684957681695256
0.10834984490971968
0.10763786598296322
0.1078807851056729
0.10829952009735529
0.10850836715404516
0.10945363730362134
0.10892714730083287
0.10892714730083287
0.10865089801966328
0.10788384926206653
0.10670862879712055
0.10843130134677688
0.10806778765628156
0.10802850187603293
0.10862019689486793
0.10809236010383366
0.10845533394381808
0.10799931982554933
0.10799931982554933
0.10856392195417017
0.10901722752482065
0.10901722752482065
0.10898095196860301
0.10788391397325084
0.10673730255490176
0.10819161313875678
0.10836023889038585
0.10846555066718801
0.10846555066718801
0.10837818815374704
0.10848462021612626
0.107042834098305
0.1068518057941118
0.10695636079317784
0.10815193852300814
0.10801758953542927
0.10801758953542927
0.10860087754500478
0.10855995587373723
0.10796475080195905
0.10855976310797737
0.10967950719652489
0.10967950719652489
0.10922563561996458
0.10926690262122947
0.10857165963030886
0.10718439780731913
0.10718439780731913
0.10797984396211051
0.1076370028884051
0.10813037264398496
0.10696636344007796
0.10600555819170791
0.10578382829408223
0.10598569343401708
0.10547720859535736
0.10558347798660093
0.10471490890106325
0.10603785868150936
0.10594110059446908
0.10540761865492745
0.10540761865492745
0.10589604280726836
0.10557151446184758
0.10599452347021746
0.10500732991011014
0.10581464262958001
0.10467847058803324
0.10434052295750376
0.10437419484431336
0.10466705313675542
0.10501548552944895
0.10399681072822985
0.10317155867260538
0.1038436790131732
0.1038436790131732
0.1037566320785204
0.10426346944494186
0.10395018099910792
0.10343465402610819
0.10287478297072142
0.10287478297072142
0.10287478297072142
0.10333600018507473
0.10333600018507473
0.10291203643423183
0.10304691902295969
0.10215287544616909
0.10451399061542513
0.10480538870859477
0.10502554539146836
0.10502554539146836
0.10534343104513534
0.10566220161808922
0.10637165760633907
0.10640191144426701
0.10610467340697567
0.10649089030565687
0.10649089030565687
0.10649089030565687
0.10648773963268826
0.10645265645357398
0.10627090516532872
0.10645696104413231
0.10689184964624873
0.1063954560332301
0.10664699769968973
0.10677740651895029
0.10663756434263175
0.10663756434263175
0.10663756434263175
0.10728034115394887
0.10654219245492848
0.10641817715117813
0.10727442433430381
0.10727442433430381
0.10737210242609324
0.10772669070767843
0.1077442815368795
0.10808895481080032
0.10723509107668959
0.1079218286293054
0.1079218286293054
0.10718346929210022
0.10626880305137267
0.10664683001388409
0.10676883904105558
0.10560828259800177
0.10541336296483311
0.1048639318088129
0.10481837622609906
0.10547503973101689
0.10547503973101689
0.10518686950022567
0.1055418216154405
0.10555221667687353
0.10595149275781456
0.1058991029095906
0.1058991029095906
0.10475864972221115
0.10475864972221115
0.10432605220400927
0.1041338275778092
0.10415952477252897
0.1046986045371698
0.10389241194919564
0.10371673005422431
0.10297650587219916
0.10326359398120016
0.1041756619946742
0.10405234426498489
0.10306799154730348
0.10243059444761375
0.10274572310347212
0.1032510506086315
0.10255538276244779
0.10311550160972467
0.10311550160972467
0.10248770003377802
0.10221899485714457
0.10170552351436775
0.10141958476820911
0.10079900058886207
0.10079900058886207
0.10095934896369821
0.10095934896369821
0.10095934896369821
0.10117325338009285
0.10117325338009285
0.10117325338009285
0.10112506157479229
0.10112506157479229
0.10090759923849874
0.10102680869881157
0.10174107281367144
0.10119806304489883
0.1017060208823901
0.10251084896226667
0.10251084896226667
0.10355394494400072
0.10405613428089637
0.10440496966829278
0.10539145432683225
0.10500825915101188
0.10519379815091248
0.10429310560455166
0.10372148204173762
0.10337073380572022
0.10355703549497505
0.10355703549497505
0.10445402676462333
0.10495457196010377
0.10464169525272002
0.10464169525272002
0.10464169525272002
0.10483661299974043
0.1036307757350248
0.10362875557771434
0.10362875557771434
0.10284797517977967
0.10210221746370782
0.10197715221352359
0.10142096811667882
0.10313908525900718
0.10313908525900718
0.10310829812330789
0.10249849241857399
0.10249849241857399
0.10317846091711999
0.10312519513283022
0.10312519513283022
0.10330930623119104
0.10330930623119104
0.10328841522347904
0.10304417328732746
0.10352100557509063
0.1018711060414216
0.10174690959507844
0.10147866105252243
0.10185645444441564
0.10286994157694485
0.10424408292702299
0.10404691146930523
0.10377871659674892
0.10441849652111576
0.10441849652111576
0.10441849652111576
0.1038945890135975
0.10457536418531192
0.10466767940750774
0.10330267118502014
0.10221960599409528
0.1020020011736346
0.1028283183172933
0.10378095607959537
0.1023091887748117
0.1033139032678269
0.10373482647142006
0.10501255756124711
0.10437280488563415
0.10454994354249193
0.10454994354249193
0.10380486651796009
0.1056368517041589
0.1059442297397446
0.10563941428638278
0.10415157082036106
0.10415157082036106
0.10410994088792849
0.10453839132280215
0.10395695012334585
0.10395695012334585
0.10379992539912454
0.10377392235538026
0.10351462203586953
0.10442874852609389
0.10485242343123526
0.10757223822235154
0.10854403733463093
0.10945738882516645
0.10902918803338994
0.1095240663887582
0.10889025215438615
0.10994828719328069
0.10999580616719788
0.10919773919411832
0.1087005240805542
0.10936810216197125
0.10936810216197125
0.10930114285411177
0.10883994676266878
0.10973043245871857
0.10967400252599319
0.10901749474406891
0.108146870038043
0.10809069228389516
0.1096415028680959
0.1096415028680959
0.1096415028680959
0.11025389445796852
0.11065211992584076
0.11022369814772989
0.11022369814772989
0.11022369814772989
0.11017650147981535
0.11017650147981535
0.10975962168951242
0.10975962168951242
0.11087467868058691
0.11090621211053935
0.11104299159804376
0.11111984247703885
0.11048344618564802
0.11109213528243557
0.11106301358323184
0.11046461080888798
0.10974003449017297
0.10974003449017297
0.10975703380390701
0.10975703380390701
0.10930939016706777
0.10966966085630128
0.11026964030287496
0.11059301993620971
0.11074800443740761
0.10999013350740872
0.11038968640595491
0.11038968640595491
0.11066238673949555
0.10944685487565478
0.10848424255278644
0.10801214093240066
0.1091345135342039
0.1091345135342039
0.1091345135342039
0.10844066567598903
0.10730544229767865
0.10799946732331762
0.10669270184606354
0.10669270184606354
0.10666148190501591
0.10666148190501591
0.1058900690999054
0.10633780493236021
0.10570649607175016
0.10517719451321525
0.10427841950917177
0.10522580557879001
0.10423199203895336
0.10427860831638387
0.10369039841987156
0.10230974752923135
0.10237257958618892
0.10220596765922683
0.10274443992897273
0.10364202677549296
0.10394858724244088
0.10394858724244088
0.10340733977758211
0.10356766112144736
0.10356766112144736
0.10460808323389749
0.1046331776985492
0.10568749923304549
0.10700085068598023
0.1066281163303485
0.10730732544586741
0.10761595973298216
0.10759445540806907
0.1077230621216649
0.10674033624767752
0.10579876944018157
0.10573440788297872
0.10622872847140383
0.10622872847140383
0.10622228318871105
0.10435362640122904
0.10435362640122904
0.10435362640122904
0.10435362640122904
0.10455149668064673
0.10429727251943775
0.10429727251943775
0.1042861633837991
0.10529162344032768
0.10529162344032768
0.10529162344032768
0.10601719065198499
0.10601719065198499
0.10600902728833676
0.10578529868320158
0.10654891730741026
0.10654891730741026
0.10645865783444464
0.1054938183218292
0.1054938183218292
0.10430704643110349
0.10447636173899856
0.10340912618955025
0.10258707875710434
0.10193151589244835
0.1029025097396459
0.10387831467787421
0.10261880404305151
0.10319692641913517
0.10319692641913517
0.1037297744546584
0.10420295192728221
0.10498993768708495
0.10485973066138742
0.10435443238698626
0.10435443238698626
0.10435443238698626
0.10604158219296933
0.10633071523940539
0.1070273897954133
0.10678883653231597
0.10592744882454525
0.10766661128261089
0.10766661128261089
0.10739867712703181
0.10739867712703181
0.10739867712703181
0.10789432471798575
0.10812283230514207
0.10812283230514207
0.10812283230514207
0.10683552678812379
0.1087307123654418
0.10833000470063457
0.10837306417524437
0.10836748044984285
0.10836748044984285
0.10836834613122745
0.10855674650982787
0.10856157060472574
0.10804197204355069
0.10816014140933787
0.10816014140933787
0.10816014140933787
0.10703814039559101
0.10843684509001299
0.1081941949360729
0.11006397187052479
0.11000398657403422
0.11000398657403422
0.11000398657403422
0.10938301360269272
0.10962774048500268
0.10919925473498744
0.10919925473498744
0.10904907281822751
0.10904907281822751
0.10925376413560263
0.10856835139423915
0.10833327983515405
0.10880678175932208
0.10857252520644581
0.10733173438789116
0.10777488198607733
0.10777488198607733
0.10799800591934647
0.10799800591934647
0.10799800591934647
0.10799800591934647
0.10879642203225368
0.10879642203225368
0.10879642203225368
0.10879642203225368
0.10798433792694614
0.10769512189018522
0.10749395472344282
0.10742919392481919
0.10743257084960665
0.10728403233519843
0.10762372151353426
0.107924136759876
0.10814377909688878
0.10814377909688878
0.10715016697074671
0.10866662839239154
0.10844812805279735
0.10882909827095101
0.10910555206443627
0.10859374796065802
0.10747417535826959
0.10659734960819636
