0.969145310831019
0.969145310831019
0.969145310831019
0.969145310831019
0.969145310831019
0.969145310831019
0.969145310831019
0.969145310831019
0.969145310831019
0.969145310831019
0.969145310831019
0.969145310831019
0.969145310831019
0.969145310831019
0.969145310831019
0.969145310831019
0.969145310831019
0.969145310831019
0.969145310831019
0.969145310831019
0.969145310831019
0.969145310831019
0.969145310831019
0.969145310831019
0.969145310831019
0.969145310831019
0.969145310831019
0.969145310831019
0.969145310831019
0.969145310831019
0.969145310831019
0.969145310831019
0.969145310831019
0.969145310831019
0.969145310831019
0.969145310831019
0.969145310831019
0.969145310831019
0.969145310831019
0.969145310831019
0.969145310831019
0.969145310831019
0.969145310831019
0.969145310831019
0.969145310831019
0.969145310831019
0.969145310831019
0.969145310831019
0.969145310831019
0.969145310831019
0.969145310831019
0.969145310831019
0.969145310831019
0.969145310831019
0.969145310831019
0.969145310831019
0.969145310831019
0.969145310831019
0.969145310831019
0.969145310831019
0.969145310831019
0.969145310831019
0.969145310831019
0.969145310831019
0.969145310831019
0.969145310831019
0.969145310831019
0.969145310831019
0.969145310831019
0.969145310831019
0.969145310831019
0.969145310831019
0.969145310831019
0.969145310831019
0.969145310831019
0.969145310831019
0.969145310831019
0.969145310831019
0.969145310831019
0.969145310831019
0.969145310831019
0.969145310831019
0.969145310831019
0.969145310831019
0.969145310831019
0.969145310831019
0.969145310831019
0.969145310831019
0.969145310831019
0.969145310831019
0.969145310831019
0.969145310831019
0.969145310831019
0.969145310831019
0.969145310831019
0.969145310831019
0.969145310831019
0.969145310831019
0.969145310831019
0.9770640066341704
0.9777887983361874
0.9777887983361874
0.9780837665159355
0.9812666508291359
0.9812666508291359
0.9861510187021985
0.9863397302008823
0.9863397302008823
0.9895196024377972
0.9900067574637568
0.9900067574637568
0.9917677135269424
0.9919227506725157
0.9919227506725157
0.9969390977737632
0.9969390977737632
0.997348420663607
0.9976442615304985
0.9976442615304985
1.0000530846459306
1.0000530846459306
1.000776915964545
1.000776915964545
1.0006203220290646
1.0006203220290646
1.0040556471374964
1.0040556471374964
1.0050395252899829
1.0050395252899829
1.005844696137634
1.004048027574542
1.004048027574542
1.0049477567851859
1.0049128275517956
1.0049128275517956
1.0067719681240368
1.0067719681240368
1.0118681526329818
1.0134781204467627
1.0140428810972506
1.0140428810972506
1.0140428810972506
1.0185082612265624
1.0185082612265624
1.0185082612265624
1.0185082612265624
1.0185082612265624
1.0185082612265624
1.01851984922238
1.0203954188801765
1.0203954188801765
1.0203954188801765
1.0203954188801765
1.0203954188801765
1.0203954188801765
1.0228558893382804
1.0232778752726275
1.0232778752726275
1.0238925967055421
1.0238925967055421
1.0233618804212055
1.0239892291207378
1.0239892291207378
1.0262298140863233
1.0262298140863233
1.0282510649440826
1.0282510649440826
1.0282510649440826
1.0282510649440826
1.030063935465299
1.029847385457644
1.0308817219060544
1.0308817219060544
1.0308817219060544
1.0270409213996117
1.02665245517751
1.028913928293594
1.028913928293594
1.0278954687971162
1.0278954687971162
1.0278954687971162
1.0276968999939784
1.0276968999939784
1.0276968999939784
1.0283703354173908
1.0283703354173908
1.0296368289389515
1.0296368289389515
1.0296368289389515
1.0310653804104648
1.0310653804104648
1.0310653804104648
1.0310653804104648
1.0290155361106306
1.0286023960635047
1.0286023960635047
1.0268257829805343
1.0268257829805343
1.0268257829805343
1.0268257829805343
1.0268257829805343
1.0268257829805343
1.0284157668377367
1.0298348444289456
1.0298348444289456
1.031732294762961
1.031732294762961
1.031732294762961
1.031732294762961
1.031732294762961
1.031732294762961
1.031732294762961
1.0306330506312162
1.0306330506312162
1.0306330506312162
1.0325737823967027
1.0325737823967027
1.0325737823967027
1.029161718692566
1.029521309694395
1.030005805537173
1.0317910652997149
1.0317910652997149
1.0317910652997149
1.032508933728627
1.032508933728627
1.032508933728627
1.0323772150604285
1.0356579626907683
1.0317129752090977
1.030976717419495
1.030976717419495
1.0292044868426575
1.029766815152877
1.0315391912348182
1.0315391912348182
1.0305201249116738
1.0278136695643378
1.0281906594375685
1.0277676125470474
1.0251093240611655
1.0253116592179718
1.0253116592179718
1.0253116592179718
1.0267376467590037
1.0274994206212715
1.0274994206212715
1.0274994206212715
1.0274994206212715
1.0279237616043375
1.0279237616043375
1.0279237616043375
1.0279237616043375
1.0279237616043375
1.0282540116883487
1.0282540116883487
1.0282540116883487
1.0282540116883487
1.0295066664539358
1.0281922064081588
1.0281922064081588
1.0281922064081588
1.0281922064081588
1.0253793106249294
1.0253793106249294
1.023893628595612
1.0256142512221906
1.0256142512221906
1.0256142512221906
1.0241430720695834
1.0221390323577562
1.023009216601172
1.0204920958681776
1.0254107660624519
1.0274945651059109
1.0271498113534248
1.0271498113534248
1.0271498113534248
1.0259456734376813
1.0259456734376813
1.0262189974564377
1.0262189974564377
1.0263000695937865
1.0263000695937865
1.0263000695937865
1.0263729376072501
1.0227772603799967
1.024435468994371
1.024435468994371
1.024435468994371
1.024435468994371
1.0255250995714738
1.0255250995714738
1.0255250995714738
1.025947145960875
1.025062021002244
1.025062021002244
1.025062021002244
1.025062021002244
1.025062021002244
1.026502937327243
1.026502937327243
1.0241109777855153
1.0241109777855153
1.027176061286014
1.027176061286014
1.027176061286014
1.0240647894371115
1.0240647894371115
1.0232286822550967
1.0232286822550967
1.0278665161264338
1.0278665161264338
1.02881455271218
1.02881455271218
1.0285471706242049
1.0285471706242049
1.0285471706242049
1.0285471706242049
1.0285471706242049
1.0285471706242049
1.0283021076712904
1.0283021076712904
1.0291357490294235
1.0291357490294235
1.0291357490294235
1.0296480444880909
1.0283050574454053
1.0283050574454053
1.0283050574454053
1.0283050574454053
1.0283050574454053
1.0283050574454053
1.0283050574454053
1.0301659684191193
1.0301659684191193
1.0301659684191193
1.029404607221707
1.029404607221707
1.0266572178882512
1.0286536699222757
1.0287403619478548
1.0298477011559424
1.0298477011559424
1.0298477011559424
1.0298477011559424
1.0298477011559424
1.0307131808447583
1.0309159785020154
1.0309159785020154
1.0301650437205676
1.0301650437205676
1.0301650437205676
1.0301650437205676
1.0301650437205676
1.0301650437205676
1.0310947431586046
1.0294949709793606
1.0294949709793606
1.0294949709793606
1.0295795616123076
1.0295795616123076
1.0295795616123076
1.0295795616123076
1.0295795616123076
1.0285166735878883
1.0285166735878883
1.0285166735878883
1.0284058980014519
1.0284058980014519
1.0273963445094119
1.0302792586958691
1.0302792586958691
1.0302792586958691
1.0300003142624867
1.029723358671759
1.029723358671759
1.029723358671759
1.029723358671759
1.0307611191057444
1.0307611191057444
1.0296732005902693
1.0296732005902693
1.0275710612938826
1.0275710612938826
1.0275710612938826
1.0275710612938826
1.030083350387219
1.0284624687346011
1.0276589416852937
1.0276589416852937
1.026716889966912
1.026716889966912
1.0289908294843928
1.0289908294843928
1.0282628370217957
1.0282628370217957
1.027864040574721
1.027864040574721
1.027864040574721
1.027864040574721
1.027864040574721
1.027864040574721
1.0296512232082466
1.0278465344443375
1.0278465344443375
1.0278465344443375
1.0321882584732833
1.0292955456020925
1.0292955456020925
1.0292955456020925
1.0274263029372028
1.0280491638535383
1.0280491638535383
1.0294480163350677
1.0322697701019319
1.0322697701019319
1.0322697701019319
1.0321007087894167
1.0321007087894167
1.0321007087894167
1.0321007087894167
1.0321007087894167
1.0321007087894167
1.0293377530713506
1.0293377530713506
1.0297569883609718
1.0297569883609718
1.028907315045253
1.028907315045253
1.030101476721128
1.030101476721128
1.030101476721128
1.0280732750019648
1.029712486817481
1.029712486817481
1.029712486817481
1.029712486817481
1.0307141565188849
1.0307141565188849
1.0290689244266082
1.0290322626379351
1.0290322626379351
1.0290322626379351
1.0290322626379351
1.0290322626379351
1.0302919637139334
1.0298123941940713
1.0292306029371743
1.0292306029371743
1.0292306029371743
1.0292306029371743
1.0297769629252949
1.0297769629252949
1.0297769629252949
1.0297769629252949
1.0297769629252949
1.0297769629252949
1.0297769629252949
1.0307075605824463
1.0307158950291628
1.03006613218533
1.03006613218533
1.03006613218533
1.0293463441685404
1.0272542242942535
1.0272542242942535
1.026254706129552
1.0292417410614634
1.0292417410614634
1.0292417410614634
1.0292417410614634
1.0295808461079476
1.0295808461079476
1.0295808461079476
1.0305894315482043
1.0305894315482043
1.0305894315482043
1.0305894315482043
1.0305894315482043
1.0305894315482043
1.0305894315482043
1.0305894315482043
1.0305894315482043
1.0305894315482043
1.0305894315482043
1.0329883500685328
1.0329883500685328
1.0332299623510353
1.0353405866496959
1.0353405866496959
1.0353405866496959
1.0368175646807747
1.0368175646807747
1.0368175646807747
1.0368175646807747
1.0368175646807747
1.0379585953774855
1.0379585953774855
1.0381576540740958
1.0381576540740958
1.0381576540740958
1.0381576540740958
1.0381576540740958
1.0381576540740958
1.0381576540740958
1.0381576540740958
1.0381576540740958
1.0381576540740958
1.0411036798698858
1.0411036798698858
1.0376434398006813
1.038448794606765
1.038448794606765
1.038448794606765
1.038448794606765
1.0367958152966408
1.0367958152966408
1.0337934586953188
1.0337934586953188
1.0337934586953188
1.0316713450179857
1.0316713450179857
1.0316713450179857
1.0316713450179857
1.0316713450179857
1.0288760813351896
1.0288760813351896
1.0288760813351896
1.0288760813351896
1.0303645749532186
1.0303645749532186
1.0303645749532186
1.0303645749532186
1.0303645749532186
1.0307941125964368
1.0307941125964368
1.0307941125964368
1.0307941125964368
1.0307941125964368
1.0307941125964368
1.0307941125964368
1.0317089024176993
1.0320688728383942
1.0320688728383942
1.0310662806970026
1.0310662806970026
1.0310662806970026
1.0310662806970026
1.0310662806970026
1.0310662806970026
1.030551466694663
1.0326855770971735
1.0326855770971735
1.032166353934086
1.032166353934086
1.032166353934086
1.0313735808507125
1.0316469665308987
1.0316469665308987
1.0327451477855678
1.0327451477855678
1.0327451477855678
1.0327451477855678
1.0327451477855678
1.03451688513832
1.03451688513832
1.03451688513832
1.03451688513832
1.029986352100911
1.0288189537809334
1.029324568154784
1.0305970186213516
1.0292804367127013
1.0292804367127013
1.0292804367127013
1.0292804367127013
1.0280762267944454
1.0280762267944454
1.0280762267944454
1.0300723482608358
1.0300723482608358
1.0300723482608358
1.0276320318628565
1.0276320318628565
1.0276320318628565
1.028478381912785
1.028478381912785
1.028478381912785
1.028478381912785
1.0277542531577677
1.0277542531577677
1.0288179783315303
1.0288179783315303
1.0288179783315303
1.0276375921217884
1.0276375921217884
1.0297879799013427
1.0255033353901473
1.0255033353901473
1.0289365792457028
1.0282063577649863
1.0269019365307006
1.0253958432060448
1.0253958432060448
1.0253958432060448
1.0246582113868827
1.0246582113868827
1.0246582113868827
1.0246582113868827
1.0248647771469355
1.0248647771469355
1.024855490094726
1.024855490094726
1.024855490094726
1.0210293812298352
1.0210293812298352
1.0210293812298352
1.0210293812298352
1.0210293812298352
1.0227594841828704
1.0227594841828704
1.0224563422568826
1.0232759677775969
1.0232759677775969
1.0232759677775969
1.0232759677775969
1.0232759677775969
1.0232759677775969
1.0246560801515476
1.0246560801515476
1.0246560801515476
1.02502003897596
1.02502003897596
1.02502003897596
1.02502003897596
1.02502003897596
1.0259923211108704
1.0249928659565894
1.0243565932050673
1.0260931200177925
1.0260931200177925
1.0260931200177925
1.0277149610151306
1.027592751583732
1.027592751583732
1.0271808949056755
1.0271808949056755
1.0273547229091686
1.024374955720653
1.024374955720653
1.0266867749964204
1.0266867749964204
1.029106184016915
1.029106184016915
1.0299624456590277
1.02959751927945
1.02959751927945
1.0318246701087863
1.0340988003365983
1.0340988003365983
1.0323944235660292
1.0330681292362043
1.0330681292362043
1.0330681292362043
1.0330681292362043
1.0330681292362043
1.03066453312307
1.03066453312307
1.0289742736317145
1.0294185053451874
1.0294185053451874
1.0294185053451874
1.0294185053451874
1.03048746013965
1.03048746013965
1.0299202643488852
1.0307429694841952
1.0284158293811516
1.0284158293811516
1.0284158293811516
1.0284158293811516
1.0293230210113442
1.0298675784823659
1.0298675784823659
1.029449660830491
1.029449660830491
1.029449660830491
1.029449660830491
1.029449660830491
1.0287358495851089
1.029720776090637
1.029720776090637
1.029720776090637
1.0289240524925198
1.0289240524925198
1.0279984312372807
1.0279984312372807
1.026915609625594
1.0297633701505884
1.0298981081346514
1.0298981081346514
1.0298981081346514
1.0298981081346514
1.0298981081346514
1.0298981081346514
1.0298981081346514
1.0298981081346514
1.0298981081346514
1.0298981081346514
1.0283464168152792
1.0283464168152792
1.0283464168152792
1.0286115253878392
1.0286115253878392
1.0286115253878392
1.0286115253878392
1.0286115253878392
1.0286115253878392
1.0286115253878392
1.0286115253878392
1.0286115253878392
1.0286115253878392
1.0286115253878392
1.0286115253878392
1.0286115253878392
1.0268654630321943
1.0303683750448775
1.0303683750448775
1.0303683750448775
1.0282876849839968
1.0282876849839968
1.0282876849839968
1.0282876849839968
1.0282876849839968
1.029032549898099
1.0280263214384784
1.0280263214384784
1.0290658512128257
1.0290658512128257
1.0289811362827508
1.0289811362827508
1.0289811362827508
1.0267160810719662
1.0267160810719662
1.0266281390091636
1.0260740274154083
1.024847454992507
1.024847454992507
1.024847454992507
1.0251953365015014
1.0272253705694676
1.0272253705694676
1.0268204535728511
1.0268204535728511
1.0262244771998261
1.0262244771998261
1.0251376165038655
1.0251376165038655
1.0251376165038655
1.0251376165038655
1.0251376165038655
1.0251376165038655
1.0251376165038655
1.0244514282821249
1.0223535873617462
1.0223535873617462
1.0223535873617462
1.0223535873617462
1.0223535873617462
1.025015568578739
1.0252383584202938
1.0278667474699135
1.0278667474699135
1.0278667474699135
1.0278667474699135
1.0285377166050196
1.0285377166050196
1.0268816560397749
1.0268816560397749
1.0254850318037918
1.0278285747331795
1.028452987822016
1.028452987822016
1.028452987822016
1.028452987822016
1.0285049079226236
1.0278172019709488
1.0270914265484234
1.0270914265484234
1.0270914265484234
1.0270914265484234
1.0267431606063206
1.0267431606063206
1.0259795439632111
1.0259661271292182
1.0259661271292182
1.0259661271292182
1.0259661271292182
1.0259661271292182
1.0259661271292182
1.0259661271292182
1.0259661271292182
1.0259661271292182
1.029283233571922
1.029283233571922
1.029283233571922
1.0233649407677885
1.0233649407677885
1.0233649407677885
1.0233649407677885
1.0267103187671995
1.0278799342056553
1.0258168244785961
1.0258168244785961
1.0266019780298865
1.0266019780298865
1.026356110031162
1.026356110031162
1.024658701115016
1.0239537505504255
1.0239537505504255
1.0239537505504255
1.0273745803874461
1.028694766929244
1.028694766929244
1.0277731347983814
1.0277731347983814
1.0292787260623848
1.028934228608774
1.028934228608774
1.029620763725997
1.0301625689126015
1.0297911538801052
1.0308886464655436
1.0293761901661145
1.0294597074808274
1.0294597074808274
1.0289819111617489
1.0286127000914562
1.0286127000914562
1.0286127000914562
1.031962180580677
1.0301821867834193
1.026751861098456
1.026751861098456
1.026751861098456
1.026751861098456
1.0284187839979566
1.0276983294460442
1.0276983294460442
1.028041091210943
1.027898741323484
1.027898741323484
1.0270544612939112
1.0270544612939112
1.0270544612939112
1.0270544612939112
1.0235329969673885
1.027334724588564
1.027334724588564
1.027334724588564
1.027334724588564
1.027334724588564
1.0275562910706746
1.0259360458029452
1.0259360458029452
1.027832201877711
1.0273130498798637
1.029294567574547
1.029294567574547
1.029294567574547
1.0296634508940519
1.0296634508940519
1.0290291252745327
1.0290291252745327
1.0290291252745327
1.0278007488234535
1.0278007488234535
1.0287091208837966
1.0304944591295342
1.0304944591295342
1.0304944591295342
1.0304944591295342
1.0313516847118058
1.0313516847118058
1.0313516847118058
1.0313516847118058
1.0313516847118058
1.0313516847118058
1.0257444257613482
1.0257444257613482
1.0257444257613482
1.030073159305738
1.0302234702443398
1.0302234702443398
1.0302234702443398
1.0302234702443398
1.0302234702443398
1.0302234702443398
1.0302234702443398
1.0302234702443398
1.0300997617352183
1.0305410700044189
1.0305410700044189
1.0305410700044189
1.0305410700044189
1.0305410700044189
1.0305410700044189
1.0305410700044189
1.0303783471950088
1.0303783471950088
1.0303783471950088
1.0291814164507103
1.0291814164507103
1.0307440576289029
1.0325015025929034
1.0279559915853438
1.0258520998614837
1.0258520998614837
1.0288283143627794
1.0288283143627794
1.0296113642310003
1.0296113642310003
1.0296113642310003
1.0296113642310003
1.0296113642310003
1.0296113642310003
1.0301837298064478
1.0301837298064478
1.0301837298064478
1.0301837298064478
1.0301837298064478
1.0301837298064478
1.0301837298064478
1.0301837298064478
1.0301837298064478
1.0301837298064478
1.0301837298064478
1.0301837298064478
1.0267359793948083
1.0267359793948083
1.0267359793948083
1.0267359793948083
1.0263169491725912
1.0275496865447808
1.0275496865447808
1.0275496865447808
1.027852481719992
1.027852481719992
1.027852481719992
1.027852481719992
1.0274295376949418
1.0260672670811282
1.0266248124485269
1.0266248124485269
1.0266248124485269
1.0264405307185234
1.0264405307185234
1.0299203840003839
1.0299203840003839
1.0307371447509635
1.0290833917504305
1.0290833917504305
1.0270800230128834
1.0270800230128834
1.0270800230128834
1.0270800230128834
1.0270800230128834
1.0270800230128834
1.0270800230128834
1.0270800230128834
1.0270800230128834
1.0270800230128834
1.0268225579547823
1.027552241250218
1.027552241250218
1.027552241250218
1.028440243084723
1.028440243084723
1.026342929517521
1.0250512401450689
1.0250512401450689
1.0226487615753967
1.0226487615753967
1.0226487615753967
1.0226487615753967
1.0232616702827664
1.023206098665636
1.023206098665636
1.023206098665636
1.025284652747673
1.025284652747673
1.0226418523870988
1.0226418523870988
1.0225160591251203
1.0225160591251203
1.0225160591251203
1.0243818993259217
1.0280451490024038
1.0250458858109996
1.025679825116723
1.025679825116723
1.025679825116723
1.025679825116723
1.02566288463307
1.02566288463307
1.02566288463307
1.0252847609459763
1.022097715377354
1.022097715377354
1.0218186274713983
1.0218186274713983
1.0208886489064635
1.021132525803007
1.021132525803007
1.021132525803007
1.0199364349157285
1.0199364349157285
1.0204943536322237
1.021955741473823
1.0214373150319769
1.0216713575182723
1.0226566261417973
1.0224973493119731
1.0224973493119731
1.0234737041344606
1.0229072001966675
1.0242144536372073
1.0242144536372073
1.0242144536372073
1.0225541318894813
1.0225541318894813
1.0225541318894813
1.0204248944193628
1.0204248944193628
1.0206862950729785
1.0191832220434949
1.0187621081702924
1.0187621081702924
1.0196398747978321
1.018863046703463
1.0184032002783021
1.0180591708583697
1.0180591708583697
1.0187811183345976
1.020379377344636
1.0223308732039789
1.0223308732039789
1.0223308732039789
1.0223308732039789
1.0223308732039789
1.0237298724430317
1.0237298724430317
1.0237298724430317
1.0259112991551047
1.027575160743006
1.025360128634637
1.025360128634637
1.030387908026538
1.030387908026538
1.030387908026538
1.0266549677457315
1.0266549677457315
1.0266549677457315
1.02553799271619
1.02553799271619
1.0255353220253063
1.0255353220253063
1.0255353220253063
1.0255353220253063
1.0255353220253063
1.0255353220253063
1.0228684201118525
1.0228684201118525
1.0244771280025224
1.0248635009860187
1.0248635009860187
1.0230614262533366
1.0227030256199812
1.024898845353011
1.024898845353011
1.024898845353011
1.024898845353011
1.024898845353011
1.0262151803582573
1.0262151803582573
1.0262151803582573
1.0254010402369569
1.0236530469449239
1.0236530469449239
1.0236530469449239
1.0236530469449239
1.0219224624395098
1.0219224624395098
1.0224083098896384
1.0203552251413424
1.0203552251413424
1.0199359541432167
1.0203646015209449
1.0203646015209449
1.0203646015209449
1.0196341357008494
1.0214481653856105
1.0214481653856105
1.0225321935565317
1.019717070278775
1.019717070278775
1.0228995505631684
1.0228995505631684
1.0228995505631684
1.0208388210454857
1.0208388210454857
1.0208388210454857
1.0208647729020148
1.0208647729020148
1.0207086621687163
1.0208477297965521
1.0208477297965521
1.0208477297965521
1.0208477297965521
1.0208477297965521
1.0208014707452255
1.0208014707452255
1.0208014707452255
1.0208014707452255
1.0214730467054718
1.0214730467054718
1.0195071335257364
1.0213859084471701
1.0215569943771596
1.0208295825698372
1.0241106510732003
1.0241106510732003
1.0218703591118126
1.02191058898532
1.0237575612731835
1.0237575612731835
1.0237575612731835
1.0237575612731835
1.0237575612731835
1.0237575612731835
1.0237145394990441
1.023749461635909
1.0218954915074265
1.0226705759902632
1.0226705759902632
1.024460526630466
1.024460526630466
1.024460526630466
1.0209024698807394
1.0209024698807394
1.0215491401084897
1.0215491401084897
1.0215491401084897
1.022124709325314
1.022124709325314
1.0216954775682692
1.0230888302438077
1.0230888302438077
1.0230888302438077
1.0230888302438077
1.0230888302438077
1.0230888302438077
1.023522233754672
1.0244181461611728
1.0236804911699533
1.0236804911699533
1.0236804911699533
1.0236804911699533
1.0209006072914362
1.0209006072914362
1.0209006072914362
1.0209006072914362
1.0209006072914362
1.0209006072914362
1.0209006072914362
1.0210620665838077
1.0210620665838077
1.0236059561787716
1.0236059561787716
1.0236059561787716
1.0246930935392393
1.0246930935392393
1.0260142688832932
1.0260142688832932
1.0260142688832932
1.0263032635390752
1.0263032635390752
1.0263032635390752
1.0263032635390752
1.0263032635390752
1.0263032635390752
1.0263032635390752
1.0263032635390752
1.0256243134516652
1.0256243134516652
1.0257435342944845
1.0257435342944845
1.0257435342944845
1.0258265079095106
1.0258265079095106
1.0258265079095106
1.0250739688819146
1.0250739688819146
1.0256828494202843
1.0256828494202843
1.0264097220134731
1.0264097220134731
1.0271204086055876
1.0248467440963334
1.022547773394033
1.022547773394033
1.022547773394033
1.025161458946403
1.025161458946403
1.025161458946403
1.025161458946403
1.025161458946403
1.025161458946403
1.0250942595103292
1.0250942595103292
1.0250942595103292
1.0259485576467546
1.0259485576467546
1.02638648210711
1.02638648210711
1.02638648210711
1.0263772856701594
1.0271038259231013
1.02355565053503
1.02355565053503
1.02355565053503
1.02355565053503
1.02355565053503
1.023936369753983
1.0244437309593466
1.0244437309593466
1.0223779477906152
1.0228069511221465
1.0228069511221465
1.0228069511221465
1.0228069511221465
1.023389737876206
1.024940534099589
1.024940534099589
1.024940534099589
1.024940534099589
1.024940534099589
1.025614521660475
1.0251872137122258
1.0251502999426705
1.024064912622923
1.0245790009446196
1.0245790009446196
1.0237763830777815
1.0223523701873654
1.025352672400566
1.025352672400566
1.025352672400566
1.0277892041388301
1.0277892041388301
1.0264212657992764
1.0253909269942298
1.0249333845767146
1.0249895355620713
1.0249895355620713
1.0270283346101563
1.0270283346101563
1.0273207478706763
1.0273207478706763
1.0272021275195853
1.0272021275195853
1.0272021275195853
1.02717432919201
1.0265095205097936
1.0261632799631606
1.0250808683114718
1.0239657000349263
1.0235668857937017
1.0236486467565415
1.020762285954992
1.0239813024531692
1.0239813024531692
1.0239813024531692
1.0239813024531692
1.025337172865831
1.025337172865831
1.0255578884857843
1.026194452335024
1.0271407745231131
1.028975934360197
1.028975934360197
1.028975934360197
1.029421588284318
1.0261726276585053
1.0288938801887193
1.0288938801887193
1.029073427318249
1.0301984988789996
1.0285606357817407
1.0285606357817407
1.0285606357817407
1.0285606357817407
1.0287210230083026
1.0287650805231274
1.0256863313314337
1.0256863313314337
1.027221413393331
1.027221413393331
1.027221413393331
1.029365187365884
1.029365187365884
1.028485711828125
1.0289214832913867
1.026618868204758
1.026618868204758
1.026618868204758
1.026618868204758
1.0277490116930172
1.0277490116930172
1.024673464856709
1.0233120634907502
1.0233120634907502
1.0233120634907502
1.0233120634907502
1.0219039076976932
1.0219039076976932
1.0210825111388313
1.0237354667407894
1.0237354667407894
1.0237354667407894
1.0237354667407894
1.0237354667407894
1.0237354667407894
1.0237354667407894
1.0247615605473377
1.0239264316497796
1.0239264316497796
1.0239264316497796
1.0239264316497796
1.0252572381952856
1.0252572381952856
1.0252572381952856
1.022939548069079
1.0239297308637516
1.0239297308637516
1.0239297308637516
1.024072805215926
1.024072805215926
1.024622526302261
1.021289472237484
1.0207622212113496
1.0233812290580642
1.0233812290580642
1.0252270854158765
1.0252270854158765
1.0253259725871633
1.0253259725871633
1.0246928926767922
1.0246928926767922
1.0246928926767922
1.0246928926767922
1.0246928926767922
1.0254739825946415
1.0254739825946415
1.0254739825946415
1.0254739825946415
1.027829297674182
1.0272625086289948
1.0272625086289948
1.0277487393963007
1.030310799202773
1.0280739421875489
1.0268936249662854
1.0268936249662854
1.0268936249662854
1.0286090859969306
1.0286090859969306
1.0286090859969306
1.0272379218667724
1.0272379218667724
1.0271732228987955
1.0271732228987955
1.030000630467175
1.030000630467175
1.030000630467175
1.0281160876868607
1.0291038178947836
1.0288609848513237
1.0288609848513237
1.0288609848513237
1.0288609848513237
1.0274103905763052
1.0278843890267066
1.0278843890267066
1.029144073588048
1.0277738393296827
1.0277382357747151
1.0277382357747151
1.0240313385145174
1.0237356264752844
1.0237356264752844
1.0231005781412437
1.0231005781412437
1.0231005781412437
1.0233667492398018
1.0233667492398018
1.0233667492398018
1.0233667492398018
1.0233667492398018
1.0233667492398018
1.027388649274348
1.027388649274348
1.027388649274348
1.027568708502445
1.027568708502445
1.0279775532913509
1.0279775532913509
1.0262598382927688
1.0262598382927688
1.0273532877265608
1.0273532877265608
1.0273532877265608
1.0273532877265608
1.0273532877265608
1.0273532877265608
1.0273532877265608
1.0273532877265608
1.0272127564128055
1.0272127564128055
1.0279337269749642
1.0246705035522263
1.0245304982096308
1.0245304982096308
1.026675813384088
1.026675813384088
1.026675813384088
1.026675813384088
1.026675813384088
1.026675813384088
1.026675813384088
1.026675813384088
1.026675813384088
1.0272196739261088
1.0266828722892847
1.0288547000493053
1.0288547000493053
1.0288547000493053
1.0281661688991093
1.0269129633777998
1.0269129633777998
1.0269854333206148
1.0269854333206148
1.0269854333206148
1.0277940998574886
1.0277940998574886
1.0263559880350341
1.0263559880350341
1.0263559880350341
1.0263559880350341
1.0263559880350341
1.0263559880350341
1.0264234797776184
1.0274962800667045
1.0274962800667045
1.0274962800667045
1.0274962800667045
1.0274962800667045
1.0261318275701905
1.0261318275701905
1.0261318275701905
1.0261318275701905
1.0261318275701905
1.0261318275701905
1.0261318275701905
1.0261318275701905
1.0261318275701905
1.0261318275701905
1.024352010928506
1.0243252441594328
1.0243252441594328
1.0243252441594328
1.0261871061314527
1.0261871061314527
1.0261002622183835
1.0242861059597466
1.0242861059597466
1.0242861059597466
1.0242861059597466
1.0242861059597466
1.0242861059597466
1.0242861059597466
1.024359809532544
1.024359809532544
1.024359809532544
1.023833926409479
1.023833926409479
1.026830887030208
1.026830887030208
1.026830887030208
1.0260639012859483
1.0260639012859483
1.0260639012859483
1.0281263909927232
1.0285789369044938
1.0285711621040685
1.0275257679632142
1.0275257679632142
1.0279134940748411
1.0252264106381344
1.026245989723948
1.026245989723948
1.026245989723948
1.0263166928353482
1.0271987824096531
1.0271987824096531
1.0271987824096531
1.0271987824096531
1.0271987824096531
1.0274183197236952
1.026774331650256
1.026774331650256
1.026774331650256
1.0276914009805687
1.0276914009805687
1.0276914009805687
1.0276914009805687
1.0280636268774024
1.0302237779512309
1.026693029652857
1.028268325007218
1.0281069062370516
1.0281069062370516
1.0287920007169404
1.0287920007169404
1.0269267174689198
1.0268010550770912
1.0268010550770912
1.0268010550770912
1.0268010550770912
1.0268010550770912
1.0268010550770912
1.025972384059557
1.025972384059557
1.0251169422369757
1.0251169422369757
1.0251169422369757
1.0251169422369757
1.0251169422369757
1.0252037554236484
1.0252037554236484
1.0252037554236484
1.0259399806404648
1.0259399806404648
1.0259399806404648
1.0259399806404648
1.0259399806404648
1.0259399806404648
1.0253648096807566
1.0253648096807566
1.0253648096807566
1.025963833409305
1.0227247412849119
1.023139346625168
1.023139346625168
1.023139346625168
1.023139346625168
1.023139346625168
1.0215591104157131
1.0228114778386894
1.0228114778386894
1.0214415909688654
1.0214415909688654
1.0214415909688654
1.0234900761595096
1.0234900761595096
1.0222349049934458
1.0222349049934458
1.0222349049934458
1.0225876305963102
1.0232043909677004
1.0232043909677004
1.0232043909677004
1.0230171411264826
1.0230171411264826
1.0230171411264826
1.0230171411264826
1.0231906946994254
1.0231906946994254
1.0214742347984846
1.0201495471719602
1.0207111725778206
1.0207111725778206
1.0207111725778206
1.0207111725778206
1.0207111725778206
1.0207111725778206
1.0256763884614282
1.024893801927214
1.024421898476538
1.026221753675741
1.025498445747458
1.0215442561152284
1.0215442561152284
1.0215442561152284
1.0210943787624425
1.0230224801989856
1.0230224801989856
1.0216688050823035
1.02191476372979
1.02191476372979
1.0240923528013934
1.022131498801974
1.022131498801974
1.0203299218568114
1.0203299218568114
1.0181156595956906
1.0187730820098178
1.0202181153069185
1.0202181153069185
1.0202181153069185
1.0202181153069185
1.020162386205136
1.020162386205136
1.0183930767511367
1.0183930767511367
1.021836851159966
1.019315011036563
1.0193048094360448
1.0193048094360448
1.0193048094360448
1.0193048094360448
1.0176287629931868
1.0176287629931868
1.0158636900208697
1.0166487293397037
1.0204656942791854
1.0204656942791854
1.0198699967390774
1.022108946710312
1.022108946710312
1.022108946710312
1.024030743189673
1.0238504110365754
1.0238504110365754
1.0250182264768692
1.0255387952203006
1.0255387952203006
1.025199390658384
1.027332554271866
1.027332554271866
1.027332554271866
1.027332554271866
1.027332554271866
1.0259753201774275
1.0261069676435108
1.0261069676435108
1.0261069676435108
1.0261069676435108
1.0260902557612608
1.0260902557612608
1.0260902557612608
1.0274276315393438
1.027806957615161
1.0283156656720747
1.0286024529324052
1.0286137478024182
1.0273117121525392
1.0273117121525392
1.0283370364642044
1.0283370364642044
1.0283370364642044
1.0279923683504824
1.0279923683504824
1.0290738507440207
1.028723402273942
1.029079570970002
1.0285747410356385
1.0266021457153407
1.0251371534519602
1.0251371534519602
1.0251371534519602
1.0251371534519602
1.0245355705981727
1.0247248462127114
1.0241436197819183
1.0241436197819183
1.0237452890441705
1.0237452890441705
1.0233348442981014
1.024158911705086
1.0244304277910898
1.0244304277910898
1.0244304277910898
1.0244304277910898
1.0227187961618505
1.02137547202681
1.02137547202681
1.0216734326279624
1.022239569626057
1.0211534259601147
1.0228145867216725
1.0214751794312211
1.0214751794312211
1.0214751794312211
1.0214751794312211
1.0223478092726404
1.0223478092726404
1.020995769177787
1.020995769177787
1.020995769177787
1.0235076882849112
1.0223528929963783
1.0223528929963783
1.0223528929963783
1.0223528929963783
1.0223528929963783
1.0223528929963783
1.0223528929963783
1.0223528929963783
1.0223528929963783
1.0223528929963783
1.0223528929963783
1.0239643761513169
1.0239643761513169
1.0240506849396558
1.0240506849396558
1.0240506849396558
1.0240506849396558
1.0240506849396558
1.0240506849396558
1.022855142398244
1.022855142398244
1.0248167518227906
1.0248167518227906
1.0249973628239233
1.0249973628239233
1.0239166661904728
1.0243449544963044
1.0250261822538507
1.0250261822538507
1.0250261822538507
1.0231793049485938
1.0239508340188028
1.0230450687150527
1.0230450687150527
1.0251969939744365
1.0251969939744365
1.0251969939744365
1.0251969939744365
1.0251969939744365
1.0251969939744365
1.0246979254213944
1.0246979254213944
1.0246979254213944
1.0246979254213944
1.02735227007631
1.02735227007631
1.0288342608910952
1.0288342608910952
1.0288342608910952
1.0288342608910952
1.0290211582138098
1.0290211582138098
1.0290211582138098
1.0290211582138098
1.0290211582138098
1.0290211582138098
1.0290211582138098
1.0290211582138098
1.0275151654113546
1.0275151654113546
1.0275151654113546
1.0278630560329547
1.0278630560329547
1.0294000423508785
1.0294000423508785
1.0289912551205476
1.0289912551205476
1.028832894669543
1.0295824616529523
1.0295824616529523
1.0295824616529523
1.0295824616529523
1.0306980381962738
1.0303830117875061
1.0303830117875061
1.0314481175852677
1.0301513057665244
1.031722449849936
1.0315078885373288
1.0315078885373288
1.0312274337655807
1.031226253482424
1.031226253482424
1.0308614615555596
1.0308614615555596
1.0308614615555596
1.0313063993603053
1.0313063993603053
1.0313063993603053
1.0313063993603053
1.0313063993603053
1.0313063993603053
1.031278257475676
1.031278257475676
1.031278257475676
1.031278257475676
1.031278257475676
1.031485376154268
1.031485376154268
1.0316611257378943
1.0316611257378943
1.0316611257378943
1.0316611257378943
1.0316611257378943
1.0316611257378943
1.0316611257378943
1.0316611257378943
1.0316611257378943
1.0316611257378943
1.0333313039393217
1.0333313039393217
1.0333313039393217
1.0333313039393217
1.0356313989512018
1.0356313989512018
1.0356313989512018
1.0356313989512018
1.0356313989512018
1.0331536302016233
1.0326092164084264
1.03514372914894
1.0374944981520495
1.0374944981520495
1.0374944981520495
1.035431831667503
1.034383211002213
1.032344781193806
1.0344008240296243
1.0344008240296243
1.0344008240296243
1.0325706720131924
1.031908735691764
1.0313335731240139
1.030829118084885
1.030829118084885
1.030829118084885
1.0306625330147792
1.0306625330147792
1.03009921754779
1.03009921754779
1.03009921754779
1.030791445619937
1.030791445619937
1.0307168257378418
1.0307168257378418
1.0307168257378418
1.0307168257378418
1.0307168257378418
1.0307168257378418
1.0307168257378418
1.0307168257378418
1.0307168257378418
1.0300407761155903
1.0285200696143804
1.0285200696143804
1.0285200696143804
1.0285200696143804
1.0303805526853123
1.0303805526853123
1.0303805526853123
1.0303805526853123
1.0305490714817451
1.0324603675251824
1.0321041124930317
1.0278193514524168
1.0278193514524168
1.0278193514524168
1.0290083770938752
1.0290083770938752
1.0310818874330479
1.0310818874330479
1.0310818874330479
1.0301292077876187
1.0301292077876187
1.0301292077876187
1.0289406832090753
1.0289406832090753
1.0289406832090753
1.0290840154321594
1.0262904203099898
1.0262904203099898
1.0280593731029777
1.0280593731029777
1.028727255930128
1.028727255930128
1.0296020395203227
1.0296020395203227
1.030670569276544
1.0283555655828966
1.0283555655828966
1.0283555655828966
1.0283555655828966
1.0283555655828966
1.0266532683945655
1.0266532683945655
1.027190978467617
1.0291977777697583
1.0291977777697583
1.0291977777697583
1.0291977777697583
1.028863056463913
1.028863056463913
1.028863056463913
1.028863056463913
1.028863056463913
1.0298386177497696
1.0298386177497696
1.0301023579323947
1.0291707910522836
1.0291707910522836
1.0291707910522836
1.0285265792561742
1.0285265792561742
1.0285265792561742
1.0285265792561742
1.0301370163716714
1.0301370163716714
1.0307384141259779
1.0317018423615625
1.0317018423615625
1.0317018423615625
1.0342789100774885
1.0342789100774885
1.0342789100774885
1.0342789100774885
1.0342789100774885
1.0342789100774885
1.0342288355580427
1.0330438891536258
1.0336325431769364
1.0336325431769364
1.0336325431769364
1.0336325431769364
1.0336325431769364
1.034464573778033
1.033901386376867
1.033901386376867
1.0352943945868354
1.0352943945868354
1.0358414651330794
1.0339434880762015
1.0339434880762015
1.0341015092148396
1.0341015092148396
1.0341015092148396
1.0341015092148396
1.0341015092148396
1.030917103501979
1.030921406431703
1.030921406431703
1.030921406431703
1.030069756012677
1.0316594329246944
1.0316594329246944
1.0316594329246944
1.0316594329246944
1.0316594329246944
1.0315700467546098
1.0311744328627745
1.0311744328627745
1.0312102614417558
1.0326546395528327
1.0295507939791162
1.0295507939791162
1.0295507939791162
1.0295507939791162
1.0295507939791162
1.0295507939791162
1.0301370936179286
1.0301370936179286
1.0284013765019147
1.0284013765019147
1.028135436800564
1.028135436800564
1.0267603346075123
1.026062226147245
1.026062226147245
1.027114613731248
1.027114613731248
1.027114613731248
1.027439620224986
1.027439620224986
1.0267656814117312
1.0267656814117312
1.0267656814117312
1.0267656814117312
1.0267656814117312
1.0267656814117312
1.0267656814117312
1.0267656814117312
1.0267656814117312
1.0263789015728335
1.0263789015728335
1.0243424018691536
1.0264311326746571
1.0259289582385098
1.0259289582385098
1.0259289582385098
1.0259289582385098
1.025845081644485
1.025845081644485
1.025845081644485
1.023760030644539
1.023760030644539
1.0236790574432264
1.0236790574432264
1.0268556268038962
1.0268556268038962
1.0268556268038962
1.0268556268038962
1.0268556268038962
1.0268556268038962
1.0268556268038962
1.0242318777343726
1.0242318777343726
1.0242318777343726
1.0242318777343726
1.0242318777343726
1.0216017518095044
1.0216017518095044
1.0220840871163042
1.0220840871163042
1.0225887689806297
1.026585773321963
1.0261421959122747
1.027786255492033
1.0246212303057738
1.0240916664678557
1.0240916664678557
1.0280798550251562
1.0280798550251562
1.0257648373788555
1.026270425880362
1.026270425880362
1.026270425880362
1.0295687413878774
1.0282954588887465
1.0282954588887465
1.0282954588887465
1.0286394027305787
1.0286394027305787
1.02960888809834
1.02960888809834
1.02960888809834
1.0275254248999066
1.027583015302134
1.027583015302134
1.027583015302134
1.0301663427371084
1.0297104858627042
1.0283690588827532
1.0254771386568224
1.0261209994053662
1.0261209994053662
1.0261209994053662
1.0261209994053662
1.0261209994053662
1.0249048842630077
1.0206020087752408
1.0209276702221435
1.0209276702221435
1.0234489054507891
1.025367049485122
1.0235701663545154
1.0263022320585444
1.0263022320585444
1.0263022320585444
1.0263022320585444
1.0274311813131605
1.0274311813131605
1.0273484562184754
1.0270952307321768
1.0270952307321768
1.0270952307321768
1.0270952307321768
1.0270952307321768
1.0230836075853855
1.0230836075853855
1.0230836075853855
1.0230836075853855
1.0197162288444566
1.0197162288444566
1.0197162288444566
1.0197162288444566
1.0195438244803299
1.0195438244803299
1.0184111978972703
1.0184111978972703
1.0184111978972703
1.0184111978972703
1.0184111978972703
1.0184111978972703
1.0184111978972703
1.0184111978972703
1.0184111978972703
1.0184111978972703
1.0184111978972703
1.016849908887199
1.0178780599986341
1.013958385015456
1.0124761601688175
1.017856797303277
1.0158009262336538
1.017095614910353
1.017381474867233
1.017684848526103
1.0144005740530475
1.0181822033219559
1.0181822033219559
1.0207830927574357
1.0207830927574357
1.0207830927574357
1.0204571840097962
1.0215673088968416
1.0202580377115484
1.0202580377115484
1.0247781553298718
1.0235443600934542
1.0222538789211415
1.0257424766203238
1.0257424766203238
1.0257424766203238
1.0257424766203238
1.0246964884879173
1.0243982548887514
1.0243982548887514
1.0249646385901068
1.0249646385901068
1.0242530387415016
1.0242530387415016
1.0261294095892162
1.0268115594751754
1.0268115594751754
1.0273901201885993
1.0273901201885993
1.0273901201885993
1.0273901201885993
1.0273901201885993
1.0273901201885993
1.0241294242403587
1.0241294242403587
1.0216526519881672
1.0216526519881672
1.0216526519881672
1.0216526519881672
1.0216526519881672
1.0216526519881672
1.0197601338789355
1.0205908997772595
1.0205908997772595
1.0205908997772595
1.0209212648455175
1.0209212648455175
1.0209212648455175
1.020614313837652
1.020614313837652
1.020614313837652
1.020614313837652
1.0235974182006256
1.0235974182006256
1.0244793505780294
1.0220103137659304
1.0220103137659304
1.0219039146830282
1.0219039146830282
1.0246425237663415
1.0246425237663415
1.0240720165301127
1.0240720165301127
1.0251739962427364
1.0251739962427364
1.0251739962427364
1.0251739962427364
1.0251739962427364
1.0265925400555767
1.028519049354992
1.028519049354992
1.028313214282845
1.028313214282845
1.028313214282845
1.028313214282845
1.0284124052548052
1.0277398053668774
1.0277398053668774
1.0262715565487293
1.023920361228233
1.023920361228233
1.023920361228233
1.023321458443093
1.023321458443093
1.0257060302989178
1.0267127481661704
1.0267127481661704
1.0267127481661704
1.0267127481661704
1.023724627587929
1.0247516088758164
1.0247516088758164
1.0247516088758164
1.0254683334538008
1.0247223200254345
1.0247223200254345
1.024702895659144
1.0254468684802818
1.0244329722793633
1.0265249342194103
1.0256116400704602
1.025689871294917
1.025689871294917
1.0232151497302509
1.0232151497302509
1.0232151497302509
1.0250691549778885
1.0244453565676768
1.0244453565676768
1.0244453565676768
1.0244453565676768
1.0233703171454496
1.0257581809815137
1.0257581809815137
1.027906086108534
1.027906086108534
1.027906086108534
1.0266342624107574
1.0246785704294916
1.0246785704294916
1.0256523132842852
1.0256523132842852
1.0256523132842852
1.0249640913026639
1.0249640913026639
1.0249640913026639
1.0249640913026639
1.0251603471534836
1.0251603471534836
1.0251603471534836
1.0251603471534836
1.0238842415185876
1.0251633685063903
1.02643029500882
1.02643029500882
1.02643029500882
1.02643029500882
1.02643029500882
1.0267860804315583
1.0267860804315583
1.0267860804315583
1.0270940732069378
1.0270940732069378
1.0277802766099298
1.0277802766099298
1.0277802766099298
1.0284259339119854
1.0284259339119854
1.0296342401206686
1.0287420860842655
1.0263216922950806
1.0263216922950806
1.0263216922950806
1.0237659279166718
1.0242264458511958
1.0242264458511958
1.0232140314556843
1.0232140314556843
1.024707187797292
1.024707187797292
1.024707187797292
1.02249791810913
1.022787458593133
1.0203223782354365
1.0203223782354365
1.0203223782354365
1.0203223782354365
1.0203223782354365
1.0203223782354365
1.0225209604036476
1.0214918182121806
1.021166617090081
1.0209651055766704
1.0200668914828548
1.021936744261016
1.022673310330946
1.022673310330946
1.02353169997709
1.02353169997709
1.0269996826217664
1.0269996826217664
1.0269996826217664
1.0269996826217664
1.0269996826217664
1.0264870340396373
1.0264870340396373
1.0264870340396373
1.0265146698802345
1.0265146698802345
1.0280292240109954
1.0291487932382175
1.0291487932382175
1.0291487932382175
1.0291487932382175
1.0260611916847688
1.0251804631981363
1.0251804631981363
1.0251804631981363
1.0259820902511987
1.0259820902511987
1.0259820902511987
1.0259820902511987
1.0259820902511987
1.0251932240061008
1.0261106215690983
1.0261106215690983
1.0261106215690983
1.0261106215690983
1.0261106215690983
1.0251938231493103
1.0277928761134056
1.0283967648055155
1.028146432575213
1.0280141704452364
1.0280141704452364
1.0280141704452364
1.0280141704452364
1.0280141704452364
1.0280141704452364
1.0287554096336045
1.0287554096336045
1.0287554096336045
1.0287554096336045
1.0287554096336045
1.0287554096336045
1.0287554096336045
1.0287554096336045
1.0271752272793595
1.0252026708512916
1.0252026708512916
1.0252026708512916
1.0252026708512916
1.0252026708512916
1.024158197986393
1.0253626136640432
1.024442425265916
1.0276503607415073
1.0271598576997867
1.0271598576997867
1.0271598576997867
1.0272357217022967
1.0292850130379871
1.0292850130379871
1.0292850130379871
1.0292850130379871
1.0292850130379871
1.029320668939677
1.0294930037385246
1.0294930037385246
1.0294930037385246
1.0294930037385246
1.0294930037385246
1.0295325813823657
1.0293510298551762
1.0254674223283298
1.0277601940608212
1.0277601940608212
1.0277601940608212
1.0277601940608212
1.0277601940608212
1.0277601940608212
1.0277601940608212
1.0277601940608212
1.0277601940608212
1.0277601940608212
1.0277601940608212
1.0286854982948408
1.0268158837386414
1.0274410099364615
1.0269400823628596
1.0269400823628596
1.0270524484300667
1.0270524484300667
1.0270524484300667
1.0270524484300667
1.02842165901175
1.02842165901175
1.02842165901175
1.02842165901175
1.028616465245562
1.028616465245562
1.028616465245562
1.0279787711085295
1.0279787711085295
1.0279787711085295
1.0279787711085295
1.0279787711085295
1.0277295389498922
1.0258645286995434
1.0250787829527699
1.027101285303819
1.027101285303819
1.0279582757100099
1.0279582757100099
1.0279582757100099
1.0279582757100099
1.0279582757100099
1.0275927820812016
1.0275927820812016
1.0275927820812016
1.0273864809769753
1.0273864809769753
1.0267235027478634
1.0267235027478634
1.0267235027478634
1.029858606761596
1.029858606761596
1.029858606761596
1.028265170699475
1.0288432099744838
1.0279851437003102
1.0279851437003102
1.0279851437003102
1.0279851437003102
1.0279851437003102
1.0279851437003102
1.0279851437003102
1.0279851437003102
1.0279851437003102
1.0271554476774147
1.0271554476774147
1.0271554476774147
1.0271554476774147
1.0271554476774147
1.0271554476774147
1.0271554476774147
1.0271554476774147
1.0271554476774147
1.0291461550588947
1.0291461550588947
1.0251043592239941
1.0251043592239941
1.0251043592239941
1.0282572441277802
1.028164089986265
1.028164089986265
1.028164089986265
1.028164089986265
1.028164089986265
1.028164089986265
1.0284590535224885
1.0284590535224885
1.0284590535224885
1.0286119353675436
1.0286119353675436
1.0286119353675436
1.0286119353675436
1.0286119353675436
1.0286119353675436
1.0275182719522817
1.0275084762575124
1.0270905691125665
1.0270905691125665
1.0270905691125665
1.0270905691125665
1.0270905691125665
1.0287435311885766
1.0287435311885766
1.0287435311885766
1.0287435311885766
1.0287435311885766
1.0274035240037376
1.0271970848582392
1.0275319509140237
1.0275319509140237
1.0275319509140237
1.0275319509140237
1.029025915245114
1.029025915245114
1.029025915245114
1.029025915245114
1.029025915245114
1.0294867090193867
1.0294867090193867
1.0294861851194415
1.0294861851194415
1.0287278963667437
1.0277619877900073
1.0277619877900073
1.0276666347999932
1.0305029400252814
1.0305029400252814
1.0301422711073247
1.0301422711073247
1.0301422711073247
1.0301422711073247
1.028857834711019
1.028857834711019
1.02774340501589
1.0285837325519545
1.0285837325519545
1.0267204565899792
1.0253559692722596
1.0253559692722596
1.0255635625604291
1.0255635625604291
1.0302583939740364
1.0302583939740364
1.0304181247679591
1.0303656833171682
1.0303656833171682
1.0303656833171682
1.0303656833171682
1.0303656833171682
1.0303656833171682
1.0313620676875386
1.0313620676875386
1.0313620676875386
1.0313620676875386
1.0313620676875386
1.030034391025689
1.030034391025689
1.0302272802044268
1.0302272802044268
1.02975663696761
1.0298137688210616
1.0285841659579573
1.028064208223893
1.028064208223893
1.028064208223893
1.028064208223893
1.028064208223893
1.028064208223893
1.028064208223893
1.0275990588620714
1.0275990588620714
1.0276706825462398
1.0276706825462398
1.0276706825462398
1.0276706825462398
1.0276706825462398
1.0267509319527883
1.026857294101488
1.0236472493421511
1.0234546158830569
1.0234546158830569
1.0234546158830569
1.025531247304522
1.025531247304522
1.025620083044507
1.025620083044507
1.025620083044507
1.025620083044507
1.025620083044507
1.025620083044507
1.025620083044507
1.025620083044507
1.0253304176910272
1.0253304176910272
1.0253304176910272
1.0253304176910272
1.0253304176910272
1.0253304176910272
1.0253304176910272
1.027114663437817
1.027114663437817
1.023326350902054
1.0263948613643004
1.023656666030984
1.0238429194495429
1.0238429194495429
1.0256365884343905
1.0256365884343905
1.0257228345777771
1.0257228345777771
1.0257228345777771
1.0257228345777771
1.0257228345777771
1.02495462782938
1.02495462782938
1.0256356237185436
1.0256356237185436
1.0228404664981205
1.0228404664981205
1.0228404664981205
1.0228404664981205
1.023123898775572
1.0248120662791387
1.0248120662791387
1.0248120662791387
1.0248120662791387
1.0248120662791387
1.0248120662791387
1.021708940735919
1.021708940735919
1.0227091947834706
1.0221793338976761
1.0221793338976761
1.023300219427655
1.023300219427655
1.02179393182128
1.02179393182128
1.0233699596305714
1.023137713428425
1.023934803012982
1.0246496816554211
1.0246496816554211
1.0262075823666887
1.0254017468736631
1.0245484257836976
1.024731877567875
1.024731877567875
1.024731877567875
1.0258791172418635
1.0258791172418635
1.025642507580861
1.025642507580861
1.025642507580861
1.0254922356363803
1.0254922356363803
1.0254922356363803
1.0254922356363803
1.0268032490314396
1.0268032490314396
1.0268032490314396
1.0265528548464098
1.0265528548464098
1.0266492123562267
1.027255794361818
1.027255794361818
1.027255794361818
1.02928645172607
1.0278655781583999
1.0278655781583999
1.0278655781583999
1.0298737638544055
1.0298737638544055
1.0298737638544055
1.0298737638544055
1.029050688848635
1.029050688848635
1.029050688848635
1.029050688848635
1.029050688848635
1.029050688848635
1.029050688848635
1.0287174527155178
1.0287174527155178
1.0287174527155178
1.0287174527155178
1.0275806196053534
1.0275806196053534
1.027547043085215
1.027547043085215
1.027547043085215
1.027547043085215
1.0268704949908116
1.0268704949908116
1.0268704949908116
1.0268704949908116
1.0268704949908116
1.026723406774557
1.026723406774557
1.0265936520661716
1.0265936520661716
1.0265936520661716
1.0257634052441191
1.0258548776747782
1.0295889719528626
1.0295889719528626
1.0292139276879564
1.0292139276879564
1.0283221802048284
1.0283221802048284
1.0283221802048284
1.0277948875435345
1.0270476319170425
1.0300533916425234
1.0300533916425234
1.0294657981958728
1.0294007470405895
1.0294007470405895
1.0302295413023084
1.0304762928376006
1.0304762928376006
1.0322833305752852
1.03098000466565
1.03098000466565
1.0295491841380378
1.030328766827334
1.030328766827334
1.0301847705394922
1.030743058493976
1.0310106644255415
1.0310106644255415
1.031921825178357
1.031921825178357
1.0312860582368986
1.0312860582368986
1.0312860582368986
1.0318421629740397
1.0315066983167849
1.0315066983167849
1.032030843642854
1.032030843642854
1.032030843642854
1.032740837964673
1.0327160982807728
1.0327160982807728
1.0300599227465679
1.0300599227465679
1.0304580586227297
1.0304580586227297
1.03260423968893
1.03260423968893
1.03260423968893
1.03260423968893
1.033415500871915
1.0338975461429034
1.0338975461429034
1.0343476659544324
1.0343476659544324
1.0343476659544324
1.0343476659544324
1.0343476659544324
1.0321127149921991
1.0314196176449235
1.0314196176449235
1.0314196176449235
1.0314196176449235
1.0315291885353994
1.0306153709837125
1.0306153709837125
1.0306153709837125
1.0306153709837125
1.0306153709837125
1.0356920890198658
1.0356920890198658
1.0356920890198658
1.0343399143438299
1.0343399143438299
1.0341290133672056
1.0341290133672056
1.0317719432753008
1.0317719432753008
1.0317719432753008
1.0317719432753008
1.0317719432753008
1.031959599504866
1.031959599504866
1.031959599504866
1.028243566976741
1.028243566976741
1.0297983029619822
1.030733001508268
1.030733001508268
1.030733001508268
1.030733001508268
1.030733001508268
1.030733001508268
1.030733001508268
1.030733001508268
1.030733001508268
1.030733001508268
1.030733001508268
1.030733001508268
1.030733001508268
1.030733001508268
1.030733001508268
1.030733001508268
1.0321118790452293
1.0321118790452293
1.0303276513663322
1.0303276513663322
1.0303276513663322
1.0303276513663322
1.0303276513663322
1.0303276513663322
1.0303276513663322
1.0298557679674023
1.0301232061212249
1.0301232061212249
1.02814739290398
1.0264242436538307
1.0264607758400426
1.0294859156709868
1.0294859156709868
1.0327042175511618
1.0327042175511618
1.0321224787215912
1.0321224787215912
1.0321224787215912
1.0321224787215912
1.0321224787215912
1.0321224787215912
1.0321224787215912
1.0317816786432343
1.0317816786432343
1.0293023409064166
1.0293023409064166
1.0288250104998387
1.0288250104998387
1.0296235807365743
1.0296235807365743
1.0292187918110471
1.0292187918110471
1.0296366996337183
1.0297256825888381
1.0297256825888381
1.0299441292551532
1.0299441292551532
1.0299441292551532
1.0299441292551532
1.0299441292551532
1.0299441292551532
1.027970420898937
1.027970420898937
1.027970420898937
1.0287325594446046
1.0302033020522885
1.0278977342454965
1.0278977342454965
1.0278977342454965
1.027049656974691
1.0258127782108317
1.0255036981002188
1.0277584974009948
1.0277584974009948
1.0277584974009948
1.0277584974009948
1.0277584974009948
1.0277584974009948
1.0277584974009948
1.029602663298448
1.029602663298448
1.0280010529853205
1.0280010529853205
1.0280010529853205
1.0280010529853205
1.027059309172967
1.0240775535527458
1.0224840610709944
1.0221483125826618
1.0221483125826618
1.0221483125826618
1.0221483125826618
1.0242898323453982
1.0265507136982628
1.0265507136982628
1.0265507136982628
1.0263874563427635
1.0253786564113159
1.0253786564113159
1.0227960971341592
1.0231206576745324
1.0231206576745324
1.0231206576745324
1.0231206576745324
1.0230594153391341
1.0240331119742858
1.025304613484219
1.0252878049543006
1.0252878049543006
1.0252878049543006
1.0254645113950982
1.0254645113950982
1.0254645113950982
1.0254645113950982
1.0254645113950982
1.0243465626098016
1.0224012815114791
1.0224012815114791
1.0224012815114791
1.0224012815114791
1.0224012815114791
1.0211338222221036
1.0211338222221036
1.024373131219337
1.023832963623291
1.023832963623291
1.023832963623291
1.024274996194864
1.024854623309436
1.0235558948559869
1.0235558948559869
1.0235558948559869
1.026298507678779
1.026298507678779
1.0271736140814816
1.0271736140814816
1.0271736140814816
1.0271736140814816
1.0271736140814816
1.0257943578896065
1.0257943578896065
1.0254744608356485
1.026234017846095
1.026234017846095
1.027022353529046
1.0263940696663365
1.027737595152064
1.027737595152064
1.027737595152064
1.027737595152064
1.027737595152064
1.027737595152064
1.0289863532932209
1.0291085102153246
1.0291085102153246
1.0289462363443642
1.0289462363443642
1.0289462363443642
1.0289462363443642
1.0289462363443642
1.0289462363443642
1.0301062413173698
1.0272215462716046
1.0272215462716046
1.0263639330775542
1.0243660895492541
1.0221792372377483
1.0221792372377483
1.0221792372377483
1.0221792372377483
1.0221792372377483
1.0221792372377483
1.0216170635649904
1.0211709586324427
1.0218330084722265
1.0218330084722265
1.0218330084722265
1.0218330084722265
1.023603857880894
1.0261091898473793
1.0261091898473793
1.0261091898473793
1.0261091898473793
1.0261918446800073
1.0261918446800073
1.0261918446800073
1.0261918446800073
1.0269405118662505
1.0265800066977049
1.0236232801009584
1.0236232801009584
1.0236232801009584
1.0258022518816934
1.02573279115413
1.0229746818595153
1.025947432278281
1.025947432278281
1.0249746062095044
1.0249746062095044
1.0249746062095044
1.0261295047309096
1.025704332224832
1.0257370759495288
1.0257370759495288
1.0257370759495288
1.0257370759495288
1.0257370759495288
1.0257370759495288
1.0257370759495288
1.024902143691713
1.021605323177195
1.021605323177195
1.021605323177195
1.021605323177195
1.0256281843595807
1.0256281843595807
1.0256281843595807
1.0256281843595807
1.0246337906713234
1.0246337906713234
1.0257728026568034
1.0257728026568034
1.0257728026568034
1.0257728026568034
1.0257728026568034
1.0250420150416801
1.0246123419467938
1.0246123419467938
1.0246123419467938
1.0279617630269378
1.0256254836458398
1.0254941162530171
1.0253138164816975
1.0255180864841273
1.0267649813185782
1.0254564666487167
1.0254564666487167
1.0265054807358667
1.0265054807358667
1.0265054807358667
1.0259213005637549
1.026356786617557
1.0268188382825463
1.0268188382825463
1.0268188382825463
1.0270139908181284
1.0266387776201482
1.0266387776201482
1.0266387776201482
1.0233974893876043
1.0233974893876043
1.0213107758578652
1.0213107758578652
1.0215020474076735
1.0207385354659861
1.021360655469718
1.0224502200584504
1.0224502200584504
1.0224502200584504
1.0224502200584504
1.0224502200584504
1.0228780883171005
1.0228780883171005
1.0228780883171005
1.0251785830157139
1.0251512739338196
1.0256412902394807
1.0256412902394807
1.0238330513292666
1.0252059291870834
1.0252059291870834
1.0252059291870834
1.0252059291870834
1.0271711460744577
1.0271711460744577
1.0271711460744577
1.0259955310968984
1.0259955310968984
1.0259955310968984
1.0259955310968984
1.0259955310968984
1.0250552011697884
1.027053318612418
1.027053318612418
1.0263778090163425
1.0263778090163425
1.0263778090163425
1.0277891738796334
1.0277891738796334
1.0277891738796334
1.0305886537942803
1.0305886537942803
1.030150565151579
1.030150565151579
1.030150565151579
1.030150565151579
1.030150565151579
1.030150565151579
1.0296607168563945
1.0296607168563945
1.028318938537851
1.02648122693664
1.0242114412655814
1.0246272430859604
1.0252512620682614
1.0252572044927313
1.022033065247145
1.022033065247145
1.022033065247145
1.022739004967899
1.022739004967899
1.022739004967899
1.0244731621609016
1.0249303414592021
1.0231170960693519
1.025104804199695
1.025104804199695
1.0291518518821723
1.0291518518821723
1.0291518518821723
1.0285039915363516
1.0285039915363516
1.0256181239671427
1.0256181239671427
1.0256181239671427
1.0254650728431374
1.0265280710836344
1.0266688224018148
1.0266688224018148
1.0266688224018148
1.0272615987824807
1.026332375441459
1.0272713978205361
1.0272713978205361
1.0261914869291728
1.0261914869291728
1.0235821534298306
1.0235821534298306
1.0223805139950577
1.0223805139950577
1.0223805139950577
1.0210165642895186
1.0210165642895186
1.0210165642895186
1.0210165642895186
1.0254792266410462
1.025571736216822
1.0244056079837547
1.0244056079837547
1.0242031302931187
1.0242031302931187
1.0226225191825906
1.0218638819411017
1.023548881963791
1.0266481645509509
1.0266481645509509
1.0266481645509509
1.0266481645509509
1.0252423518381601
1.0245688084642826
1.0256224278195363
1.0256224278195363
1.0256224278195363
1.0249973918742274
1.0249973918742274
1.0256727025588581
1.0256727025588581
1.0256727025588581
1.0269499334311456
1.025950990104611
1.025950990104611
1.025950990104611
1.025950990104611
1.0255672708318955
1.0255672708318955
1.0255672708318955
1.0255672708318955
1.0250168244884899
1.0250168244884899
1.0250168244884899
1.0250168244884899
1.0250168244884899
1.0250168244884899
1.025419726242996
1.025419726242996
1.0280406166078386
1.0280406166078386
1.0280406166078386
1.0280406166078386
1.0276378578211218
1.027542548053667
1.0258367486371176
1.0258367486371176
1.0229017964052318
1.0229017964052318
1.0229017964052318
1.0229017964052318
1.0231481399582476
1.0213832771851543
1.0213832771851543
1.0213832771851543
1.0223352078053451
1.0223352078053451
1.0255180191239048
1.0255180191239048
1.0247409964939012
1.0247409964939012
1.0247409964939012
1.025692635019619
1.0272600550703392
1.0272600550703392
1.0272600550703392
1.0279903512331607
1.0279903512331607
1.0269957906510778
1.025868325361919
1.025868325361919
1.025868325361919
1.025868325361919
1.025868325361919
1.025868325361919
1.025868325361919
1.025868325361919
1.025868325361919
1.025868325361919
1.0239140598487804
1.0239140598487804
1.0241177665805203
1.0241177665805203
1.0241177665805203
1.0245537105021763
1.0245537105021763
1.0226959051936693
1.0226959051936693
1.0226959051936693
1.0226959051936693
1.0226959051936693
1.0226959051936693
1.0254057308348257
1.0254057308348257
1.0254057308348257
1.0254057308348257
1.0254057308348257
1.0254057308348257
1.0259350773447795
1.0257165155758408
1.0250205698673711
1.0250205698673711
1.0250205698673711
1.0248537365659893
1.0248537365659893
1.0248537365659893
1.0248537365659893
1.0248537365659893
1.025462505224783
1.0246858894948954
1.0245484518073535
1.0207078454124372
1.0221296531861774
1.0221296531861774
1.0221296531861774
1.0238007566512595
1.0243450064565236
1.0243450064565236
1.0224871495035204
1.0224871495035204
1.0261279362348557
1.0233923525611832
1.0239309129663492
1.0239309129663492
1.0239309129663492
1.0239309129663492
1.0255807123460896
1.026931533152543
1.026931533152543
1.026931533152543
1.0288094444494065
1.0293836696372165
1.026761866874528
1.0262092342996891
1.0262092342996891
1.02684211604488
1.02684211604488
1.0276194676486805
1.0232388010341662
1.0232388010341662
1.0232388010341662
1.0232388010341662
1.0232388010341662
1.0232388010341662
1.0227585880192602
1.0227585880192602
1.0199246880299235
1.0199246880299235
1.02090697660942
1.02090697660942
1.02090697660942
1.018886305827275
1.018886305827275
1.0204072944829259
1.0208012154105888
1.0208012154105888
1.0208012154105888
1.0196013246322149
1.0196013246322149
1.0200632225125827
1.0200632225125827
1.0222999953123122
1.0222999953123122
1.0222999953123122
1.0241781787711077
1.0262231097583054
1.0242112069422848
1.021506891663869
1.021506891663869
1.021506891663869
1.0213051186573465
1.0193109329594348
1.0193109329594348
1.0193109329594348
1.0243038021512787
1.0243038021512787
1.0238948211380192
1.0230426155925643
1.0228743726473426
1.0228743726473426
1.0250154845325938
1.0243724828367757
1.0243724828367757
1.0243724828367757
1.0233749746363208
1.0227632544611442
1.0227632544611442
1.0227632544611442
1.0219821487866712
1.0227705060052703
1.0230945181385571
1.0221608635766908
1.0221608635766908
1.0221608635766908
1.0224314708382227
1.0216459998095724
1.0216459998095724
1.0216459998095724
1.019257602138362
1.0204291387248436
1.0251245521907308
1.0251245521907308
1.0251245521907308
1.025327899535217
1.025327899535217
1.025327899535217
1.025327899535217
1.025327899535217
1.025327899535217
1.025327899535217
1.025327899535217
1.0249190578536382
1.0249190578536382
1.0249190578536382
1.0249190578536382
1.0267492445305944
1.0256592317679103
1.025892813053195
1.0239548394715086
1.0251567395646475
1.0251567395646475
1.0255813326276246
1.0239950068859722
1.0239950068859722
1.0239950068859722
1.0239950068859722
1.0239950068859722
1.0271966022058232
1.0271966022058232
1.0277153915524084
1.0279179920440698
1.0278115735849513
1.0278115735849513
1.0278115735849513
1.0260049189110751
1.0268759156759204
1.0267476160787123
1.0263337641504926
1.0263337641504926
1.027345963160607
1.027345963160607
1.0257996759093073
1.0257996759093073
1.026989220784484
1.026989220784484
1.0280488145666986
1.025456525191824
1.025456525191824
1.0238552654913189
1.0238552654913189
1.0258829430980443
1.0258829430980443
1.0258829430980443
1.0252342726862649
1.0283277507336408
1.0266916865281708
1.0259612748357592
1.0259612748357592
1.024885537869958
1.0265997412715808
1.0265997412715808
1.0263371678738298
1.0263371678738298
1.0263371678738298
1.0272993073918644
1.0272993073918644
1.026967602158258
1.0278881294226365
1.029099438001417
1.0294065889077808
1.0272786547858848
1.0272786547858848
1.0253418228525009
1.0253418228525009
1.0255868343858183
1.026581450854878
1.0238221457361263
1.0238221457361263
1.0245167537902309
1.0260955775026812
1.0256046083307417
1.027998357474604
1.0262454139242567
1.0262454139242567
1.024804325788189
1.024804325788189
1.0248117479740821
1.025093596126318
1.0256616888342343
1.0226633115743804
1.0226633115743804
1.0226633115743804
1.024981230535997
1.024981230535997
1.025257368429812
1.026628219268927
1.026136898749786
1.02572738935678
1.0258942135969942
1.0258942135969942
1.0258942135969942
1.0255196949654
1.0255196949654
1.0255196949654
1.0263430892841308
1.0263430892841308
1.025799034362012
1.025799034362012
1.025799034362012
1.025799034362012
1.025799034362012
1.025799034362012
1.0287802447164116
1.0270992640678438
1.0281032589220975
1.0281032589220975
1.0281032589220975
1.027866152059934
1.027866152059934
1.027866152059934
1.027866152059934
1.027866152059934
1.027866152059934
1.027866152059934
1.0267748720907555
1.0267748720907555
1.0267748720907555
1.0267748720907555
1.0229866343684997
1.0229866343684997
1.0229866343684997
1.0229866343684997
1.0274660474993291
1.02760825334363
1.0267995493898354
1.0267995493898354
1.0254870652639043
1.0280160205914046
1.0271275190496127
1.0271275190496127
1.0271275190496127
1.0311887944535645
1.0308909889189055
1.0308172942588723
1.0308172942588723
1.0276486141472807
1.0276486141472807
1.0276486141472807
1.0276486141472807
1.029082642704574
1.0298994729527575
1.0298994729527575
1.0298994729527575
1.0298994729527575
1.0298994729527575
1.0298994729527575
1.0295255697122274
1.0288910472247823
1.0288910472247823
1.0288910472247823
1.0300790827543025
1.0300790827543025
1.0300790827543025
1.0297320879735503
1.0251466212822555
1.0253873681473846
1.0253873681473846
1.0253873681473846
1.0253873681473846
1.0221550309536929
1.0255217905075362
1.0268674945108798
1.027362144242042
1.027362144242042
1.027362144242042
1.027362144242042
1.027362144242042
1.027362144242042
1.027362144242042
1.0282636611929372
1.0294689753709045
1.0292516941447862
1.0292516941447862
1.0290785433948002
1.026828153661928
1.0263210586578027
1.0263210586578027
1.0263210586578027
1.0270108752277785
1.025148704971798
1.025148704971798
1.0252693647547944
1.0252693647547944
1.0252784313822447
1.0269972070707674
1.0277255444408149
1.0277255444408149
1.02842386268743
1.02842386268743
1.02842386268743
1.0301025931384034
1.0313828507889218
1.0313828507889218
1.0313828507889218
1.0313828507889218
1.0301927929859533
1.0288162261394458
1.0288162261394458
1.0307565410374622
1.030663326811677
1.030663326811677
1.030663326811677
1.030663326811677
1.030663326811677
1.030663326811677
1.030838443683777
1.0280891903049083
1.0250709407637346
1.0263541545327828
1.029001766946096
1.0289901814590157
1.0276733030373244
1.0276733030373244
1.0276733030373244
1.0276733030373244
1.0276733030373244
1.028846701501254
1.0304798276200866
1.0304798276200866
1.0286387103049321
1.0286387103049321
1.0276930878380706
1.0276930878380706
1.0257478273642662
1.0257478273642662
1.0257478273642662
1.0250635753852377
1.0250635753852377
1.0257006452647022
1.0257006452647022
1.026845636131615
1.026845636131615
1.026845636131615
1.026845636131615
1.026845636131615
1.026845636131615
1.026845636131615
1.024063034563148
1.024063034563148
1.024063034563148
1.024063034563148
1.0242288495048044
1.0242288495048044
1.0247646177080172
1.0247646177080172
1.0252562578390365
1.0252562578390365
1.0252562578390365
1.0249281230118983
1.0261206578024107
1.024387199006045
1.024387199006045
1.024387199006045
1.024387199006045
1.024387199006045
1.0263071084925375
1.0263071084925375
1.0263071084925375
1.0263071084925375
1.0258968333189005
1.025162162899009
1.0257219685277437
1.0254804929509624
1.0254804929509624
1.0254804929509624
1.026323036935361
1.026323036935361
1.0271930691304922
1.0271930691304922
1.0271930691304922
1.0271930691304922
1.0239535021095036
1.0237404177650413
1.023858095436347
1.023858095436347
1.023858095436347
1.0247498656049132
1.0232024158277782
1.0228687487625685
1.0228687487625685
1.0228687487625685
1.0228687487625685
1.0228687487625685
1.0228687487625685
1.0228687487625685
1.0228687487625685
1.0228687487625685
1.0228687487625685
1.0228687487625685
1.0228687487625685
1.0228687487625685
1.0228687487625685
1.0228687487625685
1.0206180902274904
1.0206180902274904
1.0206180902274904
1.0206180902274904
1.0206180902274904
1.0214935344218232
1.020782658467121
1.0238221638872218
1.023938795162852
1.0224215015445965
1.0224215015445965
1.0224215015445965
1.022235494914265
1.022235494914265
1.0207509972712339
1.0221833420790556
1.0221833420790556
1.0194377720319174
1.0232868595972302
1.0235822447308407
1.0235822447308407
1.0235822447308407
1.0229459921492323
1.0229459921492323
1.0229459921492323
1.0229459921492323
1.026405531934502
1.0250132411323427
1.0250132411323427
1.0247276335678186
1.0250553554526467
1.0250553554526467
1.0250553554526467
1.025359434563292
1.0270381468903191
1.0270381468903191
1.0279940856130954
1.0283733096265661
1.0260613829891512
1.0259394426431576
1.0257213692281422
1.026004153354573
1.028377856501299
1.029562445586083
1.029562445586083
1.0282346230985562
1.0282346230985562
1.0266606436737726
1.0266606436737726
1.0266606436737726
1.0266606436737726
1.0272059206589985
1.0272059206589985
1.0272059206589985
1.0288450434510086
1.0257657082398994
1.0256041846059518
1.0269514600383185
1.0269514600383185
1.0269514600383185
1.0245866036104017
1.0245866036104017
1.023708676244605
1.023708676244605
1.023708676244605
1.023708676244605
1.0246734646438724
1.0246734646438724
1.0238535685547188
1.0233562642327858
1.0233562642327858
1.0233562642327858
1.0184735460112124
1.0185561726391916
1.0197252748913197
1.0197252748913197
1.022649179225231
1.022649179225231
1.022649179225231
1.022649179225231
1.022649179225231
1.022649179225231
1.0230993241359692
1.0230993241359692
1.0208576328641619
1.0208576328641619
1.0221056291150652
1.0221056291150652
1.022420534571427
1.022420534571427
1.022420534571427
1.0226379451185879
1.0236943560868554
1.0236943560868554
1.0230751830396705
1.0248245807337264
1.0248245807337264
1.0248245807337264
1.0259163969474197
1.0260352504304397
1.025338354423105
1.0241105237906816
1.0249783402280197
1.0249783402280197
1.025647211235439
1.022387089971318
1.0235459907327653
1.0234744393089548
1.0225320685697352
1.0225320685697352
1.0225320685697352
1.02285271759619
1.023431062751965
1.0238261310748997
1.0238478275675997
1.0238478275675997
1.0238478275675997
1.0250110418170648
1.0250110418170648
1.0263665471285033
1.0263665471285033
1.025929748582966
1.0241186506811724
1.0241186506811724
1.0241186506811724
1.023784627578604
1.023784627578604
1.0258717307552623
1.0255365512091024
1.0255365512091024
1.0238572084365367
1.0271244520657932
1.02574888024695
1.02574888024695
1.02653098210219
1.02653098210219
1.02653098210219
1.0260703154261617
1.0260703154261617
1.0260703154261617
1.024518711481965
1.024518711481965
1.0221593936240865
1.0197518938043324
1.0207302424862232
1.0207302424862232
1.0207302424862232
1.0213542870024293
1.024740523035663
1.0231162682853439
1.0231162682853439
1.0181486581332626
1.0181486581332626
1.0181486581332626
1.0181486581332626
1.017808614034177
1.0195159115768198
1.0195159115768198
1.020285223442195
1.020285223442195
1.0209341813594923
1.020756904642873
1.0199316473414648
1.0199316473414648
1.0199316473414648
1.0210844119477798
1.018857150926552
1.018857150926552
1.018857150926552
1.018857150926552
1.0211083013310296
1.0230662311164602
1.0230662311164602
1.024615931847378
1.023889462526353
1.023862022230588
1.023862022230588
1.023862022230588
1.023862022230588
1.0243004866436383
1.0229634976900703
1.0229634976900703
1.022153947436189
1.022153947436189
1.022153947436189
1.022153947436189
1.0212734784581161
1.0212734784581161
1.0206448253925888
1.023824864534762
1.0237989571261081
1.0237989571261081
1.0228651085096883
1.0233554436995898
1.0233554436995898
1.0233554436995898
1.0233554436995898
1.0233554436995898
1.0233554436995898
1.0233554436995898
1.0233554436995898
1.0203110268397004
1.0230611170202701
1.0202685770558912
1.020257762528499
1.020257762528499
1.020257762528499
1.0181088856589064
1.0181088856589064
1.0163591214232446
1.0198253693894461
1.0198253693894461
1.018067810767485
