1.1276917630542924
1.1276917630542924
1.1276917630542924
1.1276917630542924
1.1276917630542924
1.1276917630542924
1.1276917630542924
1.1276917630542924
1.1276917630542924
1.1276917630542924
1.1276917630542924
1.1276917630542924
1.1276917630542924
1.1276917630542924
1.1276917630542924
1.1276917630542924
1.1276917630542924
1.1276917630542924
1.1276917630542924
1.1276917630542924
1.1276917630542924
1.1276917630542924
1.1276917630542924
1.1276917630542924
1.1276917630542924
1.1276917630542924
1.1276917630542924
1.1276917630542924
1.1276917630542924
1.1276917630542924
1.1276917630542924
1.1276917630542924
1.1276917630542924
1.1276917630542924
1.1276917630542924
1.1276917630542924
1.1276917630542924
1.1276917630542924
1.1276917630542924
1.1276917630542924
1.1276917630542924
1.1276917630542924
1.1276917630542924
1.1276917630542924
1.1276917630542924
1.1276917630542924
1.1276917630542924
1.1276917630542924
1.1276917630542924
1.1276917630542924
1.1276917630542924
1.1276917630542924
1.1276917630542924
1.1276917630542924
1.1276917630542924
1.1276917630542924
1.1276917630542924
1.1276917630542924
1.1276917630542924
1.1276917630542924
1.1276917630542924
1.1276917630542924
1.1276917630542924
1.1276917630542924
1.1276917630542924
1.1276917630542924
1.1276917630542924
1.1276917630542924
1.1276917630542924
1.1276917630542924
1.1276917630542924
1.1276917630542924
1.1276917630542924
1.1276917630542924
1.1276917630542924
1.1276917630542924
1.1276917630542924
1.1276917630542924
1.1276917630542924
1.1276917630542924
1.1276917630542924
1.1276917630542924
1.1276917630542924
1.1276917630542924
1.1276917630542924
1.1276917630542924
1.1276917630542924
1.1276917630542924
1.1276917630542924
1.1276917630542924
1.1276917630542924
1.1276917630542924
1.1276917630542924
1.1276917630542924
1.1276917630542924
1.1276917630542924
1.1276917630542924
1.1276917630542924
1.1276917630542924
1.1276917630542924
1.1284162509609508
1.1303043620849964
1.1303043620849964
1.1303043620849964
1.136150331208838
1.1351419815598218
1.1323869948014496
1.1357538802849592
1.1357538802849592
1.1361998209468454
1.1329296808102376
1.1322179090671785
1.1322179090671785
1.1322179090671785
1.1292139087849589
1.1269034007087584
1.1269034007087584
1.1192238002080073
1.121808258331046
1.121808258331046
1.121808258331046
1.121808258331046
1.120947451698949
1.1194793663938682
1.119622477077624
1.1186560937416925
1.1183847870626746
1.1183847870626746
1.1178876744622994
1.1182696858356889
1.1182696858356889
1.1197630596234132
1.1197630596234132
1.1197630596234132
1.119309777837988
1.119309777837988
1.119309777837988
1.1183740055899252
1.1183740055899252
1.1188405890744002
1.1220210156069672
1.1220210156069672
1.1199561927938704
1.117582257450554
1.1157802048884393
1.1127758877044036
1.1110759809938602
1.1123555749242382
1.1123555749242382
1.1080794109119438
1.10722519519479
1.10722519519479
1.1086376262120612
1.1086376262120612
1.1079307247253294
1.1115309301088505
1.1090743833254664
1.1116213272195203
1.1116213272195203
1.1116213272195203
1.108687464015804
1.108687464015804
1.108687464015804
1.108687464015804
1.1062807641611376
1.1023419007459878
1.1027777527368139
1.1027777527368139
1.1027777527368139
1.1027777527368139
1.0967629370764267
1.0967629370764267
1.0926844686520047
1.0929000732501029
1.0910384513831128
1.089806077247969
1.0907951084379073
1.0907951084379073
1.0907951084379073
1.0885903955894949
1.0885903955894949
1.0885903955894949
1.0885903955894949
1.0863505359253358
1.0863505359253358
1.0843137949163562
1.0843137949163562
1.083646327495277
1.0828520982096441
1.0823571236172658
1.0818982883685524
1.0818982883685524
1.0851524343822911
1.0851524343822911
1.0851524343822911
1.0865780903960438
1.0861226287153192
1.0849950775500845
1.0846570971895704
1.0846570971895704
1.0846570971895704
1.084749396835436
1.084749396835436
1.0818301865950706
1.0796770266395734
1.0801821117490895
1.0801821117490895
1.0776847638530571
1.0805096045628284
1.079362175540566
1.0773056136139147
1.0777108117246041
1.0748051677591395
1.0731009657604291
1.075424530457767
1.075424530457767
1.0752665768881216
1.073152466938338
1.0701834620769235
1.0701834620769235
1.0685404262607365
1.0685404262607365
1.0715101131222258
1.0711915331748996
1.067418977026601
1.064632778653075
1.064632778653075
1.064632778653075
1.064632778653075
1.064632778653075
1.0635279640502537
1.0635279640502537
1.0630714594871011
1.0630714594871011
1.0630714594871011
1.052560802065402
1.052560802065402
1.053388457737801
1.053388457737801
1.0545103053038736
1.0516542593125153
1.0500865273510482
1.0500865273510482
1.0500865273510482
1.0500865273510482
1.0500865273510482
1.0500865273510482
1.0496889564974563
1.0496889564974563
1.0496889564974563
1.0491660391147455
1.0468633914909033
1.0468633914909033
1.0466772838952407
1.0466772838952407
1.0466772838952407
1.0456887108223725
1.0456887108223725
1.0456887108223725
1.0456887108223725
1.04577278437743
1.0461141810507883
1.0463709629573659
1.0422300223992993
1.0422300223992993
1.0453338770407528
1.0453338770407528
1.044151924608585
1.044151924608585
1.0434561904131125
1.0443384545743222
1.0443384545743222
1.0443384545743222
1.0457509169530366
1.0437689829943773
1.0437689829943773
1.0432399537887231
1.042242708049484
1.042211036045116
1.042211036045116
1.042211036045116
1.0433674874393652
1.0412127188471487
1.0406931477498875
1.0406931477498875
1.0406931477498875
1.0406931477498875
1.0399830744649674
1.0399830744649674
1.0399965428984894
1.03957667600833
1.03957667600833
1.0363029852515269
1.036389488629507
1.036389488629507
1.0349809266379737
1.0349809266379737
1.0349809266379737
1.0349809266379737
1.0349809266379737
1.0349809266379737
1.0344771953721297
1.0344771953721297
1.034188367814456
1.0371717013487363
1.0371717013487363
1.0371717013487363
1.0371717013487363
1.0371717013487363
1.0370227821270332
1.0370227821270332
1.0364323936235915
1.0338391993207139
1.0322678495803133
1.0322678495803133
1.0322678495803133
1.0322678495803133
1.0335556631676015
1.0335556631676015
1.0332783383723743
1.0341325704509194
1.0341325704509194
1.0341325704509194
1.0341325704509194
1.0341325704509194
1.0341325704509194
1.0341325704509194
1.0341325704509194
1.0341325704509194
1.034500311507933
1.033856083290632
1.0342295538415642
1.0352712900013052
1.0352712900013052
1.0352712900013052
1.0352712900013052
1.0352712900013052
1.0328744297417332
1.0328744297417332
1.0328744297417332
1.0328744297417332
1.0328744297417332
1.0336955207079266
1.0336955207079266
1.0336955207079266
1.0343001718384195
1.0343001718384195
1.0334536914286918
1.033322867188466
1.033322867188466
1.033322867188466
1.033322867188466
1.0348265314479084
1.0348265314479084
1.0348265314479084
1.0362918466366082
1.0362918466366082
1.0386652335862943
1.0359381887538441
1.034476569364593
1.034476569364593
1.034476569364593
1.034476569364593
1.034476569364593
1.034476569364593
1.032059642417935
1.032961323299082
1.0319910732073236
1.0319910732073236
1.0319910732073236
1.032933079987786
1.0342683287868408
1.0342683287868408
1.0321769466449873
1.0321769466449873
1.0321769466449873
1.0321769466449873
1.0321769466449873
1.0321769466449873
1.0321769466449873
1.0316261687431956
1.0321202004264352
1.0321202004264352
1.0330376902199994
1.0329797746150229
1.0329797746150229
1.0329797746150229
1.0329797746150229
1.0329797746150229
1.0329797746150229
1.0339660270393032
1.0339660270393032
1.0358402334011907
1.0358402334011907
1.034743857369272
1.0323667458623709
1.0323667458623709
1.0323667458623709
1.0323667458623709
1.0323667458623709
1.0292489198655386
1.0292489198655386
1.0281287244363921
1.0281287244363921
1.0320999737602305
1.0320999737602305
1.0297066032228646
1.0297066032228646
1.0295560843977107
1.0295560843977107
1.0310546340459803
1.0303286724589582
1.0343600507671404
1.0343600507671404
1.0325042380535199
1.0342435792157276
1.0342435792157276
1.0342435792157276
1.0342435792157276
1.0359619789981456
1.0359619789981456
1.0359619789981456
1.0364024559900182
1.0364024559900182
1.0375856408652806
1.0375856408652806
1.0375856408652806
1.0365032424631675
1.035838010201914
1.035838010201914
1.0353966741937046
1.033734828499453
1.033734828499453
1.0328537637785713
1.0328537637785713
1.0350222341976458
1.0350222341976458
1.0350222341976458
1.0350222341976458
1.0350222341976458
1.0356530107102175
1.0356530107102175
1.0356530107102175
1.0356530107102175
1.0356530107102175
1.0356530107102175
1.0356530107102175
1.0339780594889387
1.0324101108161083
1.0324101108161083
1.0324101108161083
1.0324101108161083
1.0305920970673845
1.0305920970673845
1.0305920970673845
1.0305920970673845
1.0305920970673845
1.0312184022398319
1.031509386571071
1.0327133582161117
1.0327133582161117
1.0323537303130403
1.0320461407163493
1.0320461407163493
1.0326320122094899
1.0334182928220448
1.0347460049530333
1.032937608287482
1.0313778543165513
1.0299387642178208
1.0295631850671352
1.0295631850671352
1.0295631850671352
1.0295631850671352
1.0295631850671352
1.0295631850671352
1.0284226191785748
1.0284226191785748
1.0284226191785748
1.0284226191785748
1.0284226191785748
1.0284226191785748
1.0284226191785748
1.0284226191785748
1.03070754202505
1.03070754202505
1.03070754202505
1.03070754202505
1.0318439634564591
1.0318439634564591
1.0318439634564591
1.0318439634564591
1.0296934885892974
1.0296934885892974
1.0296934885892974
1.032655620711781
1.032655620711781
1.032655620711781
1.032655620711781
1.033823270487072
1.033823270487072
1.0314623087643522
1.0352653007837056
1.0352653007837056
1.0352653007837056
1.0352653007837056
1.035441651621249
1.0363662192336829
1.0363662192336829
1.0363662192336829
1.0363662192336829
1.0340225591854089
1.030839320758383
1.030839320758383
1.030839320758383
1.0316866137147789
1.0316866137147789
1.028117641973003
1.0290179219712585
1.0290179219712585
1.0290179219712585
1.0264712200993709
1.0295405993965787
1.0295405993965787
1.0295405993965787
1.0295405993965787
1.027345731353096
1.025274722920857
1.027422414836463
1.027422414836463
1.027422414836463
1.027422414836463
1.027422414836463
1.027422414836463
1.027422414836463
1.027422414836463
1.027422414836463
1.027422414836463
1.027422414836463
1.0266789682546722
1.0266789682546722
1.0266789682546722
1.0266789682546722
1.0266789682546722
1.0266789682546722
1.0266789682546722
1.0266789682546722
1.0265479861287574
1.0265479861287574
1.0265479861287574
1.0268556025114013
1.0268556025114013
1.0302165917443926
1.0302165917443926
1.0303080463283878
1.0297806428194154
1.0288867522207452
1.0270411355127491
1.0248512472569267
1.0231318908503417
1.0257977112694885
1.0257977112694885
1.0267062833904552
1.0268411574512395
1.0285748895918578
1.0277397347064172
1.0277397347064172
1.0277397347064172
1.0292737376404641
1.0292737376404641
1.0292737376404641
1.0278509722639457
1.0278509722639457
1.027049304301314
1.029199593494816
1.029199593494816
1.029199593494816
1.029199593494816
1.029199593494816
1.0307276410487847
1.032193750673846
1.032193750673846
1.030812749862902
1.031039637994399
1.031039637994399
1.031039637994399
1.0290540924314626
1.0290540924314626
1.0290540924314626
1.028612865967007
1.028612865967007
1.0285731922096488
1.0285731922096488
1.0285731922096488
1.0285731922096488
1.0285731922096488
1.0278127132954895
1.029900502904509
1.0262452884635858
1.0262452884635858
1.0267664647206447
1.0264802674993094
1.0264802674993094
1.028204623107974
1.028204623107974
1.028204623107974
1.0280643417518254
1.0280643417518254
1.0280643417518254
1.0300122054853846
1.0300257462409002
1.0287879324800822
1.0287879324800822
1.0287879324800822
1.026714503564795
1.0263917723778722
1.0263917723778722
1.0263917723778722
1.0263917723778722
1.0263917723778722
1.0263917723778722
1.0263917723778722
1.0290090399919367
1.0272868354767035
1.0256169606602357
1.0260436891716658
1.0260436891716658
1.0272970437545137
1.0272970437545137
1.027227388277958
1.027227388277958
1.027227388277958
1.0274052455351181
1.0264071368635674
1.0264071368635674
1.0275366073077665
1.0265445917111617
1.0283942792867768
1.0269668454920664
1.0269668454920664
1.0273379689074
1.0280804365625964
1.0280804365625964
1.0280804365625964
1.0280804365625964
1.0276229513479078
1.0259195299952564
1.027267224624611
1.027267224624611
1.027267224624611
1.027267224624611
1.027267224624611
1.0280628905122242
1.0280628905122242
1.024694235217643
1.0234786507602314
1.0234786507602314
1.0226904855425916
1.0253941213784734
1.0253941213784734
1.0249974435476594
1.027566491530891
1.0274710627458088
1.0274710627458088
1.0274710627458088
1.0274710627458088
1.0252488804631967
1.02534319437059
1.02534319437059
1.02534319437059
1.02534319437059
1.02534319437059
1.02534319437059
1.030900162693859
1.0290694550404265
1.0290694550404265
1.0290694550404265
1.0290694550404265
1.0290694550404265
1.0290694550404265
1.0290694550404265
1.0290694550404265
1.028014318585054
1.025947171572005
1.0293391037768176
1.027376049026112
1.027376049026112
1.027376049026112
1.02902629060124
1.029144402571614
1.030719479301842
1.030719479301842
1.030719479301842
1.030719479301842
1.030719479301842
1.030719479301842
1.030719479301842
1.030719479301842
1.030719479301842
1.030719479301842
1.030719479301842
1.030719479301842
1.030719479301842
1.030719479301842
1.030719479301842
1.030719479301842
1.0287978086962777
1.0287978086962777
1.0287978086962777
1.0287978086962777
1.0294156791916873
1.0294156791916873
1.0294156791916873
1.0303390262215255
1.0303390262215255
1.0294444058208356
1.0291947495778377
1.0291947495778377
1.0291947495778377
1.0291947495778377
1.0291947495778377
1.0291947495778377
1.0285279916901036
1.0285279916901036
1.0285279916901036
1.0295913191637207
1.0312391537871304
1.030746041443292
1.030746041443292
1.030746041443292
1.030746041443292
1.0277774277832539
1.0267468985135697
1.0258355090400217
1.0277312429964438
1.0293770054305291
1.0293770054305291
1.0284213537713536
1.0284213537713536
1.0273869261673734
1.0273869261673734
1.030993344883838
1.030993344883838
1.030993344883838
1.030993344883838
1.031887933344611
1.0325234381393258
1.0325234381393258
1.0326818341352917
1.0326818341352917
1.0326818341352917
1.0327890672711413
1.0327890672711413
1.0327890672711413
1.0327890672711413
1.0327890672711413
1.0327890672711413
1.0327890672711413
1.0327890672711413
1.0327890672711413
1.0313287232496775
1.0313287232496775
1.0336668916044454
1.036336735898825
1.036511015841352
1.036511015841352
1.036511015841352
1.036511015841352
1.036511015841352
1.036511015841352
1.0346046495998005
1.0346410515858924
1.0346410515858924
1.0346410515858924
1.0346410515858924
1.0346410515858924
1.031892112479038
1.031892112479038
1.031892112479038
1.031892112479038
1.031892112479038
1.031892112479038
1.031492458628179
1.031492458628179
1.031492458628179
1.031492458628179
1.0290373252111062
1.0290373252111062
1.0290002348821876
1.0290002348821876
1.0290002348821876
1.0281242209976893
1.0281242209976893
1.0281242209976893
1.0281242209976893
1.0281242209976893
1.0308794768724137
1.0308794768724137
1.0308794768724137
1.0308794768724137
1.0309393366256263
1.0297850987624109
1.0296636784051563
1.0296636784051563
1.0296636784051563
1.0296636784051563
1.0296636784051563
1.0296636784051563
1.0296636784051563
1.0314460278846562
1.0314460278846562
1.0314460278846562
1.0326452460513895
1.0346597288892982
1.0346597288892982
1.0346597288892982
1.0326004586766935
1.0326004586766935
1.0326004586766935
1.0313416817956838
1.0313416817956838
1.0313416817956838
1.0313416817956838
1.033740318972146
1.033740318972146
1.033740318972146
1.033740318972146
1.03186657564925
1.03186657564925
1.03186657564925
1.03186657564925
1.0318136328067384
1.0318136328067384
1.0318136328067384
1.0318136328067384
1.0318136328067384
1.032458882878163
1.032458882878163
1.030417788753099
1.030417788753099
1.030417788753099
1.030417788753099
1.030417788753099
1.030417788753099
1.030417788753099
1.0336845370259595
1.0336845370259595
1.0336845370259595
1.0336845370259595
1.0321040390150935
1.0354416718940582
1.0334233325014797
1.0334233325014797
1.0326862732747852
1.0326862732747852
1.0326862732747852
1.0326862732747852
1.0326862732747852
1.0326862732747852
1.0326862732747852
1.0345620582706638
1.0345620582706638
1.0345620582706638
1.0345620582706638
1.0347895634818831
1.0327487770705481
1.0313793187635416
1.0313793187635416
1.0313793187635416
1.0313793187635416
1.0313793187635416
1.0313793187635416
1.0313793187635416
1.0313793187635416
1.029035948667941
1.029035948667941
1.029035948667941
1.0327590074953015
1.0334313529242412
1.0334313529242412
1.0311554261621736
1.0311554261621736
1.0299321609377494
1.0299321609377494
1.0299321609377494
1.0299321609377494
1.0299663075982055
1.0298429955561863
1.0298429955561863
1.028913411691979
1.028913411691979
1.028913411691979
1.028913411691979
1.028913411691979
1.028913411691979
1.028913411691979
1.02597866295186
1.02597866295186
1.02597866295186
1.02597866295186
1.0279768690397204
1.0279768690397204
1.0279768690397204
1.0279768690397204
1.0269593436317883
1.0269593436317883
1.0269593436317883
1.0269593436317883
1.0269593436317883
1.0269593436317883
1.024687758280083
1.024687758280083
1.024687758280083
1.0271848062142819
1.0271848062142819
1.0271848062142819
1.0271848062142819
1.0271848062142819
1.0277029782354812
1.0285843946514406
1.0288505497767302
1.0288505497767302
1.0271444721321525
1.0271444721321525
1.0271444721321525
1.0271444721321525
1.0261664733767157
1.0261664733767157
1.0261664733767157
1.0261664733767157
1.027606729401506
1.027606729401506
1.027606729401506
1.027606729401506
1.0286737549368783
1.0286737549368783
1.0286737549368783
1.0286737549368783
1.0286737549368783
1.0297619450281685
1.030855193758684
1.0314461922618408
1.0314461922618408
1.0293181689333684
1.0271210554460024
1.027840466514225
1.027347364820127
1.027347364820127
1.027347364820127
1.0269397690128943
1.0269397690128943
1.0277269017338098
1.0277269017338098
1.0277269017338098
1.0309001913977331
1.0281552090566997
1.0281552090566997
1.0281552090566997
1.0292863018182081
1.0310387217956853
1.0310387217956853
1.0310387217956853
1.0310387217956853
1.0310387217956853
1.0310387217956853
1.031449570451694
1.031449570451694
1.031449570451694
1.031449570451694
1.031449570451694
1.031449570451694
1.031449570451694
1.0301102407129314
1.0301102407129314
1.0301102407129314
1.0301102407129314
1.0285209722883504
1.0292219013232795
1.0292219013232795
1.026867424857527
1.026867424857527
1.0269330760590232
1.0269330760590232
1.0264721498886287
1.0264721498886287
1.0264721498886287
1.0264721498886287
1.0264721498886287
1.0264721498886287
1.0270231847024214
1.022958810621476
1.023287111791012
1.024787179767065
1.0278056741498856
1.0283746364744593
1.0267613596830347
1.0267613596830347
1.025209470225089
1.025209470225089
1.025209470225089
1.025209470225089
1.025209470225089
1.025209470225089
1.022020891207158
1.022344545265365
1.022344545265365
1.022344545265365
1.021707096553874
1.021707096553874
1.0196726674323935
1.0196726674323935
1.0196726674323935
1.0196726674323935
1.0242831331486226
1.0242831331486226
1.0242831331486226
1.0245145760497958
1.0261704101325821
1.026676942116494
1.026676942116494
1.0255578094882296
1.0255578094882296
1.0255578094882296
1.0255578094882296
1.0255578094882296
1.0255578094882296
1.0255578094882296
1.0255578094882296
1.0252038805461492
1.0252038805461492
1.0252038805461492
1.0252038805461492
1.0252038805461492
1.0252038805461492
1.0252038805461492
1.0250488087140197
1.0250488087140197
1.0247531638574856
1.0247531638574856
1.0266418999432607
1.0266418999432607
1.0266418999432607
1.0266418999432607
1.0284268259138791
1.0284268259138791
1.0284268259138791
1.0273551367913871
1.0271180231540602
1.0278336452606
1.0278336452606
1.0278336452606
1.0278336452606
1.027178088750633
1.0275329113533438
1.0275329113533438
1.027286722405433
1.027286722405433
1.027286722405433
1.027286722405433
1.0273298747245538
1.0273298747245538
1.0273298747245538
1.0291392251627665
1.0291392251627665
1.0291392251627665
1.0291392251627665
1.0302933785156785
1.0293295318791893
1.0293295318791893
1.0296026228867583
1.0296026228867583
1.0296026228867583
1.0296026228867583
1.0296026228867583
1.0296026228867583
1.0292920679400634
1.0300618006310014
1.0300618006310014
1.0300618006310014
1.029616420267876
1.029616420267876
1.029616420267876
1.026988871325202
1.026988871325202
1.0251183918660371
1.0269679442876107
1.0263316474107977
1.0263316474107977
1.028453704382337
1.0296008208407645
1.0297166206130233
1.0297166206130233
1.0297166206130233
1.0297166206130233
1.0297166206130233
1.0297166206130233
1.0297166206130233
1.0297166206130233
1.0297166206130233
1.0309659716409387
1.0309659716409387
1.031157458640295
1.0307822488260148
1.0307822488260148
1.0307822488260148
1.028260814685694
1.028260814685694
1.028260814685694
1.0299481511275241
1.0299481511275241
1.0311282902699928
1.0311282902699928
1.028517935904955
1.028517935904955
1.028517935904955
1.028517935904955
1.0284388019378128
1.0284388019378128
1.0284388019378128
1.0284388019378128
1.0284388019378128
1.0284388019378128
1.0284388019378128
1.0284388019378128
1.0284388019378128
1.0284388019378128
1.0284388019378128
1.0284388019378128
1.0284388019378128
1.0284388019378128
1.0284388019378128
1.0284388019378128
1.0289820471342705
1.0286309689604238
1.0286309689604238
1.0286309689604238
1.02774783617509
1.02774783617509
1.02774783617509
1.02774783617509
1.0245487579076547
1.0215308411294848
1.0236847565214733
1.0236847565214733
1.0236847565214733
1.0236847565214733
1.0236847565214733
1.0236847565214733
1.0236847565214733
1.0236847565214733
1.0268573383507154
1.0268573383507154
1.02677317664938
1.02677317664938
1.0260903435727624
1.0239112602103493
1.0239112602103493
1.0255088958747263
1.0255088958747263
1.0255088958747263
1.0255088958747263
1.0255088958747263
1.0269787088625324
1.0269787088625324
1.0269787088625324
1.0268486436131028
1.0268486436131028
1.0268486436131028
1.0277415434843564
1.0277415434843564
1.0277415434843564
1.0277415434843564
1.0270920828190095
1.0270920828190095
1.0270920828190095
1.0275920270745926
1.0275920270745926
1.0286232672182969
1.0286232672182969
1.028369033623192
1.0284531729829254
1.028657188212677
1.028657188212677
1.0294506667205396
1.0294506667205396
1.0294506667205396
1.0294506667205396
1.0294506667205396
1.0294081882749644
1.0294081882749644
1.0294081882749644
1.0293296408780201
1.0293296408780201
1.0293296408780201
1.0293296408780201
1.0316029878465856
1.0316029878465856
1.0316029878465856
1.0316029878465856
1.0322304521680707
1.0322304521680707
1.0322304521680707
1.0322304521680707
1.0304842976635107
1.0304842976635107
1.030018647751288
1.030018647751288
1.0285707673456634
1.0285707673456634
1.0285707673456634
1.0285707673456634
1.0276941825828494
1.028321182841599
1.0295924559621705
1.0280558623583391
1.0278756179265158
1.0257339640390535
1.0243689839321075
1.0243689839321075
1.0243689839321075
1.0243689839321075
1.0243689839321075
1.0243689839321075
1.022346864160618
1.0207081944615863
1.0211926435199148
1.0211926435199148
1.0229320102539212
1.0229320102539212
1.0229320102539212
1.0249210608711876
1.0249210608711876
1.0261742023546292
1.0261742023546292
1.0274800703718585
1.0274800703718585
1.0281072522156889
1.028281317311985
1.028281317311985
1.028281317311985
1.0276849221336437
1.0254675222793328
1.0254675222793328
1.0262842164875097
1.0239358063344506
1.0244967631235484
1.0222946649683846
1.0222946649683846
1.0236061890141424
1.0238415363115494
1.0250327211269818
1.0266040616936813
1.0266040616936813
1.0266040616936813
1.0266040616936813
1.0253640864308442
1.0283750364882593
1.0283750364882593
1.0294573549036767
1.0283005048060958
1.027465191674071
1.027465191674071
1.027465191674071
1.027465191674071
1.027465191674071
1.0247968664603864
1.0247968664603864
1.0247968664603864
1.0254262275111519
1.0288434749254756
1.0288434749254756
1.0288434749254756
1.0319618388854823
1.0319618388854823
1.0319618388854823
1.0343884770184177
1.0349767121533653
1.0349767121533653
1.0351560047653046
1.0347187670695852
1.0347187670695852
1.0347187670695852
1.035186312592869
1.035186312592869
1.035260952726513
1.0360645704882705
1.0345283688879618
1.03361524068108
1.03361524068108
1.03361524068108
1.03361524068108
1.03361524068108
1.0333042666219807
1.0333042666219807
1.0324543304282368
1.0318955132758465
1.0318955132758465
1.0318955132758465
1.0318955132758465
1.0318955132758465
1.0318955132758465
1.0293801181763984
1.0293801181763984
1.0295505028004168
1.0295505028004168
1.028948741162681
1.028948741162681
1.028948741162681
1.028948741162681
1.0298131127644115
1.0298131127644115
1.0298131127644115
1.0277643385538497
1.0277643385538497
1.0280274545482495
1.0280274545482495
1.0280274545482495
1.0280274545482495
1.0281491449454856
1.0281491449454856
1.0281491449454856
1.0272715468247688
1.031295846022875
1.031295846022875
1.031295846022875
1.031295846022875
1.031295846022875
1.031295846022875
1.031490155786135
1.0302949691407437
1.0302949691407437
1.0300440476633252
1.0300440476633252
1.0300440476633252
1.0300440476633252
1.0320055318881465
1.0322932527332125
1.0322932527332125
1.0322932527332125
1.0322932527332125
1.0322932527332125
1.0322932527332125
1.0322932527332125
1.032759034390067
1.0323233580869209
1.0315274819862748
1.031385356603547
1.031385356603547
1.0312858053108946
1.0312858053108946
1.0305079188093431
1.0305079188093431
1.0333872754322502
1.0317316339271363
1.0341419659586082
1.0341419659586082
1.0341419659586082
1.0341419659586082
1.0341419659586082
1.0341419659586082
1.0325323171288259
1.0325323171288259
1.0325323171288259
1.0325323171288259
1.0338591383736262
1.0319123884469816
1.0319123884469816
1.0319123884469816
1.0319123884469816
1.0319123884469816
1.0319123884469816
1.0319123884469816
1.0319123884469816
1.03185068156942
1.03185068156942
1.03185068156942
1.03185068156942
1.03185068156942
1.03185068156942
1.03185068156942
1.0345095007299139
1.0349144337688254
1.0349144337688254
1.0348760657256393
1.0353524258512021
1.0363683815893814
1.0361154267353396
1.0361154267353396
1.0361154267353396
1.0362185733972722
1.0362185733972722
1.0362185733972722
1.034981347314785
1.034981347314785
1.034981347314785
1.035652728753949
1.035652728753949
1.035652728753949
1.036515149799388
1.036515149799388
1.036515149799388
1.0363734069549728
1.0363154653115827
1.033854653209394
1.033854653209394
1.0304206022497555
1.0304206022497555
1.0304206022497555
1.0304206022497555
1.0309303187187207
1.0309303187187207
1.0309303187187207
1.0309303187187207
1.0302486127425516
1.0302486127425516
1.0336968840436482
1.0336968840436482
1.0353706259463822
1.0353706259463822
1.0354383433064969
1.0354383433064969
1.0354383433064969
1.0354383433064969
1.037143224438941
1.0338384710640478
1.0338384710640478
1.0338384710640478
1.0338384710640478
1.0338384710640478
1.0338384710640478
1.0345954360173857
1.0345954360173857
1.0343442009720258
1.0331876209212882
1.0331876209212882
1.0331876209212882
1.0331876209212882
1.0331876209212882
1.0331876209212882
1.0331876209212882
1.0331876209212882
1.0331876209212882
1.0331876209212882
1.0331876209212882
1.0322816127643766
1.0322816127643766
1.0337354308216022
1.0319344996441626
1.0319344996441626
1.0319344996441626
1.0323950935628579
1.0323950935628579
1.0306611551494187
1.0306611551494187
1.0306611551494187
1.0280166640959578
1.0288053840515434
1.0270066802973028
1.0277866434096887
1.0277866434096887
1.0284173084346437
1.0284173084346437
1.0284173084346437
1.0304499230312847
1.0304499230312847
1.0304499230312847
1.0304499230312847
1.031535774036607
1.031535774036607
1.0310235961256171
1.0310235961256171
1.0305824376719337
1.0305824376719337
1.0305824376719337
1.0305824376719337
1.0305824376719337
1.0305824376719337
1.0307392292172888
1.0305042387010017
1.029902403427104
1.0305216272274025
1.0289080321471935
1.030131203708856
1.030131203708856
1.030131203708856
1.030131203708856
1.030131203708856
1.030131203708856
1.030131203708856
1.030131203708856
1.029129248192123
1.029129248192123
1.029129248192123
1.029129248192123
1.029129248192123
1.028799278322764
1.0290671394827864
1.0307374672172318
1.0307374672172318
1.0307374672172318
1.0307374672172318
1.0307374672172318
1.0307374672172318
1.0306395524141676
1.0306395524141676
1.0306395524141676
1.0281969889035838
1.0281969889035838
1.0284721747351322
1.0284721747351322
1.0300034702982468
1.0300034702982468
1.028692264633676
1.0289874194726745
1.03004129671142
1.03004129671142
1.03004129671142
1.0272839833066183
1.0272839833066183
1.0270506064738123
1.0272262798454963
1.0272262798454963
1.0292184166327747
1.0292184166327747
1.0292184166327747
1.0290795252557785
1.0290795252557785
1.0331126124822858
1.0292178744088054
1.0292178744088054
1.0292178744088054
1.029214943532803
1.0285953581465859
1.0285953581465859
1.0301051547081714
1.0288163069081646
1.0257485135341171
1.0265581830032358
1.028798853917311
1.0296733246719414
1.0304162302654503
1.0304162302654503
1.0304162302654503
1.0304162302654503
1.0304162302654503
1.029297986532099
1.0281962777254416
1.0281962777254416
1.0281962777254416
1.0281962777254416
1.028372838412476
1.028372838412476
1.028372838412476
1.0281758972878763
1.0281758972878763
1.0281758972878763
1.0281758972878763
1.028966834877609
1.029683809800459
1.029683809800459
1.029683809800459
1.0309125988506065
1.0290345428468652
1.0290345428468652
1.0290345428468652
1.0290345428468652
1.0290345428468652
1.0272442340430243
1.0299959306756838
1.028099176460956
1.028099176460956
1.0279695552236345
1.0279695552236345
1.029086700442399
1.029086700442399
1.0279111128567604
1.0279111128567604
1.0279111128567604
1.0279397286118865
1.0269164751732272
1.0256413283603196
1.0244586659355503
1.0245568533122495
1.0245568533122495
1.0245568533122495
1.0245568533122495
1.0245568533122495
1.0245568533122495
1.0234949976916907
1.024095386739585
1.024095386739585
1.024095386739585
1.024095386739585
1.023864225027846
1.023864225027846
1.023864225027846
1.023864225027846
1.023864225027846
1.0229197408740867
1.0242714984463255
1.0242714984463255
1.0242714984463255
1.0242714984463255
1.0247062245386116
1.0265123890585401
1.0297924922932002
1.0308279568771086
1.031763540949098
1.0321072881076432
1.0321072881076432
1.0321072881076432
1.0321072881076432
1.0327360695272156
1.0323376976797474
1.0323376976797474
1.0323376976797474
1.0323376976797474
1.0324698823455778
1.0324698823455778
1.0324698823455778
1.0324698823455778
1.0324698823455778
1.0324698823455778
1.0324698823455778
1.0300317252119968
1.0300317252119968
1.0300317252119968
1.0300317252119968
1.0296000880844929
1.0296000880844929
1.0283221012250399
1.0296009764867486
1.0296009764867486
1.0296009764867486
1.0296009764867486
1.0304631461837948
1.0268742801261577
1.024677380198388
1.0245775834789188
1.0245775834789188
1.025291872092123
1.0240073225083393
1.0240073225083393
1.0241067210743577
1.0241067210743577
1.0241067210743577
1.0231888530830806
1.0231888530830806
1.0261880076084287
1.0261880076084287
1.0247364723510353
1.0247364723510353
1.0247364723510353
1.0275748604205153
1.0266348237452605
1.0266348237452605
1.0266348237452605
1.0266348237452605
1.0269584366657696
1.0280869381540325
1.0280869381540325
1.0264656478860983
1.0268018179603742
1.0268018179603742
1.0268018179603742
1.0268018179603742
1.0268018179603742
1.0268018179603742
1.0274243826863063
1.0274243826863063
1.0274243826863063
1.0262574487506921
1.0256787853918303
1.0256787853918303
1.0256787853918303
1.0256787853918303
1.0256787853918303
1.0256787853918303
1.0256787853918303
1.0256787853918303
1.025401467638963
1.02251291356465
1.022339443108626
1.0219240589409893
1.0235890172064568
1.0235890172064568
1.0245671703799746
1.0245671703799746
1.0245671703799746
1.024229235336341
1.026924148664764
1.0274573310224104
1.0269213054101831
1.0258562176948576
1.0258562176948576
1.0293126132419472
1.0293126132419472
1.0293126132419472
1.0290643238353903
1.0290651596620939
1.0290651596620939
1.0290651596620939
1.0297135879168182
1.0297135879168182
1.0252900697173442
1.0252900697173442
1.0242254767735286
1.0244206653186232
1.0244206653186232
1.0244206653186232
1.0239570626557488
1.0226529691137063
1.0254482805778766
1.0254482805778766
1.0254136138964094
1.0278244583533105
1.0278244583533105
1.0278244583533105
1.0284161017805467
1.0284161017805467
1.028642548421747
1.0278048550207772
1.0278048550207772
1.0262047968076007
1.0249389647065106
1.0249389647065106
1.0249389647065106
1.026355732997341
1.026355732997341
1.0285669318698862
1.0285669318698862
1.0278934023512936
1.0278934023512936
1.0273479697696617
1.0273479697696617
1.0273479697696617
1.0273479697696617
1.0273479697696617
1.0273479697696617
1.0273479697696617
1.0273479697696617
1.0273479697696617
1.0293479130887508
1.0286729230876637
1.027644515766078
1.0294635604055262
1.0294635604055262
1.0274344810154896
1.0274344810154896
1.0274344810154896
1.0274344810154896
1.0288747060413668
1.0288747060413668
1.0288747060413668
1.0288747060413668
1.0281448192098868
1.027772097914278
1.027772097914278
1.0287671006194292
1.027612522455058
1.0268100618456064
1.0261977867902774
1.0261977867902774
1.0266330746430636
1.0266330746430636
1.0264177443846463
1.0264177443846463
1.0264177443846463
1.0264177443846463
1.0264177443846463
1.026919240196717
1.026919240196717
1.026919240196717
1.026919240196717
1.026919240196717
1.0249629228297714
1.0249629228297714
1.0283470835225772
1.0283470835225772
1.0283470835225772
1.0283470835225772
1.0283470835225772
1.029841080897259
1.029841080897259
1.0301657172719632
1.0301657172719632
1.0301657172719632
1.0301657172719632
1.0301657172719632
1.0301657172719632
1.0301657172719632
1.0301657172719632
1.0301657172719632
1.0301657172719632
1.0301657172719632
1.0301657172719632
1.0301657172719632
1.0301657172719632
1.0310117752214016
1.0310117752214016
1.0323711275876932
1.0323711275876932
1.0323711275876932
1.0323711275876932
1.0323711275876932
1.0323711275876932
1.0323711275876932
1.0322535701560045
1.0322535701560045
1.0322535701560045
1.0322535701560045
1.0322764598104779
1.0307084570284224
1.0309312242904958
1.0309312242904958
1.0301092993069287
1.0283890165448286
1.028365561836687
1.0272663506641866
1.0272663506641866
1.028765063929395
1.028765063929395
1.028765063929395
1.028765063929395
1.028685336921198
1.028685336921198
1.030053740408643
1.030053740408643
1.0296702184344992
1.0305560552411284
1.0305560552411284
1.0305560552411284
1.0329096655960222
1.031894306193195
1.031894306193195
1.0345739032881158
1.0345739032881158
1.03480327930001
1.03480327930001
1.0335997066825233
1.034639459249485
1.034639459249485
1.035065970066816
1.035065970066816
1.035065970066816
1.0364151322790696
1.0338957837003477
1.0338957837003477
1.0354418110081358
1.0349118933099744
1.0349118933099744
1.0349118933099744
1.0320528209426054
1.0320528209426054
1.0320528209426054
1.0320528209426054
1.0297928561946208
1.0312736095469615
1.0312736095469615
1.0312736095469615
1.0301880486417714
1.0301880486417714
1.0301880486417714
1.0326453145552006
1.0319845096987301
1.0319845096987301
1.0319845096987301
1.0319845096987301
1.0319845096987301
1.0322196689724163
1.0322196689724163
1.03013941562871
1.0311184714086195
1.0301622545652107
1.0303725837335929
1.0303725837335929
1.0293142102062618
1.0293142102062618
1.0293142102062618
1.0348544395651937
1.0340286745892011
1.0340286745892011
1.0340286745892011
1.034176863598331
1.034176863598331
1.0357481392737509
1.0357481392737509
1.0357481392737509
1.0357481392737509
1.0358780151359896
1.0358780151359896
1.035102473269372
1.0365986930418045
1.0365986930418045
1.0354219150513813
1.0369739145460883
1.0362310178173542
1.034841277571511
1.034841277571511
1.0329469185184248
1.0329469185184248
1.0329469185184248
1.0329469185184248
1.0323789063559536
1.0323789063559536
1.0325829746714263
1.0325829746714263
1.0325829746714263
1.0355735945530509
1.0353634147917
1.033505037947622
1.033505037947622
1.0351130331757068
1.0351130331757068
1.033213288469137
1.0330989026000363
1.035964739456381
1.035964739456381
1.035964739456381
1.0367291808342263
1.0356066063765645
1.035569453986488
1.035569453986488
1.035569453986488
1.0345288857782158
1.0345288857782158
1.0345288857782158
1.0349352104213307
1.0349352104213307
1.0349352104213307
1.0349352104213307
1.0349352104213307
1.0349352104213307
1.0349352104213307
1.032123286456586
1.0331600232871854
1.0328126632109498
1.0328126632109498
1.0328126632109498
1.0328126632109498
1.0328126632109498
1.0328126632109498
1.0328126632109498
1.033016155212372
1.033016155212372
1.033016155212372
1.033016155212372
1.033016155212372
1.0326881324511505
1.0325056305022162
1.0325056305022162
1.0329452524921858
1.0329452524921858
1.0329452524921858
1.0329452524921858
1.0336901181406797
1.030498461796157
1.030498461796157
1.030498461796157
1.030498461796157
1.0310554433397903
1.0310802324150163
1.0318229114678457
1.0318229114678457
1.0321981413183157
1.0321981413183157
1.0321981413183157
1.0321981413183157
1.03340741159406
1.03340741159406
1.03340741159406
1.03340741159406
1.03340741159406
1.0333187647729272
1.0347142744354112
1.0352055932504183
1.03034513492978
1.0325666086815568
1.031819651570453
1.0305900278854934
1.0328812853176148
1.0306305982120867
1.0306305982120867
1.0306305982120867
1.0306305982120867
1.0306305982120867
1.0308294834314489
1.0335254203120503
1.0319779121693122
1.0310742002375488
1.0331057322445956
1.0331057322445956
1.0315987137733191
1.0337653770540407
1.033243145052641
1.033243145052641
1.0318661165374086
1.0318303807548923
1.0318303807548923
1.0317924153381357
1.032250812346833
1.0316361047482123
1.0316361047482123
1.0334972920912626
1.0334972920912626
1.0334972920912626
1.0334972920912626
1.031302391099272
1.031302391099272
1.031302391099272
1.031302391099272
1.0303523233621743
1.0303145497502275
1.0303145497502275
1.0306046610324058
1.0311893011346682
1.0311893011346682
1.0311893011346682
1.0311893011346682
1.0291291913154934
1.0291291913154934
1.0291291913154934
1.0289664775745448
1.0289664775745448
1.0289664775745448
1.0289664775745448
1.0290517337900622
1.0284380460363556
1.0308614011643364
1.0331704328199416
1.0331704328199416
1.0361436413200997
1.035349008323871
1.035349008323871
1.0349309536839195
1.0349309536839195
1.0349309536839195
1.0344321927471392
1.0327196174651776
1.0327196174651776
1.0327196174651776
1.0325601619226137
1.0325759489262878
1.0325759489262878
1.0325759489262878
1.0358622221547304
1.0353171765456726
1.0353171765456726
1.0357823912632096
1.0357823912632096
1.0357823912632096
1.0321636267973238
1.0321636267973238
1.0321636267973238
1.0321636267973238
1.0321636267973238
1.0312611876865716
1.0312611876865716
1.029974006005889
1.029974006005889
1.0308726827297643
1.0319717672547215
1.0312603240319878
1.031051629882701
1.031051629882701
1.032284678675183
1.032284678675183
1.0319140569668794
1.0315067851887363
1.031168460321335
1.0327785756286756
1.0327785756286756
1.028966878205224
1.028966878205224
1.028966878205224
1.0298239114628518
1.030876702462717
1.030876702462717
1.030876702462717
1.030876702462717
1.030876702462717
1.030876702462717
1.030876702462717
1.0324075632570293
1.0315721417639905
1.0315721417639905
1.0335621755433904
1.0335621755433904
1.0335621755433904
1.0335621755433904
1.0335621755433904
1.0335621755433904
1.0335621755433904
1.0346960353206383
1.0346960353206383
1.0346960353206383
1.0346960353206383
1.0309020293885391
1.0309020293885391
1.0309020293885391
1.0309020293885391
1.0309020293885391
1.0309020293885391
1.0309020293885391
1.0309020293885391
1.028327693042094
1.028984948372901
1.028984948372901
1.0290267187402546
1.0290267187402546
1.0290903489433125
1.0290903489433125
1.0290903489433125
1.0290903489433125
1.0290903489433125
1.0323412275521904
1.0323412275521904
1.031802750568446
1.032618004317117
1.032618004317117
1.032618004317117
1.032618004317117
1.032618004317117
1.032618004317117
1.032618004317117
1.032618004317117
1.032618004317117
1.032618004317117
1.0284613724347729
1.0284613724347729
1.0284613724347729
1.0284613724347729
1.0331547853259098
1.0331547853259098
1.0337552563086463
1.0333119102491648
1.0333119102491648
1.0333119102491648
1.0314490632820734
1.0305844003406417
1.0305844003406417
1.0313252478557013
1.0313252478557013
1.0313252478557013
1.0313252478557013
1.0313252478557013
1.0313252478557013
1.0313252478557013
1.0313252478557013
1.031885367127063
1.0317942079583575
1.0317942079583575
1.0317942079583575
1.0317942079583575
1.0317942079583575
1.0317942079583575
1.0317942079583575
1.0322024946620327
1.0322024946620327
1.0322024946620327
1.0309600760598685
1.0307215257786082
1.0307215257786082
1.033928908852399
1.033928908852399
1.0343666592283627
1.035977724717081
1.0331013276746603
1.0331013276746603
1.0331013276746603
1.0326866949251503
1.0324000266852993
1.0306532221089872
1.0313089657776644
1.0313089657776644
1.0313089657776644
1.0329020093497359
1.0329020093497359
1.034490910417674
1.034926248344465
1.0339386668151553
1.0337657460940994
1.0337657460940994
1.0337657460940994
1.0337657460940994
1.0334781177646182
1.0334781177646182
1.03371576295484
1.03371576295484
1.03371576295484
1.0331014581296523
1.0331014581296523
1.0331014581296523
1.0331014581296523
1.0331014581296523
1.0331014581296523
1.0331014581296523
1.0331014581296523
1.0331014581296523
1.0331014581296523
1.0331014581296523
1.0331014581296523
1.03435855490487
1.03435855490487
1.0333892055563532
1.0320583806613615
1.0320583806613615
1.0320583806613615
1.0320583806613615
1.0320583806613615
1.0320583806613615
1.0320583806613615
1.0320583806613615
1.0320583806613615
1.031312578270969
1.0312737055036632
1.0312737055036632
1.0312737055036632
1.0312737055036632
1.0299662695189178
1.0299662695189178
1.0302600861874764
1.0302600861874764
1.0302600861874764
1.0302600861874764
1.0304526747140903
1.0300673878605042
1.0294122225237723
1.0294122225237723
1.0294122225237723
1.0279682768069742
1.0279682768069742
1.030042157149232
1.030042157149232
1.029273242866373
1.029273242866373
1.0270988683046454
1.0304097578457605
1.031134844675674
1.0288974065609429
1.0278692944489511
1.027914494847354
1.027914494847354
1.027914494847354
1.027914494847354
1.028776267221121
1.028776267221121
1.029063951858117
1.029063951858117
1.030543893882356
1.0306890267436866
1.0306890267436866
1.0293794908589216
1.0300699844074894
1.0309225980649606
1.0292534185251896
1.0292534185251896
1.0311503693162012
1.0317889114561178
1.0317889114561178
1.0302618210401016
1.0302618210401016
1.0302618210401016
1.0302618210401016
1.0315893099971747
1.0327151531476115
1.0327151531476115
1.0313141614807189
1.031151446870012
1.031151446870012
1.031151446870012
1.0294577215093554
1.0294577215093554
1.029383230344194
1.029383230344194
1.029383230344194
1.0274294342117647
1.0257930358320333
1.0259824723469457
1.0259824723469457
1.0268923003953052
1.0268923003953052
1.0268923003953052
1.0268923003953052
1.0268923003953052
1.0268923003953052
1.0268923003953052
1.0277495697439922
1.0277495697439922
1.0277495697439922
1.0277495697439922
1.0281177382872762
1.0281177382872762
1.0281177382872762
1.0281177382872762
1.0274992195536727
1.0272263617169461
1.0272263617169461
1.0272263617169461
1.0284191022179912
1.0304709190462495
1.0304709190462495
1.0304709190462495
1.0276169487345
1.0276169487345
1.0276169487345
1.027507713863455
1.027507713863455
1.027507713863455
1.027507713863455
1.027507713863455
1.0272579401712885
1.0272579401712885
1.0279585502507917
1.0276568013761935
1.0276568013761935
1.028679387340653
1.0275848465906954
1.0276440795875041
1.029159492453135
1.0269419464374203
1.0280866812421325
1.02716022623707
1.02716022623707
1.0284565641418735
1.0284565641418735
1.0284565641418735
1.0284565641418735
1.0284565641418735
1.0284565641418735
1.0275855900090873
1.0269421940777015
1.0269421940777015
1.027088513215073
1.027088513215073
1.027088513215073
1.0251277776100287
1.0251277776100287
1.0251277776100287
1.0270946915609505
1.0284826463819878
1.0296915701887495
1.0296915701887495
1.0296915701887495
1.0314775777539722
1.0314775777539722
1.0314775777539722
1.0304984797983014
1.0304984797983014
1.0312414105602963
1.0312414105602963
1.0305150027420968
1.0311846166006764
1.0311846166006764
1.0311846166006764
1.0311846166006764
1.0311846166006764
1.0311846166006764
1.0311846166006764
1.0311846166006764
1.0311846166006764
1.0318196122500283
1.0318196122500283
1.0318196122500283
1.033112402962399
1.0331207485050076
1.0331207485050076
1.0331207485050076
1.034005713066273
1.034005713066273
1.034005713066273
1.034005713066273
1.034005713066273
1.034005713066273
1.034005713066273
1.0333112628915306
1.0345006329938071
1.0335586806624255
1.0335586806624255
1.0348392183358688
1.0348392183358688
1.0348392183358688
1.035881518179296
1.0377468099578437
1.0366186201151877
1.0366186201151877
1.0357893449133975
1.0370745438206026
1.0370745438206026
1.0370745438206026
1.0370745438206026
1.03785410500358
1.03785410500358
1.0351902928416385
1.0351902928416385
1.0360005977674354
1.0360005977674354
1.0360064603671926
1.0360064603671926
1.0360064603671926
1.0360064603671926
1.0360064603671926
1.0360064603671926
1.0340381966586456
1.0358425604669077
1.0362682093263011
1.0321792359012985
1.0321792359012985
1.03257996671403
1.0344906358984107
1.0344906358984107
1.033971513356091
1.0309394065645945
1.029542326097805
1.029542326097805
1.0275083074421572
1.0272923840439996
1.0272923840439996
1.0252853431521556
1.0252853431521556
1.026922286032886
1.026922286032886
1.026922286032886
1.026922286032886
1.0269728987880236
1.0269728987880236
1.0269728987880236
1.0270358477808206
1.028754064641879
1.028754064641879
1.0283245176316662
1.0272131858895746
1.0272131858895746
1.0273249111666805
1.0273249111666805
1.0273249111666805
1.027783108288749
1.027783108288749
1.0283854502630418
1.0283854502630418
1.0284953329654174
1.0284953329654174
1.0285925720537783
1.0285925720537783
1.0285925720537783
1.0285925720537783
1.0305527962222296
1.0305527962222296
1.0305527962222296
1.0305527962222296
1.0305527962222296
1.0319008553839226
1.0319008553839226
1.0319008553839226
1.0319615274561558
1.0319615274561558
1.0307721943269883
1.0287313920712686
1.0287313920712686
1.032561972072722
1.032561972072722
1.0296158470894838
1.0296158470894838
1.028324046845696
1.028324046845696
1.028324046845696
1.0307138561229592
1.0307138561229592
1.030761143269019
1.030761143269019
1.030761143269019
1.0308503247164256
1.0308503247164256
1.0308503247164256
1.0291435530433086
1.0292478006214394
1.0292478006214394
1.0292478006214394
1.0292478006214394
1.0287203134991476
1.0283879273402006
1.0283879273402006
1.0283879273402006
1.029607996527025
1.029607996527025
1.029607996527025
1.0285697297041492
1.0285697297041492
1.0296736326862805
1.0296736326862805
1.0296736326862805
1.0296736326862805
1.0296736326862805
1.0306391548715177
1.0280393321590064
1.0280393321590064
1.0280393321590064
1.0292010655436898
1.0292010655436898
1.0292010655436898
1.0292209263936472
1.0297209049975602
1.0297209049975602
1.0297209049975602
1.029044440710924
1.029044440710924
1.029044440710924
1.029044440710924
1.029044440710924
1.029044440710924
1.029044440710924
1.029044440710924
1.029044440710924
1.029044440710924
1.029044440710924
1.029044440710924
1.029044440710924
1.029044440710924
1.028594603863965
1.0278916763478203
1.0278916763478203
1.028680032686982
1.0312485666532163
1.030954734172374
1.030954734172374
1.027972929190754
1.027972929190754
1.0274101305840893
1.0274101305840893
1.0271151814213815
1.0271151814213815
1.0271151814213815
1.0271151814213815
1.028334151024613
1.028334151024613
1.026839415976053
1.0305792311165736
1.0300734908185223
1.0300734908185223
1.0291185593372139
1.0291821898387123
1.0291821898387123
1.0291821898387123
1.0291821898387123
1.0291821898387123
1.028812426359339
1.028812426359339
1.0295277085476842
1.0310122057933058
1.031897139193109
1.031897139193109
1.031897139193109
1.031897139193109
1.031897139193109
1.031897139193109
1.031897139193109
1.0330975175725639
1.0322800284930709
1.0322800284930709
1.033046378150138
1.033046378150138
1.0338023300434087
1.032530976117359
1.032530976117359
1.03156129681798
1.03156129681798
1.03156129681798
1.03156129681798
1.03156129681798
1.03156129681798
1.0280370232736686
1.0280370232736686
1.0280370232736686
1.0280370232736686
1.0287323604520922
1.0287323604520922
1.0287323604520922
1.0292325736136014
1.0302011215193434
1.031570911950966
1.031570911950966
1.031658750410558
1.0336708053527432
1.0336708053527432
1.0336708053527432
1.0336708053527432
1.0336708053527432
1.0336708053527432
1.0336708053527432
1.0336708053527432
1.0336708053527432
1.0336708053527432
1.0336708053527432
1.0336708053527432
1.0336708053527432
1.0345600317037893
1.0352427666149722
1.0352427666149722
1.0352427666149722
1.0336606760130735
1.033963001138529
1.0337471237331302
1.0338718239558886
1.0318018326572178
1.0340625667320171
1.035336641212584
1.035336641212584
1.035336641212584
1.035336641212584
1.035336641212584
1.035336641212584
1.0340477629611844
1.0327369266342354
1.0327369266342354
1.0327369266342354
1.0345292516557911
1.0371107832590345
1.0358398082577864
1.0363077869907664
1.0363077869907664
1.035247089674906
1.0376988999936125
1.0376988999936125
1.0376988999936125
1.0376988999936125
1.0376988999936125
1.0376988999936125
1.0376988999936125
1.0376988999936125
1.0376988999936125
1.0376988999936125
1.0376988999936125
1.0376988999936125
1.0373370073160952
1.0373370073160952
1.035808819835894
1.035808819835894
1.035808819835894
1.0355055191094054
1.0338391112652607
1.0338391112652607
1.033852018979943
1.033852018979943
1.033852018979943
1.033852018979943
1.0347806613151813
1.033153849541836
1.036484322617863
1.036484322617863
1.036484322617863
1.036484322617863
1.0374396579066938
1.0388949590697523
1.0377951178059215
1.0377951178059215
1.0377951178059215
1.0377951178059215
1.0377951178059215
1.0377951178059215
1.036899807932539
1.0365427737734836
1.0365427737734836
1.035521293595307
1.035521293595307
1.0358217336073126
1.0344279016516853
1.035880795298183
1.035880795298183
1.035880795298183
1.0355367292219015
1.0339163647933898
1.0334525893501751
1.0334525893501751
1.0334525893501751
1.03212064299804
1.0312784474551955
1.0312784474551955
1.0337696576858384
1.0337696576858384
1.0339904491424068
1.0339904491424068
1.0336895175504748
1.032710143508971
1.0338551003143612
1.0338551003143612
1.0345335954742683
1.0369244563895224
1.0369244563895224
1.0369349256220362
1.036800669318506
1.036800669318506
1.036800669318506
1.036800669318506
1.036800669318506
1.0352570707301922
1.0362759194308258
1.0362759194308258
1.0362759194308258
1.0362759194308258
1.0362759194308258
1.0362759194308258
1.0362759194308258
1.0358226060601874
1.0358226060601874
1.0358226060601874
1.0358226060601874
1.0358226060601874
1.0372618248708014
1.0407833196893082
1.0393620529482541
1.0393620529482541
1.039669370334402
1.039669370334402
1.037213503120841
1.0371571637317731
1.037035634941319
1.0377259289793443
1.0377259289793443
1.0377259289793443
1.0377259289793443
1.0377259289793443
1.0377259289793443
1.0377259289793443
1.0351746881118926
1.0347735078717966
1.0364047345452752
1.0364047345452752
1.0364047345452752
1.0353125276513258
1.0353125276513258
1.0364134863458745
1.0364134863458745
1.0364134863458745
1.0364134863458745
1.0340852369271576
1.0340852369271576
1.0340852369271576
1.0331899809119944
1.0331899809119944
1.033433375105283
1.033433375105283
1.033433375105283
1.0367147714273552
1.0348335610326669
1.0348335610326669
1.0320904991555857
1.0320904991555857
1.0317549092192984
1.0317549092192984
1.0318202656633793
1.0311925700890756
1.0311925700890756
1.0311925700890756
1.0311925700890756
1.0311925700890756
1.0311925700890756
1.0311925700890756
1.0311925700890756
1.0311925700890756
1.0311925700890756
1.0311925700890756
1.029716613667188
1.0304739946695198
1.0304739946695198
1.0298567880540452
1.029840677194037
1.029840677194037
1.0291340306632635
1.0263705002390977
1.0284507155543563
1.0278653086031406
1.0278653086031406
1.0281764265552984
1.0281764265552984
1.0281764265552984
1.0281764265552984
1.0281764265552984
1.0273809518540156
1.0273809518540156
1.0273809518540156
1.0273809518540156
1.0273809518540156
1.0273809518540156
1.0262633567039472
1.0266223586927306
1.028361342239777
1.0259390457428283
1.0259390457428283
1.0259390457428283
1.027678099025423
1.0240024574357292
1.0241017623700037
1.0236641910002495
1.0236641910002495
1.0245897160365078
1.0266885936673034
1.0276110663076319
1.0276110663076319
1.0264925576814474
1.0264925576814474
1.0264925576814474
1.0242687581029106
1.0242022857174393
1.0242022857174393
1.0242022857174393
1.0242022857174393
1.0242022857174393
1.0242022857174393
1.0242022857174393
1.0242022857174393
1.0242022857174393
1.0247915138774935
1.0234544823122416
1.0234544823122416
1.0234544823122416
1.0234544823122416
1.0234122755226152
1.0234122755226152
1.0234122755226152
1.0247233006446426
1.0247233006446426
1.0247233006446426
1.0247233006446426
1.0247233006446426
1.0263799534396458
1.0263799534396458
1.0275791664163263
1.0282437569354503
1.0285377950131769
1.0286223440344278
1.0272433464060646
1.0281943175944779
1.0281943175944779
1.0281943175944779
1.0281943175944779
1.0281943175944779
1.0281943175944779
1.0281943175944779
1.0273671624201868
1.0273671624201868
1.028251583753244
1.028251583753244
1.028251583753244
1.028251583753244
1.027556430699415
1.027556430699415
1.0296625887493964
1.0296625887493964
1.0277671371865416
1.0276960732492257
1.0305644768365168
1.0305644768365168
1.0305644768365168
1.029786066941867
1.029786066941867
1.0303224179324357
1.0303224179324357
1.0303224179324357
1.0303224179324357
1.0303224179324357
1.0303224179324357
1.029131390958284
1.029131390958284
1.0284727530872104
1.028797603996666
1.028797603996666
1.0284379752714936
1.025402099266292
1.025402099266292
1.0263721911008112
1.0251799128089876
1.0251799128089876
1.0251799128089876
1.0253986210523918
1.0253986210523918
1.0242862502532044
1.027135018225838
1.026246524164482
1.026246524164482
1.0283472921810686
1.026154388857738
1.026154388857738
1.0273235432885683
1.0273235432885683
1.0267665873919325
1.0267665873919325
1.0267665873919325
1.0256396708554594
1.0256396708554594
1.0256396708554594
1.0256396708554594
1.0256396708554594
1.0256396708554594
1.0282840526726131
1.0282840526726131
1.0282840526726131
1.0282840526726131
1.0282840526726131
1.0282840526726131
1.0282840526726131
1.02794604567461
1.02794604567461
1.02794604567461
1.0266196919749537
1.0277476843705282
1.029877516510772
1.029877516510772
1.029877516510772
1.030042004032878
1.0301395319996116
1.0301395319996116
1.0301395319996116
1.0327389409106544
1.0327389409106544
1.0327389409106544
1.0306513135434168
1.0306513135434168
1.0306513135434168
1.0306513135434168
1.0306513135434168
1.0306513135434168
1.034564315292022
1.034564315292022
1.034564315292022
1.0310782832589396
1.0310782832589396
1.0310782832589396
1.0310782832589396
1.0310782832589396
1.0310782832589396
1.0310782832589396
1.0310782832589396
1.0316908934901434
1.0299916817808863
1.0292749831762962
1.0309081024622353
1.0309081024622353
1.0309081024622353
1.0309081024622353
1.0309081024622353
1.0319376404724994
1.0324693152951823
1.0324693152951823
1.0324693152951823
1.031381696867424
1.031381696867424
1.0334388889573092
1.0335664805281917
1.0335664805281917
1.0335664805281917
1.0320201404336375
1.0320201404336375
1.0315230026013593
1.0315230026013593
1.0315230026013593
1.030363725970793
1.030363725970793
1.0303206306674657
1.0303206306674657
1.0303206306674657
1.0286867506760107
1.0296723979209441
1.0296723979209441
1.0296723979209441
1.0296723979209441
1.0300768802957956
1.030580508102968
1.030580508102968
1.030279835133352
1.030279835133352
1.0289605551886145
1.031272004997457
1.031272004997457
1.0333993438395779
1.0333993438395779
1.0311790684576543
1.0311790684576543
1.0333007557750906
1.0333007557750906
1.0330096616768998
1.0323120631818312
1.0331566719604663
1.0331566719604663
1.0343120404131843
1.0343120404131843
1.0338111420116665
1.0315118516321162
1.0315118516321162
1.0315118516321162
1.0293356227451218
1.0300498332309223
1.0300498332309223
1.0297348228485463
1.0297348228485463
1.0297348228485463
1.0297348228485463
1.0304225296711675
1.0304225296711675
1.0304225296711675
1.0304225296711675
1.0304225296711675
1.0304225296711675
1.0302554328188278
1.0302554328188278
1.0302554328188278
1.030431455639096
1.030431455639096
1.0295276619175695
1.0295276619175695
1.0307267545774526
1.032161921002668
1.032161921002668
1.032161921002668
1.032161921002668
1.032161921002668
1.032161921002668
1.031970788824618
1.031970788824618
1.031970788824618
1.028575502406262
1.028575502406262
1.0273278806652948
1.0273278806652948
1.0287507903838269
1.0287507903838269
1.0287507903838269
1.0288317532108677
1.0281501702288305
1.0281501702288305
1.0281501702288305
1.0279028951198494
1.0279028951198494
1.0279028951198494
1.0279028951198494
1.0279028951198494
1.028636730394375
1.027733564270755
1.0289825184201586
1.0294697192784537
1.0268092025474191
1.028171496913218
1.0286943818784062
1.0286943818784062
1.0286943818784062
1.030875690750325
1.0287865953769633
1.028727611724918
1.028727611724918
1.028727611724918
1.0297319765473343
1.0297319765473343
1.0293995878547604
1.0293995878547604
1.0293995878547604
1.0293995878547604
1.0313913275208642
1.0329851073662308
1.032401520240462
1.032401520240462
1.032401520240462
1.0328456910030142
1.0328456910030142
1.0328456910030142
1.0333160354911946
1.0333160354911946
1.0333160354911946
1.0333160354911946
1.0333160354911946
1.0333160354911946
1.0333160354911946
1.0333160354911946
1.0333160354911946
1.0333160354911946
1.0333160354911946
1.0333160354911946
1.0333160354911946
1.0326249856830065
1.0326249856830065
1.0326249856830065
1.0301668155128978
1.0301668155128978
1.030222713174101
1.030222713174101
1.030222713174101
1.027136189857218
1.027136189857218
1.027136189857218
1.0274556274625228
1.0274556274625228
1.0308463505621819
1.0318345311941064
1.0322273975194105
1.0322273975194105
1.0325727838466114
1.0325727838466114
1.0325727838466114
1.0315456174017974
1.0337210473102298
1.0332103156004886
1.0332103156004886
1.031603224305677
1.031603224305677
1.030635312577489
1.030635312577489
1.030635312577489
1.030635312577489
1.030635312577489
1.0301727348553489
1.0301727348553489
1.0301727348553489
1.0301727348553489
1.0298016843481652
1.0298016843481652
1.0298016843481652
1.0314998048122965
1.0307378426413047
1.0307378426413047
1.0307378426413047
1.0304072624703937
1.0326849841962142
1.0326849841962142
1.0326849841962142
1.0326849841962142
1.0326849841962142
1.0337405070295578
1.0337405070295578
1.0335978929270238
1.0335978929270238
1.0340232248065881
1.0331069570278097
1.033759629821073
1.033759629821073
1.0329724944363965
1.0329724944363965
1.0329724944363965
1.0324041240875523
1.0324041240875523
1.0340413764283471
1.0332908336479993
1.0326089510852299
1.0292879718831047
1.0292879718831047
1.0292879718831047
1.0292879718831047
1.0292879718831047
1.0292879718831047
1.0292879718831047
1.0299059104422887
1.0299059104422887
1.0297067104044229
1.0297067104044229
1.0275879166313775
1.0248858271255366
1.0260124446217054
1.0260124446217054
1.0260124446217054
1.0260124446217054
1.0260124446217054
1.0260124446217054
1.0260124446217054
1.0260124446217054
1.0260124446217054
1.0268381785533516
1.026894820938322
1.026894820938322
1.0263707180521118
1.0263707180521118
1.0263707180521118
1.0263707180521118
1.0263707180521118
1.0263707180521118
1.0263707180521118
1.0263707180521118
1.0263707180521118
1.0264782415081486
1.025145015838979
1.025145015838979
1.0251437067023454
1.0264064636198267
1.027548861421643
1.027548861421643
1.027548861421643
1.026243537341186
1.026068229485799
1.0275326712486963
1.0275326712486963
1.0291423508428759
1.0291423508428759
1.0282446901605402
1.0270101957353068
1.0289616400131847
1.0289616400131847
1.0309543021474012
1.0309543021474012
1.0309543021474012
1.030839702142446
1.0311741472398062
1.0311741472398062
1.0332873914864575
1.0334027168068607
1.0334027168068607
1.0334027168068607
1.031355591737092
1.031355591737092
1.031355591737092
1.0343773663057418
1.0364277126617254
1.0364277126617254
1.034186103913681
1.034186103913681
1.034186103913681
1.032559481775763
1.032559481775763
1.032559481775763
1.032559481775763
1.032559481775763
1.032559481775763
1.0338635718675055
1.0338635718675055
1.0338635718675055
1.0338635718675055
1.032977188636125
1.032977188636125
1.032977188636125
1.033104633741522
1.0327266524271959
1.0327266524271959
1.0327266524271959
1.0304297192749394
1.0304297192749394
1.0304297192749394
1.0312597936244317
1.0312597936244317
1.0299903963231969
1.0299903963231969
1.029814154466686
1.029814154466686
1.030320138273094
1.030320138273094
1.030320138273094
1.030320138273094
1.030320138273094
1.030320138273094
1.030320138273094
1.030320138273094
1.030320138273094
1.031328305280272
1.031328305280272
1.0334167910920427
1.0334167910920427
1.0327210849008175
1.0327210849008175
1.0312911685607271
1.0312911685607271
1.0312911685607271
1.0312911685607271
1.0312911685607271
1.0312911685607271
1.0319451560249469
1.0319451560249469
1.0319451560249469
1.0319451560249469
1.0319451560249469
1.0319451560249469
1.0319451560249469
1.0319451560249469
1.0319451560249469
1.0319451560249469
1.0319451560249469
1.0314845678173739
1.0299180559083811
1.0277053095728288
1.028033929266141
1.0319002426765447
1.0319002426765447
1.0319002426765447
1.0319002426765447
1.0319002426765447
1.0319002426765447
1.0319002426765447
1.031698610854035
1.031698610854035
1.0312319857164054
1.0312319857164054
1.0345337944149227
1.0327928236241126
1.0321636065798865
1.0321636065798865
1.0321636065798865
1.0321636065798865
1.0320241890245934
1.0320241890245934
1.0320241890245934
1.0320241890245934
1.0330688774919627
1.0357039169475681
1.0357039169475681
1.0357039169475681
1.0357039169475681
1.0357039169475681
1.034046527007994
1.034046527007994
1.034046527007994
1.0332186058746406
1.0332186058746406
1.0314786774203648
1.0314786774203648
1.0308975699838228
1.0337822680700657
1.0337822680700657
1.0331108244776106
1.0331108244776106
1.0331108244776106
1.0331108244776106
1.0331108244776106
1.0331108244776106
1.0334387462199275
1.0334387462199275
1.0334387462199275
1.032340969853837
1.032340969853837
1.032340969853837
1.0310483281107152
1.029712083048799
1.029125852505034
1.029125852505034
1.029125852505034
1.029125852505034
1.028113190837369
1.0299360088871243
1.0302026382095064
1.0302026382095064
1.0302026382095064
1.0310481847259252
1.0296293295362564
1.0296293295362564
1.0296293295362564
1.0296293295362564
1.0296293295362564
1.0296293295362564
1.0285316684461445
1.0288135440554582
1.0288135440554582
1.0288135440554582
1.0288135440554582
1.0288135440554582
1.0288135440554582
1.0288135440554582
1.0307479346866018
1.0307479346866018
1.030905123408663
1.0305935305774316
1.0305935305774316
1.0305935305774316
1.03153755508535
1.0294125682635957
1.0294125682635957
1.0294125682635957
1.0322708557715758
1.0322708557715758
1.0322708557715758
1.0346486568204765
1.0346486568204765
1.0346486568204765
1.0342432575571723
1.0342432575571723
1.0358872531528294
1.0358872531528294
1.0356874507072686
1.034936153792915
1.034936153792915
1.037351695724232
1.037351695724232
1.0372986286416375
1.0357682799587389
1.0357682799587389
1.03600126369662
1.0333222680522731
1.0335917354322663
1.0335917354322663
1.0335917354322663
1.0335917354322663
1.0335917354322663
1.035228298740476
1.035228298740476
1.0355276714700876
1.0355276714700876
1.0345546535804169
1.0345546535804169
1.0328268378157146
1.0328268378157146
1.032505515136291
1.0289774478325493
1.0309989898285703
1.03211514419032
1.0327611533709056
1.0327611533709056
1.031317119831938
1.0316822172183664
1.0321054428607244
1.0321054428607244
1.0321054428607244
1.0321054428607244
1.031765749773991
1.032093351828726
1.0348697281336747
1.0348697281336747
1.0347986568806737
1.0347986568806737
1.0354178451048295
1.0354292430837673
1.0354292430837673
1.0346419900078865
1.0338832312817454
1.0338145377089316
1.0321215025096642
1.032145063057292
1.0319038687630921
1.0329439534814993
1.0328163060869122
1.0328163060869122
1.0328163060869122
1.0328163060869122
1.0328163060869122
1.0328163060869122
1.0328163060869122
1.0328163060869122
1.0316560715839926
1.0295789925150305
1.0292707676034505
1.0292707676034505
1.0292707676034505
1.0292707676034505
1.0292707676034505
1.0292707676034505
1.0292707676034505
1.0254460987817684
1.0254460987817684
1.0273168669880737
1.0273168669880737
1.0273168669880737
1.0282854765981142
1.0291625892583476
1.0295366566518822
1.0295366566518822
1.0296137503448304
1.0296137503448304
1.0296137503448304
1.0296137503448304
1.0296137503448304
1.0296137503448304
1.0296137503448304
1.0296137503448304
1.0296137503448304
1.0296137503448304
1.029177616258322
1.029177616258322
1.0271488610883577
1.0271488610883577
1.0271488610883577
1.0271488610883577
1.0267929896358352
1.0267929896358352
1.0243447311678637
1.025501923969894
1.0282293334048918
1.0263371476548306
1.0263371476548306
1.0263371476548306
1.0263371476548306
1.0263371476548306
1.0263371476548306
1.026247221541108
1.0260071846299907
1.0260071846299907
1.0260071846299907
1.0260071846299907
1.0260071846299907
1.0260071846299907
1.0273851332391915
1.0273851332391915
1.0273851332391915
1.0273851332391915
1.0273851332391915
1.0278865221825038
1.0278865221825038
1.02779653415475
1.02779653415475
1.02779653415475
1.0298291712855172
1.0282498080296296
1.0282498080296296
1.0287933689462028
1.0287933689462028
1.0277090554351784
1.0277090554351784
1.0277090554351784
1.028027754080477
1.028027754080477
1.028027754080477
1.028027754080477
1.028027754080477
1.028027754080477
1.028027754080477
1.028027754080477
1.028027754080477
1.028027754080477
1.027447974343384
1.03067417852241
1.03067417852241
1.027909622136396
1.027909622136396
1.0294079241001646
1.0272468296811172
1.0267575970194849
1.0267575970194849
1.0269968899248823
1.0269968899248823
1.0269968899248823
1.0299363308936824
1.0299363308936824
1.0299363308936824
1.0299363308936824
1.0299363308936824
1.0299363308936824
1.0299363308936824
1.0299363308936824
1.0293727546033722
1.0293727546033722
1.0293727546033722
1.0308643733659488
1.0308643733659488
1.0308643733659488
1.0322234077955297
1.0322234077955297
1.030840754037345
1.030840754037345
1.031458495456958
1.0304500758869317
1.0304500758869317
1.0327124751323964
1.0334645938127864
1.0333532120539013
1.0333532120539013
1.0333532120539013
1.0318188909709294
1.0318188909709294
1.0313055604728714
1.032908741080662
1.0319394123755694
1.0319240246938266
1.0337060335359305
1.0308022265828622
1.0336682325304136
1.0289757250319613
1.0297416901716185
1.0297416901716185
1.0297416901716185
1.0304879844784323
1.0304879844784323
1.0304879844784323
1.0324747020607616
1.0324747020607616
1.0323829049751911
1.0309090099668838
1.0309090099668838
1.0309090099668838
1.0320064294347076
1.0320064294347076
1.0320064294347076
1.0320064294347076
1.0320064294347076
1.0320064294347076
1.033347542146696
1.033347542146696
1.033347542146696
1.033347542146696
1.033347542146696
1.033347542146696
1.0328122809771503
1.0328122809771503
1.0328122809771503
1.0328122809771503
1.0341087431277605
1.0341087431277605
1.0323887216878744
1.0318974002411523
1.0318974002411523
1.0297664465598368
1.0303768489512093
1.0334618157787385
1.029701771119358
1.029701771119358
1.029701771119358
1.029701771119358
1.0317549191124264
1.0317549191124264
1.0317549191124264
1.0317549191124264
1.0317549191124264
1.0354525244056692
1.0354525244056692
1.0357379685920833
1.0357222922742662
1.0352556254799379
1.0352556254799379
1.0352556254799379
1.0353239091821225
1.0353239091821225
1.032831381322591
1.032831381322591
1.0335051707303209
1.0335051707303209
1.0335051707303209
1.0335051707303209
1.0335051707303209
1.0323115950572204
1.0323115950572204
1.0323115950572204
1.0320190143701478
1.032002810330292
1.0321844706241674
1.0323486560120354
1.0307695229910658
1.029213751432724
1.029213751432724
1.0272878964115082
1.0272878964115082
1.0272878964115082
1.0272878964115082
1.0272878964115082
1.0272878964115082
1.0272878964115082
1.0261078301373932
1.0261078301373932
1.0261078301373932
1.0261078301373932
1.0261078301373932
1.0251743871281513
1.0271662685272107
1.0264212207900718
1.0271378854269664
1.0280381176663962
1.0280381176663962
1.0280381176663962
1.0292523368873412
1.0292523368873412
1.028551594987699
1.0271727670605997
1.0271727670605997
1.0259491896696535
1.0259491896696535
1.0259491896696535
1.0259491896696535
1.0259491896696535
1.0259491896696535
1.0259491896696535
1.0272101849017148
1.0272101849017148
1.0272101849017148
1.0256012791709097
1.02481799795392
1.023553194981622
1.023553194981622
1.023553194981622
1.023553194981622
1.0238828765196937
1.0238828765196937
1.0265931202711756
1.0247541534540243
1.0260627659606092
1.0255946371184235
1.0255946371184235
1.0257635641997551
1.0258932692424305
1.02401778987271
1.02401778987271
1.0245533233148285
1.026603276092616
1.026603276092616
1.026603276092616
1.026527649090758
1.026527649090758
1.026527649090758
1.0273278507090748
1.0273278507090748
1.0265960496266802
1.0265960496266802
1.0265960496266802
1.0277709896529792
1.0277709896529792
1.0277709896529792
1.027724939484212
1.0291792260863404
1.0282465458893106
1.0295178503970108
1.0301350569877075
1.0301350569877075
1.0301350569877075
1.0301350569877075
1.0289431897640418
1.0289431897640418
1.0289431897640418
1.0307065905736894
1.029210864477892
1.029210864477892
1.029210864477892
1.029210864477892
1.029210864477892
1.0276598909097614
1.0276598909097614
1.025862179764557
1.0259904853305817
1.0259904853305817
1.0273377531569408
1.0273377531569408
1.0273377531569408
1.0256890102133058
1.0271824109214196
1.0276480730068058
1.0276480730068058
1.0276858498229966
1.0276858498229966
1.0276858498229966
1.0271726985247616
1.0271726985247616
1.0271726985247616
1.0271726985247616
1.0271726985247616
1.0264693165445253
1.0264693165445253
1.0264693165445253
1.0264693165445253
1.025096756139439
1.025096756139439
1.023467816177474
1.023467816177474
1.023467816177474
1.023467816177474
1.023467816177474
1.023467816177474
1.023467816177474
1.023467816177474
1.0253660094984058
1.026458738660732
1.0265189839342936
1.0275726602909483
1.0275726602909483
1.0275726602909483
1.0252856589958288
1.0254756133359626
1.0254756133359626
1.0254756133359626
1.0254756133359626
1.0254756133359626
1.0251916091959958
1.0251916091959958
1.0251916091959958
1.0279421381430776
1.0279421381430776
1.0279421381430776
1.0279421381430776
1.0279421381430776
1.0279421381430776
1.0279421381430776
1.026628524002395
1.0266852463543152
1.0285630665843015
1.0285630665843015
1.0285630665843015
1.0285630665843015
1.0293171898792164
1.0293171898792164
1.0293171898792164
1.028889795078733
1.028889795078733
1.029181715414062
1.029181715414062
1.029181715414062
1.029181715414062
1.0299061486872256
1.029191771277369
1.029191771277369
1.029191771277369
1.029191771277369
1.029191771277369
1.0294569504227413
1.0294569504227413
1.0294569504227413
1.0290444933415555
1.0290444933415555
1.0287706458126238
1.0269975408727054
1.0273309965961939
1.0265510054066367
1.0254483102713634
1.0254483102713634
1.025551265875571
1.025551265875571
