1.1368250862147893
1.1368250862147893
1.1368250862147893
1.1368250862147893
1.1368250862147893
1.1368250862147893
1.1368250862147893
1.1368250862147893
1.1368250862147893
1.1368250862147893
1.1368250862147893
1.1368250862147893
1.1368250862147893
1.1368250862147893
1.1368250862147893
1.1368250862147893
1.1368250862147893
1.1368250862147893
1.1368250862147893
1.1368250862147893
1.1368250862147893
1.1368250862147893
1.1368250862147893
1.1368250862147893
1.1368250862147893
1.1368250862147893
1.1368250862147893
1.1368250862147893
1.1368250862147893
1.1368250862147893
1.1368250862147893
1.1368250862147893
1.1368250862147893
1.1368250862147893
1.1368250862147893
1.1368250862147893
1.1368250862147893
1.1368250862147893
1.1368250862147893
1.1368250862147893
1.1368250862147893
1.1368250862147893
1.1368250862147893
1.1368250862147893
1.1368250862147893
1.1368250862147893
1.1368250862147893
1.1368250862147893
1.1368250862147893
1.1368250862147893
1.1368250862147893
1.1368250862147893
1.1368250862147893
1.1368250862147893
1.1368250862147893
1.1368250862147893
1.1368250862147893
1.1368250862147893
1.1368250862147893
1.1368250862147893
1.1368250862147893
1.1368250862147893
1.1368250862147893
1.1368250862147893
1.1368250862147893
1.1368250862147893
1.1368250862147893
1.1368250862147893
1.1368250862147893
1.1368250862147893
1.1368250862147893
1.1368250862147893
1.1368250862147893
1.1368250862147893
1.1368250862147893
1.1368250862147893
1.1368250862147893
1.1368250862147893
1.1368250862147893
1.1368250862147893
1.1368250862147893
1.1368250862147893
1.1368250862147893
1.1368250862147893
1.1368250862147893
1.1368250862147893
1.1368250862147893
1.1368250862147893
1.1368250862147893
1.1368250862147893
1.1368250862147893
1.1368250862147893
1.1368250862147893
1.1368250862147893
1.1368250862147893
1.1368250862147893
1.1368250862147893
1.1368250862147893
1.1368250862147893
1.1368250862147893
1.1365077080757664
1.1340551551895384
1.1340551551895384
1.1340551551895384
1.132965160263708
1.1310976772818198
1.1310976772818198
1.1310976772818198
1.1310976772818198
1.1310335147992745
1.1259301904444299
1.1259301904444299
1.1259301904444299
1.1259301904444299
1.1217136589276409
1.1217136589276409
1.1215074632409578
1.1215074632409578
1.1146002088434286
1.1127909714490227
1.1127909714490227
1.1083017734290361
1.100332489864215
1.100332489864215
1.100332489864215
1.0972899115732877
1.0972899115732877
1.0972899115732877
1.0972899115732877
1.0961168470072222
1.0961168470072222
1.0961168470072222
1.0899684481718892
1.0874046841499014
1.087085037839922
1.087085037839922
1.087085037839922
1.0840892756499934
1.084994425481402
1.079687952913612
1.079687952913612
1.079687952913612
1.076918048783021
1.0712898550678172
1.0712898550678172
1.064504963609697
1.064504963609697
1.064504963609697
1.0623238715359595
1.0623238715359595
1.0589244234965118
1.0590284460444783
1.0571290329145626
1.0571290329145626
1.0544852857227471
1.0544852857227471
1.0530741919482998
1.0526521041907035
1.0502321731521318
1.0502321731521318
1.0495546636824726
1.0495546636824726
1.0495546636824726
1.0473620345409096
1.043647867830218
1.0433600564260612
1.0404329051772119
1.0405185048755436
1.0402298540740569
1.041038926090385
1.038770699830486
1.038770699830486
1.0372710145323458
1.0372710145323458
1.0335473158578616
1.0335473158578616
1.0335473158578616
1.0335473158578616
1.0335473158578616
1.0335473158578616
1.031466606404192
1.0287862691861838
1.0287862691861838
1.0278692816959418
1.0297784809177024
1.0297784809177024
1.0297784809177024
1.0297784809177024
1.030105659511512
1.030105659511512
1.0282723247198646
1.028220719252515
1.0292906244394289
1.0292906244394289
1.02946628982464
1.02946628982464
1.0292153603046008
1.0292153603046008
1.0295550471071235
1.0295550471071235
1.0305689742031723
1.0305689742031723
1.0305689742031723
1.0305689742031723
1.0274030985688285
1.0274030985688285
1.0266568955877728
1.0256444967753522
1.0248096385275673
1.0248096385275673
1.0249518004335363
1.0249518004335363
1.0260628882523313
1.0257590762388982
1.0213159330706243
1.0234292557240847
1.0234292557240847
1.0234292557240847
1.0234292557240847
1.0234292557240847
1.0219685328750405
1.02314645754309
1.02314645754309
1.02314645754309
1.02314645754309
1.0264608081206246
1.0264608081206246
1.0285747617304963
1.0285747617304963
1.0285747617304963
1.0292437497846376
1.0310565846081883
1.0310565846081883
1.0310565846081883
1.0310565846081883
1.031496614936323
1.031496614936323
1.031496614936323
1.03080605438521
1.03080605438521
1.03080605438521
1.03080605438521
1.03080605438521
1.03080605438521
1.03080605438521
1.0312692282853142
1.0283487905243198
1.0311994185201854
1.0311994185201854
1.0311994185201854
1.0325682200805626
1.0325682200805626
1.0325682200805626
1.0310857366060189
1.0310857366060189
1.0310857366060189
1.0310857366060189
1.0310857366060189
1.0310857366060189
1.0310857366060189
1.0304484767266349
1.0304484767266349
1.0304484767266349
1.0304484767266349
1.0304484767266349
1.0325181136104467
1.032279514157126
1.0315313787144471
1.0315313787144471
1.0315313787144471
1.0314618887787625
1.0306579753627836
1.0306579753627836
1.0306579753627836
1.030498194133136
1.0328411972588545
1.0328411972588545
1.0336466874663142
1.030488903449196
1.030488903449196
1.030488903449196
1.027570147649617
1.027570147649617
1.027570147649617
1.027570147649617
1.0246327336422703
1.025954150867526
1.0268465977522705
1.0268465977522705
1.0268465977522705
1.0270763681774677
1.0270763681774677
1.0270763681774677
1.0270763681774677
1.0270763681774677
1.0270763681774677
1.0270763681774677
1.0270763681774677
1.0270763681774677
1.0270763681774677
1.0270763681774677
1.0270763681774677
1.023042990985304
1.0250659633762147
1.023700643420908
1.023700643420908
1.023700643420908
1.0241469472310314
1.0241469472310314
1.02641146357614
1.0288891657857249
1.0288891657857249
1.0288891657857249
1.0288891657857249
1.028852314679805
1.028436572521596
1.0294290655329077
1.0294290655329077
1.0286930380908832
1.0286930380908832
1.0270939994042179
1.0270939994042179
1.026958993748589
1.026958993748589
1.026958993748589
1.026958993748589
1.0249664331870967
1.0249664331870967
1.0235573816081216
1.0247255708283927
1.0277373580325129
1.0287625455616727
1.0287625455616727
1.0303945784336517
1.0303945784336517
1.0303945784336517
1.0291429050325436
1.0291429050325436
1.0291429050325436
1.0291429050325436
1.0287156691345982
1.0287156691345982
1.029753583288182
1.029753583288182
1.0295817085166088
1.0272154401379336
1.0272154401379336
1.0272154401379336
1.0285212314310963
1.0285212314310963
1.0282887942924572
1.0286823256082345
1.0277194663886349
1.0277194663886349
1.0277194663886349
1.0277194663886349
1.0287110930642753
1.0287110930642753
1.0313507013772751
1.0313507013772751
1.0313507013772751
1.0313507013772751
1.0313507013772751
1.0313507013772751
1.0313507013772751
1.0313507013772751
1.0313507013772751
1.0313507013772751
1.0313507013772751
1.0313507013772751
1.0313507013772751
1.0313507013772751
1.0313507013772751
1.0313507013772751
1.0312766298853635
1.0309659636987758
1.032088115800849
1.032088115800849
1.0320120912336022
1.0320120912336022
1.031344741492262
1.031344741492262
1.032317122923983
1.032317122923983
1.032317122923983
1.0326135393580602
1.0326135393580602
1.0326135393580602
1.0326135393580602
1.0330511591034972
1.0330511591034972
1.0330511591034972
1.0330511591034972
1.0330511591034972
1.0330511591034972
1.0330511591034972
1.0330511591034972
1.0330511591034972
1.0310997117507719
1.0310997117507719
1.0310997117507719
1.0310997117507719
1.0310997117507719
1.0310997117507719
1.0310997117507719
1.0310997117507719
1.0310997117507719
1.0298447134722877
1.0298447134722877
1.0301888445150067
1.0301888445150067
1.0301888445150067
1.0301888445150067
1.0305792907082134
1.0323572627530153
1.033340786159355
1.033340786159355
1.033340786159355
1.033340786159355
1.033340786159355
1.033340786159355
1.033340786159355
1.033340786159355
1.033340786159355
1.0359798959886726
1.0337367950905805
1.0337367950905805
1.036490884483662
1.036490884483662
1.037015284584546
1.0312010148301394
1.0312010148301394
1.0312010148301394
1.0312010148301394
1.0312010148301394
1.0312370720303194
1.0312370720303194
1.0353144034175037
1.0353144034175037
1.0353144034175037
1.0353144034175037
1.0353144034175037
1.032664563817987
1.0352665984078777
1.0352665984078777
1.0352665984078777
1.0352665984078777
1.0352665984078777
1.0350752390265405
1.0334470934579931
1.0334470934579931
1.0334470934579931
1.0334470934579931
1.0325592620942177
1.0325592620942177
1.0329823796573305
1.0329823796573305
1.0332817598817365
1.0332817598817365
1.0332817598817365
1.0334426757644475
1.0334426757644475
1.0334426757644475
1.0314178061813701
1.0314178061813701
1.0337750917217734
1.0337750917217734
1.0333446452078872
1.0333446452078872
1.0333446452078872
1.0305350953601018
1.0299055900442762
1.0299055900442762
1.0299055900442762
1.0299055900442762
1.0299055900442762
1.0299055900442762
1.0289979807542058
1.0289979807542058
1.0290024871212122
1.0290024871212122
1.0290024871212122
1.0281219188457142
1.0296027505895267
1.0296027505895267
1.0296027505895267
1.03095358149781
1.0311079969267174
1.0311079969267174
1.0296492439217069
1.0296492439217069
1.0296492439217069
1.0296492439217069
1.0302705925089972
1.0302705925089972
1.0285929444577488
1.0303295230744447
1.0303295230744447
1.0322216620121403
1.0322216620121403
1.0322216620121403
1.0336104206342978
1.0336104206342978
1.0329816047971712
1.0339465739663987
1.0339465739663987
1.0339465739663987
1.0347234457665737
1.0347234457665737
1.0341274351461007
1.0341274351461007
1.0338620116809174
1.0341117450886246
1.0337564838475206
1.033377003543341
1.033377003543341
1.033377003543341
1.033377003543341
1.033377003543341
1.0318966120811752
1.0318966120811752
1.0318966120811752
1.0322597737125638
1.0322597737125638
1.0322597737125638
1.0322597737125638
1.0322597737125638
1.0322597737125638
1.0300686613222345
1.0300686613222345
1.0305613277165626
1.0305613277165626
1.0305613277165626
1.0305613277165626
1.0305613277165626
1.0305613277165626
1.0305613277165626
1.0284509818187701
1.0284509818187701
1.0288141397999795
1.0287755074674514
1.0287755074674514
1.0287104110904575
1.0287104110904575
1.0264639438762493
1.0273412978417602
1.0273412978417602
1.0273412978417602
1.0273412978417602
1.0277772477221765
1.0306809818794271
1.030852813747092
1.0295913137560064
1.0295913137560064
1.0279124059934677
1.0279124059934677
1.0279124059934677
1.0279124059934677
1.0303557728530048
1.029991205466394
1.029991205466394
1.0286347576765276
1.0286347576765276
1.030991818778419
1.030991818778419
1.0301666591767078
1.0301666591767078
1.0301666591767078
1.0301666591767078
1.0301666591767078
1.0301666591767078
1.0301666591767078
1.0301666591767078
1.0301666591767078
1.0253737170936554
1.0265143922778364
1.0265143922778364
1.0265143922778364
1.0274637666945479
1.0284919015915048
1.0284919015915048
1.0274586196936866
1.0274586196936866
1.0274586196936866
1.0255733154169246
1.0255733154169246
1.0255733154169246
1.0279450248305808
1.0279450248305808
1.027660592000783
1.027660592000783
1.027660592000783
1.027660592000783
1.027660592000783
1.027660592000783
1.027660592000783
1.0285102433913382
1.0277186742944475
1.0259297194596204
1.0259297194596204
1.0257288960704025
1.025453282756702
1.0277968475389962
1.0277968475389962
1.0277968475389962
1.0277968475389962
1.0264267815566746
1.0264350212732973
1.0272291456104095
1.0272291456104095
1.0272291456104095
1.02947861661023
1.02947861661023
1.02947861661023
1.0300327319360485
1.0300327319360485
1.0300327319360485
1.0300327319360485
1.0300327319360485
1.0300327319360485
1.0300327319360485
1.0300327319360485
1.0300327319360485
1.0300327319360485
1.0303898721422915
1.03003103678551
1.03003103678551
1.0312377790706309
1.0297223658915984
1.0297223658915984
1.0297223658915984
1.0297223658915984
1.0285486849265901
1.0312794049915914
1.0312794049915914
1.0298302228696357
1.031761803801448
1.031761803801448
1.031761803801448
1.031761803801448
1.031761803801448
1.031761803801448
1.0299757705397679
1.0299757705397679
1.0299757705397679
1.0299757705397679
1.0328969657598464
1.0312808097134343
1.0312808097134343
1.0316819041513459
1.0291042234398498
1.0300277624179957
1.0300277624179957
1.0300277624179957
1.0312594245403746
1.0322102610110382
1.0322102610110382
1.0322102610110382
1.0322102610110382
1.0322102610110382
1.031357146580166
1.0307691077748875
1.0307691077748875
1.0307691077748875
1.0307691077748875
1.0307691077748875
1.0284729341199046
1.0284729341199046
1.0284729341199046
1.029485928606823
1.0305809564689878
1.0312922196237853
1.0312922196237853
1.0318329816852159
1.0318329816852159
1.030289047022937
1.0326484375345184
1.0326484375345184
1.0326484375345184
1.0294993949359164
1.0263769937979303
1.0263769937979303
1.0263769937979303
1.025196844803216
1.025196844803216
1.027418481304307
1.027418481304307
1.0281872828411087
1.0281872828411087
1.0281872828411087
1.0275993019593326
1.0275993019593326
1.02673931564473
1.0268174478212257
1.0268490273869673
1.0268490273869673
1.0268490273869673
1.0268490273869673
1.0268490273869673
1.0293974424857082
1.0293974424857082
1.0288358860098095
1.0288358860098095
1.0302650209605058
1.0311251381709998
1.0311251381709998
1.0284358992784912
1.0284358992784912
1.0284358992784912
1.0269482275177797
1.028421941895249
1.028421941895249
1.029220453143682
1.029220453143682
1.0294504123588497
1.0294504123588497
1.0294504123588497
1.0284026557022021
1.025570212158538
1.024740192384087
1.024740192384087
1.024740192384087
1.0254979969861624
1.0254979969861624
1.0238640720186685
1.0238640720186685
1.0242783123576968
1.0242783123576968
1.0243202821280328
1.0243202821280328
1.0243202821280328
1.0244796123521345
1.0244796123521345
1.0247927066250988
1.0247927066250988
1.0247927066250988
1.0247927066250988
1.0236630396322848
1.0249870164876493
1.0270114782142827
1.030336024642064
1.0285009326347572
1.0286968415995867
1.0286968415995867
1.0286968415995867
1.0277810754469656
1.0277810754469656
1.0280324236318452
1.027159096312435
1.03173402096938
1.03173402096938
1.03173402096938
1.03173402096938
1.03173402096938
1.03173402096938
1.03173402096938
1.03173402096938
1.03173402096938
1.0315825807388372
1.0315825807388372
1.0315825807388372
1.0315825807388372
1.0315825807388372
1.0315825807388372
1.0315825807388372
1.0315825807388372
1.0315825807388372
1.0315825807388372
1.0315825807388372
1.0314491048935097
1.0314491048935097
1.0314491048935097
1.0314491048935097
1.0314491048935097
1.0314491048935097
1.0314491048935097
1.0329631673552087
1.0329631673552087
1.0329631673552087
1.0329631673552087
1.0329631673552087
1.0311260902967594
1.0311260902967594
1.0314409018466781
1.0314409018466781
1.0336319107738212
1.0336319107738212
1.0336319107738212
1.0336319107738212
1.0336319107738212
1.0336319107738212
1.0336319107738212
1.0336319107738212
1.0336319107738212
1.035069621264909
1.0355429759470265
1.0355429759470265
1.0331052183734104
1.0331052183734104
1.0331052183734104
1.0365047360464785
1.0379385663123597
1.0379385663123597
1.0379385663123597
1.0379385663123597
1.0379385663123597
1.0379385663123597
1.0369737848502616
1.0369737848502616
1.0341958224766972
1.0353955082147683
1.0353955082147683
1.0349951501463863
1.0360773089332111
1.0355267493835167
1.0343590715347917
1.0342097733807805
1.0340478446134782
1.0301193661973655
1.0301193661973655
1.0279795388508635
1.0302381798341997
1.0302381798341997
1.028323579831342
1.0324578496123247
1.0350174206203637
1.0350174206203637
1.0361209800917344
1.0361209800917344
1.0361209800917344
1.0361209800917344
1.0363599572941875
1.0363599572941875
1.0363599572941875
1.0370005865454464
1.0343872717988059
1.0344596397254253
1.0348325208205127
1.0348325208205127
1.0348325208205127
1.0348325208205127
1.0348325208205127
1.034864318987884
1.034864318987884
1.034864318987884
1.0345233972737216
1.0345233972737216
1.033275859208571
1.033275859208571
1.0334984948640897
1.0334984948640897
1.0334984948640897
1.0349646970867188
1.0349646970867188
1.03916555763935
1.03916555763935
1.0345348988642682
1.0345348988642682
1.0354580412780632
1.0354580412780632
1.0354580412780632
1.0354580412780632
1.0354580412780632
1.0354580412780632
1.0354580412780632
1.0354580412780632
1.0354580412780632
1.0354580412780632
1.0348508427306378
1.0348508427306378
1.0348508427306378
1.0348508427306378
1.0348508427306378
1.0348508427306378
1.0348508427306378
1.0348508427306378
1.0379116740843055
1.0379356149526142
1.0379356149526142
1.0379356149526142
1.0379356149526142
1.038241785994797
1.0368389867345102
1.0368389867345102
1.0368389867345102
1.0368389867345102
1.0368389867345102
1.0368389867345102
1.0368389867345102
1.0361276754142528
1.0361276754142528
1.0361276754142528
1.0361276754142528
1.0361276754142528
1.033091126678176
1.033091126678176
1.0323483696004196
1.0323483696004196
1.0310657107949261
1.0310657107949261
1.0321612786262526
1.0321612786262526
1.0321612786262526
1.0321612786262526
1.0321612786262526
1.0321612786262526
1.0321612786262526
1.0321612786262526
1.0321612786262526
1.0321612786262526
1.0321612786262526
1.0321612786262526
1.0321612786262526
1.03106334784087
1.0320695756540919
1.0321882581531094
1.0321882581531094
1.0321882581531094
1.0337911755398048
1.0333919609787334
1.0333919609787334
1.035046033818128
1.035046033818128
1.035046033818128
1.035046033818128
1.035046033818128
1.0318952021896528
1.0318952021896528
1.0318952021896528
1.0318952021896528
1.030750853974805
1.0311687452879137
1.0311687452879137
1.031797122134631
1.031797122134631
1.031797122134631
1.031797122134631
1.031797122134631
1.0303174597446585
1.0295885136888094
1.0295885136888094
1.0295885136888094
1.0295885136888094
1.0295885136888094
1.0321115502941582
1.02961255885755
1.02961255885755
1.02961255885755
1.02961255885755
1.02961255885755
1.0309579714149935
1.0331484665158541
1.0318153196400477
1.0318153196400477
1.0318153196400477
1.0318153196400477
1.0330483547560136
1.0336992365931108
1.0338030219691479
1.0319134271733295
1.0340778365948229
1.0340778365948229
1.0340778365948229
1.0328662753437519
1.0328662753437519
1.0345592199480884
1.0345592199480884
1.034066353680157
1.034066353680157
1.0356946941156298
1.036282924191761
1.0367640593694738
1.0352588337367679
1.0352588337367679
1.0355813837280086
1.0355813837280086
1.0355813837280086
1.0355813837280086
1.0355813837280086
1.0355813837280086
1.0355813837280086
1.0357988229944037
1.0357988229944037
1.035010240842492
1.035010240842492
1.035010240842492
1.0342366454188565
1.0352357569173278
1.0352357569173278
1.0337475449601388
1.0337475449601388
1.032242962184838
1.032242962184838
1.0324484978451938
1.0324484978451938
1.0344010405832296
1.0344010405832296
1.0344010405832296
1.0344010405832296
1.0344010405832296
1.0351549689612056
1.0351549689612056
1.0351549689612056
1.0351549689612056
1.0351549689612056
1.034796487600368
1.033902927143293
1.0332193474162903
1.0332193474162903
1.0332193474162903
1.0319293484726852
1.030641522421358
1.03267724049194
1.0325549011405624
1.033642312737263
1.033642312737263
1.033642312737263
1.033642312737263
1.033642312737263
1.034729842064086
1.034729842064086
1.0341943082934486
1.0355633223825047
1.0353678431211852
1.0353678431211852
1.0353678431211852
1.0353678431211852
1.0353678431211852
1.0346497507455426
1.0346497507455426
1.0346497507455426
1.0346497507455426
1.0359193448387563
1.0369978446604793
1.0374855729122197
1.0374855729122197
1.0374855729122197
1.0374855729122197
1.037557498146834
1.037557498146834
1.037557498146834
1.037546262495064
1.037546262495064
1.0346792536815987
1.0365819715089972
1.0365819715089972
1.0365819715089972
1.0365819715089972
1.0365819715089972
1.0348541152922606
1.0348541152922606
1.0348541152922606
1.0348541152922606
1.0348541152922606
1.0348541152922606
1.0358136356518877
1.0368897271152493
1.0368897271152493
1.0318266962263973
1.0318266962263973
1.0318266962263973
1.0318266962263973
1.0318266962263973
1.0311500885550744
1.0326146816126853
1.0326146816126853
1.0326146816126853
1.0326146816126853
1.0326146816126853
1.0331502240247867
1.0331502240247867
1.0328506639867623
1.0328506639867623
1.0328506639867623
1.0328506639867623
1.0328506639867623
1.0368807824271842
1.036642038531985
1.036642038531985
1.0356912550786583
1.0358479792615598
1.0358479792615598
1.0358479792615598
1.0358479792615598
1.0358479792615598
1.0358479792615598
1.0358479792615598
1.0358479792615598
1.0358479792615598
1.0358479792615598
1.0358479792615598
1.0387211552069602
1.03606320303488
1.03606320303488
1.0344142816816384
1.0344142816816384
1.0344142816816384
1.0344142816816384
1.0344142816816384
1.0344142816816384
1.0344142816816384
1.0344142816816384
1.034709024020932
1.034709024020932
1.0354321599451126
1.0355596661645712
1.0355596661645712
1.0355596661645712
1.0355596661645712
1.0358899175578489
1.0358899175578489
1.0356816733835437
1.0356816733835437
1.0341319439074756
1.0342125205079398
1.0348918020953641
1.0348918020953641
1.035713516264293
1.0348831712312465
1.0348831712312465
1.0348831712312465
1.0326986116074528
1.0326986116074528
1.0326986116074528
1.0326986116074528
1.0326986116074528
1.0326986116074528
1.0283972530642456
1.0303888389574773
1.0303888389574773
1.0303888389574773
1.0303888389574773
1.028018129609834
1.028018129609834
1.028661274435845
1.028661274435845
1.028661274435845
1.028253923765817
1.0285099536641336
1.0285099536641336
1.0291834034075873
1.0302513493761238
1.0302513493761238
1.0302513493761238
1.029915047420517
1.0270967263406305
1.0290211213928777
1.0270053334236504
1.0270053334236504
1.0270053334236504
1.0270053334236504
1.0270053334236504
1.0270053334236504
1.0272661301679773
1.0272661301679773
1.0272661301679773
1.0272661301679773
1.0285310928603397
1.0285310928603397
1.0281833492855275
1.0314135350628382
1.0314135350628382
1.028370018302807
1.028370018302807
1.028370018302807
1.0329478882814167
1.0326135819779696
1.0326135819779696
1.0326135819779696
1.0343035976015373
1.0343035976015373
1.0330388776184984
1.0330388776184984
1.0330388776184984
1.0330388776184984
1.0330388776184984
1.0330388776184984
1.0330388776184984
1.0330388776184984
1.0313623805107508
1.0313623805107508
1.0313623805107508
1.030957273990143
1.030957273990143
1.030957273990143
1.030957273990143
1.030957273990143
1.0343765461064431
1.0294626923420325
1.0294626923420325
1.0298865001506783
1.0298865001506783
1.0298865001506783
1.0298865001506783
1.0298865001506783
1.0309429965208545
1.0309429965208545
1.0309429965208545
1.0309429965208545
1.0309429965208545
1.0309429965208545
1.0327277488593245
1.0324747819276299
1.0324747819276299
1.0324747819276299
1.0324747819276299
1.0324747819276299
1.0324747819276299
1.032908791640253
1.0291014033666168
1.0320687685949468
1.0332909509172226
1.035266213269301
1.035266213269301
1.0340394072409946
1.0340394072409946
1.0340394072409946
1.0338639646850514
1.0338639646850514
1.0338639646850514
1.0332363275735095
1.0332363275735095
1.0332363275735095
1.0348935003964155
1.0335864295066879
1.0335864295066879
1.0335130906579868
1.0335130906579868
1.0335130906579868
1.0335130906579868
1.0324659229009228
1.0324659229009228
1.033267854573813
1.0326711128398882
1.0326711128398882
1.032377830164828
1.032377830164828
1.0340707959991164
1.0340707959991164
1.0336494186635001
1.0336494186635001
1.0336494186635001
1.0336494186635001
1.0320612931179678
1.0332576346138067
1.0332576346138067
1.0341809186578417
1.0323702245167035
1.0323702245167035
1.0323702245167035
1.032305243311279
1.033597497590772
1.031742067422897
1.0319545985955114
1.0319545985955114
1.0319545985955114
1.0319545985955114
1.0319545985955114
1.0317847565673546
1.0317847565673546
1.0335629065295049
1.0340250357128355
1.0340250357128355
1.0321779639651687
1.0334984371461815
1.0334984371461815
1.0334984371461815
1.0334984371461815
1.0334984371461815
1.0334984371461815
1.0334984371461815
1.0334984371461815
1.0334984371461815
1.0334984371461815
1.0334984371461815
1.0334984371461815
1.0334984371461815
1.0334984371461815
1.0343858186122243
1.0355378162397464
1.0355378162397464
1.034888884768949
1.034888884768949
1.034888884768949
1.034888884768949
1.035240997978346
1.0364337524491254
1.0368590393010932
1.0367685248397613
1.0364897959027586
1.0342642267121198
1.0342642267121198
1.0332736453556424
1.0328135604893547
1.0321277536172224
1.0315741642693168
1.0308593236061236
1.0308593236061236
1.0308593236061236
1.0308593236061236
1.0297006474593242
1.029726976055978
1.0287638284805416
1.0286382973819923
1.0286382973819923
1.0286382973819923
1.0286382973819923
1.0286382973819923
1.0295258926821855
1.0295258926821855
1.0295246320018052
1.0295246320018052
1.028439050407687
1.028439050407687
1.028439050407687
1.028439050407687
1.0300149887383618
1.0300149887383618
1.0288086305206219
1.0288086305206219
1.0288086305206219
1.0288086305206219
1.0286074450332259
1.0286074450332259
1.0286074450332259
1.0286074450332259
1.0286074450332259
1.0269804756050023
1.0289380254046323
1.0289380254046323
1.0289380254046323
1.030056217368312
1.030056217368312
1.030056217368312
1.030056217368312
1.030056217368312
1.030056217368312
1.0324618818676676
1.0319708778480396
1.0319708778480396
1.0319708778480396
1.0312957120385455
1.0312957120385455
1.0296185849801103
1.0296185849801103
1.0286723219230434
1.0307634211554704
1.0307634211554704
1.0307634211554704
1.0307634211554704
1.0307634211554704
1.0307634211554704
1.0307634211554704
1.0307634211554704
1.0307634211554704
1.0317218255284706
1.0317218255284706
1.0317218255284706
1.0317218255284706
1.0333548218850932
1.0333548218850932
1.030492526518334
1.0293474123965216
1.0293474123965216
1.0277131572096345
1.0287404444700843
1.0287404444700843
1.0301377482822844
1.0301377482822844
1.03027750451236
1.03027750451236
1.0286417209902385
1.0286417209902385
1.0286417209902385
1.0282199384221191
1.0284049452917514
1.0284049452917514
1.030258544360274
1.030258544360274
1.030258544360274
1.030258544360274
1.030258544360274
1.030258544360274
1.030258544360274
1.0307630479148575
1.0307630479148575
1.0307630479148575
1.0307630479148575
1.0307630479148575
1.0307630479148575
1.0307630479148575
1.0307630479148575
1.0307630479148575
1.0303565308179818
1.0306436868597646
1.0306436868597646
1.0324690058422048
1.0324690058422048
1.0324690058422048
1.0306574516270226
1.0306574516270226
1.0306574516270226
1.0306574516270226
1.0295788212556072
1.0295788212556072
1.0295788212556072
1.0295788212556072
1.0295788212556072
1.0295788212556072
1.029046151649764
1.029046151649764
1.029046151649764
1.0274046158012071
1.0295765691621959
1.0295765691621959
1.0303152195628176
1.0303152195628176
1.0303152195628176
1.0303152195628176
1.0303384716809878
1.0312240528180707
1.0312240528180707
1.0312240528180707
1.0312240528180707
1.0312240528180707
1.0312240528180707
1.031675279899388
1.031675279899388
1.031675279899388
1.031675279899388
1.031675279899388
1.031675279899388
1.031310364218602
1.0326987381552994
1.0326987381552994
1.0326987381552994
1.0326987381552994
1.0326987381552994
1.0326987381552994
1.0326987381552994
1.0326987381552994
1.0329021414236876
1.0329021414236876
1.031697274656955
1.031697274656955
1.031697274656955
1.031697274656955
1.0328501995592057
1.0328501995592057
1.0328501995592057
1.0328501995592057
1.0328501995592057
1.0328501995592057
1.0344094601315301
1.0344094601315301
1.0344094601315301
1.0344094601315301
1.0344094601315301
1.034931930480451
1.034935450647724
1.034935450647724
1.034935450647724
1.034935450647724
1.034935450647724
1.034935450647724
1.0341998869174998
1.0341998869174998
1.0341998869174998
1.0330203182463795
1.0337476950070414
1.032696534700915
1.032696534700915
1.032696534700915
1.032696534700915
1.032696534700915
1.032696534700915
1.032696534700915
1.0333674036518181
1.0350806092390405
1.03497622672148
1.0348085055759664
1.0367316288445982
1.0376925334925344
1.0376601435090052
1.0363293127751168
1.0363293127751168
1.0359004832007208
1.0363733093561347
1.0363733093561347
1.0345922552864875
1.0345922552864875
1.0345922552864875
1.0345922552864875
1.0345922552864875
1.0345922552864875
1.0345922552864875
1.0345922552864875
1.0345922552864875
1.0345922552864875
1.0345922552864875
1.0345922552864875
1.0306827103106664
1.0306827103106664
1.0330373207986565
1.0330373207986565
1.0336917944990773
1.0336917944990773
1.0336917944990773
1.0317096590901407
1.0317096590901407
1.0311983703402694
1.0311983703402694
1.0312929201344898
1.0312929201344898
1.0321724251920752
1.0321724251920752
1.0324789214327081
1.0324789214327081
1.0329857720237199
1.0336273421951256
1.0336273421951256
1.0336273421951256
1.0330045588839694
1.0355789580904902
1.0333937505595059
1.0333937505595059
1.0333937505595059
1.0333604407955383
1.0333604407955383
1.0333604407955383
1.032659680394316
1.0351379147827833
1.0365786409075697
1.0365786409075697
1.0365786409075697
1.0365786409075697
1.0365786409075697
1.0365786409075697
1.0365786409075697
1.0379726748472322
1.0379726748472322
1.0379726748472322
1.0377421256595023
1.0373076074786949
1.0358587326623636
1.0358587326623636
1.0358587326623636
1.0358587326623636
1.0358587326623636
1.0358587326623636
1.0358587326623636
1.0377366440890803
1.0377366440890803
1.0389222950054124
1.0389222950054124
1.0393930175785724
1.0395150413087906
1.0383537046957254
1.0369898742008197
1.0328166579522942
1.0328166579522942
1.0328166579522942
1.0331611944932204
1.0328125374106054
1.0335540722231868
1.0335540722231868
1.03173545308019
1.03173545308019
1.0324127579310034
1.0324127579310034
1.0324127579310034
1.0324127579310034
1.0324127579310034
1.0325601682516998
1.0325601682516998
1.0325601682516998
1.0325601682516998
1.0325601682516998
1.0325601682516998
1.0325601682516998
1.0314505732202086
1.0327598576786359
1.0327598576786359
1.0326570888171778
1.0326570888171778
1.0326570888171778
1.0326570888171778
1.0326570888171778
1.0310413090521235
1.0320117823277728
1.0319125099244395
1.0319125099244395
1.0319125099244395
1.0319125099244395
1.0319125099244395
1.0319125099244395
1.0319125099244395
1.0319125099244395
1.0319125099244395
1.0324680312168018
1.0321955086028187
1.0321955086028187
1.0321955086028187
1.0321955086028187
1.031749107613487
1.031749107613487
1.031749107613487
1.0316198432339985
1.0316198432339985
1.0308866917990285
1.032849308691743
1.032849308691743
1.032849308691743
1.032849308691743
1.0330397071235236
1.0351881365808355
1.0351881365808355
1.0329166088021076
1.032861415280577
1.0318546649509914
1.0318546649509914
1.0318546649509914
1.031488382343988
1.0333796121554788
1.0333796121554788
1.0319251129967548
1.0341665565882416
1.035337766530655
1.035337766530655
1.035337766530655
1.035337766530655
1.035337766530655
1.035337766530655
1.035337766530655
1.035337766530655
1.035337766530655
1.035337766530655
1.0341829090225152
1.0341829090225152
1.0341829090225152
1.0346000082259224
1.0309456579487335
1.0309456579487335
1.031658494477914
1.0338265349217575
1.0338265349217575
1.0338265349217575
1.0346338486480764
1.0346338486480764
1.0346338486480764
1.0346338486480764
1.0346338486480764
1.0346338486480764
1.0346338486480764
1.0350453400480482
1.0339866695575988
1.0339866695575988
1.035107811919499
1.035107811919499
1.035107811919499
1.035107811919499
1.0354566649417951
1.0354566649417951
1.0354566649417951
1.0329196244211791
1.0329196244211791
1.0314873940308469
1.0314873940308469
1.0314873940308469
1.0300681291765177
1.0319437697938072
1.0326698689811948
1.0325412775921956
1.0325412775921956
1.0325412775921956
1.032029294693715
1.032777885612793
1.032552826920377
1.032552826920377
1.032552826920377
1.032552826920377
1.0320877786146148
1.030374005592972
1.030218500404865
1.030218500404865
1.032095387721978
1.032095387721978
1.0315007732854748
1.0321796845670062
1.0321796845670062
1.0347104796862068
1.0349002625746768
1.0349002625746768
1.0349002625746768
1.0349002625746768
1.0346848929314443
1.0329574688020469
1.0329574688020469
1.0329574688020469
1.0329574688020469
1.0329574688020469
1.0329574688020469
1.033270869398481
1.033270869398481
1.033270869398481
1.033270869398481
1.033270869398481
1.0338632315518765
1.0338632315518765
1.0338632315518765
1.034756017206287
1.034756017206287
1.034756017206287
1.0363140252717251
1.0365896760505586
1.035355875892508
1.035355875892508
1.035355875892508
1.035355875892508
1.035355875892508
1.0343731611708982
1.0342314395013152
1.0342314395013152
1.0342314395013152
1.0324648333388455
1.0324648333388455
1.0324648333388455
1.03345454204869
1.03345454204869
1.033619447000686
1.0310830894810494
1.031144674244722
1.031144674244722
1.031144674244722
1.0306810596192213
1.032548568917429
1.032548568917429
1.032922257438209
1.030907296831357
1.030907296831357
1.030907296831357
1.030907296831357
1.0313741237917988
1.0313741237917988
1.030944151949327
1.030944151949327
1.030944151949327
1.029725694746916
1.029725694746916
1.029725694746916
1.029725694746916
1.029725694746916
1.029725694746916
1.029725694746916
1.029725694746916
1.029725694746916
1.029714067010932
1.029714067010932
1.029714067010932
1.029714067010932
1.029714067010932
1.029714067010932
1.029714067010932
1.029714067010932
1.027533229965906
1.027533229965906
1.0275649258665769
1.0275649258665769
1.0305422237671167
1.0305422237671167
1.0305422237671167
1.029044110515603
1.029044110515603
1.0304790492090328
1.0295530418725527
1.0295530418725527
1.0290781254260555
1.0290781254260555
1.0290781254260555
1.0290781254260555
1.0286369248156937
1.0286369248156937
1.0281817294245263
1.0274408255320044
1.0267409291368486
1.0267409291368486
1.0267409291368486
1.0267409291368486
1.0267409291368486
1.0267409291368486
1.0266204354171966
1.028834941549879
1.028834941549879
1.028834941549879
1.0262389380748251
1.03031043128022
1.03031043128022
1.03031043128022
1.03031043128022
1.029489135708381
1.029489135708381
1.029489135708381
1.029489135708381
1.029489135708381
1.0282864907383764
1.0270720180903754
1.0270720180903754
1.0271051892960927
1.0271051892960927
1.0271051892960927
1.0255912602439512
1.0255912602439512
1.0255912602439512
1.0274903228614853
1.0274903228614853
1.0274903228614853
1.0274903228614853
1.0274903228614853
1.0274903228614853
1.0274903228614853
1.0274903228614853
1.0274903228614853
1.0274903228614853
1.0274903228614853
1.0274903228614853
1.0274903228614853
1.0292829414200617
1.0292829414200617
1.0292829414200617
1.0292829414200617
1.0267362972731824
1.0282067921780311
1.02919014283414
1.0279428446029704
1.0279428446029704
1.0279428446029704
1.0279428446029704
1.0279428446029704
1.0279428446029704
1.0292112718342556
1.0290860784322446
1.0289765358446392
1.0289765358446392
1.0289765358446392
1.0308602552608328
1.0308602552608328
1.0308602552608328
1.0308602552608328
1.030559403411764
1.030559403411764
1.0288378937002696
1.0288378937002696
1.0267352565886756
1.0267352565886756
1.0267352565886756
1.0267352565886756
1.0267352565886756
1.027982405867848
1.027982405867848
1.0290199866025072
1.0257959873027238
1.0299037104997397
1.0331470388017536
1.0331470388017536
1.0331470388017536
1.0331470388017536
1.0331470388017536
1.0331470388017536
1.0339677467839123
1.0339677467839123
1.0339677467839123
1.0339677467839123
1.0339677467839123
1.0339677467839123
1.0356052272871923
1.03562790436033
1.03562790436033
1.038198735947444
1.0369012598236218
1.0342849168111015
1.0342849168111015
1.0342849168111015
1.0342849168111015
1.0351044726155578
1.0351044726155578
1.0356807348008188
1.0345290170381378
1.035760672884397
1.035760672884397
1.035760672884397
1.035760672884397
1.035760672884397
1.031961165119637
1.031961165119637
1.0340454448520435
1.0340454448520435
1.0340454448520435
1.0340454448520435
1.0340454448520435
1.0340454448520435
1.032608162918128
1.032608162918128
1.032659953249586
1.032659953249586
1.032659953249586
1.033161900715742
1.033161900715742
1.0323476737523716
1.0338035714605007
1.0338035714605007
1.0338035714605007
1.0338035714605007
1.0338035714605007
1.0307689862189358
1.0297423301846684
1.0297423301846684
1.0297423301846684
1.029465029442206
1.0283969969347169
1.0283969969347169
1.0297335309942026
1.0297335309942026
1.0315531532156457
1.0315531532156457
1.0315531532156457
1.0315531532156457
1.0315531532156457
1.030066480215436
1.030066480215436
1.030066480215436
1.030066480215436
1.029855975056426
1.0284340689833062
1.0284340689833062
1.0278152265330325
1.0295262215326968
1.029275713561354
1.03119380760734
1.03119380760734
1.03119380760734
1.03119380760734
1.0309708685435335
1.0298812658360945
1.0284694158035659
1.0284694158035659
1.0284694158035659
1.0284694158035659
1.0313820049201283
1.0313820049201283
1.0313820049201283
1.0313820049201283
1.0320759249616172
1.0320639133073026
1.0320639133073026
1.0327123330143133
1.0327123330143133
1.0335926121128345
1.0317280296133213
1.0308568007591408
1.030485950802467
1.030485950802467
1.030485950802467
1.030485950802467
1.029620453976713
1.029620453976713
1.029620453976713
1.0317406001096263
1.0317406001096263
1.0317406001096263
1.0304986780796979
1.0306846065316728
1.0306846065316728
1.0306846065316728
1.0312678748914443
1.0312678748914443
1.0312678748914443
1.0312678748914443
1.033314761256406
1.0313636570227362
1.0313636570227362
1.0313636570227362
1.0332496650270016
1.0332496650270016
1.0339304769934747
1.0339304769934747
1.0339304769934747
1.0339304769934747
1.0349762896212626
1.0349762896212626
1.0349762896212626
1.0351057731407944
1.0351057731407944
1.0351057731407944
1.0351057731407944
1.0351057731407944
1.0351057731407944
1.035072782328205
1.0370605531042205
1.033092096330564
1.033092096330564
1.0293318409943533
1.0293293214431753
1.0285170545095674
1.029769958351437
1.029769958351437
1.029769958351437
1.029769958351437
1.0343254443509842
1.033467760228231
1.0332439728191936
1.0296984202803492
1.0296984202803492
1.0314724404427804
1.032308926821917
1.032308926821917
1.032308926821917
1.032308926821917
1.032308926821917
1.032308926821917
1.032308926821917
1.0318806541173406
1.0318806541173406
1.0318806541173406
1.0318806541173406
1.0318806541173406
1.0317588620775835
1.03153960684651
1.03153960684651
1.0319323380349024
1.0319323380349024
1.0301438584397977
1.031061217114866
1.031061217114866
1.031061217114866
1.031061217114866
1.031061217114866
1.0302785619154662
1.0294868734605718
1.028318292640778
1.028318292640778
1.028318292640778
1.028318292640778
1.028318292640778
1.028318292640778
1.029991195918202
1.029991195918202
1.0283308368582877
1.0283308368582877
1.0283308368582877
1.0281776848561277
1.0297756198715406
1.0297756198715406
1.0297756198715406
1.0297756198715406
1.029544348773115
1.029544348773115
1.029544348773115
1.029544348773115
1.0313242867097385
1.0313242867097385
1.0299601909157308
1.0295326851388096
1.0295326851388096
1.0295326851388096
1.0297354264506533
1.0307324940206681
1.0307324940206681
1.0304437623511535
1.0304437623511535
1.0304437623511535
1.0304437623511535
1.0320893261036312
1.0320893261036312
1.0320893261036312
1.0320893261036312
1.0319324362834383
1.0318656311952454
1.0323120281247844
1.0323120281247844
1.0323120281247844
1.0319380847326713
1.0319380847326713
1.0340688018116273
1.0340688018116273
1.0340688018116273
1.0340688018116273
1.0326232518898621
1.0326232518898621
1.0326232518898621
1.0326232518898621
1.0336692810634713
1.0333227935429068
1.0333227935429068
1.0334359656783227
1.0334359656783227
1.0334359656783227
1.0343883943291003
1.0343883943291003
1.0334023621478694
1.034316587042043
1.034316587042043
1.034316587042043
1.034316587042043
1.034316587042043
1.034316587042043
1.034316587042043
1.034316587042043
1.034316587042043
1.033190251264352
1.0328640598583745
1.0321972752086979
1.0316406015935728
1.0316406015935728
1.0316406015935728
1.0321370301558848
1.0321370301558848
1.0321370301558848
1.03170667178391
1.033583817503697
1.033583817503697
1.0358519947645197
1.0368086942973602
1.0372345424936193
1.0372345424936193
1.0372345424936193
1.0372345424936193
1.0372345424936193
1.0372345424936193
1.0372345424936193
1.0372345424936193
1.0372345424936193
1.0381676188530635
1.036666577543936
1.0371366808595475
1.0368272205760598
1.0355760763935533
1.0355760763935533
1.0355760763935533
1.0369647596538767
1.0369647596538767
1.0369647596538767
1.0379384685174802
1.0368328783610452
1.0343570723112885
1.0343570723112885
1.0343570723112885
1.0343570723112885
1.0337539079918792
1.0337539079918792
1.0337539079918792
1.036325006705299
1.036325006705299
1.0349846925672073
1.0356071406930671
1.034873610339476
1.0322581753645341
1.033336095173999
1.0317109143035093
1.0317109143035093
1.0317109143035093
1.032665000569763
1.0333758530909813
1.0333758530909813
1.0327641056476706
1.0327641056476706
1.0327641056476706
1.0327641056476706
1.0327641056476706
1.0331491388386174
1.0331491388386174
1.0331491388386174
1.0331491388386174
1.0331491388386174
1.0318845000855352
1.0318845000855352
1.0318845000855352
1.0318845000855352
1.0318845000855352
1.0318845000855352
1.0318845000855352
1.0303168062915282
1.0303168062915282
1.0311046685217269
1.0287692243456967
1.0287692243456967
1.0287692243456967
1.0284100211883405
1.0284100211883405
1.0284100211883405
1.0284100211883405
1.028761668375915
1.028761668375915
1.0308204006126591
1.0306977816056788
1.0306977816056788
1.0348372149667546
1.0348372149667546
1.0348372149667546
1.0348372149667546
1.0348372149667546
1.0307463392678125
1.0297725257347488
1.0297725257347488
1.028842314819174
1.0290730268319999
1.0290730268319999
1.0283613857881886
1.0284331948068488
1.0284331948068488
1.0284331948068488
1.0283759562505437
1.0283759562505437
1.0287813036471596
1.0287813036471596
1.0287813036471596
1.0293964222499496
1.0291872631254164
1.0291872631254164
1.0291872631254164
1.0291872631254164
1.0291872631254164
1.0291872631254164
1.030760548247258
1.0332385839733844
1.031397084599628
1.0323777770799227
1.0316239864949468
1.0301570399178395
1.0301570399178395
1.0301570399178395
1.0285588512385495
1.0285588512385495
1.0311268448118607
1.0311268448118607
1.0290100180145552
1.0290100180145552
1.029152715401404
1.029944714106003
1.029944714106003
1.029944714106003
1.0304579079792062
1.0304579079792062
1.0307558163044952
1.0307558163044952
1.0307558163044952
1.0300906854425267
1.0303844373474456
1.0303844373474456
1.0303844373474456
1.0303844373474456
1.0303844373474456
1.0303844373474456
1.0303844373474456
1.0270690484991305
1.0270690484991305
1.0270690484991305
1.028477144701203
1.0273022343895923
1.0273022343895923
1.0273022343895923
1.0273022343895923
1.0273022343895923
1.0263873669251806
1.024646153716292
1.024646153716292
1.024646153716292
1.0258181464541305
1.0258181464541305
1.0258181464541305
1.0258181464541305
1.0252628810293538
1.0252628810293538
1.0252628810293538
1.0252628810293538
1.0252628810293538
1.0252628810293538
1.0252628810293538
1.0291543370092242
1.0283057975171013
1.029274396000547
1.029274396000547
1.0292494119414095
1.0292494119414095
1.0292494119414095
1.0288680684214537
1.0288680684214537
1.029863723033664
1.029863723033664
1.029863723033664
1.029863723033664
1.029863723033664
1.029863723033664
1.029863723033664
1.0273491295085058
1.0273491295085058
1.0273491295085058
1.0273491295085058
1.0273491295085058
1.0273491295085058
1.0273491295085058
1.0273491295085058
1.0273491295085058
1.0273491295085058
1.028685860512518
1.028685860512518
1.0295042906275886
1.0295050621015125
1.0295050621015125
1.0336957562788078
1.0336957562788078
1.0334764871208366
1.0342597124223274
1.0315308017951113
1.0328111777559708
1.0328111777559708
1.0332785630056707
1.0327350386764886
1.0327350386764886
1.0327350386764886
1.0327350386764886
1.0364843093877891
1.0311814669552462
1.0323549231770703
1.0323549231770703
1.0323549231770703
1.0323549231770703
1.0323549231770703
1.0323549231770703
1.0323549231770703
1.0323549231770703
1.0310045570406583
1.0320276096436638
1.0320276096436638
1.0318109727037148
1.0318109727037148
1.0318109727037148
1.0318109727037148
1.0310044515394037
1.0315306591530273
1.0321172088733976
1.0321172088733976
1.0321172088733976
1.0321172088733976
1.0321172088733976
1.0321172088733976
1.0321172088733976
1.0321172088733976
1.0335962622074466
1.0335962622074466
1.0335962622074466
1.0336912880842763
1.0336912880842763
1.0336912880842763
1.0336912880842763
1.0336912880842763
1.0336912880842763
1.0336912880842763
1.0336912880842763
1.0336912880842763
1.0336912880842763
1.0336912880842763
1.0333474097125719
1.0355065486523778
1.0340854071231358
1.0336516742710142
1.0336516742710142
1.0336516742710142
1.0336516742710142
1.0330520982645595
1.0330520982645595
1.0330520982645595
1.0330520982645595
1.0330520982645595
1.0330520982645595
1.0330520982645595
1.0344987962622183
1.0344987962622183
1.0338132136443052
1.0336059157288922
1.0336059157288922
1.0334592571011314
1.0334592571011314
1.0334592571011314
1.0344294698142515
1.0344294698142515
1.0344294698142515
1.0307389664382474
1.031518013160309
1.031518013160309
1.0307283604284936
1.0307283604284936
1.0318562177116735
1.0317624467644746
1.0317624467644746
1.0317624467644746
1.0306855812502351
1.0306855812502351
1.0306855812502351
1.0306855812502351
1.0306855812502351
1.0327087145363916
1.0327087145363916
1.0319053000248164
1.0319053000248164
1.0316333357587724
1.0358064769608688
1.0358064769608688
1.0359445824051428
1.0359445824051428
1.0338070554431142
1.0338070554431142
1.0350467352765116
1.0350467352765116
1.0350467352765116
1.0337081136664141
1.0337081136664141
1.0331923781299426
1.0331923781299426
1.0331923781299426
1.0339342324814593
1.0339342324814593
1.0339342324814593
1.0339342324814593
1.0339342324814593
1.0332153116731781
1.0332153116731781
1.0352780451385437
1.0352780451385437
1.0352780451385437
1.0352780451385437
1.0356923412998178
1.0356923412998178
1.0325961147443734
1.0325961147443734
1.0325961147443734
1.0324528346308985
1.0336562054330574
1.0336562054330574
1.0336562054330574
1.0336562054330574
1.0336562054330574
1.0336562054330574
1.0336562054330574
1.035085661387699
1.035085661387699
1.0349012351755513
1.0349012351755513
1.0349012351755513
1.0365479541905522
1.0378194047524203
1.0378194047524203
1.0379543616931741
1.0379543616931741
1.0379543616931741
1.036990168797215
1.0384180701465995
1.0379676993406808
1.0356401847885541
1.0349648268765923
1.0349648268765923
1.0349648268765923
1.0349648268765923
1.0339708586824499
1.0339708586824499
1.0339708586824499
1.0339708586824499
1.0339708586824499
1.0317486113012104
1.0317486113012104
1.0317486113012104
1.0317486113012104
1.0317486113012104
1.0317486113012104
1.0317486113012104
1.0328559745856998
1.0324790238693953
1.0324790238693953
1.0324790238693953
1.0324790238693953
1.0324790238693953
1.0324790238693953
1.0324790238693953
1.0324790238693953
1.0324790238693953
1.0318045750459102
1.0326241141068497
1.0326241141068497
1.033613738315853
1.0347653617914072
1.0345888631765676
1.0345888631765676
1.0345888631765676
1.0351619017528908
1.0376914535943933
1.0376914535943933
1.0367735811699048
1.0364087288938513
1.0353800520209475
1.033001000495124
1.0322212210007997
1.0322212210007997
1.0333643765574747
1.0334588771806579
1.0348590497779768
1.0332262490028579
1.032394888269805
1.032394888269805
1.032394888269805
1.032394888269805
1.032394888269805
1.032394888269805
1.0324257090045186
1.0324257090045186
1.0324257090045186
1.0324257090045186
1.0324257090045186
1.0324257090045186
1.0323768864395875
1.0328120560505076
1.0363278676661927
1.0363278676661927
1.0363278676661927
1.0363278676661927
1.037964750416392
1.037964750416392
1.037964750416392
1.037964750416392
1.036745890526907
1.036745890526907
1.036745890526907
1.0350072525496081
1.0350072525496081
1.0350072525496081
1.0330414236794978
1.0330414236794978
1.0341648497763951
1.0344147197085893
1.0344147197085893
1.0344147197085893
1.0344147197085893
1.0344147197085893
1.0333351779725641
1.0333351779725641
1.0312014487826227
1.0312014487826227
1.0312014487826227
1.0312014487826227
1.0312014487826227
1.0312014487826227
1.0331007660302094
1.0332004802790449
1.0332004802790449
1.0332004802790449
1.0332004802790449
1.033358503205899
1.033358503205899
1.033358503205899
1.033358503205899
1.033358503205899
1.033358503205899
1.033358503205899
1.0350167830288355
1.0350167830288355
1.0350167830288355
1.0326759929601916
1.0326759929601916
1.0338762529801355
1.0338762529801355
1.0338762529801355
1.0338762529801355
1.0338762529801355
1.0302424167038686
1.0302424167038686
1.033332743189229
1.0330502278882203
1.0340904591189026
1.0340904591189026
1.0340904591189026
1.0340904591189026
1.0340904591189026
1.0340904591189026
1.0340904591189026
1.0338836170608396
1.0321418386523589
1.0321418386523589
1.0321418386523589
1.0321418386523589
1.0321418386523589
1.0321418386523589
1.0321418386523589
1.0321418386523589
1.0321418386523589
1.0321418386523589
1.030395661601048
1.030395661601048
1.0298688690531703
1.0329267031377998
1.0325700135723892
1.0325700135723892
1.0325700135723892
1.0329721224231665
1.0329721224231665
1.0324611533218362
1.0340963561028171
1.0340963561028171
1.0340963561028171
1.0340963561028171
1.0331159101735126
1.0331159101735126
1.0331159101735126
1.0331159101735126
1.033353626595255
1.0313325363816996
1.0313325363816996
1.0307894452111261
1.0316805598238703
1.0324464381867822
1.0307873362587827
1.03321857493952
1.0309351819220172
1.0309351819220172
1.0309351819220172
1.0297641905895765
1.0328204037059194
1.0328204037059194
1.0328204037059194
1.0328204037059194
1.0328204037059194
1.0328204037059194
1.0328204037059194
1.0328204037059194
1.0328204037059194
1.0328204037059194
1.0318456715772548
1.0329454126712931
1.0329454126712931
1.0328894226817562
1.0328894226817562
1.0310844267181978
1.0286524947905207
1.0286524947905207
1.028915121870372
1.028915121870372
1.028915121870372
1.0292878454138963
1.0292878454138963
1.0292878454138963
1.0292878454138963
1.0292878454138963
1.0292878454138963
1.0292878454138963
1.0292878454138963
1.0292878454138963
1.0292878454138963
1.0292878454138963
1.0295971372217574
1.0296814245828243
1.0296814245828243
1.0296814245828243
1.029017861064421
1.029017861064421
1.029017861064421
1.029017861064421
1.029017861064421
1.0290722666396313
1.0290722666396313
1.0307658525950643
1.0310946476067182
1.0299670563329488
1.0299670563329488
1.0290135477705316
1.0293069761296485
1.0293447183506905
1.030041956156181
1.030041956156181
1.030041956156181
1.030041956156181
1.030041956156181
1.028680145966978
1.028680145966978
1.028680145966978
1.028680145966978
1.0292309281799057
1.0292309281799057
1.028355970877635
1.0285457013603525
1.0284166501168428
1.0284166501168428
1.0284166501168428
1.0284166501168428
1.0299255259555946
1.0299255259555946
1.0295656057541165
1.0295656057541165
1.0295656057541165
1.0295656057541165
1.0295656057541165
1.0295656057541165
1.0290534357313965
1.0290534357313965
1.0290534357313965
1.0290534357313965
1.0290534357313965
1.0290534357313965
1.0290534357313965
1.0290534357313965
1.0290534357313965
1.0290534357313965
1.0294458966895461
1.029902684616613
1.02856321467295
1.02856321467295
1.02856321467295
1.02856321467295
1.0267801668567627
1.0267801668567627
1.0277000948752786
1.0253425126499667
1.0253425126499667
1.0253425126499667
1.029321410336971
1.0292110315693286
1.0292110315693286
1.0292110315693286
1.0292110315693286
1.0292110315693286
1.0292110315693286
1.032822903731886
1.030590972129198
1.030590972129198
1.030590972129198
1.0304170268961241
1.0304170268961241
1.0304170268961241
1.0304170268961241
1.0298001157870402
1.0298001157870402
1.0300524500826669
1.0297091311595645
1.0297091311595645
1.0297091311595645
1.0297091311595645
1.0297091311595645
1.0317952424461496
1.0322831544354314
1.0322831544354314
1.0322831544354314
1.0322831544354314
1.0322831544354314
1.0322831544354314
1.0322831544354314
1.0322831544354314
1.0322831544354314
1.0339467653928012
1.0339467653928012
1.0339467653928012
1.0339467653928012
1.0339467653928012
1.0339467653928012
1.033274168076373
1.0338943167744774
1.0326756391364331
1.0326756391364331
1.0326756391364331
1.0323274043417834
1.0323274043417834
1.0349381846048515
1.0349381846048515
1.0352849451226478
1.0352849451226478
1.0352849451226478
1.036077488031242
1.036077488031242
1.036077488031242
1.0361826392244269
1.0361826392244269
1.0361826392244269
1.0367946066461342
1.0367946066461342
1.0367946066461342
1.0367946066461342
1.0354968152603903
1.0342469221161763
1.0352517304217164
1.034440746927805
1.034440746927805
1.034440746927805
1.034440746927805
1.034440746927805
1.034440746927805
1.034440746927805
1.034440746927805
1.034440746927805
1.034440746927805
1.0327915740531595
1.0327915740531595
1.0327915740531595
1.0332104438093486
1.0335536000116305
1.0335536000116305
1.0333146343190285
1.0321150023266643
1.0321150023266643
1.0377315328122327
1.0367554373939927
1.0355188976318546
1.0346995051222254
1.0346995051222254
1.0346995051222254
1.034078493316268
1.034078493316268
1.0340933617568617
1.0340933617568617
1.0340933617568617
1.0349478631938465
1.0352022008533757
1.0352022008533757
1.0352022008533757
1.0352022008533757
1.0352022008533757
1.0350132851200842
1.0350132851200842
1.0350132851200842
1.0350132851200842
1.0325387616470014
1.0335322716525097
1.0335322716525097
1.0320411497430302
1.0320411497430302
1.0325088964188522
1.0316254438815227
1.0316254438815227
1.0316254438815227
1.0316254438815227
1.0316254438815227
1.0316254438815227
1.0316254438815227
1.0316254438815227
1.0316254438815227
1.0316254438815227
1.0316254438815227
1.0316254438815227
1.0316254438815227
1.0316254438815227
1.0316254438815227
1.0316254438815227
1.0316254438815227
1.030976440719992
1.0295818707082487
1.0295818707082487
1.0295818707082487
1.0295818707082487
1.0313434188687263
1.0313434188687263
1.0326287713555782
1.0326287713555782
1.0326287713555782
1.0341729391442835
1.0341729391442835
1.0345927484895099
1.0345927484895099
1.0356091421804898
1.0356091421804898
1.035099369419318
1.035099369419318
1.035099369419318
1.035099369419318
1.035099369419318
1.0341327597120074
1.0341327597120074
1.0341327597120074
1.0343519777065746
1.0343519777065746
1.0343519777065746
1.0340896277499834
1.0340896277499834
1.034062503857996
1.0350366913242284
1.0350366913242284
1.035473979988484
1.035473979988484
1.035473979988484
1.035473979988484
1.035473979988484
1.035473979988484
1.0369571091376475
1.0369571091376475
1.037404402035215
1.037404402035215
1.0365949424798648
1.0365949424798648
1.0374240956717542
1.0374240956717542
1.0374240956717542
1.0374240956717542
1.0374240956717542
1.0374240956717542
1.0374240956717542
1.0374240956717542
1.036534064730002
1.036534064730002
1.036534064730002
1.036534064730002
1.036534064730002
1.0347676426596444
1.0347676426596444
1.03571937193314
1.0355200256063097
1.0357192480513446
1.0357192480513446
1.034077728216312
1.034077728216312
1.034077728216312
1.034077728216312
1.034077728216312
1.034077728216312
1.0336865603829195
1.0336865603829195
1.0336865603829195
1.0336865603829195
1.0336865603829195
1.0336865603829195
1.0336865603829195
1.0336865603829195
1.0336865603829195
1.0336865603829195
1.0336865603829195
1.0336865603829195
1.0336865603829195
1.0336865603829195
1.032242528195002
1.032242528195002
1.0320809101322286
1.0337334624242198
1.031729330153446
1.031729330153446
1.031729330153446
1.031729330153446
1.0323326660195153
1.0323326660195153
1.0323326660195153
1.0320539673509173
1.0320539673509173
1.0319406762687224
1.032681653526811
1.032681653526811
1.0321119119963482
1.0321119119963482
1.0321119119963482
1.0321119119963482
1.0321119119963482
1.0321119119963482
1.0321119119963482
1.0321119119963482
1.0321119119963482
1.0321119119963482
1.0321119119963482
1.0321119119963482
1.0321119119963482
1.03223153653707
1.03223153653707
1.03223153653707
1.03223153653707
1.03223153653707
1.03223153653707
1.032184055367517
1.032184055367517
1.032184055367517
1.0319561870053278
1.0319561870053278
1.0319561870053278
1.0319561870053278
1.0319561870053278
1.0319561870053278
1.0313495994546147
1.0322657055166493
1.0321914119233309
1.0290874531632137
1.0290874531632137
1.0323369112213794
1.0333075781026777
1.0333075781026777
1.0343507796592903
1.031946267025062
1.0317181132724647
1.0317181132724647
1.0317181132724647
1.0317181132724647
1.0317181132724647
1.0317181132724647
1.030086944905134
1.030086944905134
1.030086944905134
1.0303619602465115
1.0293427234426953
1.0293427234426953
1.0293427234426953
1.0293427234426953
1.0293427234426953
1.0293427234426953
1.0293427234426953
1.032809207623479
1.0317119188312136
1.0317119188312136
1.0317119188312136
1.0317119188312136
1.0317119188312136
1.0314007409803654
1.0314007409803654
1.031052697148643
1.031052697148643
1.031052697148643
1.031052697148643
1.030754684420765
1.0341579449757625
1.0341579449757625
1.034553802607594
1.0339286737367213
1.0339286737367213
1.0339286737367213
1.0339286737367213
1.0339286737367213
1.0339286737367213
1.0339286737367213
1.033914616422642
1.033914616422642
1.033914616422642
1.033464511155633
1.033464511155633
1.033464511155633
1.0302288163635642
1.029985034319376
1.029985034319376
1.0286716662828976
1.0274550149812076
1.0274550149812076
1.0274550149812076
1.0295795030023513
1.0295795030023513
1.0299799886515533
1.0299799886515533
1.0299799886515533
1.0300800974224722
1.0291407340750538
1.0291407340750538
1.0291407340750538
1.0291407340750538
1.0291407340750538
1.026800045225986
1.0296771034842216
1.0296771034842216
1.0296771034842216
1.0326025684935596
1.032779733269403
1.0329497168219681
1.0329497168219681
1.0329497168219681
1.0341099268869032
1.0341099268869032
1.0342928771111892
1.0342928771111892
1.0342928771111892
1.0342928771111892
1.032150218590228
1.030968141661016
1.0311578325133708
1.0311578325133708
1.0311578325133708
1.0311578325133708
1.030366729896026
1.030366729896026
1.030366729896026
1.0300515146827547
1.0300515146827547
1.0313383447378681
1.0313383447378681
1.030416486492485
1.030416486492485
1.030416486492485
1.030416486492485
1.0296942953297012
1.0296942953297012
1.0296942953297012
1.0307446971955745
1.0307446971955745
1.0313609221935798
1.0313609221935798
1.0313609221935798
1.0313609221935798
1.0313609221935798
1.0313609221935798
1.0313609221935798
1.032563413220187
1.0340457627632997
1.0346369723243611
1.0346369723243611
1.0346369723243611
1.0359608543157506
1.0359608543157506
1.0359608543157506
1.0359608543157506
1.0359608543157506
1.0379701733254127
1.0379701733254127
1.0372698400485547
1.0373343211784876
1.0373343211784876
1.0373343211784876
1.0373343211784876
1.0373343211784876
1.038255199452607
1.038255199452607
1.036887307517447
1.036887307517447
1.03842506135788
1.03842506135788
1.03842506135788
1.03842506135788
1.0373697992611022
1.0373697992611022
1.0373697992611022
1.0377979644709117
1.0377979644709117
1.0377979644709117
1.0377979644709117
1.036138557641892
1.036138557641892
1.0369492372680147
1.0369492372680147
1.0369492372680147
1.035689034724131
1.035689034724131
1.035689034724131
1.0364867721174604
1.0364867721174604
1.0364867721174604
1.0337341583841078
1.0337341583841078
1.0337341583841078
1.0346745346870505
1.0346745346870505
1.0341243223310095
1.0341243223310095
1.0341243223310095
1.034832767974493
1.0352142036877001
1.0352142036877001
1.0347190058022426
1.0360545367385818
1.0360545367385818
1.0349106593807178
1.0349106593807178
1.0349106593807178
1.0349106593807178
1.0349106593807178
1.0349106593807178
1.0349106593807178
1.0349106593807178
1.0349106593807178
1.0349106593807178
1.0350671968440885
1.0356300099282658
1.0356300099282658
1.0356300099282658
1.0324380779160474
1.0324380779160474
1.0324380779160474
1.0309553223779435
1.0309553223779435
1.0309553223779435
1.0319976051065973
1.0330566609133094
1.033990489443339
1.033990489443339
1.0317164979180278
1.0317164979180278
1.0332472076034689
1.0332472076034689
1.0332472076034689
1.0332472076034689
1.034551097007608
1.034551097007608
1.034551097007608
1.034529220986552
1.034529220986552
1.034529220986552
1.0332583997982474
1.0332583997982474
1.0332583997982474
1.0330927259816518
1.0330927259816518
1.0327920092490313
1.0327920092490313
1.0327920092490313
1.0359915764131147
1.0349067994097214
1.0349067994097214
1.0349067994097214
1.0349067994097214
1.0346537902099486
1.0373843993125431
1.0373843993125431
1.0373843993125431
1.0365634320036836
1.035786916517375
1.035786916517375
1.035786916517375
1.0358720549545921
1.0358720549545921
1.0358720549545921
1.0358720549545921
1.0358720549545921
1.0358720549545921
1.0358720549545921
1.0358720549545921
1.0355855676406607
1.0355855676406607
1.0355855676406607
1.0355855676406607
1.0355855676406607
1.035636111490374
1.037812092137951
1.037812092137951
1.037812092137951
1.037812092137951
1.0381383523172543
1.0381383523172543
1.0381383523172543
1.036058180992235
1.036058180992235
1.036058180992235
1.036058180992235
1.0361432186285024
1.0353118988068826
1.0354758865819071
1.0374390632377186
1.0359885258714332
1.0359885258714332
1.0340579669575565
1.0340579669575565
1.0329257196563977
1.0363604228701264
1.0363604228701264
1.0336301187728587
1.0336301187728587
1.0336301187728587
1.0336301187728587
1.0336301187728587
1.0336301187728587
1.0336301187728587
1.0333009568907068
1.0343353710317924
1.0343353710317924
1.0343353710317924
1.0337903914935969
1.0337903914935969
1.035912171252093
1.035912171252093
1.035912171252093
1.035912171252093
1.035912171252093
1.0345056056177573
1.0331967127534065
1.0338254489025527
1.033823369347005
1.0320051304588782
1.0320051304588782
1.0320051304588782
1.0320051304588782
1.0320051304588782
1.0320051304588782
1.0320051304588782
1.0321656922000344
1.031872588816851
1.031872588816851
1.0322825061588567
1.0322825061588567
1.0322825061588567
1.0320387968053157
1.0320387968053157
1.0311562075939515
1.0311562075939515
1.0311562075939515
1.0311562075939515
1.0311562075939515
1.0311562075939515
1.0311562075939515
1.0315107462244073
1.032308367785975
1.032308367785975
1.0359432957761285
1.0362526039216198
1.0362526039216198
1.0362526039216198
1.034634021187388
1.034634021187388
1.034634021187388
1.0348733513719006
1.0356502382116848
1.0338047488746898
1.0338047488746898
1.0338047488746898
1.0338047488746898
1.0337564754984108
1.033133028577501
1.0307078699825751
1.0329561412285282
1.0347308230971157
1.0347308230971157
1.0347308230971157
1.0353229404408957
1.0357344234996464
1.0332109458753245
1.034754961247178
1.034754961247178
1.034754961247178
1.0342150298139607
1.0342150298139607
1.029847515032067
1.0313114014971299
1.0313114014971299
1.0313114014971299
1.0313114014971299
1.0313114014971299
1.0313114014971299
1.0313114014971299
1.0313114014971299
1.0313114014971299
1.0310126125603514
1.0310126125603514
1.0310126125603514
1.0335309409337088
1.0345452769603625
1.0345452769603625
1.0345452769603625
1.0345452769603625
1.0345452769603625
1.035507487118529
1.034424253297172
1.034424253297172
1.034424253297172
1.0329401105761022
1.033078944061851
1.033078944061851
1.0315808024939295
1.0315808024939295
1.0315808024939295
1.0309397236160898
1.0320047319666659
1.0320047319666659
1.0320047319666659
1.0320047319666659
1.0306401748474014
1.0307176719166662
1.032953436078323
1.0326014504696022
1.0332031175230991
1.0332031175230991
1.033782855550436
1.033782855550436
1.0337417103713975
1.0337417103713975
1.0337417103713975
1.0337417103713975
1.0331863790640687
1.0331863790640687
1.0338250525391086
1.0338250525391086
1.0330936067508383
1.032337989466457
1.032675112432461
1.0336456902678703
1.0336456902678703
1.0336456902678703
1.0338272104751094
1.0338272104751094
1.0338828121212573
1.0338828121212573
1.0338828121212573
1.0338828121212573
1.0350983816089303
1.0350983816089303
1.0335536443767992
1.0323377568067413
1.0323377568067413
1.0323377568067413
1.0323377568067413
1.0323377568067413
1.0321972229637766
1.0320762547664366
1.0323226261992176
1.0323226261992176
1.0323226261992176
1.0323226261992176
1.0327298552039113
1.0327298552039113
1.0327298552039113
1.0327298552039113
1.0325630089439426
1.0324585544453517
1.0324585544453517
1.0324585544453517
1.0329723828780835
1.0329723828780835
1.0333518544216695
1.0333518544216695
1.0333518544216695
1.0333518544216695
1.0336568472199146
1.0336568472199146
1.0336568472199146
1.035773183366408
1.035773183366408
1.0349385032333733
1.0349385032333733
1.0349385032333733
1.0349385032333733
1.0349385032333733
1.035034990458201
1.0352570982012599
1.0352570982012599
1.0352570982012599
1.0352570982012599
1.0352570982012599
1.0352570982012599
1.0352570982012599
1.0362260713473703
1.036322991979717
1.036825238112959
1.036825238112959
1.036825238112959
1.0379517509794904
1.0379517509794904
1.037767592756265
1.0359333144515854
1.038016714890617
1.0370768959228247
1.036722890577963
1.034292892991863
1.034292892991863
1.0343353461004945
1.034657350154046
1.034657350154046
1.0356440148711241
1.0356440148711241
1.0355987905509227
1.0355987905509227
1.0357880165983409
1.0354926931429087
1.0354926931429087
1.0354926931429087
1.0354926931429087
1.0333980508887146
1.0333980508887146
1.0333980508887146
1.0333980508887146
1.0333980508887146
1.0333980508887146
1.0333980508887146
1.0344816747797607
1.0344816747797607
1.0344816747797607
1.0349697586439515
1.0349697586439515
1.0345154481243273
1.0359357771687818
1.0359357771687818
1.0352691683299724
1.0352691683299724
1.0352691683299724
1.0352691683299724
1.0352691683299724
1.0352691683299724
1.0347031985384103
1.0347031985384103
1.0347031985384103
1.0347031985384103
1.0347031985384103
1.033413080477825
1.033413080477825
1.033413080477825
1.033413080477825
1.033413080477825
1.033413080477825
1.033413080477825
1.033413080477825
1.033413080477825
1.0333053981585165
1.0333053981585165
1.0333053981585165
1.0333053981585165
1.0338896173688525
1.0339178762796455
1.033149810091785
1.033149810091785
1.0350551687132195
1.0367999480813848
1.0376685538236818
1.0376685538236818
1.0376685538236818
1.0376047126102816
1.0356650327851586
1.0344477843799549
1.0344477843799549
1.0344477843799549
1.0342538114640956
1.0350692205981646
1.0350692205981646
1.0350692205981646
1.0347712243712759
1.034095246685044
1.0366013047659106
1.0366013047659106
1.0366013047659106
1.0364283166931014
1.035880132911402
1.035880132911402
1.035880132911402
1.0348946930947054
1.035090280539862
1.035090280539862
1.035090280539862
1.0395484563173523
1.0348195295511122
1.0348195295511122
1.0348195295511122
1.0348195295511122
1.0348195295511122
1.0348195295511122
1.0338691058827234
1.0338691058827234
1.034286668412362
1.034286668412362
1.034127921369659
1.0351196684411565
1.0351196684411565
1.0351196684411565
1.0344542971973494
1.0344542971973494
1.032627294441206
1.035002610850426
1.0358698091907765
1.0358698091907765
1.0358698091907765
1.0358698091907765
1.0355006032894951
1.0355006032894951
1.0355006032894951
1.0355006032894951
1.0355006032894951
1.0355006032894951
1.0323450027273626
1.0316510756639001
1.0316510756639001
1.0317415424946228
1.0317415424946228
1.0317415424946228
1.0335463712368296
1.0335463712368296
1.0335463712368296
1.0335463712368296
1.0335463712368296
1.0335463712368296
1.033808393628374
1.033808393628374
1.033808393628374
1.033808393628374
1.033808393628374
1.033808393628374
1.033808393628374
1.033808393628374
1.033808393628374
1.033808393628374
1.033808393628374
1.033808393628374
1.033808393628374
1.033808393628374
1.033808393628374
1.0347283180003206
1.0347283180003206
1.0370639081572952
1.035319991468763
1.035319991468763
1.037205346764735
1.037205346764735
1.037205346764735
1.037205346764735
1.037205346764735
1.037205346764735
1.037205346764735
1.035341222596943
1.035341222596943
1.035341222596943
1.0332893333583921
1.0330524914016397
1.0330524914016397
1.0330982493239091
1.0330982493239091
1.0330982493239091
1.0344557736260385
1.0344557736260385
1.0344557736260385
1.0344557736260385
1.0344557736260385
1.0344557736260385
1.0335823820713723
1.0344444034330944
1.0344444034330944
1.0344444034330944
1.0344444034330944
1.0344444034330944
1.0344444034330944
1.0344444034330944
1.0342562696398538
1.034553570808363
1.034553570808363
1.037751902224097
1.037751902224097
1.0365203642218181
1.0371087694067764
1.0371087694067764
1.0369088261621888
1.0368124370615095
1.0343803983413784
1.0343803983413784
1.0343803983413784
1.0343803983413784
1.0343803983413784
1.0343803983413784
1.0343803983413784
1.03482001807917
1.03482001807917
1.0352476648319444
1.0340439088060116
1.0340439088060116
1.0340439088060116
1.0340439088060116
1.0328753840160294
1.0328753840160294
1.0328753840160294
1.0306753079631776
1.0306753079631776
1.0306753079631776
1.0306753079631776
1.0306753079631776
1.0306753079631776
1.0306753079631776
1.0306753079631776
1.0306753079631776
1.0306753079631776
1.0306753079631776
1.0306753079631776
1.0306753079631776
1.0319449036084578
1.0319449036084578
1.0319449036084578
1.0319449036084578
1.0319449036084578
1.0319449036084578
1.03026811405137
1.0320354728576446
1.0314758537898336
1.0314758537898336
1.0314758537898336
1.0314758537898336
1.0314758537898336
1.0314758537898336
1.0326385232699686
1.0326385232699686
1.0326385232699686
1.0326385232699686
1.0326385232699686
1.0326385232699686
1.0338817058804868
1.0357990710805858
1.0357990710805858
1.0328860207001431
1.0328860207001431
1.0332807525725938
1.0332807525725938
1.0314944072609569
1.0286764875328462
1.028644457813786
1.0271981256085752
1.0271981256085752
1.0271981256085752
1.030024316774648
1.030024316774648
1.030024316774648
1.030024316774648
1.0327231111538007
1.0333802506260612
1.0346716125992965
1.034821719645532
1.034821719645532
1.035115161909985
1.035115161909985
1.035115161909985
1.035115161909985
1.0316136974234424
1.032202064784503
1.0302575816644486
1.0290896653783361
1.0290896653783361
1.0290896653783361
1.0290896653783361
1.0290896653783361
1.0290896653783361
1.0290896653783361
1.0290890069609406
1.029717161137324
1.029717161137324
1.029717161137324
1.031736208931157
1.031736208931157
1.033302861449784
1.033302861449784
1.0358083718943503
1.0358083718943503
1.0358083718943503
1.0358083718943503
1.0358083718943503
1.0360067725820103
1.0360067725820103
1.0347163935586812
1.0355354720593986
1.0355354720593986
1.0355354720593986
1.0359087558935491
1.0357894168313215
1.0357894168313215
1.036320806056449
1.036320806056449
1.036470375857469
1.0331424910947213
1.0331424910947213
1.0331424910947213
1.0338606811287747
1.0338606811287747
1.0325250519310625
1.0325250519310625
1.0325250519310625
1.0325250519310625
1.0331975040194865
1.0331975040194865
1.0319940314153395
1.0319940314153395
1.0319940314153395
1.0319940314153395
1.0319940314153395
1.0319940314153395
1.032400666763674
1.032400666763674
1.032400666763674
1.0331201800794336
1.035764069775608
1.035764069775608
1.035764069775608
1.0348961829997032
1.0348961829997032
1.0348961829997032
1.034552229452855
1.034552229452855
1.034552229452855
1.0339238732475438
1.0339238732475438
1.0339238732475438
1.0339238732475438
1.0310096574486434
1.0310096574486434
1.0315758996848874
1.0315758996848874
1.0318346770026545
1.0331688171447186
1.0331688171447186
1.0319955252046307
1.0319955252046307
1.0319397721159196
1.0320426851533926
1.032622710600923
1.032622710600923
1.032622710600923
1.0356235966739542
1.0351813324943395
1.0351813324943395
1.0358481437757254
1.0358481437757254
1.0392872425541761
1.0392872425541761
1.0392872425541761
1.0351797461124972
1.0351797461124972
1.0351622885220386
1.0351622885220386
1.0346601187285176
1.0346601187285176
1.0346601187285176
1.033818471252852
1.033818471252852
1.0348906546669625
