1.1340766624958036
1.1340766624958036
1.1340766624958036
1.1340766624958036
1.1340766624958036
1.1340766624958036
1.1340766624958036
1.1340766624958036
1.1340766624958036
1.1340766624958036
1.1340766624958036
1.1340766624958036
1.1340766624958036
1.1340766624958036
1.1340766624958036
1.1340766624958036
1.1340766624958036
1.1340766624958036
1.1340766624958036
1.1340766624958036
1.1340766624958036
1.1340766624958036
1.1340766624958036
1.1340766624958036
1.1340766624958036
1.1340766624958036
1.1340766624958036
1.1340766624958036
1.1340766624958036
1.1340766624958036
1.1340766624958036
1.1340766624958036
1.1340766624958036
1.1340766624958036
1.1340766624958036
1.1340766624958036
1.1340766624958036
1.1340766624958036
1.1340766624958036
1.1340766624958036
1.1340766624958036
1.1340766624958036
1.1340766624958036
1.1340766624958036
1.1340766624958036
1.1340766624958036
1.1340766624958036
1.1340766624958036
1.1340766624958036
1.1340766624958036
1.1340766624958036
1.1340766624958036
1.1340766624958036
1.1340766624958036
1.1340766624958036
1.1340766624958036
1.1340766624958036
1.1340766624958036
1.1340766624958036
1.1340766624958036
1.1340766624958036
1.1340766624958036
1.1340766624958036
1.1340766624958036
1.1340766624958036
1.1340766624958036
1.1340766624958036
1.1340766624958036
1.1340766624958036
1.1340766624958036
1.1340766624958036
1.1340766624958036
1.1340766624958036
1.1340766624958036
1.1340766624958036
1.1340766624958036
1.1340766624958036
1.1340766624958036
1.1340766624958036
1.1340766624958036
1.1340766624958036
1.1340766624958036
1.1340766624958036
1.1340766624958036
1.1340766624958036
1.1340766624958036
1.1340766624958036
1.1340766624958036
1.1340766624958036
1.1340766624958036
1.1340766624958036
1.1340766624958036
1.1340766624958036
1.1340766624958036
1.1340766624958036
1.1340766624958036
1.1340766624958036
1.1340766624958036
1.1340766624958036
1.1340766624958036
1.1258295802217537
1.1253104137863914
1.1253104137863914
1.1196822778930962
1.1196822778930962
1.1196822778930962
1.1158127484082017
1.1140328297626025
1.1087243932731816
1.1072540637662507
1.1077968596463743
1.1077968596463743
1.1077968596463743
1.1085930980193308
1.1092080262849096
1.1092080262849096
1.1092080262849096
1.1092080262849096
1.1091373464371208
1.1091373464371208
1.1091373464371208
1.1127258880108841
1.1127258880108841
1.1127258880108841
1.1140925254317033
1.1140925254317033
1.1107171162400622
1.1118553737137962
1.1102961425362436
1.1126933061936473
1.1126933061936473
1.1126933061936473
1.112373457629195
1.1144960321497979
1.1144960321497979
1.1104956196827656
1.1107361662465864
1.1110728752635401
1.1110728752635401
1.1109516132424841
1.1109516132424841
1.1109516132424841
1.1049551774190047
1.1044877054603475
1.1044877054603475
1.1009536841908292
1.0991328989635378
1.1009596885305697
1.0979519457330884
1.0979519457330884
1.0945009166922306
1.0896255334848677
1.089476527191272
1.089476527191272
1.0894072991088328
1.0894072991088328
1.0857933677131006
1.0856195193245097
1.0856195193245097
1.0848189885855604
1.0833790980626898
1.0833790980626898
1.0790933979025081
1.078548182841502
1.078548182841502
1.078548182841502
1.078548182841502
1.0755932083942814
1.0766397066383813
1.07671469885084
1.0732619966525496
1.0711768483890354
1.0685126889586714
1.0687662300652636
1.0701385422268672
1.0660117755413967
1.0660117755413967
1.0641419167358337
1.0641419167358337
1.0641419167358337
1.0641419167358337
1.0641419167358337
1.0641419167358337
1.0618805068013308
1.0618805068013308
1.0618805068013308
1.0618805068013308
1.0617630139009935
1.060175211989202
1.061083674593985
1.0609009351050478
1.0609009351050478
1.0609009351050478
1.0608509270368216
1.0608509270368216
1.0613840766533083
1.0613840766533083
1.0592738930927255
1.0566088374981657
1.0566088374981657
1.0581366751505432
1.0581366751505432
1.057505371101038
1.0537670390937888
1.0545175139734457
1.0511907603715467
1.051108673717655
1.051108673717655
1.051108673717655
1.0509467167333355
1.0509467167333355
1.0547718272488187
1.0560047856290562
1.0559095176110658
1.0559095176110658
1.056214008562857
1.0552583205650954
1.0552583205650954
1.0552583205650954
1.05638061879569
1.05638061879569
1.055420554563262
1.0549280037693856
1.0549280037693856
1.0524114778973432
1.0524114778973432
1.0490438796549966
1.0496312842148325
1.0496312842148325
1.0496312842148325
1.0496312842148325
1.0504877469913583
1.0480596503616817
1.0480596503616817
1.047671327217852
1.047671327217852
1.047671327217852
1.0486806142672773
1.047497032992733
1.047497032992733
1.0485283041802136
1.0485283041802136
1.0485283041802136
1.0485283041802136
1.0477366022784431
1.0475585225646586
1.0503448003050992
1.0513989390281142
1.052258991681647
1.0521790161840279
1.0521790161840279
1.0521790161840279
1.0521790161840279
1.0522462163584323
1.0509642675923336
1.05147194791991
1.0512605219178366
1.0547580670205376
1.0537241602556218
1.0537241602556218
1.053305355429124
1.0528885038573756
1.0528885038573756
1.0528885038573756
1.052045574245813
1.0485190673509002
1.0485190673509002
1.0485190673509002
1.0478587621943474
1.049124874169818
1.0512244384159979
1.0500542182137518
1.0537830629669778
1.053741178947457
1.052308730073476
1.0526724292618117
1.055008478478763
1.055008478478763
1.0510740654009825
1.0510740654009825
1.0506757422711108
1.0491682400425224
1.0491682400425224
1.0504367516520121
1.050370319039143
1.050370319039143
1.050370319039143
1.050370319039143
1.0516708693535983
1.0515421858374978
1.0515421858374978
1.0503272458023312
1.0503272458023312
1.0485211552205886
1.0485211552205886
1.0499074959505172
1.0490853147063728
1.0490853147063728
1.0495648683046943
1.0498371125880972
1.0498371125880972
1.052282254352798
1.052282254352798
1.052282254352798
1.052282254352798
1.052282254352798
1.050038222672668
1.050038222672668
1.050545539320366
1.050545539320366
1.050545539320366
1.050545539320366
1.050545539320366
1.050545539320366
1.050545539320366
1.0509188260317321
1.053007879575212
1.054642286794194
1.0555537800785908
1.0535140188265355
1.054464913955381
1.054464913955381
1.0514802321775856
1.0515629538055393
1.0515629538055393
1.0504476632127548
1.0493947887568766
1.0493947887568766
1.0493947887568766
1.0522787873773787
1.0550510417067995
1.053709462652968
1.0520141836208539
1.0520141836208539
1.0530265600999675
1.0530265600999675
1.0519182852644102
1.0508982781365772
1.0508982781365772
1.05184842426104
1.05184842426104
1.053525044415785
1.055677594307728
1.053234825500005
1.0552685823637662
1.0559308123509774
1.0559308123509774
1.050093491556396
1.050093491556396
1.050093491556396
1.0466391720541013
1.0476052182468607
1.0476052182468607
1.0463517376167766
1.0463517376167766
1.0466642608988703
1.0466642608988703
1.0466642608988703
1.0455638818207862
1.0455638818207862
1.0467938937854142
1.0467938937854142
1.0464927708408724
1.0422860327323196
1.0401430885846212
1.042066137441086
1.0416776608892395
1.0416776608892395
1.04112928517246
1.04112928517246
1.04112928517246
1.043588798076357
1.0441855101698705
1.0435508591620528
1.0435508591620528
1.0438353084753664
1.043824514657378
1.0439966134084175
1.0439966134084175
1.0439966134084175
1.0434741245157584
1.0430864297653764
1.0431438441031928
1.0431438441031928
1.041940838237132
1.041940838237132
1.0476229782659916
1.0428189386449682
1.0440241517847269
1.0439397541241453
1.0457279273035571
1.0450514845093055
1.0441753856948017
1.0441753856948017
1.0441753856948017
1.0453477082591234
1.0453477082591234
1.0453477082591234
1.0453477082591234
1.0453477082591234
1.0473437546966144
1.0496652224897656
1.0496652224897656
1.047329581867263
1.047329581867263
1.047329581867263
1.047329581867263
1.0466741140842217
1.0466741140842217
1.0466741140842217
1.0466741140842217
1.0466741140842217
1.0466741140842217
1.0454871862072748
1.0469040463607782
1.0469040463607782
1.0469040463607782
1.0469040463607782
1.045937471036139
1.0466228856214286
1.0462668219477178
1.0462668219477178
1.045138594781778
1.045138594781778
1.044352398775559
1.0442242029910804
1.0435038389367446
1.0439313295003818
1.0439313295003818
1.0439313295003818
1.0439313295003818
1.0459853522778007
1.0459853522778007
1.0459853522778007
1.0458420060803164
1.0458420060803164
1.0458420060803164
1.047151795204315
1.0424919245814182
1.0424919245814182
1.0418956586157588
1.0411003769053924
1.0411003769053924
1.0411003769053924
1.041489432802932
1.041489432802932
1.041489432802932
1.041489432802932
1.041489432802932
1.0417343006906115
1.0417343006906115
1.0417343006906115
1.040527659693735
1.040527659693735
1.040527659693735
1.040527659693735
1.0379278051918048
1.0417445724548764
1.0417445724548764
1.0417445724548764
1.041939305489933
1.0391287854784474
1.0400901897144512
1.0400901897144512
1.0400901897144512
1.0412329538141034
1.0410003234301404
1.0410003234301404
1.0410003234301404
1.0410003234301404
1.0410003234301404
1.0398182799294058
1.040435719779947
1.040435719779947
1.0407834515327978
1.0407834515327978
1.0415887482324377
1.0411161036585284
1.0437251436302555
1.0437251436302555
1.0429055379538246
1.0429055379538246
1.0410259224629992
1.0412902787662994
1.0412902787662994
1.0412902787662994
1.0412902787662994
1.0412902787662994
1.0432486354594361
1.041321495315406
1.041321495315406
1.041321495315406
1.0410161193692078
1.0410161193692078
1.0413780605357823
1.0410178204060403
1.0410178204060403
1.0402045432860763
1.0402045432860763
1.0402045432860763
1.0407096958219
1.043292065990579
1.043292065990579
1.0419499997489408
1.0433753741685432
1.0433753741685432
1.0434303154936004
1.0434303154936004
1.043241489449219
1.043241489449219
1.042146416713494
1.042146416713494
1.0430671110392975
1.0432259790330565
1.0425998072230005
1.0425998072230005
1.042845647144007
1.042845647144007
1.042845647144007
1.042845647144007
1.0430356023112606
1.0404083734494316
1.0404083734494316
1.0418687229659915
1.0418687229659915
1.0418687229659915
1.0418687229659915
1.0418687229659915
1.0418687229659915
1.0418687229659915
1.0417313461484377
1.0417313461484377
1.0417313461484377
1.0417313461484377
1.0448981728296585
1.0448981728296585
1.0448981728296585
1.0448981728296585
1.0448981728296585
1.0423847486754354
1.0423624829054328
1.0416044369780435
1.0416044369780435
1.0416044369780435
1.0416044369780435
1.0416044369780435
1.041525809861945
1.041525809861945
1.0403222012932276
1.0403222012932276
1.041399852849033
1.041399852849033
1.0427074989661125
1.0433596604217181
1.0433596604217181
1.0460188376635506
1.0450213959084622
1.0445125538561848
1.0454821025423682
1.0452398352325307
1.0452398352325307
1.043650676328108
1.043650676328108
1.043650676328108
1.0446969036732747
1.0434719608595704
1.042905729214451
1.042905729214451
1.0441741085058478
1.0400147802116289
1.042989110341172
1.042989110341172
1.0434852772818977
1.0439880896389784
1.0445723274745593
1.046603293214988
1.0472316407604363
1.0472316407604363
1.0472316407604363
1.0472316407604363
1.0457163466881556
1.0457163466881556
1.046463234877577
1.0468628870158911
1.0465935166481495
1.0465935166481495
1.049506692729517
1.049327156637269
1.0479472160355374
1.047171632677005
1.047171632677005
1.0441265335193726
1.0441265335193726
1.0441265335193726
1.0441265335193726
1.0441265335193726
1.045515945834941
1.045515945834941
1.045515945834941
1.045515945834941
1.0441630689230896
1.0405112033348494
1.0405112033348494
1.0405112033348494
1.0364705040034312
1.0344947686035364
1.0344947686035364
1.036354971876423
1.037912024270923
1.0365566014418968
1.0365566014418968
1.0365566014418968
1.0362768680041106
1.0362768680041106
1.0362768680041106
1.0362768680041106
1.0367480283362094
1.0392864657162266
1.0402996516229706
1.0402996516229706
1.0402996516229706
1.0402996516229706
1.0408715161469344
1.0411463200370359
1.0411463200370359
1.0425585196994016
1.0427304714162047
1.0427304714162047
1.0427304714162047
1.0427304714162047
1.0431805410307158
1.0431805410307158
1.043614240503326
1.0447885797940373
1.0447885797940373
1.0447885797940373
1.0429914569240972
1.0405367836636013
1.0405367836636013
1.0405367836636013
1.0421513989928666
1.0425459572771638
1.0425459572771638
1.0425459572771638
1.0439373702149808
1.0439373702149808
1.0423769553134434
1.0423769553134434
1.0428782359939683
1.0428782359939683
1.0428539209594327
1.0428539209594327
1.0428539209594327
1.0418137930353821
1.042635645037413
1.0429997682769852
1.0429997682769852
1.0429997682769852
1.0456404360270268
1.043954303178432
1.043954303178432
1.040725165607981
1.040725165607981
1.040725165607981
1.0405622872308549
1.0405622872308549
1.0405622872308549
1.0405622872308549
1.038465046315897
1.038465046315897
1.0391719477987562
1.0391719477987562
1.0391719477987562
1.0391719477987562
1.0391719477987562
1.0386145861789984
1.0386145861789984
1.0386145861789984
1.0386145861789984
1.0387230785405512
1.039693809397776
1.0384964398213015
1.0384964398213015
1.0384964398213015
1.0370527533092253
1.0370527533092253
1.0388631961913526
1.0388631961913526
1.0388631961913526
1.036667805182732
1.036667805182732
1.036667805182732
1.036667805182732
1.036667805182732
1.0347502955168628
1.0375865630165622
1.0375865630165622
1.0361798693959845
1.0362026307308354
1.0362026307308354
1.0386973738467353
1.0386973738467353
1.0371008047370363
1.0380068325393494
1.0380068325393494
1.0380068325393494
1.0380068325393494
1.0380068325393494
1.0380068325393494
1.0380068325393494
1.0367915102272927
1.0367915102272927
1.0367915102272927
1.0374121244725598
1.0374121244725598
1.0372793874810307
1.0372793874810307
1.0372793874810307
1.0372793874810307
1.0372793874810307
1.0372793874810307
1.0372793874810307
1.0372793874810307
1.0359026771197306
1.0359026771197306
1.0359026771197306
1.0384653744509278
1.0384653744509278
1.0384653744509278
1.0384653744509278
1.0384653744509278
1.0363214642569647
1.03618311752146
1.03618311752146
1.03618311752146
1.03618311752146
1.0383338835177733
1.0383338835177733
1.0416248383263083
1.0416248383263083
1.0416248383263083
1.0416248383263083
1.0416248383263083
1.0447265481808172
1.043978864002813
1.043978864002813
1.043978864002813
1.0412683881025628
1.0412683881025628
1.0401689092679136
1.0401689092679136
1.0401689092679136
1.0401689092679136
1.0401689092679136
1.0401689092679136
1.0401689092679136
1.0401689092679136
1.0401689092679136
1.040954963943102
1.040954963943102
1.0398898993841321
1.0398898993841321
1.0414119541519022
1.0414119541519022
1.0414119541519022
1.0414119541519022
1.0414119541519022
1.0414119541519022
1.0414119541519022
1.0407923149992304
1.0417322474997461
1.0402588936536237
1.0397292841150612
1.0397292841150612
1.0397292841150612
1.0385795863549279
1.0380665330516805
1.0380665330516805
1.0380665330516805
1.0378113545969692
1.039425683237492
1.0424787940475477
1.0419278335386533
1.0419278335386533
1.0429054963042077
1.0429054963042077
1.0416540211057403
1.0436268062087153
1.041055921719276
1.0426559715555537
1.0426559715555537
1.042255448106612
1.043052126688278
1.041715148785187
1.041715148785187
1.041715148785187
1.041680516014323
1.0435124107005458
1.0435124107005458
1.0435124107005458
1.0435124107005458
1.0440808271841848
1.0440808271841848
1.041656738929715
1.0400737637012314
1.0388399874299885
1.0388399874299885
1.0388399874299885
1.0388399874299885
1.0398299854357396
1.0405432716627012
1.0405432716627012
1.042668340383121
1.042668340383121
1.041952889451716
1.040953079562233
1.040953079562233
1.040953079562233
1.0413753232602208
1.0413753232602208
1.0413753232602208
1.0413753232602208
1.0429425986379839
1.0414351890297076
1.0414351890297076
1.0386058514006844
1.0386058514006844
1.0384496977735331
1.040026649175835
1.0388549604315012
1.0388549604315012
1.0407179056702236
1.0407179056702236
1.0407179056702236
1.0404404656529915
1.0404404656529915
1.0404546844864815
1.0404546844864815
1.0407412447160755
1.0407758446427084
1.0412148599121285
1.0412148599121285
1.0412148599121285
1.0412148599121285
1.0412148599121285
1.0434479915403538
1.043100540743944
1.043100540743944
1.0441398777314297
1.0441398777314297
1.0392320301307725
1.0391049807720178
1.0376864786281774
1.0376864786281774
1.0399471100866984
1.0399471100866984
1.0399050274579
1.0399050274579
1.0382702068704244
1.0382702068704244
1.0382702068704244
1.036058258507147
1.036058258507147
1.0350696468505174
1.0350696468505174
1.0350696468505174
1.0350696468505174
1.0371495741923018
1.0379331879974814
1.0376447869720837
1.037801715988562
1.0375134903807142
1.0359463463947183
1.0360964500177223
1.0360964500177223
1.0360964500177223
1.0360964500177223
1.0351772471751155
1.0340074254378944
1.0333937212093427
1.0333937212093427
1.0333937212093427
1.0333937212093427
1.0333937212093427
1.0333937212093427
1.0340598607717546
1.0340598607717546
1.0333230805183973
1.0333230805183973
1.0333230805183973
1.0333230805183973
1.0357767398478321
1.0357767398478321
1.0357767398478321
1.0357767398478321
1.0357767398478321
1.034803755773463
1.034803755773463
1.034803755773463
1.0337068186609877
1.032827358059492
1.032827358059492
1.0340311561459867
1.0340311561459867
1.033950379693565
1.033950379693565
1.033950379693565
1.0374476650439723
1.0374476650439723
1.0362075631744905
1.0384736808371577
1.0384736808371577
1.0384736808371577
1.0384736808371577
1.040624889983082
1.0370619948619344
1.0364892458277688
1.0369162690109928
1.0375823704872005
1.0375823704872005
1.0375823704872005
1.0375823704872005
1.0375823704872005
1.0375823704872005
1.0338578232005582
1.034489956068907
1.034489956068907
1.036094465831794
1.036094465831794
1.0366902186187072
1.0366902186187072
1.0366902186187072
1.0363869263972292
1.0363869263972292
1.0363869263972292
1.036482109266558
1.036762121935941
1.036762121935941
1.0377075414802908
1.0377075414802908
1.0377075414802908
1.0377075414802908
1.0377075414802908
1.0381316444606659
1.0381316444606659
1.039750013940024
1.0391077063079033
1.0391077063079033
1.0410383626845523
1.0410383626845523
1.042989530073026
1.042989530073026
1.042989530073026
1.042989530073026
1.042989530073026
1.0426075056860253
1.0426075056860253
1.0426075056860253
1.0391639420346321
1.0391639420346321
1.042187402176167
1.0429122517700213
1.0402036806256807
1.0399751491006863
1.0399751491006863
1.0392958324717854
1.040969843511507
1.040969843511507
1.0421714849583057
1.0422053732077663
1.0422053732077663
1.0416956601590794
1.0412453852287225
1.0412453852287225
1.037580869269772
1.037580869269772
1.037580869269772
1.037580869269772
1.0376353817821795
1.0376353817821795
1.03805677767642
1.0367385318381817
1.0388460547815355
1.0368048569048973
1.0401754570757356
1.0401754570757356
1.0401754570757356
1.0385429406986342
1.0385429406986342
1.0385429406986342
1.0385429406986342
1.0372946345068514
1.0372946345068514
1.0372946345068514
1.0405467695408632
1.0402075923565586
1.039911359164268
1.0410711807291289
1.0399328965316015
1.0401725074027335
1.0401725074027335
1.0401725074027335
1.0410071501523186
1.0405336420566267
1.0405336420566267
1.044605439176837
1.0429749322960788
1.0429749322960788
1.0429749322960788
1.0436269177599768
1.0413507911665725
1.0413507911665725
1.0413507911665725
1.0366346305491212
1.036824557296346
1.0375642013883473
1.0383461667146776
1.0388756134249095
1.0388756134249095
1.0388756134249095
1.0388756134249095
1.0388756134249095
1.0388756134249095
1.0388756134249095
1.0388756134249095
1.0398467837387975
1.0398467837387975
1.039730734183405
1.041567262407867
1.0418437409449735
1.0402650077608007
1.0402650077608007
1.042230776352081
1.042230776352081
1.0398014325234282
1.0376439706573781
1.0376439706573781
1.0376439706573781
1.0376439706573781
1.0367867233602948
1.0372859535214345
1.0372859535214345
1.0390150083088594
1.0390150083088594
1.0371811814076473
1.0371811814076473
1.0371811814076473
1.0366885289936614
1.037494500617769
1.0421647481078522
1.0421647481078522
1.0421647481078522
1.0419251832056298
1.0419251832056298
1.0419251832056298
1.0401074152708025
1.0401074152708025
1.0401074152708025
1.0416011118119677
1.0416011118119677
1.0420710341796207
1.0408166333447328
1.0377908513035208
1.0368316409489586
1.0390562297761528
1.0409597770906938
1.0409597770906938
1.0409597770906938
1.0403913590300733
1.0401289904201507
1.0401289904201507
1.0401289904201507
1.0401289904201507
1.0401289904201507
1.0391093935260014
1.0391093935260014
1.0391093935260014
1.0389971347438987
1.0374798420906988
1.0374798420906988
1.0374798420906988
1.0374798420906988
1.0385981549352967
1.0385981549352967
1.0385981549352967
1.0385981549352967
1.0365852801255069
1.0365852801255069
1.0365852801255069
1.0362152584725521
1.0362152584725521
1.034242228110326
1.034242228110326
1.034242228110326
1.034242228110326
1.035707912866301
1.0358595365786478
1.0374487539103603
1.036015873312113
1.036015873312113
1.0356092197983875
1.0356092197983875
1.0356092197983875
1.0356092197983875
1.037178686080195
1.0356542207672919
1.036036906346773
1.036036906346773
1.036036906346773
1.036036906346773
1.040581931798285
1.040581931798285
1.040581931798285
1.0409710888969157
1.0409710888969157
1.0409710888969157
1.0409710888969157
1.0409710888969157
1.0402895784725037
1.0402895784725037
1.0402895784725037
1.0390386909098253
1.0390386909098253
1.0390386909098253
1.0390386909098253
1.0412240483740534
1.0408232959024037
1.0406015051325217
1.0406015051325217
1.0411050750555924
1.0411050750555924
1.0415463919817278
1.0415463919817278
1.0425391212651995
1.045304641603054
1.045304641603054
1.0453061114689084
1.045259929336283
1.0451798613128422
1.0421223315809518
1.0421223315809518
1.0421223315809518
1.0403770390255789
1.0403770390255789
1.0411918298124756
1.0411918298124756
1.0427757545570437
1.0431814272612743
1.0431814272612743
1.0431814272612743
1.0431814272612743
1.0431814272612743
1.0431814272612743
1.0431814272612743
1.0431814272612743
1.0448932730935099
1.0448932730935099
1.0490226371507316
1.0490226371507316
1.0490226371507316
1.0493477238395452
1.0493477238395452
1.0493477238395452
1.0493477238395452
1.048692018573851
1.048589272900843
1.049050153140144
1.0488074582010571
1.0487953768033893
1.0487953768033893
1.0487953768033893
1.0487953768033893
1.0487953768033893
1.0467901737044085
1.046125105864152
1.0460753179955642
1.0460753179955642
1.0436160152186076
1.0436160152186076
1.0436160152186076
1.0436160152186076
1.0426277784127254
1.0426277784127254
1.0395390714565405
1.0396998781554645
1.041163220714586
1.0395379102352764
1.0395379102352764
1.039941512121364
1.039941512121364
1.0394963652054732
1.0394963652054732
1.0387981003782147
1.0390044055120706
1.0385893616144821
1.0385893616144821
1.0385893616144821
1.0385893616144821
1.0385893616144821
1.0385893616144821
1.0370294395871176
1.0370294395871176
1.0370294395871176
1.0370294395871176
1.0370294395871176
1.0350687495369624
1.0335647682217435
1.0354145207922236
1.0354043104234039
1.0354043104234039
1.0354043104234039
1.0354043104234039
1.0354043104234039
1.0354043104234039
1.0357310780978644
1.0357310780978644
1.0357310780978644
1.0357310780978644
1.036510931607991
1.0355882502554328
1.0355882502554328
1.0355882502554328
1.0355882502554328
1.0364006506860848
1.0389535026908834
1.040469177412563
1.0400442577102804
1.0407490537943918
1.0407490537943918
1.0407490537943918
1.0407490537943918
1.0407490537943918
1.0403148847050094
1.0425818227929977
1.0434647150023668
1.0437598048724717
1.0434871527154412
1.0434871527154412
1.0434871527154412
1.041415238782707
1.0394606204421966
1.0365296000762614
1.0343890452699842
1.035650573466512
1.035330503758075
1.0366317877315796
1.0338014015497452
1.0338014015497452
1.035684335630204
1.035684335630204
1.035684335630204
1.035684335630204
1.037928817760763
1.0377807952811051
1.0377807952811051
1.0377807952811051
1.0377807952811051
1.0377807952811051
1.037448727220981
1.037448727220981
1.0379504517082268
1.0379504517082268
1.0351520989477927
1.0351520989477927
1.037898012726981
1.0368598943329226
1.0349236026114628
1.0349236026114628
1.0349236026114628
1.0349236026114628
1.0337302951264113
1.0337302951264113
1.034054014497988
1.0354437480650476
1.0350672188525172
1.0350672188525172
1.0350672188525172
1.0350672188525172
1.0350672188525172
1.0350672188525172
1.0350672188525172
1.0350672188525172
1.038164146419408
1.0382788861353103
1.0405115932874274
1.037520956679059
1.037520956679059
1.0377317752022943
1.0377317752022943
1.0363014622935793
1.03627063596596
1.03627063596596
1.035043861643464
1.0346754091231123
1.0346754091231123
1.0346754091231123
1.0346754091231123
1.036011805284373
1.036011805284373
1.036011805284373
1.0355042855069014
1.036730116966772
1.036730116966772
1.0348482594628683
1.0363643803698255
1.0363643803698255
1.0363643803698255
1.033360900451859
1.033360900451859
1.033360900451859
1.0342393905714464
1.033583042082863
1.0318252053914545
1.0318252053914545
1.0318252053914545
1.0318252053914545
1.0318252053914545
1.0318252053914545
1.0318252053914545
1.0318252053914545
1.0318252053914545
1.0299611421941717
1.0314718609489488
1.0314718609489488
1.0314718609489488
1.0314718609489488
1.0314718609489488
1.0314718609489488
1.0310487080073962
1.0327812895773818
1.033192049586121
1.0305403284001693
1.0305403284001693
1.0305403284001693
1.0328755484726615
1.0360992862838194
1.0375956592898627
1.0368423658816814
1.0368423658816814
1.0378268692233286
1.0378268692233286
1.038841071893898
1.0396837810701123
1.0396837810701123
1.0396837810701123
1.0396837810701123
1.0396837810701123
1.0396837810701123
1.0396837810701123
1.0396837810701123
1.0396837810701123
1.0396837810701123
1.0396837810701123
1.0396837810701123
1.0396837810701123
1.0410513562085117
1.040266496117957
1.040266496117957
1.0439541037180038
1.0439541037180038
1.04260091795245
1.040602131091805
1.0417657559978981
1.0406717497494447
1.0406717497494447
1.0406717497494447
1.041170471295285
1.041170471295285
1.0439516099179358
1.0439516099179358
1.0439516099179358
1.0439516099179358
1.0470705076884472
1.0459110394771458
1.0453149230097203
1.0453149230097203
1.0453149230097203
1.0453149230097203
1.0423137438557486
1.0423137438557486
1.0412750762115113
1.0417851747398263
1.0433420047646444
1.042104943919376
1.042104943919376
1.042104943919376
1.042104943919376
1.042104943919376
1.042104943919376
1.0471160336473941
1.0471160336473941
1.0466205873468652
1.0466205873468652
1.0463120040324476
1.0446751068255198
1.0446751068255198
1.0422471867709489
1.0422471867709489
1.0422471867709489
1.0412497893677706
1.041343666187632
1.041343666187632
1.0404731748885478
1.0430897232424212
1.0438075753750728
1.0438075753750728
1.0438075753750728
1.043640285167089
1.043640285167089
1.043640285167089
1.0442029091640193
1.0445674755103467
1.0445674755103467
1.0445674755103467
1.0445674755103467
1.0435295465945718
1.0481943676156538
1.0483873036265288
1.0483873036265288
1.045612527443054
1.0447087171892804
1.0447087171892804
1.0431928179451966
1.0451968658277628
1.046605299032608
1.046605299032608
1.0478347284516842
1.049103926794137
1.049103926794137
1.049103926794137
1.049732163916494
1.049732163916494
1.0504091510216806
1.047025369500526
1.0493207931949686
1.0478793301898914
1.0478793301898914
1.0478793301898914
1.0478793301898914
1.049205471546429
1.049205471546429
1.049205471546429
1.049205471546429
1.049205471546429
1.049205471546429
1.0471917776376467
1.0471917776376467
1.0471917776376467
1.0471917776376467
1.0471917776376467
1.0476936962006005
1.0476936962006005
1.0476936962006005
1.0476936962006005
1.045639145364215
1.045639145364215
1.0453172900707568
1.0453172900707568
1.0445371234007235
1.0445371234007235
1.0449004160459536
1.045497148287246
1.044769307902361
1.0411945213779739
1.0411945213779739
1.0410427425906517
1.0410427425906517
1.0457797690980295
1.0457797690980295
1.0457797690980295
1.0472836197772595
1.0472836197772595
1.0472016791847463
1.0472016791847463
1.0472016791847463
1.0462006105917272
1.0474860531048198
1.0487121236404844
1.0486882167975742
1.048347946956337
1.045194580024209
1.046348518809758
1.046348518809758
1.046348518809758
1.0449807851128132
1.0449807851128132
1.0511597421917493
1.0534247896942044
1.0510330251580493
1.052388758774509
1.0490810198058802
1.0490810198058802
1.0480512630057068
1.046558336721903
1.0439038644367975
1.0439038644367975
1.0439038644367975
1.0484318268113793
1.0484318268113793
1.050491489579213
1.0504960899008569
1.0504960899008569
1.0487888712894242
1.0487888712894242
1.0487888712894242
1.048707412480217
1.048707412480217
1.048707412480217
1.0492361272962316
1.0481888903415366
1.0483759443053895
1.0446201669107225
1.045157490243735
1.047031052355527
1.0441747019232688
1.0441747019232688
1.0441747019232688
1.0441747019232688
1.0434690382531895
1.0434690382531895
1.0434690382531895
1.0434690382531895
1.0418142399821115
1.0418142399821115
1.0395406558641334
1.039662609040488
1.039662609040488
1.039662609040488
1.039662609040488
1.039662609040488
1.0398585905012194
1.0398585905012194
1.0398585905012194
1.0413609211174781
1.0413609211174781
1.04336934198452
1.04336934198452
1.044770108190131
1.044770108190131
1.04513278493569
1.04513278493569
1.0448517441316347
1.0447523282302058
1.0447523282302058
1.0447523282302058
1.0447523282302058
1.0447523282302058
1.0447523282302058
1.0447523282302058
1.0453734323998642
1.0453734323998642
1.0454309390325127
1.0454309390325127
1.0463556722295162
1.0447359122236188
1.0447359122236188
1.0422144983300161
1.0422144983300161
1.043652789440312
1.042124894962568
1.042124894962568
1.0404540686088548
1.043957100979459
1.0442969554706485
1.0442969554706485
1.045495039675351
1.0447711116347635
1.0447711116347635
1.0447711116347635
1.0447711116347635
1.0482777193669282
1.0455026760592339
1.0476791358341815
1.0477879203045717
1.0477879203045717
1.0461862279022154
1.043611429940803
1.043611429940803
1.0453842898431263
1.0453842898431263
1.0453842898431263
1.0465219335670515
1.043685382210656
1.043685382210656
1.043685382210656
1.0446629133714112
1.0445688792121763
1.0459204219709006
1.0459204219709006
1.0459204219709006
1.0459204219709006
1.0459204219709006
1.0459204219709006
1.0477670898019185
1.0523999000979587
1.0472882184937549
1.0472882184937549
1.0502156540794159
1.0502156540794159
1.0502156540794159
1.0502156540794159
1.0502156540794159
1.0502156540794159
1.0513531946032153
1.0513531946032153
1.0496454470338767
1.0496454470338767
1.0496894311114089
1.0483681555892492
1.0483322574865868
1.046060793728695
1.046060793728695
1.046060793728695
1.0469605589754845
1.0469605589754845
1.0469605589754845
1.0469807068576147
1.0469807068576147
1.0469807068576147
1.043913982551084
1.043913982551084
1.043913982551084
1.0453433903849605
1.0453433903849605
1.0453433903849605
1.0408947915516125
1.0400934061309166
1.0400934061309166
1.0400934061309166
1.0394995457163125
1.0409710901084204
1.0395190858257117
1.0395190858257117
1.0397564380545363
1.0396565073031294
1.0397888502354853
1.0397888502354853
1.0397888502354853
1.042066658892672
1.042066658892672
1.042066658892672
1.0436524103419584
1.0427850540389492
1.0427850540389492
1.0427850540389492
1.0427850540389492
1.0427850540389492
1.0455000426958254
1.0448320298245797
1.0447048548453837
1.044577338107121
1.044577338107121
1.043662953201201
1.043662953201201
1.043662953201201
1.0451113851940215
1.041251612470928
1.041251612470928
1.041251612470928
1.0432406907713128
1.0432406907713128
1.0432406907713128
1.0421439761806481
1.0421439761806481
1.0421439761806481
1.0421439761806481
1.041610333010157
1.0413759754313583
1.0413759754313583
1.0419076460186991
1.0419076460186991
1.0424597990493178
1.0424597990493178
1.0424597990493178
1.0424597990493178
1.0425260044077698
1.0425260044077698
1.0425260044077698
1.0427477053723047
1.0415902542458304
1.0415902542458304
1.0415902542458304
1.0415902542458304
1.0424357000894797
1.0424357000894797
1.0424357000894797
1.0391425610127603
1.0397247421870475
1.0412128754866499
1.0384961381190112
1.0384961381190112
1.0384961381190112
1.0384961381190112
1.0384961381190112
1.0384961381190112
1.038684247998422
1.036853950293522
1.036853950293522
1.0384659685666937
1.0384659685666937
1.0384659685666937
1.0378758940572517
1.0390002407017862
1.039954003614119
1.0401703072343564
1.0401703072343564
1.0377296476222622
1.0377296476222622
1.0377296476222622
1.0377296476222622
1.0377296476222622
1.0377296476222622
1.0377296476222622
1.0377296476222622
1.0377296476222622
1.0384448800948098
1.0358304513013787
1.0358304513013787
1.0358304513013787
1.0368737426179302
1.0368737426179302
1.0370104320608353
1.0392555645221067
1.0392555645221067
1.0392555645221067
1.0396431601015628
1.039218757080799
1.039218757080799
1.039218757080799
1.039218757080799
1.0395198412286482
1.0416367643323776
1.0416367643323776
1.0416367643323776
1.0411910869169938
1.040552162588785
1.0415363130774904
1.0400923669337272
1.0400923669337272
1.0392916149729718
1.0384219999304134
1.0384219999304134
1.0384219999304134
1.0400541884391494
1.0419016168131523
1.0437710565116873
1.0437710565116873
1.0454972859269804
1.0454972859269804
1.0458674107441013
1.0464924745256223
1.0449724959961715
1.0456496630780951
1.0458996099871771
1.0423956767589533
1.0423956767589533
1.0425154305108493
1.0447385760993366
1.0447385760993366
1.0482120539541802
1.0482120539541802
1.0482120539541802
1.0482120539541802
1.0482120539541802
1.0482120539541802
1.0482120539541802
1.0485494193860159
1.0489229580667274
1.0456816622172185
1.0456816622172185
1.0456816622172185
1.0456816622172185
1.0456816622172185
1.0456816622172185
1.0456816622172185
1.0456816622172185
1.0456816622172185
1.0454242539657583
1.0454242539657583
1.0459482661055441
1.0459482661055441
1.045883962614828
1.0472426909866384
1.0472426909866384
1.0472426909866384
1.0472426909866384
1.0472426909866384
1.0472426909866384
1.0457430144638604
1.0475269017468016
1.0475269017468016
1.0464298687059779
1.0464298687059779
1.0439630606404195
1.0439630606404195
1.0439630606404195
1.0423990891991755
1.0433178297062982
1.0464592568630626
1.045645010539622
1.045645010539622
1.0440893798380968
1.0440893798380968
1.0467156364293948
1.0462027086043753
1.0453452506589502
1.0453452506589502
1.0453452506589502
1.0453452506589502
1.0453452506589502
1.0475201284795137
1.0475201284795137
1.0475201284795137
1.0475201284795137
1.0475201284795137
1.0470189351864931
1.0471146052926523
1.0471146052926523
1.0471146052926523
1.0471146052926523
1.0454625901155767
1.0455593247712187
1.0455593247712187
1.0463960059310466
1.04695309555958
1.0465579807082461
1.0465579807082461
1.0465579807082461
1.0465579807082461
1.0465579807082461
1.0489614038164845
1.0489614038164845
1.0489614038164845
1.0489614038164845
1.0494989920123792
1.0494989920123792
1.0500612803127616
1.0500612803127616
1.0500612803127616
1.0500612803127616
1.0500612803127616
1.0500612803127616
1.0492954736892475
1.0460675701247035
1.0460675701247035
1.0460675701247035
1.0438006652499323
1.044999617914439
1.044999617914439
1.0461181752551933
1.0419383994481128
1.0419383994481128
1.0433576643271458
1.0415620207635283
1.0415620207635283
1.0415620207635283
1.0423715974433436
1.0431738568964741
1.0429699023811794
1.0451371792887065
1.04435104859145
1.04435104859145
1.0446451705622504
1.0436703579749105
1.0436703579749105
1.0436703579749105
1.0436703579749105
1.0436703579749105
1.0436703579749105
1.04502672121918
1.0459479216260723
1.0451922355599472
1.0451922355599472
1.0451922355599472
1.0451922355599472
1.0431247854723316
1.0454257121081036
1.0454257121081036
1.046496228038454
1.045187350601105
1.040669649743382
1.0436756932104028
1.0452199406897544
1.0452199406897544
1.0452199406897544
1.0443558473989338
1.0443558473989338
1.0443558473989338
1.0443558473989338
1.042292010762837
1.0409769336580796
1.042601240264122
1.042601240264122
1.0454622037993144
1.0454622037993144
1.0454622037993144
1.0454622037993144
1.0454622037993144
1.0454622037993144
1.0457427683132408
1.0457427683132408
1.0474424520624042
1.0461519633693037
1.0461519633693037
1.0461519633693037
1.0472016547547718
1.044182257292235
1.0447694598102468
1.0447694598102468
1.0447694598102468
1.04499116615747
1.04499116615747
1.04499116615747
1.04499116615747
1.04499116615747
1.04499116615747
1.04499116615747
1.040509585029113
1.040509585029113
1.040509585029113
1.0403362668557221
1.039114856574436
1.038146362666613
1.038146362666613
1.039195444739332
1.0383742222062187
1.038558369826796
1.038558369826796
1.038558369826796
1.038135238487335
1.037341171714067
1.0332606482607
1.0332606482607
1.0332606482607
1.0318829889539145
1.0318246874170753
1.035047006303528
1.035047006303528
1.035047006303528
1.035047006303528
1.035047006303528
1.0367323985973609
1.0374450074940382
1.037682149926037
1.037682149926037
1.037682149926037
1.0375736677316874
1.0375736677316874
1.0375736677316874
1.0381603329775513
1.0381603329775513
1.0350704431488433
1.0343086777403825
1.0343086777403825
1.0343086777403825
1.0343086777403825
1.0343086777403825
1.0366501495042797
1.0366501495042797
1.0366501495042797
1.0366501495042797
1.0370203433341911
1.0369272024277367
1.0369272024277367
1.0381412563541816
1.0384917002402454
1.0384917002402454
1.0370293212269104
1.0362865784553366
1.0362865784553366
1.0388120981173943
1.038969231872482
1.038969231872482
1.038969231872482
1.040711569875421
1.040711569875421
1.0425119342654905
1.0425119342654905
1.0394507211909585
1.0394097799156918
1.0394097799156918
1.0394097799156918
1.0394097799156918
1.038542519910158
1.038542519910158
1.038542519910158
1.038542519910158
1.0374876478088064
1.0374876478088064
1.040786343935377
1.0406180004307597
1.0397799012110793
1.0397799012110793
1.0397799012110793
1.0397799012110793
1.0396579518115636
1.0396579518115636
1.0398135989492172
1.0398135989492172
1.0398135989492172
1.0398135989492172
1.0398135989492172
1.0398135989492172
1.0398135989492172
1.0398135989492172
1.0398135989492172
1.0398135989492172
1.0420387455575402
1.0420387455575402
1.0420387455575402
1.0420387455575402
1.0450712465046097
1.0442218088546336
1.0442218088546336
1.0442218088546336
1.0454979027685964
1.0454979027685964
1.0454979027685964
1.044441532333829
1.044441532333829
1.044441532333829
1.0458427226727887
1.0458427226727887
1.0458427226727887
1.0434838559732362
1.0434838559732362
1.0434838559732362
1.039923188882839
1.039923188882839
1.039923188882839
1.0404062245219161
1.0404062245219161
1.0418997774021728
1.0422360546293568
1.0422360546293568
1.0429812925825994
1.0429812925825994
1.0406116006733812
1.0406116006733812
1.0406116006733812
1.0416658516850832
1.0429184275859018
1.0429184275859018
1.0426694633832576
1.0417586169245037
1.0415546267253977
1.0415546267253977
1.0447872266961424
1.0447872266961424
1.0436632360590992
1.0440008664455047
1.0405412622057542
1.0393991884805949
1.0393991884805949
1.0405059911049603
1.0405059911049603
1.0405059911049603
1.0405059911049603
1.0405059911049603
1.043960920663578
1.044980251047623
1.0437133858398349
1.043219667970778
1.043219667970778
1.041806045103879
1.041806045103879
1.045163942574704
1.045163942574704
1.0455325811432836
1.040108695921553
1.040108695921553
1.040108695921553
1.038320351830489
1.0392603382563537
1.0392603382563537
1.0392603382563537
1.0392603382563537
1.0392603382563537
1.0392603382563537
1.0392603382563537
1.0392603382563537
1.0392603382563537
1.0374892954671031
1.0423001555822624
1.0423001555822624
1.0433961543883639
1.0433961543883639
1.0433961543883639
1.0430887989116584
1.0430887989116584
1.0397969795621789
1.039009502057428
1.0407419995035037
1.0415788621130648
1.0415788621130648
1.0415788621130648
1.0423313975555528
1.0423313975555528
1.041830244359445
1.0405919055422952
1.0405919055422952
1.0420415912701335
1.0393059655698706
1.0379047337461136
1.0379826860036334
1.0379826860036334
1.0379826860036334
1.0379826860036334
1.0384426389180659
1.0384426389180659
1.0384426389180659
1.0384426389180659
1.0384426389180659
1.0388735132131357
1.0385761019875643
1.0394471993784224
1.0394471993784224
1.0394471993784224
1.0394471993784224
1.0383061457166651
1.0422177034396969
1.0422177034396969
1.039332959992211
1.0398813908500741
1.0398813908500741
1.0400985763724024
1.0400985763724024
1.0343483459675566
1.0343483459675566
1.0355177305374177
1.0353220836741897
1.0353220836741897
1.0343534388900335
1.0343534388900335
1.0343534388900335
1.0350964237307652
1.0350964237307652
1.0350354720689086
1.0350354720689086
1.0350354720689086
1.0383405230147056
1.0389145138881297
1.0389145138881297
1.039485300387846
1.039485300387846
1.039485300387846
1.038251564283819
1.035833202960634
1.036542172019066
1.034752227694397
1.034752227694397
1.03690233691421
1.03690233691421
1.0358129665358617
1.0358129665358617
1.0358129665358617
1.034789352523667
1.034789352523667
1.034789352523667
1.034789352523667
1.034789352523667
1.034789352523667
1.034789352523667
1.034789352523667
1.034789352523667
1.034789352523667
1.034789352523667
1.034789352523667
1.034789352523667
1.034789352523667
1.034789352523667
1.034789352523667
1.034789352523667
1.034789352523667
1.0388896562191239
1.0388896562191239
1.039064151144369
1.039064151144369
1.039064151144369
1.039507606729448
1.0399283174858116
1.0399283174858116
1.0399283174858116
1.036187041647044
1.036187041647044
1.0343555734567336
1.0343555734567336
1.0343555734567336
1.0343555734567336
1.037506516413546
1.037506516413546
1.0386529351171325
1.0386529351171325
1.0349540799534076
1.0349540799534076
1.0349540799534076
1.0336199834900621
1.0336199834900621
1.0336199834900621
1.0336199834900621
1.0336199834900621
1.0327206837619634
1.0327206837619634
1.0327206837619634
1.036329124498768
1.036329124498768
1.036329124498768
1.036329124498768
1.036329124498768
1.036329124498768
1.0369948349610416
1.0369948349610416
1.0369948349610416
1.0347929605607438
1.0347929605607438
1.0347929605607438
1.0349410474243173
1.0349410474243173
1.0349410474243173
1.0343036170511752
1.0339507799249628
1.0339507799249628
1.0339507799249628
1.0339507799249628
1.0339507799249628
1.0339507799249628
1.0339507799249628
1.0339507799249628
1.0339507799249628
1.0335102887778385
1.0335102887778385
1.0346143719397956
1.0350565592791514
1.0350565592791514
1.0350565592791514
1.0350565592791514
1.0350565592791514
1.0358479491717443
1.0370894537889508
1.0370894537889508
1.0360515424880896
1.0362438986479532
1.0362438986479532
1.037278484853393
1.0348405685505941
1.0348405685505941
1.0348405685505941
1.0348405685505941
1.0348405685505941
1.0364224475480486
1.0339154133466577
1.0339154133466577
1.0352319402670336
1.0357862922760273
1.0357862922760273
1.0357862922760273
1.0357862922760273
1.0354602251395657
1.0354602251395657
1.0354602251395657
1.0354602251395657
1.038601549979851
1.0400492937051822
1.0430063641039573
1.0439876372473769
1.0439876372473769
1.0443353625534282
1.0443353625534282
1.0443353625534282
1.0443353625534282
1.0443353625534282
1.0411379298412697
1.0411379298412697
1.0411379298412697
1.0411379298412697
1.0411379298412697
1.0411379298412697
1.0396380799987195
1.0396380799987195
1.0396380799987195
1.0382767927269823
1.0382767927269823
1.0386251532814317
1.0386251532814317
1.039583759962028
1.0399542127166217
1.0399542127166217
1.0421102575428711
1.0421102575428711
1.0421102575428711
1.0421102575428711
1.0421102575428711
1.0421102575428711
1.040669153120371
1.0405797811060467
1.0405797811060467
1.0410600112969914
1.0410600112969914
1.0410600112969914
1.0410600112969914
1.0410600112969914
1.0401859837576053
1.0398797900528662
1.0398797900528662
1.0398797900528662
1.0398797900528662
1.0398797900528662
1.0398797900528662
1.0418092648297776
1.042874982341707
1.042874982341707
1.0431049249032278
1.0447785104392886
1.0447785104392886
1.0447785104392886
1.0447785104392886
1.0447785104392886
1.0447785104392886
1.045055040134064
1.0406321101119893
1.0406321101119893
1.0406321101119893
1.0406321101119893
1.0402068130451823
1.0393856816634968
1.038798216787838
1.038654122652197
1.038654122652197
1.0370220649127107
1.0392360989159335
1.0391215714780564
1.039273181436989
1.039273181436989
1.039273181436989
1.039273181436989
1.039273181436989
1.039273181436989
1.039273181436989
1.03676379403046
1.03676379403046
1.03676379403046
1.0352032938868363
1.0375658631500915
1.0375658631500915
1.0373893933013092
1.0373893933013092
1.0348134594092582
1.0348134594092582
1.0321254605461614
1.03288151894149
1.03288151894149
1.03143897630089
1.0362331670551588
1.0362331670551588
1.037617205746939
1.0381671512310433
1.0381671512310433
1.0373239490474788
1.0373239490474788
1.0373239490474788
1.0373239490474788
1.0401250544497125
1.0401250544497125
1.0382229877568825
1.0358507118176923
1.0358507118176923
1.0358507118176923
1.0358507118176923
1.0367660531417249
1.0349608084403417
1.0349608084403417
1.0349608084403417
1.0349608084403417
1.0346881570094821
1.0346881570094821
1.0346881570094821
1.0376539801311433
1.0376539801311433
1.0337095612576503
1.0337095612576503
1.0353413141392296
1.035429336523702
1.034401006954558
1.034401006954558
1.034401006954558
1.034401006954558
1.034401006954558
1.034401006954558
1.036953465942078
1.036953465942078
1.0352235296443282
1.0352235296443282
1.0352235296443282
1.0343947755704546
1.0343947755704546
1.0334354972876194
1.0345594071635118
1.0345594071635118
1.0345594071635118
1.0345594071635118
1.0345594071635118
1.0345594071635118
1.0345594071635118
1.0345594071635118
1.0345594071635118
1.0345594071635118
1.0345594071635118
1.0345594071635118
1.0345594071635118
1.0344483068633565
1.0344483068633565
1.0348147287412677
1.0344511837213293
1.0344511837213293
1.0344511837213293
1.0344511837213293
1.0344511837213293
1.0344511837213293
1.0344511837213293
1.0344511837213293
1.0344511837213293
1.0344511837213293
1.034247994788364
1.034247994788364
1.034247994788364
1.034247994788364
1.034247994788364
1.033718351309284
1.033859900619602
1.0333642124839642
1.037883443940975
1.037148298253907
1.037148298253907
1.0376679273589406
1.0376679273589406
1.0370282978077054
1.0387625451606814
1.0348810592589017
1.0348810592589017
1.0348810592589017
1.0348810592589017
1.0347006836230381
1.036953473119305
1.036953473119305
1.0376163969636638
1.0361520762694802
1.0361520762694802
1.0369343762293457
1.0369343762293457
1.0376029757001446
1.0376029757001446
1.0376029757001446
1.0376029757001446
1.0376029757001446
1.0401952036900364
1.0401952036900364
1.041253214371185
1.041253214371185
1.041253214371185
1.041253214371185
1.041253214371185
1.041253214371185
1.0378013220235474
1.0383407725763723
1.0383407725763723
1.0379456414439228
1.0379456414439228
1.0379456414439228
1.0379456414439228
1.0379456414439228
1.0379456414439228
1.0378357506257636
1.0378357506257636
1.0388745036541236
1.0388745036541236
1.0388336633440522
1.0388336633440522
1.0378707220463346
1.0355348683172052
1.0355348683172052
1.0361881341404833
1.0361881341404833
1.035933085487128
1.0339141200720507
1.0339141200720507
1.0339141200720507
1.0361365073551116
1.0361365073551116
1.0361365073551116
1.0361365073551116
1.0361365073551116
1.0361365073551116
1.0327468165649345
1.0324055717202283
1.0350770110069165
1.0346776132148985
1.035002468984097
1.035002468984097
1.035002468984097
1.0355141263181753
1.0355141263181753
1.0355141263181753
1.0370453521176533
1.0368994881699953
1.0411208872947157
1.041845725596197
1.0402670334664894
1.0398075159247093
1.0398075159247093
1.0399185693079327
1.0408669364923697
1.0408669364923697
1.0408669364923697
1.0408669364923697
1.0408669364923697
1.0401110498355308
1.0401110498355308
1.0404786002011204
1.0411861255199164
1.0392150893573948
1.0419050027514212
1.0419050027514212
1.0411283595515268
1.0411283595515268
1.0376145912920192
1.0376145912920192
1.0376145912920192
1.0382438540881285
1.0382438540881285
1.0383368878719976
1.0383368878719976
1.0407603673244563
1.037909005952859
1.037909005952859
1.0391403043799332
1.0409688830038435
1.0409688830038435
1.0405296518864735
1.0405296518864735
1.042772291923218
1.042772291923218
1.0430241613861093
1.0430241613861093
1.0430241613861093
1.0430241613861093
1.0427054169407866
1.0430785622534124
1.041909816508693
1.0422791784656478
1.0422791784656478
1.0422791784656478
1.0389121390157154
1.0390339650732463
1.0432677636791465
1.042855631698268
1.042855631698268
1.042446060663126
1.042446060663126
1.0422685264777503
1.0423924792265815
1.0425408092591308
1.0414617680638127
1.0412412464550365
1.0412412464550365
1.0412412464550365
1.0412412464550365
1.0412412464550365
1.0412412464550365
1.0428478769718534
1.0428478769718534
1.0428478769718534
1.0407088695899434
1.0390825127454189
1.0390825127454189
1.039519189543202
1.0406729488680657
1.0422044595213427
1.0422044595213427
1.042415472720911
1.042415472720911
1.0415227135378333
1.0415227135378333
1.0415227135378333
1.0435686114262548
1.0435686114262548
1.0435686114262548
1.0419533402208305
1.0419533402208305
1.0419533402208305
1.0412871467810008
1.0412871467810008
1.0403224824200257
1.0403224824200257
1.0435947790324818
1.0435947790324818
1.0435947790324818
1.0435947790324818
1.0435947790324818
1.0435947790324818
1.0436401284286712
1.0420479087488552
1.0420479087488552
1.0420479087488552
1.0420479087488552
1.0420479087488552
1.0420479087488552
1.0420479087488552
1.0420479087488552
1.0420479087488552
1.0420479087488552
1.041547129945382
1.041547129945382
1.041547129945382
1.041547129945382
1.0423428094885694
1.0423428094885694
1.0436949887320426
1.040860163108245
1.0418696258971998
1.0422542671984916
1.0415865418522752
1.0415865418522752
1.042276373203049
1.042276373203049
1.0408314193278039
1.0408314193278039
1.0425066754112633
1.0425066754112633
1.0425066754112633
1.0404228548190866
1.0404228548190866
1.0385794953430179
1.0385794953430179
1.0389965558105496
1.0372258804707777
1.0372258804707777
1.0372258804707777
1.0372258804707777
1.0376436494609522
1.0376436494609522
1.0350562832199501
1.0350562832199501
1.0343798046476373
1.0343798046476373
1.0343798046476373
1.032669929014431
1.0341949709600269
1.0341949709600269
1.0341949709600269
1.0341949709600269
1.0341949709600269
1.036961490004471
1.0391846418526147
1.0370340270371834
1.0370340270371834
1.0392867213742907
1.0392867213742907
1.0381757562274305
1.0381757562274305
1.0381757562274305
1.0372319927356866
1.0394906101483254
1.0407930117072968
1.0407930117072968
1.0409656994747705
1.0390233241647264
1.0390233241647264
1.0390233241647264
1.0407378489450214
1.0389693793201618
1.03690524599751
1.03690524599751
1.0375653309778161
1.0375653309778161
1.0375653309778161
1.0375653309778161
1.038844577939737
1.039720545096048
1.0392738926024718
1.0389003505010983
1.0389003505010983
1.0389003505010983
1.0389003505010983
1.0389003505010983
1.0389003505010983
1.0389583421012605
1.0389583421012605
1.038446229092777
1.0365518131987634
1.039245526044114
1.039245526044114
1.0384593458635416
1.0384593458635416
1.038935454009134
1.038935454009134
1.038935454009134
1.038935454009134
1.041827485220192
1.0437914893136389
1.041112514744677
1.041112514744677
1.041112514744677
1.041112514744677
1.0422937609142395
1.0422937609142395
1.0452111610799408
1.0452111610799408
1.0452111610799408
1.04725803415761
1.04725803415761
1.04725803415761
1.04725803415761
1.047348648630999
1.0479291088342018
1.0479291088342018
1.0479291088342018
1.0479291088342018
1.0486177869405755
1.0467892291696472
1.0473367494020722
1.0447906667206535
1.0485033741294343
1.0485033741294343
1.0485033741294343
1.0485033741294343
1.0485033741294343
1.0444584187271844
1.046448822445502
1.046448822445502
1.046448822445502
1.046448822445502
1.046448822445502
1.046448822445502
1.0425939077664348
1.0458544117198332
1.0455847705356953
1.0455847705356953
1.0440577088061325
1.0443306288548322
1.0443306288548322
1.0415789120363923
1.0415789120363923
1.0401947380009617
1.0401947380009617
1.0402908801421575
1.0403519183967567
1.04108067660994
1.0455624017885847
1.0455624017885847
1.0455624017885847
1.0429661342567942
1.0429661342567942
1.0429661342567942
1.0445660060855022
1.0447847327714757
1.0427330599214746
1.0434274085096036
1.0434274085096036
1.0434274085096036
1.0442096868418533
1.0472485830206022
1.0432723878482304
1.0430685028425508
1.0430685028425508
1.0430685028425508
1.0430685028425508
1.0434587754186355
1.0434587754186355
1.0437952505395762
1.0448068295445117
1.0448068295445117
1.0455445383480195
1.0455445383480195
1.0453342278752835
1.0453342278752835
1.0453342278752835
1.0453342278752835
1.0461376923359478
1.0445048573154965
1.0442637458452029
1.0442637458452029
1.0442637458452029
1.0427596724866712
1.0427596724866712
1.040151743493341
1.0424980360319296
1.0424361760255563
1.0424361760255563
1.0424361760255563
1.0431766345820015
1.0431766345820015
1.041911237205247
1.0427760706454035
1.0429850851338276
1.0429850851338276
1.0429850851338276
1.0418030505635616
1.0418030505635616
1.0453316420601075
1.0453316420601075
1.0453316420601075
1.0453316420601075
1.0453316420601075
1.0459461993124304
1.0448779923700506
1.0448779923700506
1.0448779923700506
1.0467247204283199
1.0467247204283199
1.044879941189406
1.044879941189406
1.0435288283628164
1.0430301187402382
1.0409597788091205
1.0394657060296217
1.0394657060296217
1.0386863433458253
1.0393723396910781
1.0393723396910781
1.0393723396910781
1.0384299602808766
1.038680696175336
1.038680696175336
1.038680696175336
1.038680696175336
1.0384891242756042
1.0380618875461267
1.0380618875461267
1.0379697088225635
1.0409573279279685
1.0409573279279685
1.040782774667738
1.040782774667738
1.040782774667738
1.0420759323180397
1.0420759323180397
1.0420759323180397
1.0399772570738774
1.0399772570738774
1.0399772570738774
1.0399772570738774
1.0399772570738774
1.0394142847387144
1.0397034767263358
1.0389956953586035
1.0391680557047749
1.0391680557047749
1.0391680557047749
1.0394585490805865
1.0394585490805865
1.0394585490805865
1.0375556776847206
1.0388290585365858
1.0399717823152408
1.0418451857126112
1.0418451857126112
1.0418451857126112
1.0411077970143612
1.0411077970143612
1.0414389991904187
1.0414389991904187
1.0414389991904187
1.042369284897365
1.042369284897365
1.042369284897365
1.042369284897365
1.0419989309719624
1.0439260011022622
1.0439260011022622
1.0439260011022622
1.0439260011022622
1.0439260011022622
1.0439260011022622
1.0439260011022622
1.0439260011022622
1.0439260011022622
1.0439260011022622
1.0404112253547644
1.0420787147732384
1.0427938852831868
1.0427611464688367
1.0437790491935355
1.0437790491935355
1.0417562228461201
1.0417562228461201
1.0440507323676267
1.0440507323676267
1.0448512492637654
1.0436774916833453
1.0436774916833453
1.0436774916833453
1.0436774916833453
1.041716910843588
1.0392713080102216
1.0392713080102216
1.0392713080102216
1.0392713080102216
1.038077706687374
1.038488465949524
1.0390582799940022
1.0390582799940022
1.0390582799940022
1.0390582799940022
1.0392429122766504
1.0392429122766504
1.0381498082239242
1.0377916468021968
1.0377916468021968
1.0367667993687437
1.0367667993687437
1.0372923021612113
1.0381982832747618
1.0390939145835267
1.0389809631254556
1.0390467799643277
1.0383362600650505
1.0388122922803869
1.0388122922803869
1.0388122922803869
1.0388122922803869
1.0350904203154094
1.0332411296246848
1.0332411296246848
1.0330231981538576
1.0333379284437045
1.0333379284437045
1.0333379284437045
1.035501841098092
1.0354431259911911
1.0354431259911911
1.035168488733259
1.0347195189253593
1.0347195189253593
1.0339533433073984
1.0386941370700031
1.0386941370700031
1.0388325140549743
1.036657592948146
1.0376127491044411
1.0376127491044411
1.0376127491044411
1.0376127491044411
1.0352726430468757
1.0352726430468757
1.0350154220604453
1.0350154220604453
1.0350154220604453
1.035065582559393
1.035065582559393
1.0328722543715718
1.0328722543715718
1.0328722543715718
1.035740858250442
1.035740858250442
1.0355272927595334
1.0355272927595334
1.0333118676037958
1.0350598950064285
1.0363964000015815
1.0363964000015815
1.0363964000015815
1.0357159598252257
1.0357159598252257
1.0357159598252257
1.0357159598252257
1.0357159598252257
1.0357159598252257
1.0357159598252257
1.0357159598252257
1.0357159598252257
1.0337143840123475
1.0341138593093777
1.034364577320646
1.034364577320646
1.034364577320646
1.034364577320646
1.0344305602547754
1.0342649198775922
1.0342649198775922
1.0342649198775922
1.0342649198775922
1.0356965804240854
1.0356965804240854
1.0356965804240854
1.0356965804240854
1.0372047995828693
1.0372047995828693
1.0372047995828693
1.0372047995828693
1.0372047995828693
1.0363849205816091
1.0363432760365596
1.0363432760365596
1.0359484239803554
1.0359484239803554
1.0359484239803554
1.0359484239803554
1.0359484239803554
1.0359484239803554
1.0375217706404043
1.0362096245808896
1.0362096245808896
1.0363710296435384
1.0377216481583555
1.038176329111579
1.0413915719343618
1.0413915719343618
1.0413915719343618
1.0413915719343618
1.0413915719343618
1.0392153785846
1.0371481812528902
1.0371481812528902
1.0371481812528902
1.035046203123563
1.035922120580698
1.035922120580698
1.035922120580698
1.0377896567872462
1.0386219264924608
1.0411626257885254
1.039950392339097
1.0401573244918372
1.036985338588698
1.0371635675661042
1.0371635675661042
1.0371047669483837
1.0371047669483837
1.0371243456788715
1.0371243456788715
1.0371243456788715
1.0371243456788715
1.036138296768716
1.036138296768716
1.036138296768716
1.036138296768716
1.036138296768716
1.036138296768716
1.036138296768716
1.035032688200365
1.0354250798191809
1.0354076514561528
1.036532026291031
1.036532026291031
1.036532026291031
1.036532026291031
1.035406436962739
1.035406436962739
1.038054256724361
1.038054256724361
1.038054256724361
1.038054256724361
1.0378409127738006
1.0378409127738006
1.037951665004508
1.037951665004508
1.037951665004508
1.0371804176491748
1.0371804176491748
1.0371804176491748
1.0384929936213978
1.0372902803343467
1.0372902803343467
1.0372902803343467
1.0372902803343467
1.0372902803343467
1.0372902803343467
1.0372902803343467
1.0372902803343467
1.0372902803343467
1.0372902803343467
1.0372902803343467
1.0372902803343467
1.0372902803343467
1.039576111157752
1.039576111157752
1.039576111157752
1.039576111157752
1.039576111157752
1.039576111157752
1.039576111157752
1.0409595293499765
1.0411766826511508
1.0402954460131753
1.0383413983086935
1.0383413983086935
1.0383413983086935
1.040350964164713
1.040350964164713
1.040350964164713
1.0366206857142228
1.0366206857142228
1.0366206857142228
1.0366206857142228
1.0366206857142228
1.0366206857142228
1.037207894315168
1.037207894315168
1.037207894315168
1.0362820865523095
1.0362820865523095
1.0362820865523095
1.0362820865523095
1.0362820865523095
1.0362509458474733
1.0347396822259503
1.0347396822259503
1.0347396822259503
1.0349807549118815
1.0349807549118815
1.0342867091035568
1.0342867091035568
1.0344232108907268
1.0344232108907268
1.0353876975633218
1.0353876975633218
1.0353876975633218
1.0353876975633218
1.0353876975633218
1.0331949097462763
1.0331949097462763
1.0331949097462763
1.0331949097462763
1.0331949097462763
1.0327253959719178
1.0327253959719178
1.0327253959719178
1.0327253959719178
1.0327253959719178
1.032333108767139
1.032333108767139
1.032333108767139
1.032333108767139
1.032333108767139
1.032333108767139
1.033425139459133
1.034342274059557
1.033395258043227
1.033395258043227
1.0311531923377668
1.0316911720282564
1.034089768606043
1.034089768606043
1.034089768606043
1.034089768606043
1.034089768606043
1.034089768606043
1.0377008712950937
1.0377008712950937
1.0372511203248609
1.037878663932551
1.037878663932551
1.037878663932551
1.037878663932551
1.037878663932551
1.037878663932551
1.037878663932551
1.037878663932551
1.037878663932551
1.0360009009769862
1.0360009009769862
1.036694914099706
1.0377612619812087
1.0377612619812087
1.0377598554324732
1.0377598554324732
1.0384948183841685
1.0384948183841685
1.0384948183841685
1.0379999258759522
1.0379999258759522
1.0379999258759522
1.0379999258759522
1.0379999258759522
1.0379999258759522
1.0379999258759522
1.0379999258759522
1.0392623800978924
1.0392623800978924
1.0390005479531548
1.0390005479531548
1.0390005479531548
1.0401737167144782
1.0401737167144782
1.0401737167144782
1.0394224371388696
1.0394224371388696
1.0394224371388696
1.0394224371388696
1.0394224371388696
1.0403530070625273
1.0403530070625273
1.0403530070625273
1.0403530070625273
1.0420411729289514
1.0387181878407548
1.0387181878407548
1.0387181878407548
1.0387181878407548
1.0354922519684873
1.0373533188669326
1.0343046627773878
1.0343046627773878
1.0364309386056496
1.0364309386056496
1.0364309386056496
1.0364309386056496
1.0364309386056496
1.0364309386056496
1.0384053534352993
1.0380612298700227
1.0380612298700227
1.0377219484212024
1.0395631290603384
1.0395631290603384
1.0395631290603384
1.0395631290603384
1.0395631290603384
1.0395631290603384
1.040779260935911
1.040779260935911
1.040779260935911
1.0363888537384203
1.0363888537384203
1.0363888537384203
1.0363888537384203
1.0364936872009907
1.0387739832905976
1.0387739832905976
1.0380220136619223
1.0380220136619223
1.0386113038223792
1.0387243997951845
1.0387243997951845
1.0387243997951845
1.0387243997951845
1.0377944131380026
1.0377944131380026
1.0377944131380026
1.0377944131380026
1.0377944131380026
1.0407396886310905
1.0407396886310905
1.0409122175538483
1.0409122175538483
1.0398792790952198
1.0398792790952198
1.0402740233749912
1.0402740233749912
1.0402740233749912
1.0402740233749912
1.0384382391239064
1.0384382391239064
1.0384382391239064
1.0416314741278156
1.0405149003598475
1.0405149003598475
1.0405149003598475
1.0405149003598475
1.0405149003598475
1.0405149003598475
1.0405149003598475
1.0405149003598475
1.039284225496105
1.039284225496105
1.039284225496105
1.0371800448927835
1.0371800448927835
1.0371800448927835
1.0371800448927835
1.0371800448927835
1.0371800448927835
1.0395290108903883
1.0395290108903883
1.0395290108903883
1.0395290108903883
1.0395290108903883
1.0395290108903883
1.0395290108903883
1.039377759487071
1.0392569977632475
1.0394885653635781
1.0394885653635781
1.038864338794678
1.038864338794678
1.038864338794678
1.039065785010017
1.0398298920356746
1.0386277336463083
1.0386277336463083
1.039561859686374
1.0366641172078084
1.0366641172078084
1.0366641172078084
1.0385075126152512
1.0385075126152512
1.0385075126152512
1.0385075126152512
1.0385075126152512
1.040056584867516
1.040056584867516
1.0396093647463236
1.0396093647463236
1.040233985705377
1.040233985705377
1.040233985705377
1.0368976003808388
1.0380431541592055
1.0380431541592055
1.0382283143690942
1.0382283143690942
1.0382283143690942
1.0389163864367605
1.0389163864367605
1.0389163864367605
1.039311589816904
1.039311589816904
1.0389417941178405
1.0389417941178405
1.0389417941178405
1.0396163210244609
1.0396163210244609
1.0396163210244609
1.038842571676091
1.038842571676091
1.038842571676091
1.040554421692766
1.040554421692766
1.0393317075300104
1.0404933803486356
1.0404933803486356
1.038488624388761
1.038488624388761
1.038488624388761
1.0380247556171487
1.0365556053405172
1.0365556053405172
1.0365556053405172
1.0365556053405172
1.0365556053405172
1.0375874780249235
1.0375874780249235
1.0375874780249235
1.0375874780249235
1.0375874780249235
1.0375874780249235
1.0375874780249235
1.0375874780249235
1.0375874780249235
1.0385585465983733
1.0391345457504066
1.0391345457504066
1.0391345457504066
1.0397049773702347
1.0374101223257
1.0374101223257
1.0360792627155826
1.0356336400515416
1.0363606507018686
1.0355807731979447
1.034651217936941
1.034651217936941
1.034651217936941
1.034651217936941
1.034651217936941
1.034651217936941
1.034651217936941
1.035023846557511
1.035023846557511
1.035023846557511
1.035023846557511
1.034982620509421
1.0335435662509973
1.0335435662509973
1.0335435662509973
1.0307755038071456
1.0307755038071456
1.0307755038071456
1.0307755038071456
1.0307755038071456
1.0307755038071456
1.0302320229080977
1.0302320229080977
1.0327428782516124
1.0325760091109617
1.0325760091109617
1.0315324531689565
1.0303908614467656
1.0303908614467656
1.0303908614467656
1.0303908614467656
1.0303908614467656
1.03253687585592
1.03253687585592
1.032512593736869
1.0303138793269235
1.0303138793269235
1.0283118632633435
1.029359686368993
1.029359686368993
1.029359686368993
1.029359686368993
1.029359686368993
1.0301226390300626
1.0274678756558915
1.0274678756558915
1.027310871290347
1.027310871290347
1.027310871290347
1.0270984649058519
1.0270984649058519
1.0297241572418354
1.0296448747439546
1.0296448747439546
1.0296448747439546
1.0309301386620626
1.031800540569143
1.031800540569143
1.0310742575824434
1.0310742575824434
1.0310742575824434
1.0324836728243851
1.0324836728243851
1.0324836728243851
1.0324836728243851
1.033514116530582
1.033514116530582
1.033514116530582
1.0344932148251198
1.0337375075767925
1.0337375075767925
1.0337375075767925
1.0319245780738389
1.032070919789564
1.0319424058996565
1.032059335555844
1.032059335555844
1.0314747490732536
1.0314747490732536
1.0314747490732536
1.0340919173324041
1.0340919173324041
1.033947551283641
1.033947551283641
1.0330666827542763
1.0340452852853546
1.0340452852853546
1.0325372931243584
1.0325372931243584
1.0325372931243584
1.0325372931243584
1.0323274453932132
1.0316369467307607
1.0316369467307607
1.0305935270164215
1.0311579403842268
1.0311579403842268
1.0311579403842268
1.0349177508427274
1.0349177508427274
1.0348509122345104
1.032747335615742
1.032747335615742
1.0335335987895689
1.0342814630174162
1.036590224021141
1.036590224021141
1.036590224021141
1.0369524951715572
1.0369524951715572
1.0383753637353867
1.037950152282279
1.037950152282279
1.037950152282279
1.037950152282279
1.0406139832588643
1.0406139832588643
1.0406139832588643
1.0406139832588643
1.0396974666223504
1.0394502061342394
1.0359256103215426
1.035821802520141
1.035821802520141
1.0371925785658769
1.0371925785658769
1.0361334814849212
1.0371685695161574
1.0371685695161574
1.0371685695161574
1.0382347046260432
1.035530248791493
1.035530248791493
1.0344995883607044
1.0344995883607044
1.035059576514861
1.035059576514861
1.035059576514861
1.0354014006036907
1.0354014006036907
1.0368017728205787
1.0368017728205787
1.0368017728205787
1.0368017728205787
1.0368017728205787
1.0368017728205787
1.0368017728205787
1.0368017728205787
1.0368017728205787
1.0379070498257073
1.035523772768763
1.035523772768763
1.035523772768763
1.037000587964965
1.037000587964965
1.037000587964965
1.037000587964965
1.037000587964965
1.0364612022606952
1.0364612022606952
1.0370227126644234
1.040043718708827
1.040043718708827
1.040043718708827
1.040043718708827
1.040043718708827
1.039778351765828
1.039778351765828
1.039778351765828
1.039778351765828
1.039778351765828
1.039778351765828
1.0407762099525626
1.0420662566522878
1.0420662566522878
1.0393120695736482
1.0400192582480483
1.0384206614249247
1.0413403399846193
1.041610163184524
1.041610163184524
1.041610163184524
1.041610163184524
1.041610163184524
1.041610163184524
1.0398802674690975
1.0398802674690975
1.0398802674690975
1.0398802674690975
1.0398802674690975
1.038805957225751
1.0414813762826494
1.0414813762826494
1.0406518266015539
1.0406518266015539
1.0406518266015539
1.0406518266015539
1.0406518266015539
1.0406518266015539
1.0406518266015539
1.0406518266015539
1.0406518266015539
1.0406607143205564
1.0406607143205564
1.0406511234005222
1.0406511234005222
1.0388618417107376
1.04192609328803
1.0398106963212097
1.037806920037184
1.0389113333619906
1.043340728439617
1.0435290875173906
1.043313549667382
1.043313549667382
1.043313549667382
1.0439237751481276
1.0441200072244488
1.0421917633594338
1.0421917633594338
1.0427123795930606
1.043265990797399
1.043265990797399
1.043265990797399
1.043265990797399
1.043265990797399
1.043265990797399
1.043265990797399
1.0433290727514688
1.0464922911131975
1.0439888995326763
1.043530058513371
1.0435010664310618
1.0402070577743736
1.0393298625869354
1.0393085891077263
1.0393085891077263
1.043197027089396
1.0388797734417927
1.0388797734417927
1.0389530047566646
1.0389530047566646
1.0389530047566646
1.0388699186373633
1.0388699186373633
1.0388699186373633
1.0388699186373633
1.0388699186373633
1.0388699186373633
1.0388699186373633
1.038848014890101
1.038848014890101
1.038848014890101
1.038848014890101
1.038848014890101
1.038848014890101
1.038848014890101
1.0423360392778696
1.0423360392778696
1.0423360392778696
1.0425782296711406
1.0425782296711406
1.0425782296711406
1.0425782296711406
1.0425782296711406
1.0447563643262514
1.0447563643262514
1.0447563643262514
1.0447563643262514
1.0455519702925944
1.0455519702925944
1.0455519702925944
1.0440289763155863
1.0440289763155863
1.0440289763155863
1.042410360850722
1.0418360016396766
1.0396109469428694
1.0396109469428694
1.0396109469428694
1.0396109469428694
1.0415445862857526
1.0426415641814308
1.0437705846735905
1.0437705846735905
1.041618075551779
1.0414564616148305
1.0414564616148305
1.0398547356403716
1.0398547356403716
1.0398547356403716
1.0398547356403716
1.0398547356403716
1.0398547356403716
1.0424146710829119
1.0424146710829119
1.0395271859230293
1.0395271859230293
1.0395271859230293
1.0399512657799388
1.0399512657799388
1.0399512657799388
1.0391173203349462
1.0391173203349462
1.0391173203349462
1.0391173203349462
1.0391173203349462
1.0391173203349462
1.0391173203349462
1.0388752908649312
1.0388752908649312
1.0393048418170239
1.0395399096969349
1.0395399096969349
1.0409074030700822
1.0409074030700822
1.0409074030700822
1.0421201682349865
1.0421201682349865
1.0421201682349865
1.042367218509301
1.042367218509301
1.0413506831043327
1.0413506831043327
1.0413506831043327
1.0413506831043327
1.0413506831043327
1.0413506831043327
1.0413506831043327
1.0413506831043327
1.0413506831043327
1.0413506831043327
1.0413506831043327
1.0429857363023622
1.0429857363023622
1.0429857363023622
1.044851377358154
1.044851377358154
1.044851377358154
1.0457690957364696
1.0453341323898948
1.0431835510201815
1.0431835510201815
1.0431835510201815
1.0439118854715062
1.0443206036587762
1.0461508168235938
1.0467812690850202
1.0467812690850202
1.0467812690850202
1.0467812690850202
1.0467812690850202
1.0464070137355952
1.0464070137355952
1.0464070137355952
1.0464070137355952
1.0465113611116073
1.0451660521990402
1.0451660521990402
1.0451660521990402
1.0447159734123304
1.0447159734123304
1.0450417490809214
1.046780688118405
1.046780688118405
1.047372913335343
1.047372913335343
1.046711006174613
1.046711006174613
1.046711006174613
1.046711006174613
1.0456860068144167
1.0472613690149928
1.0486708927744819
1.0482409872684777
1.0495471423667104
1.0495471423667104
1.0495471423667104
1.0495471423667104
1.0507031359915757
1.0507031359915757
1.048154257025994
1.0504040706490727
1.0508560492995436
1.0541103715382987
1.0490563195188614
1.0490563195188614
1.0490563195188614
1.0484144469413264
1.0484144469413264
1.050987529456102
1.0483132984544383
1.0483132984544383
1.0478428028407591
1.0479340491074243
1.0479340491074243
1.0479340491074243
1.0479340491074243
1.0479340491074243
1.0483023134368747
1.045978100503012
1.045978100503012
1.045978100503012
1.0410358690701649
1.0417550810616725
1.0430957655796786
1.0430957655796786
1.0404850505225582
1.0422135034788698
1.0422135034788698
1.040164740862182
1.0402465644911358
1.0402465644911358
1.0402465644911358
1.0402465644911358
1.04103195317198
1.04103195317198
1.04103195317198
1.04103195317198
1.0418523249844682
1.0418523249844682
1.0445246223091795
1.0445246223091795
1.0426899959569664
1.0426899959569664
1.0410878893005857
1.0410878893005857
1.0410878893005857
1.0410878893005857
1.0421605469745132
1.0412070897769974
1.0410297644094308
1.0408034231376493
1.0408034231376493
1.038051302477355
1.038051302477355
1.038051302477355
1.0378539170159329
1.0383504563334793
1.0383504563334793
1.0383504563334793
1.0383504563334793
1.0388082745505949
1.0388082745505949
1.0406265069509364
1.0406265069509364
1.0406265069509364
1.0407773579774
1.0423837131183593
1.044104174850069
1.044104174850069
1.0432500654043417
1.042427229165552
1.0422573166797857
1.0422573166797857
1.0427965062586022
1.0409079941551624
1.0425955145126513
1.0434608889839831
1.043308105330416
1.0402945320375048
1.0402304054288836
1.0411242557679137
1.040274167127467
1.040274167127467
1.0383852380893024
1.0383852380893024
1.0376196150191968
1.039114366254342
1.0394808391117851
1.0410595322734704
1.0410595322734704
1.0410595322734704
1.0410595322734704
1.0414473491722966
1.0417075847562312
1.0417075847562312
1.0417075847562312
1.0417075847562312
1.0409908254978826
1.0392432015734698
1.0419343218144783
1.0419343218144783
1.04185493310249
1.04185493310249
1.038821929918094
1.038821929918094
1.0383827258828107
1.0383827258828107
1.0398264082965052
1.0400810764087844
1.0394286560709416
1.0388160273450757
1.0388160273450757
1.0388160273450757
1.0388160273450757
1.038755595557694
1.038755595557694
1.038755595557694
1.0388116544684884
1.0388116544684884
1.0388116544684884
1.0388116544684884
1.0382388119334605
1.0382388119334605
1.0382158109341166
1.0382158109341166
1.038366757068161
1.038366757068161
1.038366757068161
1.0394031955363996
1.0394031955363996
1.0421302110928488
1.0421302110928488
1.0412829924052782
1.0412829924052782
1.0395334025176903
