1.1034096987823114
1.1034096987823114
1.1034096987823114
1.1034096987823114
1.1034096987823114
1.1034096987823114
1.1034096987823114
1.1034096987823114
1.1034096987823114
1.1034096987823114
1.1034096987823114
1.1034096987823114
1.1034096987823114
1.1034096987823114
1.1034096987823114
1.1034096987823114
1.1034096987823114
1.1034096987823114
1.1034096987823114
1.1034096987823114
1.1034096987823114
1.1034096987823114
1.1034096987823114
1.1034096987823114
1.1034096987823114
1.1034096987823114
1.1034096987823114
1.1034096987823114
1.1034096987823114
1.1034096987823114
1.1034096987823114
1.1034096987823114
1.1034096987823114
1.1034096987823114
1.1034096987823114
1.1034096987823114
1.1034096987823114
1.1034096987823114
1.1034096987823114
1.1034096987823114
1.1034096987823114
1.1034096987823114
1.1034096987823114
1.1034096987823114
1.1034096987823114
1.1034096987823114
1.1034096987823114
1.1034096987823114
1.1034096987823114
1.1034096987823114
1.1034096987823114
1.1034096987823114
1.1034096987823114
1.1034096987823114
1.1034096987823114
1.1034096987823114
1.1034096987823114
1.1034096987823114
1.1034096987823114
1.1034096987823114
1.1034096987823114
1.1034096987823114
1.1034096987823114
1.1034096987823114
1.1034096987823114
1.1034096987823114
1.1034096987823114
1.1034096987823114
1.1034096987823114
1.1034096987823114
1.1034096987823114
1.1034096987823114
1.1034096987823114
1.1034096987823114
1.1034096987823114
1.1034096987823114
1.1034096987823114
1.1034096987823114
1.1034096987823114
1.1034096987823114
1.1034096987823114
1.1034096987823114
1.1034096987823114
1.1034096987823114
1.1034096987823114
1.1034096987823114
1.1034096987823114
1.1034096987823114
1.1034096987823114
1.1034096987823114
1.1034096987823114
1.1034096987823114
1.1034096987823114
1.1034096987823114
1.1034096987823114
1.1034096987823114
1.1034096987823114
1.1034096987823114
1.1034096987823114
1.0962032702879636
1.0923023851003415
1.0923023851003415
1.0913932613488029
1.0872646751715236
1.0772304705795097
1.0772304705795097
1.0772304705795097
1.0772304705795097
1.0772304705795097
1.0772304705795097
1.0733865869257764
1.0733865869257764
1.0696950230072813
1.0696950230072813
1.0696950230072813
1.0696950230072813
1.065514546135706
1.065514546135706
1.065514546135706
1.065514546135706
1.0647479956540613
1.0584567356880517
1.0558687805671958
1.0554379016799482
1.0554379016799482
1.0554379016799482
1.0554379016799482
1.0548994463297157
1.0522712254155235
1.0522712254155235
1.0514423407371316
1.0514423407371316
1.0514423407371316
1.0495123993901336
1.0463131158964205
1.0451432107571705
1.0451432107571705
1.0451432107571705
1.0451432107571705
1.0430947540604265
1.0419236736634951
1.0393630593637295
1.0393797224290429
1.0393797224290429
1.0393797224290429
1.0361250555414077
1.0361250555414077
1.035522476065785
1.035522476065785
1.031033266449025
1.031282268573807
1.031282268573807
1.032704628213789
1.032704628213789
1.032704628213789
1.031642286142463
1.031642286142463
1.031642286142463
1.031642286142463
1.033340681938505
1.033340681938505
1.033340681938505
1.033340681938505
1.033728941269057
1.033728941269057
1.033728941269057
1.03716436994837
1.0356824729581173
1.034633336758672
1.034633336758672
1.033600336033809
1.033600336033809
1.033600336033809
1.0351762099882658
1.0351762099882658
1.0354655848938927
1.0354655848938927
1.0354655848938927
1.0354655848938927
1.0354655848938927
1.0354655848938927
1.0358171600062271
1.035596319316982
1.0373347299953404
1.0373347299953404
1.0373347299953404
1.0353753023641783
1.0366073793149448
1.0366073793149448
1.0387299256758449
1.0387299256758449
1.0387107666436701
1.0387107666436701
1.034988724040357
1.035455370229553
1.0347409851385052
1.0347409851385052
1.0347409851385052
1.0347409851385052
1.0359649835493294
1.0359649835493294
1.0359649835493294
1.0378768912496736
1.0364875518704162
1.0364875518704162
1.0364875518704162
1.0364875518704162
1.034275223003813
1.0353947866134214
1.0347935084600093
1.0347935084600093
1.0347935084600093
1.0331502694004708
1.034331110547635
1.0338315055088596
1.0338315055088596
1.0338315055088596
1.0338315055088596
1.033268052801651
1.034282217100918
1.0328221517872995
1.0328221517872995
1.0333013795942585
1.0333013795942585
1.0333013795942585
1.0325911775228611
1.0336168013240932
1.0336168013240932
1.0336168013240932
1.0336168013240932
1.0331787760581763
1.0331787760581763
1.0329393022912232
1.0329393022912232
1.0329393022912232
1.0329393022912232
1.0329393022912232
1.0329393022912232
1.0329393022912232
1.0329393022912232
1.0329393022912232
1.0314330642476675
1.0314330642476675
1.0314330642476675
1.0321629181763654
1.030952136333373
1.030952136333373
1.030952136333373
1.030952136333373
1.030952136333373
1.030952136333373
1.0318941415987912
1.0318941415987912
1.0317572409792528
1.0313836517726462
1.0309884902176751
1.0309884902176751
1.0303386231001956
1.0303386231001956
1.0303386231001956
1.0303386231001956
1.0303386231001956
1.0300852814408912
1.0301764195379426
1.028875416156372
1.028875416156372
1.0310262909759198
1.0300843792233787
1.0300843792233787
1.0300843792233787
1.0300843792233787
1.0300843792233787
1.0300843792233787
1.029387006680984
1.0273540082246198
1.0273540082246198
1.0273540082246198
1.0289379468011195
1.0290902116795875
1.0290902116795875
1.0284483549092325
1.0285115146597343
1.0284733680447378
1.0284733680447378
1.0284733680447378
1.0279202857491054
1.0281547410610186
1.0281547410610186
1.0282451507383923
1.0267821525472494
1.0257677078867942
1.0257677078867942
1.0240461700030346
1.0240461700030346
1.0240461700030346
1.0240461700030346
1.0240461700030346
1.0240461700030346
1.0222688402743565
1.0243942108872504
1.0243642653992961
1.0242506829208755
1.023595015941281
1.023595015941281
1.023595015941281
1.0249074098766429
1.0249074098766429
1.0249074098766429
1.0262903622841375
1.0262903622841375
1.0262903622841375
1.0262903622841375
1.0262903622841375
1.0262903622841375
1.0239148154540272
1.0239148154540272
1.0244682142725157
1.0237181848617551
1.0237181848617551
1.0237181848617551
1.0255794128596865
1.027542225530389
1.027542225530389
1.0235840189567977
1.0235840189567977
1.0245297763448113
1.0245297763448113
1.0245297763448113
1.0245297763448113
1.0245297763448113
1.0245297763448113
1.026564701668996
1.0241065819363997
1.0243686020704545
1.0253675931617576
1.0262715960961664
1.0262715960961664
1.0262715960961664
1.026212712254785
1.026212712254785
1.026212712254785
1.0286412462573955
1.0286412462573955
1.0276156633164608
1.0276156633164608
1.0276156633164608
1.0276156633164608
1.0279005093040383
1.0279005093040383
1.0279005093040383
1.0288489879338105
1.0262892611273828
1.0262892611273828
1.0262892611273828
1.0262892611273828
1.0262892611273828
1.0295999287688962
1.0286563724588138
1.0286563724588138
1.0286563724588138
1.0286563724588138
1.0286563724588138
1.0290783529305318
1.0290783529305318
1.0290783529305318
1.0290783529305318
1.0290783529305318
1.0290783529305318
1.0290783529305318
1.0290783529305318
1.0290783529305318
1.0293724482543245
1.0306115544536851
1.0306115544536851
1.0306115544536851
1.0303267859081393
1.0292213233226355
1.0292213233226355
1.0297370090316689
1.0297370090316689
1.029248459625819
1.029248459625819
1.029248459625819
1.029248459625819
1.0287943718990868
1.0291613132215243
1.0291613132215243
1.0291613132215243
1.0312814114185396
1.0312814114185396
1.0312814114185396
1.0312814114185396
1.0312814114185396
1.0309903133746783
1.0301462810379098
1.030711932505434
1.030711932505434
1.030711932505434
1.0309164995002473
1.0273859690506502
1.0263422807183118
1.0263422807183118
1.0263422807183118
1.0263422807183118
1.0263422807183118
1.0263422807183118
1.0263422807183118
1.0263422807183118
1.0263422807183118
1.0263422807183118
1.0252104707647012
1.0272819731903493
1.024113289979376
1.0232629610323478
1.0232629610323478
1.0232629610323478
1.0267477498836872
1.0267477498836872
1.0267477498836872
1.0267477498836872
1.0298227861211524
1.0298227861211524
1.028307275170072
1.028307275170072
1.028412597594659
1.0330927018916756
1.0330927018916756
1.0318343762923057
1.0289507079681142
1.0267417619170887
1.0297894725843786
1.0297894725843786
1.0276237220810636
1.0276237220810636
1.0276237220810636
1.0272574880215815
1.027091885377132
1.027091885377132
1.027091885377132
1.0242159641534672
1.0242159641534672
1.0242159641534672
1.0242159641534672
1.0267583220544396
1.0267583220544396
1.0267583220544396
1.0267583220544396
1.0267583220544396
1.026523165477386
1.026523165477386
1.0244565296780668
1.0244565296780668
1.0244565296780668
1.0244565296780668
1.0244565296780668
1.022818041012244
1.022818041012244
1.022818041012244
1.022818041012244
1.022818041012244
1.027251812344192
1.027251812344192
1.026176529833767
1.026176529833767
1.026176529833767
1.026176529833767
1.026176529833767
1.0266274820086896
1.0266274820086896
1.0266274820086896
1.0266274820086896
1.0266274820086896
1.0266274820086896
1.0266274820086896
1.0275838276072065
1.0275838276072065
1.0275263661309717
1.0275263661309717
1.0274860650109578
1.0287183402079214
1.0295592912450875
1.0314321413958307
1.0314321413958307
1.0314321413958307
1.0314321413958307
1.0314321413958307
1.0314321413958307
1.0314321413958307
1.0314321413958307
1.0294228529262857
1.0292131981068389
1.0292131981068389
1.0292131981068389
1.0292131981068389
1.0292131981068389
1.0292131981068389
1.0292131981068389
1.0292131981068389
1.031566087409636
1.031566087409636
1.031566087409636
1.031566087409636
1.0311551608701648
1.0311551608701648
1.0311551608701648
1.0311551608701648
1.0303634260897812
1.0303634260897812
1.0295600927148956
1.0295600927148956
1.0295600927148956
1.0295600927148956
1.029131155954147
1.029131155954147
1.0303411539166762
1.0294142899176468
1.0294142899176468
1.0293434436025686
1.0283981229484478
1.0283981229484478
1.0283981229484478
1.0283981229484478
1.0283981229484478
1.0283981229484478
1.030106105920615
1.030106105920615
1.026897077262224
1.026897077262224
1.0272763527001776
1.0303959305790962
1.0303959305790962
1.031669396940841
1.0318669818873758
1.0319928620330956
1.0324679880858876
1.0332045100667304
1.0332045100667304
1.034201188014465
1.034162305409153
1.0294484278974443
1.0283882766954722
1.0283882766954722
1.0283882766954722
1.0283882766954722
1.0284616533668123
1.028141818359058
1.0293454148577839
1.0293454148577839
1.0293454148577839
1.0293454148577839
1.0293454148577839
1.0313371517581698
1.0313371517581698
1.0313371517581698
1.0273986928507515
1.0273986928507515
1.029146827210005
1.029146827210005
1.029146827210005
1.029146827210005
1.029146827210005
1.029146827210005
1.0282885259952652
1.0282885259952652
1.027227573138377
1.027227573138377
1.0274901557076574
1.0274901557076574
1.028786232638295
1.028786232638295
1.0275002254725338
1.0290436364979096
1.0284504077429484
1.0284504077429484
1.0284504077429484
1.0279404031015889
1.0279404031015889
1.0306092199613568
1.0312919602192339
1.0312919602192339
1.0312919602192339
1.0312919602192339
1.0312919602192339
1.0312919602192339
1.0328580743393523
1.0328580743393523
1.0324240997733982
1.0307967064849384
1.032682707626737
1.0313912231904487
1.0313912231904487
1.030424426421725
1.030424426421725
1.0316578566988235
1.0324848375235733
1.030716442595702
1.030395106359724
1.02841045094868
1.030255771692324
1.030255771692324
1.0291182040414593
1.0254440187149951
1.0254440187149951
1.0254440187149951
1.0264083132466468
1.0264083132466468
1.0275991295247084
1.02946906116199
1.0294079069819093
1.027509981256843
1.027509981256843
1.0296936049175234
1.0296936049175234
1.0312450213069153
1.0271838545519705
1.0281389685844122
1.0281389685844122
1.0281389685844122
1.0281389685844122
1.0281389685844122
1.0278086740223569
1.0281664035870848
1.0281664035870848
1.0281664035870848
1.0276453988497116
1.0276453988497116
1.0276453988497116
1.0276453988497116
1.0276453988497116
1.0276453988497116
1.0276453988497116
1.0276453988497116
1.025155034430119
1.0244109354626678
1.0244109354626678
1.026348725793535
1.026348725793535
1.026348725793535
1.026348725793535
1.026348725793535
1.026348725793535
1.0252046559594865
1.0246376924892764
1.0282705654938922
1.0282705654938922
1.027476607827005
1.027305894986078
1.0212960330011944
1.0243207718050877
1.0243207718050877
1.0243207718050877
1.0243207718050877
1.0263646985084272
1.0263646985084272
1.0263646985084272
1.0263646985084272
1.0269770988806413
1.0269770988806413
1.0269770988806413
1.0269770988806413
1.0233955562108048
1.024413351664446
1.0252959990321926
1.0305106456368496
1.0296285574725528
1.0279615465527576
1.0279615465527576
1.0279615465527576
1.0278688059560517
1.0278688059560517
1.0276723542144395
1.0257877058707965
1.025957299261083
1.0247352197809996
1.0247352197809996
1.0264780162573142
1.0264780162573142
1.0262850433946156
1.0262850433946156
1.0262850433946156
1.0262850433946156
1.0262850433946156
1.0262850433946156
1.0262850433946156
1.0262850433946156
1.0266570740870777
1.0242547235831898
1.025577876080531
1.025577876080531
1.025577876080531
1.025577876080531
1.027092150281559
1.0276316450938705
1.0261144332788026
1.0286789307438007
1.0301610821582838
1.0294223026126683
1.0278078069792271
1.0278078069792271
1.0283187868398636
1.0285492082163674
1.0273806297238182
1.028370091945525
1.0292657884098786
1.0292657884098786
1.0289975569832208
1.0289975569832208
1.0289975569832208
1.0294018683012334
1.0294018683012334
1.0294018683012334
1.0294018683012334
1.0310017921898822
1.0310017921898822
1.0310017921898822
1.0291944481932174
1.0291944481932174
1.0291944481932174
1.0244867100892168
1.0218853504591932
1.0218853504591932
1.0243907841108408
1.0257117789146846
1.0257117789146846
1.0257117789146846
1.0257117789146846
1.0265092274783592
1.0281203833707562
1.0281203833707562
1.028525969872644
1.0295246586039297
1.0295246586039297
1.0295246586039297
1.0302721084407438
1.0282934291458592
1.0277724099200356
1.0277724099200356
1.0255247633046087
1.0255247633046087
1.0259399952176749
1.0259399952176749
1.0270138984440735
1.0258795999959658
1.0258795999959658
1.0258795999959658
1.0258795999959658
1.0250064102778165
1.0250064102778165
1.0250064102778165
1.024452744515469
1.0241540840868104
1.0238621473604772
1.0238621473604772
1.0238621473604772
1.0238621473604772
1.0238621473604772
1.023326980104042
1.022091213935761
1.022091213935761
1.022091213935761
1.022091213935761
1.0222442028274712
1.0222442028274712
1.0222442028274712
1.0241680519901282
1.0241680519901282
1.0241680519901282
1.0264319824511918
1.0258689271818209
1.0258689271818209
1.0258689271818209
1.0262853495595214
1.0285160745811541
1.0276361845462183
1.0300751728838422
1.0284655012685655
1.0284655012685655
1.0284655012685655
1.028912788771848
1.028912788771848
1.028921926818813
1.028921926818813
1.0285700048939452
1.0285700048939452
1.0285700048939452
1.027632893070608
1.026531391141029
1.0261433739390584
1.0261433739390584
1.0275719403975223
1.0275719403975223
1.0275719403975223
1.0263454801462324
1.0254225417034897
1.0254225417034897
1.0263263734738057
1.0263263734738057
1.0245380693214574
1.0245380693214574
1.0245380693214574
1.0245380693214574
1.0245380693214574
1.0245380693214574
1.0245380693214574
1.0241868723007355
1.0241868723007355
1.0241868723007355
1.0241868723007355
1.0241868723007355
1.020801208059583
1.024258114335539
1.024258114335539
1.024258114335539
1.024258114335539
1.0262450427075285
1.0262450427075285
1.0262450427075285
1.0262450427075285
1.0262450427075285
1.0289937411456036
1.0277550628194143
1.0275731139992057
1.028708861337027
1.028708861337027
1.0276752767355262
1.0276752767355262
1.0276752767355262
1.0272895836519895
1.0272895836519895
1.0250628017989882
1.0253912935527423
1.0240451414862
1.024016369306524
1.0235556497097746
1.0235556497097746
1.0235556497097746
1.0235556497097746
1.0214147620920335
1.0188299639361353
1.0188299639361353
1.0188299639361353
1.0188299639361353
1.0188299639361353
1.0188299639361353
1.0188299639361353
1.0188299639361353
1.0188299639361353
1.02086367264597
1.02086367264597
1.0202867527585853
1.0198601581676463
1.0216727633640987
1.0216727633640987
1.0216727633640987
1.0203479001360243
1.0217484946913247
1.0223181066928086
1.0223181066928086
1.0223181066928086
1.0223181066928086
1.0242091377744034
1.0241153471457012
1.027801752240605
1.0250351017076218
1.0233872690161585
1.0240432701884281
1.0248873747965845
1.0248873747965845
1.0248873747965845
1.0248873747965845
1.0248873747965845
1.0248873747965845
1.0248873747965845
1.0248873747965845
1.0262151529638526
1.029045663797546
1.0259906668917929
1.0259906668917929
1.0259906668917929
1.0239347745356164
1.0239347745356164
1.0239347745356164
1.02828777344184
1.02828777344184
1.0287724532728495
1.0287724532728495
1.027293762455717
1.027293762455717
1.0268402228664013
1.0268402228664013
1.0268402228664013
1.0268402228664013
1.0268402228664013
1.0268402228664013
1.0268402228664013
1.0268402228664013
1.0268402228664013
1.0260050739457542
1.025949485381509
1.025949485381509
1.025821546967659
1.0273901581031397
1.0240238391919858
1.0232952955729313
1.023149010162597
1.0248330800840215
1.0248330800840215
1.0247563191461
1.0247563191461
1.0247563191461
1.0247537666519626
1.0251059253236157
1.026784651484344
1.026784651484344
1.026784651484344
1.026784651484344
1.026784651484344
1.0261782364473186
1.0255673035221975
1.0262672893003142
1.0262672893003142
1.0262672893003142
1.0247203240780391
1.0263554833698363
1.0263554833698363
1.0263554833698363
1.0263554833698363
1.0269744910755862
1.0269744910755862
1.0246038294630846
1.0246038294630846
1.0246038294630846
1.0246038294630846
1.0246038294630846
1.0246038294630846
1.0246038294630846
1.0249410220553972
1.0249410220553972
1.0249410220553972
1.0249410220553972
1.0249410220553972
1.0250069181805832
1.0250069181805832
1.0266514149223411
1.0266514149223411
1.0256433427105796
1.0287851830919894
1.0269821852015468
1.0269821852015468
1.0282719817053725
1.0282719817053725
1.0282719817053725
1.0278918983803063
1.0271970520851423
1.0271970520851423
1.0271970520851423
1.0271970520851423
1.0288660793350866
1.0288660793350866
1.0288660793350866
1.0288660793350866
1.0288660793350866
1.0281155227332894
1.0281155227332894
1.0266132103177206
1.0239189610933248
1.0239189610933248
1.0235998211000952
1.0256739891621522
1.0256739891621522
1.0253113392441344
1.0253113392441344
1.0253113392441344
1.0255493166204461
1.0231291399143423
1.0231291399143423
1.0231291399143423
1.0231291399143423
1.0231291399143423
1.023693976906196
1.023693976906196
1.023693976906196
1.023693976906196
1.0247688359994567
1.0251208240048844
1.0225444199612028
1.0225444199612028
1.0225444199612028
1.0225444199612028
1.0225444199612028
1.0225444199612028
1.0250480903369397
1.0250480903369397
1.0254070744133394
1.0254070744133394
1.0262141699242768
1.0262141699242768
1.0262141699242768
1.0262141699242768
1.0262141699242768
1.0262141699242768
1.0262974647486887
1.026117592692567
1.024252171534425
1.024252171534425
1.024252171534425
1.0263050285090836
1.026809400635359
1.0253700613619139
1.0253700613619139
1.0253700613619139
1.0253700613619139
1.0253700613619139
1.024329219326963
1.0234002799832411
1.0234002799832411
1.0234002799832411
1.0234002799832411
1.023418817544079
1.023418817544079
1.0250633312137243
1.0250633312137243
1.02623254348513
1.02623254348513
1.02623254348513
1.0232662844969898
1.0222556819103088
1.0222556819103088
1.022234333348506
1.022234333348506
1.022234333348506
1.022234333348506
1.024878031552976
1.024878031552976
1.024878031552976
1.024878031552976
1.024878031552976
1.024878031552976
1.024878031552976
1.024878031552976
1.024878031552976
1.0252013933412034
1.0252013933412034
1.025868175794005
1.025868175794005
1.025868175794005
1.0260200353452014
1.0260200353452014
1.0260200353452014
1.0242982512293854
1.024069777618723
1.024069777618723
1.024069777618723
1.024069777618723
1.024147772331733
1.0240954818551022
1.0235931981209518
1.0193196968249296
1.0193196968249296
1.0193196968249296
1.021184961581812
1.0228168632023005
1.0236028582514343
1.0236028582514343
1.0236028582514343
1.021915547620496
1.021915547620496
1.0215240865313984
1.022334670642215
1.022334670642215
1.0227787648961801
1.0218291872670997
1.02171878872583
1.02171878872583
1.02171878872583
1.0221902389871298
1.0221902389871298
1.023116056421915
1.023116056421915
1.023116056421915
1.023116056421915
1.023116056421915
1.0232899513648037
1.0232899513648037
1.0216800131388708
1.0222189909897719
1.0222189909897719
1.0222189909897719
1.0255540013336373
1.0255459071140087
1.0252418962886078
1.0252418962886078
1.0252418962886078
1.0252418962886078
1.0252418962886078
1.0215235228888697
1.0212373787119304
1.0212373787119304
1.0212373787119304
1.0221899509446355
1.0221899509446355
1.0221899509446355
1.0221899509446355
1.0221899509446355
1.0221899509446355
1.0221899509446355
1.0219694338017893
1.0185580336509799
1.020123310203347
1.020607915078669
1.020607915078669
1.020607915078669
1.0209491590419104
1.0209491590419104
1.0209491590419104
1.0227282920106806
1.020954853189802
1.020954853189802
1.020954853189802
1.0223227615535952
1.0219145646804382
1.0219242307568974
1.0217656542775042
1.0217656542775042
1.023267987158222
1.0218425891931153
1.0218425891931153
1.0218425891931153
1.0218425891931153
1.0218425891931153
1.0218425891931153
1.021324327434177
1.0197540518813981
1.0197540518813981
1.02271816412222
1.0225110890456992
1.0225110890456992
1.022497012366619
1.019827293858713
1.0199381717075522
1.0199381717075522
1.0199381717075522
1.0184282879233166
1.0207620040308891
1.0207620040308891
1.0207620040308891
1.016937773887666
1.016937773887666
1.016937773887666
1.016937773887666
1.016937773887666
1.015795688161649
1.015795688161649
1.0170436423045552
1.0149699837882904
1.0192177699568277
1.0220092533033707
1.0220092533033707
1.0228393481392235
1.0228393481392235
1.0228393481392235
1.022449233974367
1.0229581602791025
1.0229581602791025
1.0229581602791025
1.023304226739631
1.023304226739631
1.0200879039855841
1.0200879039855841
1.0200879039855841
1.0220440581960857
1.0220440581960857
1.0238216931695088
1.0238216931695088
1.0238216931695088
1.0238216931695088
1.0198553113196382
1.0198553113196382
1.0194688926684718
1.0194688926684718
1.021133253741823
1.021133253741823
1.021133253741823
1.0208640036500187
1.0213357984330522
1.0213357984330522
1.0221169648274349
1.0221169648274349
1.0221169648274349
1.0221169648274349
1.0221169648274349
1.0221169648274349
1.0221169648274349
1.0221169648274349
1.0221169648274349
1.0221169648274349
1.0221169648274349
1.0195641562617053
1.018352432107791
1.0212700370697698
1.0213755183669713
1.0227196848497893
1.0220013397697414
1.0220013397697414
1.0226837705908156
1.0203979580211304
1.0200719274665113
1.0200719274665113
1.021003727522463
1.0190063438643828
1.0190063438643828
1.0206666556738615
1.0206666556738615
1.0206666556738615
1.0206666556738615
1.0215091422263807
1.0206621234980082
1.0206621234980082
1.0206621234980082
1.0166132041908875
1.0166537220990728
1.0166537220990728
1.0166537220990728
1.0166537220990728
1.020365838978489
1.020365838978489
1.0222546087307027
1.0222546087307027
1.0228090340179803
1.0225766458023478
1.0225766458023478
1.0225766458023478
1.0225766458023478
1.0216378579604668
1.0216378579604668
1.0216378579604668
1.0216378579604668
1.0216378579604668
1.0216378579604668
1.0216378579604668
1.0216378579604668
1.0216378579604668
1.0216378579604668
1.018897015348191
1.018897015348191
1.0184409587723535
1.0184409587723535
1.0184409587723535
1.0184409587723535
1.0189720152690516
1.0196301719495395
1.0199672563516367
1.0199672563516367
1.0199672563516367
1.0199672563516367
1.0199672563516367
1.0199672563516367
1.0199672563516367
1.0235205186432415
1.0233979801514979
1.0233979801514979
1.0233979801514979
1.0233979801514979
1.0233979801514979
1.024529407993215
1.02538312120151
1.02538312120151
1.0243483901383865
1.0243483901383865
1.0243483901383865
1.0228795545160188
1.0249738911585593
1.0249738911585593
1.0251843625916397
1.0253193702174153
1.0272995165367076
1.0272995165367076
1.0259689796527338
1.0249309927876684
1.0252792918498002
1.0250467644989598
1.0250467644989598
1.0250467644989598
1.0253855267963352
1.0253855267963352
1.0253855267963352
1.0253855267963352
1.0258448143415984
1.026381222752845
1.0256040562307487
1.0253219310594137
1.0253219310594137
1.0237722877676267
1.0237722877676267
1.0235091967171477
1.0235091967171477
1.0235091967171477
1.023894974363039
1.023894974363039
1.023894974363039
1.023226598988008
1.022575139622923
1.022575139622923
1.022575139622923
1.022575139622923
1.021736406952099
1.0218207419191028
1.0218207419191028
1.020463831492043
1.020463831492043
1.0194578189583292
1.0212194859381096
1.0212194859381096
1.0212194859381096
1.0212194859381096
1.0232532287786003
1.0232532287786003
1.0232532287786003
1.0232532287786003
1.0220456598609784
1.0220456598609784
1.0218778102648969
1.0227279551772794
1.0239211055548805
1.0239211055548805
1.0239211055548805
1.0239211055548805
1.0257786156240256
1.0254592991022757
1.0258926484123347
1.0258926484123347
1.0258926484123347
1.0258926484123347
1.0258926484123347
1.025340828095323
1.025340828095323
1.0243116164639394
1.0229724565155294
1.0228422577563872
1.0228422577563872
1.022596411840348
1.022596411840348
1.022596411840348
1.022596411840348
1.0242794105160797
1.024252935372936
1.0257292683526609
1.0266574785283475
1.0293263302835356
1.0293263302835356
1.0293263302835356
1.0293263302835356
1.0287123431708203
1.0296697222086924
1.0313260947387284
1.0313260947387284
1.0304714587019965
1.0304714587019965
1.0253844465854394
1.0253844465854394
1.0253844465854394
1.0253844465854394
1.0258016856326921
1.0258016856326921
1.026475481531176
1.026475481531176
1.023542166457412
1.0233876375344548
1.022165063011592
1.022165063011592
1.022165063011592
1.022165063011592
1.022165063011592
1.022165063011592
1.022165063011592
1.022165063011592
1.023535626532126
1.021829216003723
1.021829216003723
1.021829216003723
1.021829216003723
1.021829216003723
1.021829216003723
1.021829216003723
1.021829216003723
1.021829216003723
1.0231345265970662
1.0231345265970662
1.0232365111846875
1.0232365111846875
1.0245202787995682
1.0245202787995682
1.0225035919941108
1.0225035919941108
1.022337806582743
1.023996495673377
1.023996495673377
1.0240888890227902
1.0234267561859582
1.0234267561859582
1.0225308453086799
1.0225308453086799
1.0225308453086799
1.0225308453086799
1.0228611037945146
1.0228496302613543
1.0228496302613543
1.0228496302613543
1.0228496302613543
1.0228496302613543
1.0228496302613543
1.0228496302613543
1.0258918030347606
1.0258918030347606
1.0252276963004567
1.0252276963004567
1.0252276963004567
1.0252276963004567
1.0252276963004567
1.0252276963004567
1.0252276963004567
1.027473902931987
1.027473902931987
1.027473902931987
1.027473902931987
1.027473902931987
1.0252142752946736
1.0252142752946736
1.028233221422636
1.028233221422636
1.0270287851406557
1.0291784357738656
1.0291784357738656
1.0291784357738656
1.0279539535403124
1.026889981010073
1.026889981010073
1.027116570637965
1.027116570637965
1.026801581971433
1.0259942319694635
1.0259942319694635
1.0244083409913687
1.0244083409913687
1.0244083409913687
1.0244083409913687
1.0244083409913687
1.026169993744335
1.026169993744335
1.0267643965074087
1.0267643965074087
1.0267643965074087
1.0243252883945406
1.0243252883945406
1.025192243376322
1.0259894320668261
1.0259894320668261
1.0259894320668261
1.0262488008052904
1.0275284137410297
1.0275284137410297
1.0276109460080478
1.0270239175866855
1.0270239175866855
1.0277859447470044
1.030301520626709
1.02955588883478
1.02955588883478
1.0316082283279517
1.0317345798685058
1.0310205378502828
1.0310205378502828
1.0313423201668572
1.0313423201668572
1.0280408661229703
1.0280408661229703
1.0280408661229703
1.0280408661229703
1.0280408661229703
1.0280408661229703
1.0280408661229703
1.0285077334277044
1.0285077334277044
1.0298301374999324
1.0297995228544843
1.0265693036215344
1.027384054792508
1.027384054792508
1.027384054792508
1.027384054792508
1.0291084316995636
1.0291084316995636
1.0274244274206175
1.0294762138613025
1.0313572067130372
1.0315359561803925
1.0320815525526208
1.0320815525526208
1.0320815525526208
1.0320815525526208
1.028516479600696
1.028516479600696
1.0279793002946354
1.0299380641717844
1.0299380641717844
1.029005746286481
1.029005746286481
1.029005746286481
1.0269971491733176
1.0269971491733176
1.0269971491733176
1.0269971491733176
1.0269971491733176
1.0271844090592712
1.0273800236276767
1.0254311836836396
1.0254311836836396
1.0256578146302908
1.0256578146302908
1.0256578146302908
1.026057487910728
1.026057487910728
1.026057487910728
1.0231357593061097
1.0243288496530778
1.0243288496530778
1.0229378702611946
1.0220136766010033
1.0220136766010033
1.0220136766010033
1.0221244453324452
1.023501576000729
1.023501576000729
1.0242071952625382
1.0245063379507187
1.0245063379507187
1.0233402891926109
1.0233402891926109
1.0257353782235388
1.0257353782235388
1.0257353782235388
1.022761887299549
1.0229414432533919
1.0244566781136653
1.0244566781136653
1.0249866981913192
1.0257857710391305
1.0257857710391305
1.0260364184959905
1.0267015581001975
1.0267015581001975
1.0267015581001975
1.0287212554147525
1.0298356878600117
1.0272460104816874
1.0285743413982564
1.0287606270927976
1.0287606270927976
1.0287606270927976
1.0287606270927976
1.0287606270927976
1.0287606270927976
1.0287606270927976
1.0297812338814225
1.0286516512982355
1.0286516512982355
1.0286516512982355
1.0286516512982355
1.0286516512982355
1.0286516512982355
1.0286516512982355
1.0286516512982355
1.0286516512982355
1.0286516512982355
1.0286516512982355
1.0286516512982355
1.0286516512982355
1.0264233724624072
1.0264233724624072
1.0265871051399313
1.0265871051399313
1.0253643414819122
1.02627863830369
1.02627863830369
1.0278921341868106
1.0278921341868106
1.0278921341868106
1.0273550186839826
1.027350967504559
1.0268711726231503
1.0289312565953255
1.028720903844876
1.0281861134307773
1.0239829194818726
1.0239829194818726
1.0239829194818726
1.0268767536733208
1.0268767536733208
1.0268767536733208
1.0258609196200796
1.0258609196200796
1.0238764819873907
1.0247201831957191
1.0247201831957191
1.0247201831957191
1.0247201831957191
1.0225727241365667
1.0193445932991503
1.0193445932991503
1.0193445932991503
1.0193445932991503
1.0206115186811837
1.0206115186811837
1.0206115186811837
1.0206115186811837
1.0205665802216666
1.0205665802216666
1.0205665802216666
1.0205665802216666
1.0229883996239986
1.0229883996239986
1.0229883996239986
1.023767858770791
1.021443605424869
1.021443605424869
1.021443605424869
1.0229055873475594
1.0229055873475594
1.0232264500113115
1.0230742259983912
1.0226852647705929
1.0226852647705929
1.0234364718559528
1.023843422892107
1.023843422892107
1.023843422892107
1.0245859747012518
1.0245859747012518
1.0245859747012518
1.0245859747012518
1.025392445044818
1.0281581811740024
1.0281581811740024
1.0286395676841975
1.0280402523536198
1.0280402523536198
1.0276120730962734
1.026721232613201
1.026721232613201
1.026721232613201
1.026721232613201
1.026721232613201
1.027915587335284
1.027915587335284
1.0270772442762175
1.0270772442762175
1.0270772442762175
1.0264489542958997
1.0273364015393565
1.0273364015393565
1.0273332358677896
1.0273332358677896
1.027669314550169
1.0266608399105357
1.0266608399105357
1.0266608399105357
1.0266608399105357
1.0241160233919464
1.0241160233919464
1.0241160233919464
1.0241160233919464
1.0241160233919464
1.025254644491902
1.0271105577731325
1.026191959516739
1.026191959516739
1.025193203421675
1.025193203421675
1.025193203421675
1.0255670706274862
1.0279803341915372
1.0277822295129346
1.0277822295129346
1.0261839857697557
1.0278946109492513
1.0278946109492513
1.0278946109492513
1.0278946109492513
1.0278946109492513
1.027328915545581
1.027328915545581
1.0276312153188436
1.0282885560192119
1.0291698967211333
1.0291698967211333
1.0267841942953917
1.0267841942953917
1.0267841942953917
1.028450560390653
1.028450560390653
1.0273996421873062
1.0273996421873062
1.0273996421873062
1.0273996421873062
1.0273996421873062
1.0273996421873062
1.0270911201883661
1.0270911201883661
1.0244616759853569
1.0241492878127243
1.0241492878127243
1.0241492878127243
1.0241492878127243
1.0241492878127243
1.0209965928124602
1.0209965928124602
1.0216524962986668
1.0216524962986668
1.0179481376477
1.0179481376477
1.020537651401912
1.0205621447925672
1.016060694717092
1.0197729234795998
1.0197729234795998
1.0207603818251552
1.0207603818251552
1.0207603818251552
1.0207603818251552
1.0207603818251552
1.0207603818251552
1.0207603818251552
1.0194338923412503
1.0161939494946877
1.0161939494946877
1.0147839506211798
1.0147839506211798
1.0194026489936256
1.0194026489936256
1.0180852689387012
1.0180852689387012
1.0180852689387012
1.0180852689387012
1.0193161929835821
1.0199752484435007
1.0199752484435007
1.020931526835262
1.0225092184355407
1.0225092184355407
1.0215678627560363
1.0215678627560363
1.022403007674289
1.022403007674289
1.022403007674289
1.022403007674289
1.0216952245162316
1.0216952245162316
1.0225856919953558
1.0225856919953558
1.0170961078051004
1.0170961078051004
1.01880263791608
1.0223342186836881
1.021454092890184
1.0227676591309616
1.0196991118929941
1.0196991118929941
1.0189592936986187
1.0201728817375293
1.0202261545950588
1.020916674368749
1.0204736446577523
1.0204736446577523
1.0207964878392175
1.0207964878392175
1.0221343777262977
1.0194966386831026
1.0194966386831026
1.0194966386831026
1.0194966386831026
1.0202513147242016
1.0202513147242016
1.0202513147242016
1.0202513147242016
1.0202513147242016
1.0211953909665568
1.0211953909665568
1.0250815056461846
1.0250815056461846
1.0242007038501355
1.024886678092447
1.024886678092447
1.024886678092447
1.0243361438513772
1.022990839672018
1.0233131792781112
1.0233131792781112
1.0233659576694476
1.024568293182814
1.024568293182814
1.024568293182814
1.020992655796673
1.020992655796673
1.0240835362214809
1.024084097475135
1.0252554492923542
1.0252554492923542
1.0257236281200688
1.0257236281200688
1.0259167348951792
1.0259167348951792
1.0306950442348781
1.0273936613191876
1.0273936613191876
1.0287549536340452
1.0254321734603113
1.025035008084875
1.025035008084875
1.0258161142255497
1.0258161142255497
1.0258161142255497
1.0246261177590725
1.0246261177590725
1.0246261177590725
1.0240221550495952
1.0240221550495952
1.0227376866381295
1.0247773299927687
1.0231348303576373
1.02422832014608
1.0238899930249938
1.0238899930249938
1.0238899930249938
1.025252412207415
1.025252412207415
1.0240281415632329
1.0240281415632329
1.0240281415632329
1.0240281415632329
1.0240281415632329
1.0240281415632329
1.0245097878951868
1.0212143385878358
1.0211028544507097
1.0211028544507097
1.0211028544507097
1.0211028544507097
1.0208040529942561
1.0211490596197668
1.0211490596197668
1.0211490596197668
1.0211490596197668
1.0211490596197668
1.0175029584428117
1.0175029584428117
1.0185368451753387
1.0185368451753387
1.0224616669249318
1.022715458175641
1.0225975865879429
1.0205278443038084
1.022164501772117
1.022164501772117
1.0216659612410448
1.0216659612410448
1.0230080956758598
1.0230080956758598
1.0230080956758598
1.0234484231576777
1.0234484231576777
1.0198902031498793
1.0198902031498793
1.0226133327868348
1.0205422281945788
1.0205422281945788
1.0205422281945788
1.0212208750165381
1.0199811199763442
1.0199811199763442
1.0248403094786387
1.0248403094786387
1.02540702880698
1.025932525095645
1.0273565844984984
1.029268514920457
1.029268514920457
1.029268514920457
1.029268514920457
1.029268514920457
1.029268514920457
1.0274567341836756
1.0274567341836756
1.0264215796124232
1.0263712689629907
1.0263712689629907
1.0266691332633668
1.0266691332633668
1.0265753475113866
1.0265753475113866
1.0260169993265356
1.0264826213376994
1.0246209287447345
1.0240436278952785
1.0240436278952785
1.0226538918112542
1.0226538918112542
1.0217533423190253
1.0217533423190253
1.023360174130381
1.0250077110805098
1.0250077110805098
1.0250077110805098
1.0249241205374129
1.0267914778638396
1.0272036729639769
1.0272036729639769
1.0272036729639769
1.0288587093586012
1.0291519556232986
1.0282742843142045
1.0282742843142045
1.0273719427797317
1.0273719427797317
1.0273719427797317
1.0273719427797317
1.02703742302264
1.026981648659229
1.0283561302743585
1.0279580134499944
1.0279580134499944
1.0277379191113223
1.0306412546905312
1.029413732120886
1.0290404385195309
1.0305012701260647
1.0305012701260647
1.0305012701260647
1.0305012701260647
1.0305012701260647
1.0285512946377424
1.0285512946377424
1.0285512946377424
1.0285512946377424
1.0283634923416483
1.0260010184807353
1.0256156030373798
1.0256156030373798
1.0256156030373798
1.0262218307071078
1.0268522026282572
1.0262567542607957
1.0262567542607957
1.0266168965054514
1.0266168965054514
1.0266168965054514
1.0266168965054514
1.0268446460586027
1.0268446460586027
1.0257972633559989
1.0257972633559989
1.0274495692542875
1.0274495692542875
1.0302044911753203
1.029963994786207
1.029963994786207
1.029963994786207
1.0304977136790412
1.0304977136790412
1.0304977136790412
1.0304977136790412
1.03107382244039
1.0317385510433388
1.0317385510433388
1.0317385510433388
1.0317385510433388
1.0317385510433388
1.0324956245383814
1.0324956245383814
1.0320241216253616
1.032281467561656
1.032281467561656
1.032281467561656
1.032281467561656
1.032281467561656
1.032281467561656
1.032281467561656
1.0278431952958773
1.0278431952958773
1.0260701994512373
1.0260701994512373
1.0260701994512373
1.0260701994512373
1.0260701994512373
1.0260701994512373
1.0260701994512373
1.025128991070483
1.025128991070483
1.025128991070483
1.025128991070483
1.025128991070483
1.025128991070483
1.025128991070483
1.025128991070483
1.023753966600053
1.023753966600053
1.023753966600053
1.0255529384052406
1.0255529384052406
1.0255529384052406
1.0255529384052406
1.0255529384052406
1.0259940391930353
1.0259940391930353
1.0264673717039856
1.0264673717039856
1.0264673717039856
1.0255912063053125
1.0262341558002144
1.0262341558002144
1.026695601537172
1.026695601537172
1.026695601537172
1.026695601537172
1.0270796662865584
1.0270796662865584
1.0270796662865584
1.0267559863830895
1.0258594729057957
1.0251774664468587
1.0251774664468587
1.0251774664468587
1.0251774664468587
1.0251774664468587
1.0252041580579192
1.0252041580579192
1.0252041580579192
1.0246135355601276
1.0246135355601276
1.0234422155999614
1.0234422155999614
1.0251037224290487
1.0259897894589145
1.0259897894589145
1.0259897894589145
1.0259897894589145
1.0235141163619443
1.023282406159076
1.0265226117377553
1.0265226117377553
1.0254883289099783
1.0254883289099783
1.0254883289099783
1.0254883289099783
1.0254883289099783
1.0254883289099783
1.0268154179156432
1.0269777028073193
1.0269777028073193
1.0269777028073193
1.0280481299349677
1.0280481299349677
1.0288467607435932
1.0288467607435932
1.0285996027914517
1.028430035547469
1.028430035547469
1.0277994003521802
1.0277994003521802
1.0277994003521802
1.0277994003521802
1.0277994003521802
1.0292629423397983
1.0287101759921868
1.0258591036609994
1.02426977528855
1.0265971573491037
1.0265971573491037
1.0272373898168685
1.0272373898168685
1.0272373898168685
1.0238409737490382
1.0238409737490382
1.0234291619235036
1.0234291619235036
1.0234291619235036
1.0239628957772993
1.0239628957772993
1.0240101063928968
1.0232616527431158
1.0247868292646918
1.0247868292646918
1.02703135296294
1.02703135296294
1.026086645623783
1.0256616086210206
1.0256616086210206
1.0256616086210206
1.0268844012130174
1.0268844012130174
1.0295020206302208
1.0295020206302208
1.0295020206302208
1.0295020206302208
1.028578588919631
1.028578588919631
1.028578588919631
1.0264786091013667
1.0264786091013667
1.0265847357051292
1.0287553297803294
1.023534667875767
1.023534667875767
1.026594465322193
1.026594465322193
1.026594465322193
1.026664725576452
1.026664725576452
1.026664725576452
1.026664725576452
1.0276211389567496
1.0276211389567496
1.0258380237651221
1.0258380237651221
1.0258380237651221
1.0258380237651221
1.0258380237651221
1.0258380237651221
1.0251887257377201
1.0251887257377201
1.0251887257377201
1.0251887257377201
1.0251887257377201
1.0251887257377201
1.0251887257377201
1.0251887257377201
1.0256185732964904
1.0256185732964904
1.0256185732964904
1.0247570703486837
1.0247570703486837
1.0247570703486837
1.0266301256712562
1.0266301256712562
1.026419139049904
1.026419139049904
1.0262780591913878
1.0262780591913878
1.0262780591913878
1.0253289939567514
1.0253289939567514
1.0253289939567514
1.0253289939567514
1.0253289939567514
1.0253289939567514
1.0234130965232449
1.0234130965232449
1.0240808639596506
1.0253697626243845
1.0254365154595553
1.0233336631161924
1.0244561568284736
1.0270511922078862
1.0270493254833857
1.0270493254833857
1.0251825707218643
1.024346889064349
1.024346889064349
1.024346889064349
1.0261810299439702
1.0257444636844384
1.0257444636844384
1.0257444636844384
1.0257444636844384
1.0257444636844384
1.0257444636844384
1.0257444636844384
1.0248721880327158
1.0248721880327158
1.0284883404915375
1.0284883404915375
1.031880393702488
1.031880393702488
1.031880393702488
1.031880393702488
1.0288729068798126
1.0304859252526544
1.0324982536016118
1.0301742324194532
1.0301742324194532
1.0301742324194532
1.0308444416986138
1.029549531941683
1.029549531941683
1.0280817904398523
1.0280817904398523
1.0280817904398523
1.0280817904398523
1.0291341298086196
1.0291341298086196
1.0291341298086196
1.0291341298086196
1.0281170175212608
1.0281170175212608
1.0281170175212608
1.02930511577549
1.02930511577549
1.02930511577549
1.02930511577549
1.031597002110404
1.031597002110404
1.0313412706608194
1.031569775782573
1.0308199835119165
1.0308199835119165
1.0308199835119165
1.0311429065352316
1.030838889685265
1.0335086631545904
1.0310979353198857
1.0310979353198857
1.0310979353198857
1.0323778495883178
1.0323778495883178
1.0313022632150848
1.032146856139239
1.032146856139239
1.032146856139239
1.0314799400748997
1.030957254148596
1.030957254148596
1.030957254148596
1.030957254148596
1.030957254148596
1.030957254148596
1.0309401441436508
1.0309401441436508
1.0290929041730295
1.0290929041730295
1.0283215919040931
1.0295480837583708
1.0295480837583708
1.0295480837583708
1.0295480837583708
1.0300650029393685
1.033256660528342
1.033256660528342
1.033256660528342
1.033256660528342
1.032836603897257
1.0316353549549053
1.0316353549549053
1.0316353549549053
1.0316353549549053
1.0337403256408608
1.0337403256408608
1.033474287918332
1.033080534224474
1.031428358912286
1.031428358912286
1.031428358912286
1.031428358912286
1.031428358912286
1.031428358912286
1.031428358912286
1.031428358912286
1.0305589028926307
1.0305589028926307
1.0297999497501698
1.0297999497501698
1.0297999497501698
1.0297999497501698
1.0297999497501698
1.0297999497501698
1.0297999497501698
1.0297999497501698
1.0297999497501698
1.0297999497501698
1.0300322897876872
1.0304242416188942
1.0304242416188942
1.0329366241584295
1.0329366241584295
1.0329366241584295
1.0329366241584295
1.0353410713996472
1.0353410713996472
1.0349343833930549
1.0349343833930549
1.03437849200803
1.03437849200803
1.0328043997905598
1.0328043997905598
1.0328043997905598
1.0328043997905598
1.0328043997905598
1.0328043997905598
1.0328043997905598
1.032116409997879
1.032116409997879
1.0351572961602176
1.0351572961602176
1.0351572961602176
1.0351572961602176
1.0351572961602176
1.0351572961602176
1.0351572961602176
1.0344482392549634
1.0299576158578574
1.0299576158578574
1.0306134942064387
1.0306134942064387
1.0289007862600035
1.0289007862600035
1.026881669579023
1.026881669579023
1.026881669579023
1.0293741659390276
1.0293741659390276
1.0293741659390276
1.0293741659390276
1.028481507353297
1.028481507353297
1.028481507353297
1.028481507353297
1.0301272135473742
1.0301272135473742
1.0301272135473742
1.0301272135473742
1.0301272135473742
1.0301272135473742
1.027467791179522
1.0275395921139545
1.0270337274258685
1.0270337274258685
1.0270337274258685
1.0270337274258685
1.0270337274258685
1.0270635239092263
1.0270635239092263
1.0260498730232792
1.0260498730232792
1.0261487410533603
1.0271793284483426
1.0271793284483426
1.0271793284483426
1.0269631088318003
1.025244511557109
1.025244511557109
1.025244511557109
1.0259136013869905
1.0284514126810733
1.0284514126810733
1.0284514126810733
1.0280045593006593
1.0262008320270126
1.0253076634871279
1.0253076634871279
1.0253076634871279
1.0253076634871279
1.0237677888242378
1.0237677888242378
1.0235492370799035
1.0260621019570373
1.0260621019570373
1.0260621019570373
1.0246515943980423
1.0253613804833301
1.0253613804833301
1.0253613804833301
1.0259049641334852
1.0252030162876544
1.0252030162876544
1.0252030162876544
1.0252030162876544
1.0252030162876544
1.0252030162876544
1.0252030162876544
1.0298495728901207
1.0298495728901207
1.0298495728901207
1.0298495728901207
1.0274918803219095
1.0265938915493311
1.0262498562969455
1.0258468994198053
1.0258468994198053
1.0258468994198053
1.0258468994198053
1.0258468994198053
1.0258468994198053
1.0256170747910007
1.025613376224519
1.0272994043004366
1.0291506464159053
1.0289726835458932
1.0289726835458932
1.0309581146766216
1.0309581146766216
1.0309581146766216
1.0309581146766216
1.0309581146766216
1.0309581146766216
1.032046894765965
1.0288440321570897
1.0288440321570897
1.0288440321570897
1.0288440321570897
1.0288440321570897
1.0288440321570897
1.0288440321570897
1.0288440321570897
1.029235351607629
1.0284509458268403
1.0274185957091952
1.028428855054757
1.0300031340509828
1.0300031340509828
1.0300031340509828
1.0274185961261326
1.0278886610141589
1.0278886610141589
1.0278886610141589
1.0278886610141589
1.0278886610141589
1.0278886610141589
1.0278886610141589
1.0278886610141589
1.0278886610141589
1.0278886610141589
1.0281243860545137
1.0281243860545137
1.027281696189025
1.027281696189025
1.0253504418976556
1.0251840298442705
1.0251840298442705
1.0251840298442705
1.023561988813124
1.023561988813124
1.023561988813124
1.0226613287143935
1.0226613287143935
1.024138741933603
1.024138741933603
1.024138741933603
1.0272134276197114
1.0271322920911912
1.0271322920911912
1.0271322920911912
1.0262242056614892
1.0262242056614892
1.0287610160022043
1.0287610160022043
1.0286694092354949
1.0286694092354949
1.0286694092354949
1.0286694092354949
1.0286694092354949
1.0286694092354949
1.0286694092354949
1.0286694092354949
1.0286694092354949
1.0286694092354949
1.0282964624501203
1.027607272235978
1.027607272235978
1.026062703700382
1.0272945724072327
1.026638481261745
1.0256541404222934
1.0241703953946284
1.0241703953946284
1.0241703953946284
1.0240617281231703
1.0240617281231703
1.025104346900004
1.025104346900004
1.024426553163333
1.024426553163333
1.024426553163333
1.024426553163333
1.024426553163333
1.0270101941540737
1.0270101941540737
1.0270101941540737
1.026456019420942
1.026456019420942
1.026456019420942
1.026456019420942
1.026456019420942
1.026456019420942
1.026456019420942
1.0229205643947734
1.0229205643947734
1.0229205643947734
1.0229205643947734
1.0261714743305101
1.0272493740682949
1.0272493740682949
1.0272493740682949
1.025932300920544
1.0251639962576873
1.0244133136397804
1.0224048984367407
1.0241864853474096
1.0241864853474096
1.0241864853474096
1.0241864853474096
1.025944799698002
1.023956960700976
1.023956960700976
1.0234011086741837
1.0208047648783738
1.0230019214852348
1.0230019214852348
1.024111876648065
1.0242131629834992
1.0242131629834992
1.0278108021468026
1.0278108021468026
1.0265948183479356
1.0265948183479356
1.0265948183479356
1.0264150690033316
1.0247409058075645
1.0256508385914775
1.0230785553284818
1.0243564498167834
1.0243564498167834
1.0243564498167834
1.0237642087883707
1.022175005676411
1.0241356920920255
1.0241356920920255
1.0241356920920255
1.0241356920920255
1.0241356920920255
1.0234878832654783
1.0243517886962483
1.0243517886962483
1.0243517886962483
1.0243517886962483
1.0243517886962483
1.0243517886962483
1.0238074527053138
1.0238074527053138
1.0238074527053138
1.0238074527053138
1.0238074527053138
1.0238074527053138
1.025836168023742
1.0208817429058454
1.0208817429058454
1.0199314867000706
1.0199314867000706
1.0199314867000706
1.0226903961229132
1.0205921738850465
1.0205921738850465
1.0205921738850465
1.021453439184139
1.0220273034846261
1.0220273034846261
1.0228567871750613
1.0228567871750613
1.0228567871750613
1.0233133783961186
1.0217562366672013
1.0232152866494135
1.0231346497106166
1.0244339843847319
1.0244339843847319
1.0244339843847319
1.0244339843847319
1.0243592000295272
1.0272397201900776
1.0272397201900776
1.0286833016879349
1.0286833016879349
1.0286833016879349
1.0273194862445916
1.0288456565648756
1.0288456565648756
1.0288456565648756
1.0292053821066531
1.0292053821066531
1.0292053821066531
1.0292053821066531
1.0292053821066531
1.0300974564176968
1.0273374078679227
1.0273374078679227
1.0259072875052386
1.0275860192031687
1.0274371845906607
1.0287375221664175
1.0287375221664175
1.0287375221664175
1.0287375221664175
1.0287375221664175
1.0284221817360626
1.0271641002717284
1.0269764016885896
1.0269764016885896
1.027153247794266
1.0289246044616525
1.0295518911416985
1.0301896819818228
1.0301896819818228
1.0312095175795901
1.0312095175795901
1.0312095175795901
1.0282560684892936
1.0296798790856887
1.0296798790856887
1.0296798790856887
1.0296798790856887
1.0296798790856887
1.0296798790856887
1.0296798790856887
1.0296798790856887
1.0296798790856887
1.0280577216953828
1.0280577216953828
1.0280279528369172
1.0280279528369172
1.0280279528369172
1.025963700712978
1.025963700712978
1.025963700712978
1.0261027861243825
1.0261027861243825
1.0261027861243825
1.0261698284526553
1.0234625281886571
1.0210871639513532
1.0210871639513532
1.0210871639513532
1.0240349235796191
1.0240349235796191
1.0240349235796191
1.0260855455943367
1.0260855455943367
1.0260855455943367
1.0278719629159194
1.0278719629159194
1.0275938552714579
1.0275938552714579
1.0275938552714579
1.0275938552714579
1.0275938552714579
1.0275938552714579
1.0294619006535395
1.0294619006535395
1.0294619006535395
1.0294619006535395
1.0294619006535395
1.0294619006535395
1.0281453264849467
1.0281453264849467
1.0281453264849467
1.0281453264849467
1.0281453264849467
1.0281453264849467
1.028031375816562
1.0260037127333743
1.0260037127333743
1.0260037127333743
1.0275990166371267
1.0275990166371267
1.0275990166371267
1.0259569431221582
1.0259569431221582
1.0259569431221582
1.025758509751242
1.025758509751242
1.024061674906015
1.027934457788816
1.027934457788816
1.027934457788816
1.027934457788816
1.0272087386565258
1.0272087386565258
1.0261310147770981
1.0257367315071513
1.025986708173632
1.025986708173632
1.025986708173632
1.0264680158493218
1.0264680158493218
1.0258797276441967
1.0258797276441967
1.0258797276441967
1.0258797276441967
1.025689579537382
1.02554992671942
1.02554992671942
1.0246165717970916
1.0213085188009972
1.0213085188009972
1.0261627488275997
1.0261627488275997
1.0242207249262933
1.0242207249262933
1.0253658086955852
1.0253658086955852
1.0253658086955852
1.024094822699272
1.0247381674605087
1.0233034351245986
1.0233034351245986
1.0233034351245986
1.0241101288100285
1.0241101288100285
1.0241101288100285
1.0241101288100285
1.0240439061331472
1.0277729130915876
1.0277729130915876
1.0277729130915876
1.0296388953396252
1.0296388953396252
1.0296388953396252
1.0304059660241278
1.0304059660241278
1.0304059660241278
1.0304059660241278
1.0294988991063405
1.0294988991063405
1.0291406796782645
1.0293043205066847
1.02942393100036
1.0306387833903357
1.0306387833903357
1.0311521227919325
1.0311521227919325
1.0311521227919325
1.0311521227919325
1.0301960113591122
1.0279734524632511
1.0279734524632511
1.0279633462850322
1.0279633462850322
1.0279633462850322
1.0303791087974767
1.0303791087974767
1.0291145478806871
1.0291145478806871
1.0291145478806871
1.0291145478806871
1.029406327807756
1.029406327807756
1.0298483232287883
1.0298483232287883
1.0298483232287883
1.0298483232287883
1.0288055613215057
1.0288055613215057
1.0288055613215057
1.0288055613215057
1.0288055613215057
1.0295392652576891
1.0295392652576891
1.0293996251685653
1.0293996251685653
1.0293996251685653
1.0296310046722146
1.0300369257088513
1.0300369257088513
1.0300369257088513
1.0300369257088513
1.0300369257088513
1.0300369257088513
1.0300369257088513
1.0300369257088513
1.0300369257088513
1.0300369257088513
1.0300369257088513
1.0319195473293499
1.0319195473293499
1.0319195473293499
1.0319195473293499
1.0319195473293499
1.0319195473293499
1.0296311103606692
1.0296311103606692
1.0296311103606692
1.0296311103606692
1.0297419538427774
1.0297419538427774
1.0312456472353495
1.0312456472353495
1.0324536219260028
1.0310792053926559
1.0310792053926559
1.0310792053926559
1.0315092601702733
1.0299010520901335
1.0299010520901335
1.0314186584515397
1.0321889891167921
1.0321889891167921
1.0287874429113628
1.0299370861400754
1.0295040685213295
1.0295040685213295
1.0308246187013024
1.0310713266100344
1.0329272749402227
1.0329272749402227
1.032893606392747
1.032893606392747
1.0339622371725328
1.0339622371725328
1.0299990505017695
1.0308928111012232
1.0308928111012232
1.0308928111012232
1.0308928111012232
1.030392204865048
1.0319190856586002
1.0319190856586002
1.0319190856586002
1.0319190856586002
1.0310475755997353
1.0310475755997353
1.0330836962901617
1.0329184225865098
1.0329184225865098
1.0302690074336263
1.0302690074336263
1.0302690074336263
1.0278022494858712
1.0278022494858712
1.0278022494858712
1.028921160894675
1.0295691847374842
1.0322275426292513
1.0322275426292513
1.0303871706139796
1.0303871706139796
1.0303871706139796
1.0308409758154642
1.0308409758154642
1.0308409758154642
1.0308409758154642
1.0302865945915978
1.0302865945915978
1.0278473054578527
1.0288323501014554
1.030270428024231
1.0286236544983236
1.0300990722380778
1.0300990722380778
1.0284327306944667
1.0284327306944667
1.0284327306944667
1.0307659409083043
1.0309790433772035
1.0310768956348568
1.0310768956348568
1.0314739412088105
1.0286806614574855
1.0286806614574855
1.0286806614574855
1.0275459706611776
1.0275459706611776
1.0261902762644524
1.0261388049025102
1.0261388049025102
1.0255006553572534
1.0263079174515153
1.0247249345039666
1.0247249345039666
1.0247249345039666
1.0248844550072342
1.0248844550072342
1.0248844550072342
1.0233990778217543
1.0233990778217543
1.0233990778217543
1.0233990778217543
1.0233990778217543
1.024422354516726
1.0248304953585514
1.0289395586514147
1.0294950863181118
1.0294950863181118
1.0294950863181118
1.0294950863181118
1.0294950863181118
1.0294950863181118
1.0308606983149475
1.0308606983149475
1.0286571023025861
1.0286571023025861
1.0300314195932438
1.0300314195932438
1.0300314195932438
1.030550651109556
1.0274433727962249
1.0274433727962249
1.0274433727962249
1.0274433727962249
1.0274433727962249
1.0274433727962249
1.0274433727962249
1.0267210921454528
1.0267799067287735
1.0262864436041566
1.0262864436041566
1.0262864436041566
1.0262864436041566
1.029569999796798
1.0306916316678405
1.0306916316678405
1.0306916316678405
1.0308840073580312
1.0297818676281463
1.0297818676281463
1.0288202658073693
1.028511407901424
1.0295784854835492
1.0295784854835492
1.029715927074645
1.029715927074645
1.0292465291581965
1.0295443599408762
1.0295443599408762
1.0295443599408762
1.0297149581416003
1.0297149581416003
1.0297149581416003
1.0297149581416003
1.0297149581416003
1.028534014914407
1.028534014914407
1.0311090780674617
1.0311090780674617
1.0311090780674617
1.0311090780674617
1.0311090780674617
1.0320327800581992
1.032259440490406
1.0316839395677804
1.0316839395677804
1.0316839395677804
1.0316839395677804
1.0308196197662485
1.0308196197662485
1.0308196197662485
1.0308196197662485
1.0308196197662485
1.030820373612174
1.030820373612174
1.030820373612174
1.030820373612174
1.030820373612174
1.028375876365525
1.028375876365525
1.0278026970248446
1.027322267398487
1.027322267398487
1.027322267398487
1.027322267398487
1.027322267398487
1.027322267398487
1.026032686929375
1.026032686929375
1.026032686929375
1.026032686929375
1.027244039219354
1.027244039219354
1.0310464384835782
1.030437083922028
1.030437083922028
1.030437083922028
1.030437083922028
1.030437083922028
1.030437083922028
1.030437083922028
1.0303100400401533
1.0303100400401533
1.0303100400401533
1.0303100400401533
1.0298104556389163
1.029766183532732
1.029019649200271
1.0289400769785166
1.0289400769785166
1.0289400769785166
1.0289400769785166
1.0289400769785166
1.0290466056415257
1.0290466056415257
1.0300410668812534
1.0300410668812534
1.0281669851497852
1.0281669851497852
1.0281669851497852
1.0312228379546338
1.0312228379546338
1.0312228379546338
1.0312228379546338
1.0312228379546338
1.0320748213458393
1.0320844287758393
1.0320844287758393
1.0318900870484227
1.0318900870484227
1.0318900870484227
1.0318900870484227
1.0318900870484227
1.029087056112075
1.029087056112075
1.029087056112075
1.029087056112075
1.029087056112075
1.029087056112075
1.029087056112075
1.029087056112075
1.0272295450742213
1.0266129893102642
1.0266129893102642
1.0264502909053883
1.0231712998795515
1.0228365185529678
1.0229731560132158
1.0229731560132158
1.0222882776006907
1.0222882776006907
1.0223980270312258
1.022216016432632
1.0251596421145093
1.0251596421145093
1.0251596421145093
1.0251596421145093
1.0251596421145093
1.0251596421145093
1.0251596421145093
1.0268363555016047
1.0268363555016047
1.0275917812170094
1.029040527457584
1.026622362463595
1.026622362463595
1.027952839631012
1.0261284162530093
1.0261284162530093
1.0261284162530093
1.0277356244268656
1.0277356244268656
1.0296356814317407
1.0296356814317407
1.0296356814317407
1.0300097776895356
1.0301751034238962
1.0316257930874708
1.0316257930874708
1.0304668365091532
1.0298440816692147
1.0298440816692147
1.0298440816692147
1.0298440816692147
1.0298440816692147
1.0274498320658023
1.0274498320658023
1.0274498320658023
1.0293234177596247
1.0282420287272263
1.0282420287272263
1.0282420287272263
1.0282420287272263
1.0294127895558474
1.0294127895558474
1.0294127895558474
1.0294127895558474
1.0294127895558474
1.0294127895558474
1.0294127895558474
1.029192232586079
1.029192232586079
1.0292827316388964
1.0292827316388964
1.0292827316388964
1.0292827316388964
1.0292827316388964
1.030385236258811
1.0293088940673025
1.0297437334189496
1.0299265225037275
1.0299265225037275
1.0276136197165133
1.0276136197165133
1.0296637947104972
1.0296637947104972
1.0296637947104972
1.0296637947104972
1.0296637947104972
1.0296637947104972
1.0275686054939372
1.0256261067877792
1.0256261067877792
1.0256261067877792
1.0252056799384592
1.0252056799384592
1.0261272091124016
1.0261272091124016
1.0261272091124016
1.0281184869843154
1.0289856631884025
1.0289856631884025
1.0289856631884025
1.0296371862881424
1.030980548293453
1.030980548293453
1.031934700072566
1.031934700072566
1.031934700072566
1.031934700072566
1.031934700072566
1.031934700072566
1.031934700072566
1.0315804808447218
1.0315804808447218
1.0315804808447218
1.0315804808447218
1.0315804808447218
1.0294347987225712
1.0318663677884412
1.0318663677884412
1.0318663677884412
1.0318663677884412
1.0318663677884412
1.0332554369056293
1.0332554369056293
1.0332554369056293
1.0351841195358877
1.0351841195358877
1.0306072137873437
1.0306072137873437
1.0306072137873437
1.0306072137873437
1.0306072137873437
1.0306072137873437
1.0312048985679125
1.0312048985679125
1.0312048985679125
1.0312048985679125
1.0312048985679125
1.0312048985679125
1.0323153639533023
1.0323153639533023
1.0323153639533023
1.0323153639533023
1.0330670418323566
1.03422999948496
1.0332681367327194
1.032716213463317
1.0349928110303077
1.0349928110303077
1.0349928110303077
1.034819884667265
1.035341568894892
1.033769121332193
1.033769121332193
1.033769121332193
1.0343601600404417
1.0343601600404417
1.0343601600404417
1.0331975530290554
1.0331975530290554
1.0320529917137273
1.0317242537523146
1.0333365511558585
1.0333365511558585
1.0333365511558585
1.0333365511558585
1.0333365511558585
1.0333365511558585
1.0333365511558585
1.032170565570629
1.032170565570629
1.032170565570629
1.0320843407921336
1.0318201026617078
1.031685215897975
1.0305355034767352
1.0305355034767352
1.0285923376944617
1.0288065980404555
1.0288065980404555
1.0252571570687397
1.0228663433096394
1.0228663433096394
1.0228663433096394
1.0232069160168498
1.0232069160168498
1.0232069160168498
1.0217104289406915
1.0217104289406915
1.0217104289406915
1.0235187031233428
1.022865402857136
1.022865402857136
1.0243876042367188
1.0236129528474531
1.0264004183571709
1.0264004183571709
1.0264004183571709
1.0277702494533603
1.0286107091812848
1.0286107091812848
1.0231350558585748
1.0227627579540721
1.0227627579540721
1.024680562678413
1.024680562678413
1.0231421143753938
1.0231421143753938
1.0231421143753938
1.0231421143753938
1.0223779296394466
1.0223779296394466
1.0215119479732262
1.0225901997768605
1.0227338785518978
1.0227338785518978
1.0227466687274511
1.0194661970545744
1.0198944142350175
1.0227401419623672
1.022032804428666
1.022032804428666
1.022032804428666
1.0230116873453878
1.0213329783269518
1.0213329783269518
1.0213329783269518
1.0213329783269518
1.0213329783269518
1.0213329783269518
1.0213329783269518
1.0216455142580174
1.0216455142580174
1.0216455142580174
1.0216455142580174
1.0216455142580174
1.0241908818932655
1.0241908818932655
1.0241908818932655
1.0241908818932655
1.0257803486780337
1.0213284831793372
1.0213284831793372
1.0214761168072872
1.0214761168072872
1.0213938186911151
1.0273249753096925
1.0273249753096925
1.030050453886859
1.030050453886859
1.030050453886859
1.030050453886859
1.030050453886859
1.030353812148164
1.030353812148164
1.030353812148164
1.0300738892235397
1.0302071600858136
1.0302071600858136
1.0323400991227671
1.0323400991227671
1.0302771099792178
1.0285788182910538
1.0265314161643004
1.0265314161643004
1.0265314161643004
1.0273122353435418
1.0273122353435418
1.0273122353435418
1.0273122353435418
1.0273122353435418
1.0273122353435418
1.0273122353435418
1.0273122353435418
1.0273122353435418
1.0273122353435418
1.0261021794660896
1.0261021794660896
1.0253930520274062
1.0253930520274062
1.0253930520274062
1.0253930520274062
1.0253930520274062
1.0259401110795718
1.0259401110795718
1.0259355884014767
1.0259355884014767
1.0285263366565727
1.0285263366565727
1.0285263366565727
1.0285263366565727
1.0269609772751707
1.0269609772751707
1.0269609772751707
1.0269609772751707
1.0269609772751707
1.0269609772751707
1.0269609772751707
1.0251255665582775
1.0251255665582775
1.023999390690839
1.0242001719261293
1.0240153092555568
1.0267198120734842
1.0267198120734842
1.0263083922937895
1.0250813763013678
1.0250813763013678
1.0251682793727555
1.0256542939738782
1.0256542939738782
1.0256542939738782
1.0256542939738782
1.026263966723278
1.0276127775857735
1.0257070760669387
1.0262277616608309
1.0262277616608309
1.0262277616608309
1.0262277616608309
1.0262277616608309
1.0237250719532651
1.0237250719532651
1.0237250719532651
1.0245021473579041
1.0245021473579041
1.0245021473579041
1.0245021473579041
1.02559815384435
1.02559815384435
1.02559815384435
1.0245183082281624
1.0216161134931019
1.0204831414737299
1.0204831414737299
1.021046361265246
1.021046361265246
1.021046361265246
1.0190338790188191
1.0190338790188191
1.0190338790188191
1.0212096928176246
1.019999434959787
1.019999434959787
1.0198649401943158
1.0202305327565964
1.0196499764899636
1.0196499764899636
1.0215546538749936
1.0213933300407738
1.0207528006451483
1.0224548119727197
1.0224548119727197
1.0224548119727197
1.0224548119727197
1.0224548119727197
1.0224548119727197
1.0251308554062093
1.0251308554062093
1.0259233684298568
1.0259233684298568
1.0259233684298568
1.0259233684298568
1.0274387584811884
1.0274387584811884
1.0274387584811884
1.0297279243285553
1.0297279243285553
1.0297279243285553
1.0297279243285553
1.0279732279993141
1.0287212162727093
1.0287212162727093
1.0284281939260118
1.0276298721002237
1.024540279280912
1.025282116406411
1.025282116406411
1.025282116406411
1.025282116406411
1.025282116406411
1.025282116406411
1.0270922712512438
1.0278615061312244
1.0278615061312244
1.0278615061312244
1.0283967777971923
1.0283967777971923
1.0269740733308104
1.026066524639268
1.0248660791026474
1.0248660791026474
1.0248660791026474
1.0248319833723087
1.0248319833723087
1.0248319833723087
1.0261749347741824
1.0261749347741824
1.0256523365516803
1.0256523365516803
1.0256523365516803
1.0256523365516803
1.025478544489717
1.025478544489717
1.025478544489717
1.0284877261578511
1.0284877261578511
1.0259055980282075
1.0259055980282075
1.0305966467309038
1.0286615317689076
1.0286615317689076
1.0245038431926186
1.0274954440043251
1.0268566057745796
1.0268566057745796
1.0285262347149091
1.0284820549355722
1.0284820549355722
1.027895352832603
1.0279279917423751
1.0258607407163978
1.027095697621171
1.027095697621171
1.027095697621171
1.027095697621171
1.0292227867646844
1.0292227867646844
1.0292227867646844
1.0292227867646844
1.0292227867646844
1.0292227867646844
1.0277470515403357
1.0277470515403357
1.028477329257674
1.028477329257674
1.028477329257674
1.0279617467775959
1.0279617467775959
1.0279617467775959
1.0268315241689103
1.0268315241689103
1.0268315241689103
1.0268315241689103
1.0268315241689103
1.0252845232991996
1.0291192222444088
1.0296147772017452
1.0285214284794706
1.0285214284794706
1.027190747550831
1.0258451885400701
1.0258451885400701
1.0302449863991465
1.030892640981879
1.030892640981879
1.0309657233923724
1.0295874996679428
1.0295874996679428
1.0295874996679428
1.0295874996679428
1.0295874996679428
1.0301105941685291
1.027735905271188
1.0292570342177518
1.0292570342177518
1.028679793963473
1.028679793963473
1.028679793963473
1.0273622456148819
1.0279092900429938
1.0279092900429938
1.0277446768265377
1.0262901169842251
1.0262901169842251
1.0262901169842251
1.0262901169842251
1.0252633226069332
1.025512173885469
1.025512173885469
1.025512173885469
1.025512173885469
1.027978206320173
1.0286496356156873
1.025283002325533
1.025283002325533
1.026230015320156
1.0292146276240037
1.0292761986496468
1.0292761986496468
1.0284023663999098
1.0294772200017994
1.027927676959458
1.0292101849809827
1.0292101849809827
1.0282373101215059
1.028019161547475
1.0261300711389494
1.0261300711389494
1.0261300711389494
1.023247997802572
1.0224546917767072
1.0227768989683215
1.0216653705238012
1.0236837333698818
1.0233447095062551
1.0233447095062551
1.0233447095062551
1.0233447095062551
1.0233447095062551
1.0233447095062551
1.0219357775511144
1.0219357775511144
1.023099529000235
1.023099529000235
1.023099529000235
1.0224967400693057
1.0224967400693057
1.024411122345993
1.024411122345993
1.0241709073921006
1.0200041685489285
1.0200041685489285
1.0200041685489285
1.0222272994781916
1.0222272994781916
1.0222272994781916
1.022358312320648
1.0223114372134527
1.0223114372134527
1.0223114372134527
1.0230322353591828
1.0236647943791808
1.0236647943791808
1.023241284652845
1.023241284652845
1.023241284652845
1.0234438962766048
1.0234438962766048
1.0226438983457402
1.0224775419981116
1.0226271402709584
1.0226271402709584
1.0226271402709584
1.0228314678833015
1.0228314678833015
1.0252008068147622
1.0254517255696263
1.025743253477179
1.0279832743645023
1.0281895784525852
1.0241706624246434
1.0252302521365213
1.0252302521365213
1.0244178566630773
1.0244178566630773
1.0244178566630773
1.0244178566630773
1.0249944232745547
1.0249944232745547
1.0249944232745547
1.0249944232745547
1.0249944232745547
1.0249944232745547
1.0224579677254282
1.0230459747637233
1.0235921929347191
1.0235921929347191
1.0235921929347191
1.0243532990099373
1.0243532990099373
1.0262052690463044
1.0262052690463044
1.0239612303598356
1.0239612303598356
1.020602723028138
1.020602723028138
1.0201665225363143
1.0227676369593715
1.0235703341257198
1.0253581344748197
1.0253581344748197
1.0244123058890355
1.0237527114988445
1.0237527114988445
1.0243089256403488
1.0243089256403488
1.0243089256403488
1.0243089256403488
1.0222064059031142
1.0222064059031142
1.0228598064930443
1.0205674881449693
1.0205674881449693
1.0205674881449693
1.0214259190652932
1.0221363972438686
1.0221363972438686
1.0198801750900761
1.0198801750900761
1.0190546995280265
1.0226201414007003
1.0233829169335578
1.0260589154106383
1.0260589154106383
1.0260589154106383
1.0260589154106383
1.0260589154106383
1.0260589154106383
1.0260589154106383
1.0265977729104852
1.0269927574834463
1.0269927574834463
1.0269927574834463
1.028043459072137
1.028043459072137
1.0262400960808078
1.0252390336759718
1.0252390336759718
1.0252390336759718
1.0246707379163735
1.0246707379163735
1.0246707379163735
1.0241945051420387
1.025448304405789
1.0237730860605256
1.0237730860605256
1.0237730860605256
1.0240103082673133
1.025638858472958
1.025001740821356
1.025001740821356
1.0261190233214148
1.0261190233214148
1.0261482046267931
1.0279409634765042
1.0279409634765042
1.0268718521639044
1.0268718521639044
1.0268718521639044
1.0268718521639044
1.0268718521639044
1.0268718521639044
1.0260323844459844
1.0242674089973327
1.0242674089973327
1.0246427020690179
1.0231409180998408
1.0227705821636497
1.0252674219433178
1.0251117852742377
1.0247799635101318
1.0269745049500059
1.028574186864998
1.029265985074558
1.029265985074558
1.029265985074558
1.028143438182416
1.028143438182416
1.028143438182416
1.028143438182416
1.025884732038963
1.0266893255038168
1.0266893255038168
1.026446537661583
1.0246057081454871
1.0246057081454871
1.024863119770684
1.024863119770684
1.024863119770684
1.024863119770684
1.024863119770684
1.0275180686945433
1.0275645504849
1.0275645504849
1.0275645504849
1.0275645504849
1.0275645504849
1.0259863251478234
1.026250940706784
1.026301798624779
1.026301798624779
1.0258873840870455
1.0258873840870455
1.0258873840870455
1.0258873840870455
1.0258873840870455
1.02368218016103
1.02368218016103
1.0245471067821215
1.0245471067821215
1.0245471067821215
1.0233203953858387
1.0232474930769673
1.0227267390603172
1.023862154727188
1.023862154727188
1.023862154727188
1.0234954650585815
1.027065939150673
1.027065939150673
1.027065939150673
1.0262288213516086
1.0248892624065264
1.0248892624065264
1.0248892624065264
1.0248892624065264
1.0248892624065264
1.025430931167293
1.025430931167293
1.025430931167293
1.025430931167293
1.025430931167293
1.025430931167293
1.0233724060161082
1.0233724060161082
1.0233724060161082
1.0233724060161082
1.0233724060161082
1.0233724060161082
1.0233724060161082
1.022435893903368
1.022435893903368
1.022435893903368
1.0255156024310772
1.0248551350838542
1.0248551350838542
1.025540649441782
1.0234283562556625
1.0238042914451728
1.0244949571163418
1.025674156504542
1.025674156504542
1.025674156504542
1.0260608946076075
1.0260608946076075
1.0260608946076075
1.0260608946076075
1.027251157406267
1.0275305814341287
1.0274698033081846
1.0274698033081846
1.0274698033081846
1.0288693758226426
1.0288693758226426
1.0288693758226426
1.0288693758226426
1.0283814026505775
1.0283814026505775
1.0283814026505775
1.0283814026505775
1.0280607593726845
1.0280607593726845
1.0280607593726845
1.0284724411029058
1.0288244012519727
1.0288244012519727
1.0288244012519727
1.0288244012519727
1.0288244012519727
1.0264877644030777
1.0264877644030777
1.0264877644030777
1.0264877644030777
1.0264877644030777
1.0264877644030777
1.0264877644030777
1.0258834152803196
1.0244024345001455
1.0244024345001455
1.0280963375802454
1.0280963375802454
1.0280963375802454
1.0280963375802454
1.028786406333628
1.028786406333628
1.0292692453332017
1.0295142865680522
1.0295142865680522
1.029773733921919
1.029773733921919
1.0297604960283109
1.0301637134712525
1.0301637134712525
1.0292267459083824
1.0292267459083824
1.0293698586726832
1.0282336720951317
1.0282336720951317
1.0282336720951317
1.0282336720951317
1.0282336720951317
1.028121780822167
1.0300028188422379
1.0300028188422379
1.0276750391718952
1.0276750391718952
1.0276750391718952
1.0276750391718952
1.026813282050806
1.026813282050806
1.026813282050806
1.026813282050806
1.026813282050806
1.026813282050806
1.02941450687746
1.0280592930423145
1.0280592930423145
1.0252994627959724
1.027670471531488
1.027670471531488
1.027670471531488
1.027670471531488
1.0278144436375298
1.0298620320634042
1.0298620320634042
1.0299947067461577
1.0299947067461577
