0.9499776482436598
0.9499776482436598
0.9499776482436598
0.9499776482436598
0.9499776482436598
0.9499776482436598
0.9499776482436598
0.9499776482436598
0.9499776482436598
0.9499776482436598
0.9499776482436598
0.9499776482436598
0.9499776482436598
0.9499776482436598
0.9499776482436598
0.9499776482436598
0.9499776482436598
0.9499776482436598
0.9499776482436598
0.9499776482436598
0.9499776482436598
0.9499776482436598
0.9499776482436598
0.9499776482436598
0.9499776482436598
0.9499776482436598
0.9499776482436598
0.9499776482436598
0.9499776482436598
0.9499776482436598
0.9499776482436598
0.9499776482436598
0.9499776482436598
0.9499776482436598
0.9499776482436598
0.9499776482436598
0.9499776482436598
0.9499776482436598
0.9499776482436598
0.9499776482436598
0.9499776482436598
0.9499776482436598
0.9499776482436598
0.9499776482436598
0.9499776482436598
0.9499776482436598
0.9499776482436598
0.9499776482436598
0.9499776482436598
0.9499776482436598
0.9499776482436598
0.9499776482436598
0.9499776482436598
0.9499776482436598
0.9499776482436598
0.9499776482436598
0.9499776482436598
0.9499776482436598
0.9499776482436598
0.9499776482436598
0.9499776482436598
0.9499776482436598
0.9499776482436598
0.9499776482436598
0.9499776482436598
0.9499776482436598
0.9499776482436598
0.9499776482436598
0.9499776482436598
0.9499776482436598
0.9499776482436598
0.9499776482436598
0.9499776482436598
0.9499776482436598
0.9499776482436598
0.9499776482436598
0.9499776482436598
0.9499776482436598
0.9499776482436598
0.9499776482436598
0.9499776482436598
0.9499776482436598
0.9499776482436598
0.9499776482436598
0.9499776482436598
0.9499776482436598
0.9499776482436598
0.9499776482436598
0.9499776482436598
0.9499776482436598
0.9499776482436598
0.9499776482436598
0.9499776482436598
0.9499776482436598
0.9499776482436598
0.9499776482436598
0.9499776482436598
0.9499776482436598
0.9499776482436598
0.9499776482436598
0.9507085821799117
0.9539924877354043
0.9539924877354043
0.9551560902194731
0.9551560902194731
0.9551560902194731
0.9564692931355828
0.9564692931355828
0.9564390846797425
0.9564390846797425
0.9564390846797425
0.9564390846797425
0.9583335274505554
0.9601161989617895
0.9614516002392047
0.9641548005958369
0.9713149085085331
0.9713149085085331
0.9713149085085331
0.9713149085085331
0.9726365185346193
0.976681288685371
0.976681288685371
0.976681288685371
0.976681288685371
0.9785017278899918
0.9808584504361689
0.9814303711178848
0.982216985255188
0.982216985255188
0.982216985255188
0.982216985255188
0.9873925632145025
0.9873925632145025
0.9910178610884283
0.9937853854281162
0.9944708517467288
0.9947235267814912
0.9977958800398438
0.9977958800398438
0.9977958800398438
0.9985081814867544
1.0043406540503448
1.0043406540503448
1.0043406540503448
1.0077499592687904
1.0077499592687904
1.0077499592687904
1.0088769060082667
1.0112544066037246
1.014782828969188
1.016017357919645
1.016017357919645
1.0162533146673105
1.0144011433296318
1.0148558491236621
1.0148558491236621
1.0173614950581824
1.0179103791388007
1.0179103791388007
1.0193068522194795
1.0193068522194795
1.0193068522194795
1.0190861417272041
1.0190861417272041
1.0190861417272041
1.0190861417272041
1.021562968439864
1.021562968439864
1.0203079173233327
1.0175446498380336
1.0222743936839869
1.0217129453072162
1.0217129453072162
1.0227253557492912
1.0227253557492912
1.0227253557492912
1.0228738272350848
1.0228738272350848
1.0228738272350848
1.0228738272350848
1.0228738272350848
1.0228738272350848
1.0228738272350848
1.0250666782528537
1.0250666782528537
1.0250666782528537
1.0254791793545224
1.022344629066997
1.0268561064809842
1.0268561064809842
1.0283192123165463
1.0283192123165463
1.027312109057696
1.025178281841856
1.025178281841856
1.0272627252463993
1.0293215862902456
1.0269894986073818
1.0267498238774415
1.0273222318046848
1.026236601792232
1.0260209974437136
1.0319711384475876
1.0319849727824055
1.0319849727824055
1.0319849727824055
1.0319849727824055
1.0319849727824055
1.0334629065384844
1.0337025749961415
1.0337025749961415
1.0334827244627267
1.0348846548937496
1.0348846548937496
1.0348846548937496
1.0343359146838926
1.0346460573752416
1.034584545634948
1.034584545634948
1.034584545634948
1.034584545634948
1.034584545634948
1.0334189033115702
1.0334189033115702
1.0334189033115702
1.0322887586533127
1.0322887586533127
1.0322887586533127
1.0322887586533127
1.030575815982106
1.030575815982106
1.030575815982106
1.030575815982106
1.030575815982106
1.0323862939342914
1.0323862939342914
1.0300082107194584
1.0265819744446025
1.0265819744446025
1.0294613469960627
1.0294613469960627
1.0294613469960627
1.0294613469960627
1.0292575277566907
1.0292575277566907
1.0294347700899784
1.0298118329585815
1.0298118329585815
1.03027342403057
1.0317911965411009
1.0317911965411009
1.0317911965411009
1.0317911965411009
1.0324800123627744
1.0322857454553105
1.0322857454553105
1.0322857454553105
1.0311218103169657
1.0323581870331813
1.0315928184431795
1.0304061357250285
1.030241594419901
1.0289114114699736
1.0300835028564996
1.0300835028564996
1.0336577937654152
1.0336577937654152
1.0336577937654152
1.0336577937654152
1.0336577937654152
1.0336577937654152
1.0325241197128825
1.0333422102336507
1.0298871731994066
1.0298871731994066
1.0310193369177196
1.0310193369177196
1.0310193369177196
1.0312426107752317
1.0300434449516325
1.0297311862284575
1.0297311862284575
1.0287249268816234
1.0302906082786183
1.0302906082786183
1.0302906082786183
1.0302906082786183
1.0296992022051885
1.0296992022051885
1.0296992022051885
1.0296992022051885
1.0291761543399633
1.0291761543399633
1.0318841005887174
1.0330085645843883
1.0325958816564147
1.0319652295642725
1.0319652295642725
1.0319652295642725
1.0319652295642725
1.0319652295642725
1.0319652295642725
1.0317328119593612
1.0308869166871284
1.0308608493410862
1.0315018723186085
1.033071394376632
1.033071394376632
1.033071394376632
1.033071394376632
1.03334262962528
1.03334262962528
1.0332302011931402
1.0302848815749603
1.0302848815749603
1.0302848815749603
1.0302848815749603
1.0302848815749603
1.0302848815749603
1.0295331072011369
1.0295331072011369
1.0295331072011369
1.0295331072011369
1.0295331072011369
1.0306945194989292
1.035124510290996
1.035124510290996
1.035124510290996
1.0341528492206258
1.0344816116391593
1.0331283742092103
1.0357312341249907
1.0357312341249907
1.0386382957488212
1.0401010264535675
1.0401010264535675
1.0365615895626255
1.0365615895626255
1.0382972291653279
1.0362031943773262
1.0354890313707883
1.0354890313707883
1.0345708050469256
1.0345708050469256
1.0345708050469256
1.0345708050469256
1.0345708050469256
1.0345708050469256
1.0317151823290993
1.0317151823290993
1.0317151823290993
1.0330630754120103
1.0330630754120103
1.0330630754120103
1.0330630754120103
1.0330630754120103
1.0330630754120103
1.0321840348292197
1.0321840348292197
1.0321840348292197
1.0313216985908895
1.0313216985908895
1.0362574595832472
1.0362574595832472
1.0362574595832472
1.0362574595832472
1.0375449414097866
1.0361626797167471
1.0361626797167471
1.0361626797167471
1.0341585361130678
1.0341585361130678
1.0353472496233385
1.0353472496233385
1.0353472496233385
1.0353472496233385
1.0353472496233385
1.0353472496233385
1.0353472496233385
1.0353472496233385
1.0353472496233385
1.0353472496233385
1.036132855340374
1.0378597850223015
1.0368775430391273
1.0365240869949741
1.0365240869949741
1.0341157471002855
1.0341157471002855
1.0341157471002855
1.0341157471002855
1.0341157471002855
1.0326115770343658
1.0326115770343658
1.0326115770343658
1.0326115770343658
1.0328503444018193
1.0328503444018193
1.0350743666194517
1.034810993688419
1.034810993688419
1.034810993688419
1.0304645177356957
1.0304645177356957
1.0293377174109204
1.0318884953372347
1.0336510451291105
1.0336510451291105
1.0324953611467784
1.0336980881720017
1.0336980881720017
1.0336980881720017
1.0331679770823188
1.034133310653586
1.034133310653586
1.0363469291983127
1.0363469291983127
1.0363469291983127
1.0363469291983127
1.0363469291983127
1.035655150568296
1.035655150568296
1.035495651446811
1.035495651446811
1.035495651446811
1.035495651446811
1.035495651446811
1.035495651446811
1.035495651446811
1.0365176305343764
1.0365176305343764
1.0365176305343764
1.0365176305343764
1.03472273090372
1.03472273090372
1.03472273090372
1.03472273090372
1.034136062905636
1.0344246416716802
1.0344246416716802
1.0344246416716802
1.0344246416716802
1.0344246416716802
1.0344246416716802
1.0344246416716802
1.0350488918909542
1.0350488918909542
1.0345919840820101
1.0345919840820101
1.0332068159811207
1.0332068159811207
1.0335170940461265
1.0335170940461265
1.0337595900524723
1.033896896282499
1.033896896282499
1.028898186087436
1.0302144707900063
1.0323781637828342
1.0323781637828342
1.0323781637828342
1.0323781637828342
1.0323781637828342
1.032426568864469
1.0312742532864323
1.0312742532864323
1.0303935250095686
1.0303935250095686
1.0316312334090867
1.0316312334090867
1.0316312334090867
1.0316312334090867
1.0316312334090867
1.0304265930464365
1.0284622847598914
1.0284622847598914
1.0284622847598914
1.0284622847598914
1.0284622847598914
1.0284622847598914
1.0305760051559159
1.0278582485512475
1.0278582485512475
1.0270419851740746
1.0270419851740746
1.0287339617808495
1.028641128589646
1.028641128589646
1.028641128589646
1.0301199033584663
1.0315370842937346
1.0315370842937346
1.0329858643548802
1.032219744555493
1.032219744555493
1.0312841514936373
1.0312841514936373
1.0312841514936373
1.0312841514936373
1.0312841514936373
1.0312841514936373
1.0300901523004449
1.0300901523004449
1.0315358578637925
1.029847390153838
1.0292293795661767
1.0292293795661767
1.030023496325985
1.030023496325985
1.030023496325985
1.0318327042702817
1.0346598253887183
1.0346598253887183
1.0346598253887183
1.0353248580799423
1.0353248580799423
1.0353248580799423
1.0353248580799423
1.0353248580799423
1.0353248580799423
1.0344746063669603
1.0344746063669603
1.0346407354686766
1.0334595571264007
1.030509803428178
1.0304250785301456
1.0304250785301456
1.0328903687473117
1.0341428132494355
1.0341428132494355
1.0326521793917633
1.033042661522776
1.0351548444162375
1.036930792941844
1.0349068157301669
1.0349068157301669
1.0336327386793493
1.036769260267231
1.036769260267231
1.036769260267231
1.0377674968416897
1.0377674968416897
1.0377674968416897
1.0377674968416897
1.0377674968416897
1.0377674968416897
1.0377674968416897
1.0377674968416897
1.0392582914547392
1.0392346873985798
1.0368682392435105
1.0368682392435105
1.0368682392435105
1.0385207559505858
1.0385207559505858
1.0361518112280097
1.035066293748647
1.035066293748647
1.035066293748647
1.0342229902842837
1.0342229902842837
1.0342229902842837
1.0342229902842837
1.0341743575083155
1.0348567469906844
1.0334464453430046
1.0347974651363845
1.0347974651363845
1.0347974651363845
1.0347831921586406
1.0347831921586406
1.0347831921586406
1.0347831921586406
1.0347634564706454
1.0360960733307918
1.0362808897122955
1.0362808897122955
1.0348542997877468
1.0370595608802269
1.0370595608802269
1.0365477446645326
1.036365902908204
1.036365902908204
1.03600329897671
1.0372970069929783
1.0372970069929783
1.0396557779607987
1.0366871466205663
1.0366871466205663
1.0344072745338508
1.0334323544549846
1.0334323544549846
1.0334323544549846
1.0340765757007122
1.033260737435018
1.033260737435018
1.033260737435018
1.033260737435018
1.033260737435018
1.033260737435018
1.033260737435018
1.033260737435018
1.0329886214174764
1.0329886214174764
1.0329886214174764
1.0329886214174764
1.0331950357414958
1.0331950357414958
1.0331950357414958
1.0331950357414958
1.0331950357414958
1.0339518481987358
1.033597155360459
1.0326787371715231
1.0326787371715231
1.032920771503718
1.032920771503718
1.032920771503718
1.032920771503718
1.0351956437297238
1.0351956437297238
1.0351956437297238
1.0351956437297238
1.033873049023165
1.0331010909680216
1.0331010909680216
1.0349618319414708
1.0349618319414708
1.0349618319414708
1.0349618319414708
1.0359845742356584
1.0338435104964925
1.035227878213245
1.035227878213245
1.035227878213245
1.035227878213245
1.035227878213245
1.035227878213245
1.0336937565425206
1.0302815655600215
1.0302815655600215
1.0302815655600215
1.030330463510626
1.0303477670440433
1.0303477670440433
1.0322827343225085
1.0322827343225085
1.0322827343225085
1.0322827343225085
1.0322827343225085
1.0337238659704326
1.0336022040173776
1.0336022040173776
1.0336022040173776
1.0336022040173776
1.0360303780030864
1.0337886423756866
1.0337886423756866
1.0337886423756866
1.0337886423756866
1.0337886423756866
1.0337886423756866
1.0337886423756866
1.0337886423756866
1.0337886423756866
1.0337886423756866
1.0346722748756918
1.0340127524696359
1.0340127524696359
1.0340127524696359
1.0333724589111133
1.0333724589111133
1.0310895681587615
1.03110171547309
1.03110171547309
1.03110171547309
1.03110171547309
1.03110171547309
1.03110171547309
1.0310799325554745
1.0302824339658383
1.0302824339658383
1.0320370541337343
1.0320370541337343
1.03211557899243
1.0309747813403187
1.0309747813403187
1.0309747813403187
1.0309747813403187
1.0309747813403187
1.0309747813403187
1.0309747813403187
1.0286474099267409
1.0289449619791007
1.0266196348053207
1.0266196348053207
1.0267488799613111
1.0267488799613111
1.0282986205094802
1.0285552339571808
1.0287304830221309
1.0287304830221309
1.0287304830221309
1.029277087716154
1.0300541359306814
1.0300541359306814
1.0300541359306814
1.0326184484878942
1.0307871179672685
1.0307871179672685
1.0306714865850588
1.0306714865850588
1.0306714865850588
1.0269896986185445
1.0295016937455201
1.0315393467597318
1.0315393467597318
1.0312449570866686
1.0310107565646187
1.0317819764055902
1.0317819764055902
1.0325045445753676
1.032899464687874
1.032899464687874
1.0334182855031435
1.0334182855031435
1.0334182855031435
1.0330271333486163
1.0324597323774258
1.0322734587811955
1.0322734587811955
1.0299679181637897
1.0299679181637897
1.0295883043425471
1.0295883043425471
1.0295883043425471
1.0277279740132539
1.0266458177977538
1.029929344641492
1.029929344641492
1.029929344641492
1.029929344641492
1.029929344641492
1.029929344641492
1.029929344641492
1.029929344641492
1.029929344641492
1.0297734848407254
1.0297734848407254
1.029129212812835
1.029129212812835
1.0284236109768474
1.0284236109768474
1.0284236109768474
1.027220020720399
1.0298686468077023
1.0298686468077023
1.0298686468077023
1.0298686468077023
1.0298686468077023
1.0298686468077023
1.0298686468077023
1.0298686468077023
1.0313413336235557
1.0286085828416718
1.0286085828416718
1.0291849436182783
1.0291849436182783
1.0291849436182783
1.0291849436182783
1.0291849436182783
1.0291849436182783
1.0291849436182783
1.02882082540622
1.02882082540622
1.02882082540622
1.0307426244948203
1.0335505957001414
1.031662104775608
1.031662104775608
1.031662104775608
1.031662104775608
1.032091487151758
1.03348879550902
1.0368275950799921
1.0368275950799921
1.0368275950799921
1.0368275950799921
1.0368275950799921
1.0359682295951083
1.0359682295951083
1.0359682295951083
1.0359682295951083
1.0359642031266028
1.0359642031266028
1.0350940415608896
1.0342991455591994
1.0331089670871554
1.0342964719130188
1.0342964719130188
1.0342964719130188
1.0344419747263738
1.0353961428592198
1.0353961428592198
1.0353961428592198
1.0351235110565216
1.0357604667009312
1.0357604667009312
1.0357604667009312
1.0357604667009312
1.0357604667009312
1.0320561939931057
1.0320561939931057
1.0320561939931057
1.0320561939931057
1.0334242955859372
1.0334242955859372
1.0334242955859372
1.0334119847385423
1.0343072873159176
1.0343072873159176
1.0332011743512535
1.0335378152515384
1.0335378152515384
1.0355804164372397
1.0355804164372397
1.0355804164372397
1.0355804164372397
1.0355804164372397
1.0355804164372397
1.0357380577029833
1.0357380577029833
1.0357380577029833
1.0365241823802882
1.0366515316364195
1.0366515316364195
1.0356819759122737
1.0352247720643006
1.0352247720643006
1.0352247720643006
1.034503668405962
1.033959402211637
1.033959402211637
1.033959402211637
1.0354745438078738
1.035136586820387
1.0350792785465373
1.0350792785465373
1.0350792785465373
1.0319098925072205
1.0319098925072205
1.0319098925072205
1.0319098925072205
1.0319098925072205
1.0312585201770792
1.0312585201770792
1.0301396639061882
1.0301396639061882
1.0301396639061882
1.0297543282108308
1.0297543282108308
1.0297543282108308
1.0287042525321937
1.0287270959033885
1.0287270959033885
1.0294714194694734
1.0294714194694734
1.0294714194694734
1.0294714194694734
1.0294714194694734
1.0294714194694734
1.0294714194694734
1.0294714194694734
1.0294714194694734
1.030649410259377
1.030649410259377
1.030649410259377
1.030649410259377
1.030649410259377
1.030649410259377
1.0341691947241878
1.035418357885542
1.035418357885542
1.035418357885542
1.035418357885542
1.0353424286674433
1.0350666933738522
1.0356372586488245
1.0356372586488245
1.0382522953364042
1.0348485701910042
1.0330474789729664
1.0330474789729664
1.0330474789729664
1.0309232906185808
1.0290494459738628
1.0290494459738628
1.0290494459738628
1.0289323759542346
1.0289323759542346
1.0285719607772026
1.0294509958760931
1.0288044543979589
1.0288044543979589
1.0288044543979589
1.0288044543979589
1.0287634754671608
1.0287634754671608
1.0287634754671608
1.0281098725520634
1.0281098725520634
1.0281098725520634
1.0281098725520634
1.0313012427588313
1.0313012427588313
1.0321317635929126
1.0321317635929126
1.034360383841407
1.034360383841407
1.034360383841407
1.0350975422705364
1.0350975422705364
1.0350975422705364
1.0361436876587122
1.0381864528656437
1.0381864528656437
1.0340994265764434
1.0355784145205695
1.0355784145205695
1.0355784145205695
1.0355784145205695
1.0355784145205695
1.0319516359371765
1.0334423761128224
1.0368367957660851
1.0368367957660851
1.0368367957660851
1.0368367957660851
1.0368367957660851
1.0368367957660851
1.0363416696437546
1.0363416696437546
1.0363416696437546
1.0363416696437546
1.0363416696437546
1.0363416696437546
1.037538843219115
1.037538843219115
1.035863015003074
1.0360606916503132
1.0360606916503132
1.0360606916503132
1.036228209410829
1.036228209410829
1.034470539607832
1.034470539607832
1.0332411457357271
1.0332411457357271
1.034965115999658
1.034965115999658
1.0347160400620654
1.034061804893916
1.034061804893916
1.034061804893916
1.0333169128507107
1.0347759329583026
1.0362764551808756
1.0362764551808756
1.0333215661280124
1.0333215661280124
1.0336008966433254
1.0371293773340007
1.0371293773340007
1.036185873444784
1.036185873444784
1.036185873444784
1.0336625639452661
1.0342355678730124
1.0342355678730124
1.0342355678730124
1.034942800336209
1.034942800336209
1.034942800336209
1.0382422296387355
1.0360682774884828
1.0360682774884828
1.0360682774884828
1.0360682774884828
1.0364430423580477
1.0364430423580477
1.0381665857772657
1.0381665857772657
1.0381665857772657
1.0381665857772657
1.0381665857772657
1.0381665857772657
1.0377809330355505
1.0371685732648221
1.0371685732648221
1.0371685732648221
1.0371685732648221
1.0371685732648221
1.0371685732648221
1.0371685732648221
1.038081606290055
1.0383644745955791
1.0383644745955791
1.0383644745955791
1.0384164268838851
1.0368826910670064
1.0368826910670064
1.0373619021457654
1.0412777594840055
1.040363404998937
1.040363404998937
1.040363404998937
1.041708380580357
1.0402368769975834
1.0401982072415648
1.0389523456277026
1.039255265882876
1.039255265882876
1.039255265882876
1.039255265882876
1.0378114521241202
1.0378114521241202
1.0376176020093273
1.0376176020093273
1.0373412083934535
1.0373412083934535
1.0373412083934535
1.0373412083934535
1.0358849110041422
1.034136852609056
1.034136852609056
1.0350208336804314
1.0350208336804314
1.0366615822752625
1.0366615822752625
1.0361579907395004
1.0361579907395004
1.0361579907395004
1.0361579907395004
1.0368330237980876
1.0364091694279156
1.0364091694279156
1.0375090215438432
1.0375877236778306
1.0351659005164755
1.0351659005164755
1.0351659005164755
1.0351659005164755
1.036378580516355
1.036378580516355
1.036378580516355
1.0366107274520255
1.0366107274520255
1.0366107274520255
1.0339402160377227
1.0339402160377227
1.0334890931339449
1.0334890931339449
1.0340664393574743
1.0340664393574743
1.0340664393574743
1.0340664393574743
1.0333182264745926
1.0351304547764342
1.0351304547764342
1.0351304547764342
1.0352786721707434
1.0352786721707434
1.0340306010263811
1.0340306010263811
1.0340306010263811
1.0354693384438154
1.034433078887739
1.034433078887739
1.034433078887739
1.034433078887739
1.034433078887739
1.034433078887739
1.034433078887739
1.034433078887739
1.034433078887739
1.034433078887739
1.034433078887739
1.0387352725810493
1.0387352725810493
1.039237830613498
1.039237830613498
1.039237830613498
1.03936698243682
1.03936698243682
1.03936698243682
1.03936698243682
1.0389444523395837
1.0389444523395837
1.0394746460696431
1.0383660750333097
1.0383660750333097
1.0383660750333097
1.0383660750333097
1.0383660750333097
1.0383660750333097
1.0353073239187562
1.0356135232638972
1.0363129608594643
1.0363129608594643
1.0351933701580043
1.0370042984435042
1.0370042984435042
1.0370042984435042
1.0370042984435042
1.0370042984435042
1.0366439471216569
1.0359933775591657
1.0359933775591657
1.0359933775591657
1.0359933775591657
1.0339362132747623
1.0339362132747623
1.0351153504702217
1.0351153504702217
1.0312973746531042
1.0315505098565667
1.0319352499657224
1.0326615972041624
1.0326615972041624
1.031164751573789
1.0335964566034164
1.0350634033375883
1.0350634033375883
1.0350634033375883
1.0350634033375883
1.0350634033375883
1.0331565600518617
1.0301956330948938
1.0301956330948938
1.0301956330948938
1.0301956330948938
1.0301956330948938
1.0301956330948938
1.0301956330948938
1.0313587078266309
1.0332859864514825
1.031272703205599
1.031272703205599
1.031272703205599
1.031272703205599
1.031272703205599
1.031272703205599
1.0312797224883363
1.0336207928137446
1.0336207928137446
1.0330037626063768
1.031295018544997
1.031295018544997
1.031295018544997
1.0327518104668372
1.0327518104668372
1.0327518104668372
1.0350245919155943
1.0350245919155943
1.0350245919155943
1.0350797766907347
1.0343468226477197
1.0313092504891723
1.0336806347852339
1.034539690113715
1.034539690113715
1.035255200387379
1.033861974384004
1.033861974384004
1.0322092733092376
1.0338013638566168
1.0328958540580253
1.0328958540580253
1.0328958540580253
1.0328958540580253
1.0328958540580253
1.0328958540580253
1.032890829926939
1.032890829926939
1.032890829926939
1.0342444506385888
1.033419267096304
1.033419267096304
1.033419267096304
1.0338368415990749
1.0338368415990749
1.0352287629788341
1.0352287629788341
1.0352287629788341
1.0348341071710698
1.035432453447494
1.0360254395067274
1.0350529627974132
1.0350529627974132
1.0350529627974132
1.0350529627974132
1.0350529627974132
1.0350270061627802
1.0350270061627802
1.029848515947117
1.029848515947117
1.030716998451928
1.0292309406436573
1.0299022286935817
1.0299022286935817
1.0309660071799402
1.0309660071799402
1.0309660071799402
1.0309660071799402
1.0336645707497538
1.0326580202763016
1.0326580202763016
1.0326580202763016
1.0326580202763016
1.0334101318025146
1.0334101318025146
1.0334101318025146
1.0307600265864298
1.0307600265864298
1.0307600265864298
1.032424377434676
1.032424377434676
1.032424377434676
1.032424377434676
1.032455175610936
1.032455175610936
1.0332372680706443
1.0332372680706443
1.0332372680706443
1.0332372680706443
1.0338676313128743
1.0347042888860665
1.0333058632431735
1.0335314184194127
1.0344775616150417
1.034712495860072
1.034712495860072
1.034712495860072
1.034712495860072
1.0380445378889722
1.0372942858769347
1.0372942858769347
1.035046720477163
1.035046720477163
1.035046720477163
1.035046720477163
1.035046720477163
1.035046720477163
1.0337177221531366
1.0348638801179766
1.0348638801179766
1.0348638801179766
1.0348638801179766
1.0348638801179766
1.0334754030004414
1.0342952130448968
1.0349535669953231
1.0349535669953231
1.0349535669953231
1.0349535669953231
1.0345846918897628
1.0343304009348335
1.0336689014331741
1.0336689014331741
1.0336689014331741
1.0346675193145412
1.0346675193145412
1.0346675193145412
1.0346675193145412
1.0335402447250126
1.0335402447250126
1.0335402447250126
1.0335402447250126
1.0335402447250126
1.0335402447250126
1.0327509900580978
1.0338434916791461
1.0325740030905544
1.0316858827100186
1.0302620405189598
1.030039963891839
1.0309461044452637
1.0309461044452637
1.0323478832023183
1.0323478832023183
1.0303907205269982
1.0303907205269982
1.027052086481453
1.027052086481453
1.027052086481453
1.029366740603569
1.030410705342053
1.030410705342053
1.0286179638732171
1.0295492938085755
1.035111942130674
1.035111942130674
1.0347260975303147
1.0347260975303147
1.0347260975303147
1.0347260975303147
1.0347260975303147
1.0347260975303147
1.0347260975303147
1.0362658645413687
1.0339873829282282
1.0339555561508817
1.0339555561508817
1.034904756835882
1.0360788040877298
1.0359370281995284
1.0359370281995284
1.0359370281995284
1.0359370281995284
1.0387437068346081
1.0387437068346081
1.036219627475468
1.0358777558636938
1.0376135179108
1.0376135179108
1.0376135179108
1.0376135179108
1.0376135179108
1.0376135179108
1.0376135179108
1.0376135179108
1.0376135179108
1.0368808862335872
1.0368808862335872
1.0368808862335872
1.03720119920312
1.03720119920312
1.03720119920312
1.03720119920312
1.03720119920312
1.0376606948101352
1.0376606948101352
1.0376606948101352
1.0376606948101352
1.0376606948101352
1.0367153191207459
1.0366451496010969
1.0404203012826105
1.0405043071346132
1.0401164056189163
1.0385534698958343
1.0374988543221657
1.0371928583943875
1.036890584797821
1.036890584797821
1.0367833991959579
1.0367833991959579
1.0387468003537486
1.0384439640658303
1.0384439640658303
1.0384439640658303
1.0388192125359335
1.0389342712499323
1.0396383377561202
1.0370916831395978
1.0358541103966874
1.0385538006416226
1.0384389451998142
1.0384389451998142
1.0362290173719815
1.0362290173719815
1.0362577402180404
1.033547110584189
1.0334244533528665
1.0334244533528665
1.0334244533528665
1.0334244533528665
1.0330576002632352
1.0330576002632352
1.0330576002632352
1.036458044364187
1.036458044364187
1.036458044364187
1.0354134969890236
1.0354281233806761
1.0358346713607332
1.0358346713607332
1.0382262948413679
1.0382262948413679
1.0392003925098732
1.0385151558767765
1.0385151558767765
1.0362667819486953
1.0360983304687847
1.0342412022239627
1.0342412022239627
1.0328114417981102
1.0346214866927472
1.0346214866927472
1.03433142930051
1.037594324646333
1.037594324646333
1.034197859450395
1.034197859450395
1.0295859051744811
1.0295859051744811
1.0322332536890668
1.0323652087043977
1.0323652087043977
1.0323652087043977
1.0325091634548125
1.0308347307630454
1.0315671692834616
1.0315671692834616
1.0315671692834616
1.0344713045378269
1.0344713045378269
1.0344713045378269
1.0346586660724728
1.0356011161526235
1.0346161603416746
1.0348985800283645
1.0352963522276315
1.035818377013866
1.035818377013866
1.035818377013866
1.035818377013866
1.0332937880415354
1.0332937880415354
1.0332937880415354
1.0332937880415354
1.035759342473049
1.0362109311741226
1.0362109311741226
1.0362109311741226
1.0349936255908194
1.0344516927653216
1.0352268247038687
1.0343829331247512
1.0343829331247512
1.0337537658543436
1.0337537658543436
1.0337537658543436
1.0337537658543436
1.0336449760496593
1.0336449760496593
1.0336449760496593
1.0336449760496593
1.0336449760496593
1.0336449760496593
1.0336449760496593
1.0336449760496593
1.0336449760496593
1.0336449760496593
1.0329874527214864
1.031939848090416
1.0324511071990399
1.0324511071990399
1.0324511071990399
1.0318719457570977
1.0318719457570977
1.0309315713654557
1.0309315713654557
1.0327272792006612
1.0333904901782875
1.0315897495136812
1.0315897495136812
1.0315897495136812
1.0305875501615451
1.0316092225023783
1.03192972369369
1.03192972369369
1.0291267300969678
1.0291267300969678
1.0329375223550321
1.0337558794700055
1.0337558794700055
1.0337558794700055
1.0337558794700055
1.0368530778707508
1.0368530778707508
1.0368530778707508
1.0368530778707508
1.0362923178309407
1.0362923178309407
1.0391414361781521
1.0391414361781521
1.0342947168418464
1.0364149183956748
1.0364149183956748
1.035527160857373
1.0358909012657338
1.0317704042452502
1.0311582173173741
1.0311582173173741
1.0357293953426618
1.0357293953426618
1.0357293953426618
1.0357293953426618
1.0357293953426618
1.0353053630113556
1.0372731226183751
1.0372731226183751
1.0372731226183751
1.0373286520705765
1.036026904708829
1.036026904708829
1.036026904708829
1.036026904708829
1.0338711019960733
1.0338711019960733
1.0338711019960733
1.0338711019960733
1.033493359084851
1.033493359084851
1.033493359084851
1.033493359084851
1.033493359084851
1.033493359084851
1.033493359084851
1.033493359084851
1.0329107734222573
1.0338186599484511
1.0338186599484511
1.0338186599484511
1.0338186599484511
1.0338186599484511
1.0338186599484511
1.0336522375267758
1.0336522375267758
1.0336522375267758
1.0312332285342496
1.0306487283099506
1.0304690203689932
1.0307676807124215
1.0307676807124215
1.0300077837878754
1.0324941065387063
1.0326252366175939
1.0357030857698655
1.0357030857698655
1.0382254057171825
1.0382254057171825
1.0351384775366108
1.0351384775366108
1.0351384775366108
1.0359720190443287
1.0353783908221652
1.0353783908221652
1.0353783908221652
1.0353783908221652
1.034804308090269
1.034804308090269
1.0360468546560917
1.0362658310107382
1.036559055474151
1.036559055474151
1.036559055474151
1.037185453132736
1.0384254118430813
1.0390426275134004
1.0390426275134004
1.0390426275134004
1.0390426275134004
1.0413534554531296
1.0413534554531296
1.040149586375279
1.0396176347217412
1.0378556114156356
1.0376613466054159
1.0394063985974917
1.0394063985974917
1.0394063985974917
1.0392704791947316
1.0375339798544574
1.0344096041975153
1.0373154681787242
1.0373154681787242
1.0367690562846819
1.0367690562846819
1.0367690562846819
1.0367690562846819
1.034827288110794
1.034827288110794
1.03496218002915
1.03496218002915
1.03496218002915
1.0361304780189338
1.0367446325843956
1.0367446325843956
1.0367446325843956
1.0367446325843956
1.0377434916184254
1.0377434916184254
1.0377434916184254
1.0377434916184254
1.0377434916184254
1.0377434916184254
1.0377434916184254
1.0377434916184254
1.0377434916184254
1.0380325495294014
1.0380325495294014
1.0380325495294014
1.0375034390908457
1.0375034390908457
1.03657147006473
1.033346525326206
1.033346525326206
1.0328373292459458
1.0328373292459458
1.0344490320282917
1.0344490320282917
1.0344490320282917
1.0363495383622854
1.0356612413142057
1.0356612413142057
1.0340763309653258
1.0340763309653258
1.036012714103845
1.036012714103845
1.038905489113403
1.0389822547677865
1.0389822547677865
1.0380457714977824
1.0380457714977824
1.036471540690255
1.036471540690255
1.036471540690255
1.0347982901683104
1.0347982901683104
1.0347982901683104
1.038693928133472
1.0360864456756687
1.036308935149149
1.036308935149149
1.0359826004127868
1.0366519403712302
1.0371843766926685
1.0364429301642206
1.0373354745006194
1.0373354745006194
1.0373354745006194
1.0351796644052105
1.0351796644052105
1.0351796644052105
1.0373704467668197
1.0373704467668197
1.0368244197322911
1.034649357442784
1.034649357442784
1.0364582408138223
1.0341021022414254
1.0373590254497653
1.0373590254497653
1.035357189582626
1.035357189582626
1.0337265092796875
1.0337265092796875
1.0337265092796875
1.0337265092796875
1.0326997273633292
1.0326997273633292
1.0326997273633292
1.0326997273633292
1.0318327578467652
1.031583021024703
1.031583021024703
1.031583021024703
1.032148663069599
1.032148663069599
1.030938762897383
1.030938762897383
1.030938762897383
1.0304695984101997
1.0304695984101997
1.0281733515659723
1.0268076390008594
1.028304441293806
1.028304441293806
1.0330888647900194
1.0353707380730803
1.0354702690648472
1.0354702690648472
1.0354702690648472
1.0330432506014353
1.0328404758106438
1.0328404758106438
1.0312947342063736
1.0312947342063736
1.0309848257508667
1.0309848257508667
1.0332778531132134
1.033019192016976
1.033019192016976
1.0328306293919174
1.0328306293919174
1.0328306293919174
1.0328306293919174
1.0346287287835607
1.0360084399353684
1.0360084399353684
1.0338464316788318
1.035705044787459
1.0375062194506992
1.0375062194506992
1.0364482140267
1.0351752738599371
1.0351752738599371
1.029843208043381
1.0313759614315512
1.031350533896041
1.0307796086368899
1.0324565904396898
1.033910210708568
1.033910210708568
1.0318978223255466
1.0318978223255466
1.0318978223255466
1.0355963560756767
1.034984151526362
1.0359910056523725
1.0359910056523725
1.0362284945004339
1.0362284945004339
1.0362284945004339
1.0362284945004339
1.0362284945004339
1.035969804964002
1.0345396139870908
1.0345396139870908
1.035447817577946
1.035447817577946
1.0359304084913796
1.0359304084913796
1.0359304084913796
1.0359304084913796
1.0359304084913796
1.0359304084913796
1.0359306016967342
1.0350530593371317
1.0350530593371317
1.036447880520407
1.036447880520407
1.0375085492528215
1.0375085492528215
1.0375085492528215
1.0375085492528215
1.0375085492528215
1.0391843902279718
1.0390945352191479
1.03732448269018
1.0378819269173418
1.0378819269173418
1.0378819269173418
1.0378819269173418
1.0378819269173418
1.0382312299567928
1.036890632920447
1.0381682286145002
1.0356958664901195
1.0356958664901195
1.0356958664901195
1.0356958664901195
1.0359777695673638
1.0359777695673638
1.0359777695673638
1.0359777695673638
1.0359777695673638
1.0359777695673638
1.0359777695673638
1.0359777695673638
1.0359777695673638
1.0348558860366321
1.0348558860366321
1.0359347238209613
1.0359347238209613
1.0359347238209613
1.034081526437182
1.034081526437182
1.034081526437182
1.034081526437182
1.032641410222653
1.034087881283855
1.034087881283855
1.034087881283855
1.034087881283855
1.034087881283855
1.034087881283855
1.034087881283855
1.034087881283855
1.034087881283855
1.034087881283855
1.034087881283855
1.0345946580145613
1.0345946580145613
1.0345946580145613
1.0345946580145613
1.0345946580145613
1.033535281359274
1.0318318696722386
1.0345913314600221
1.0345913314600221
1.0345913314600221
1.0362221141440762
1.0362221141440762
1.036143271570134
1.0337231357463261
1.0356985760669108
1.0356985760669108
1.035282707259552
1.0357751295473643
1.0357751295473643
1.0369397873283293
1.0369397873283293
1.0356553513486215
1.0356553513486215
1.0356553513486215
1.0343578084634766
1.0343578084634766
1.034494909381924
1.0329223055365533
1.0323152918037706
1.0323152918037706
1.0323152918037706
1.0323152918037706
1.033115408277241
1.033115408277241
1.03330358124563
1.03330358124563
1.034516527704952
1.034516527704952
1.034516527704952
1.034516527704952
1.034516527704952
1.034516527704952
1.034516527704952
1.034516527704952
1.0343857855233338
1.0341835057491724
1.032304181607969
1.032304181607969
1.032304181607969
1.032304181607969
1.0307917623956546
1.0308375754789798
1.0308375754789798
1.0308375754789798
1.0308375754789798
1.0308375754789798
1.0336487018017297
1.036899864136027
1.036899864136027
1.036899864136027
1.0340984586642932
1.0340984586642932
1.0340984586642932
1.0347448437092466
1.0347448437092466
1.0366727664004798
1.0366727664004798
1.0366727664004798
1.0366727664004798
1.0370219829869454
1.0351390229762663
1.0351390229762663
1.0351390229762663
1.0351390229762663
1.0349801678083492
1.0341550117032159
1.034838080954969
1.034838080954969
1.034838080954969
1.034838080954969
1.0345739853487559
1.0345739853487559
1.0345739853487559
1.036910862293454
1.036910862293454
1.038583481385219
1.038583481385219
1.0363678897119608
1.0376853314124828
1.0376853314124828
1.0376853314124828
1.0376853314124828
1.0376853314124828
1.0376853314124828
1.0376853314124828
1.0376853314124828
1.0376402322318075
1.0376402322318075
1.0376402322318075
1.0376402322318075
1.0376402322318075
1.0367830526157755
1.0367830526157755
1.0367830526157755
1.0365999767687355
1.0376587755980429
1.0369460925182235
1.0369460925182235
1.036718946502179
1.040824049479432
1.040824049479432
1.0382543451396462
1.0376187915838642
1.038160874583062
1.038160874583062
1.038160874583062
1.038160874583062
1.038160874583062
1.038160874583062
1.0388277837698696
1.0388277837698696
1.0388277837698696
1.0410585118143607
1.0362668262491108
1.0350333328558434
1.037257485705726
1.037257485705726
1.037257485705726
1.037257485705726
1.037257485705726
1.037257485705726
1.037257485705726
1.0360482218265357
1.0371542059276906
1.0371542059276906
1.0371542059276906
1.0371542059276906
1.0382401445303202
1.0382401445303202
1.0374617751206636
1.0374617751206636
1.033832221157314
1.0305179122555859
1.0318423815558972
1.0336661168817602
1.0371898706147367
1.0371898706147367
1.0371898706147367
1.0369327215891846
1.0369327215891846
1.0375979010910297
1.0375979010910297
1.0375979010910297
1.0357883496541753
1.0342397373579981
1.0342397373579981
1.0337433959460502
1.0337433959460502
1.0326277513985402
1.0356888139045783
1.0356888139045783
1.0356888139045783
1.0336486657397579
1.0336486657397579
1.0336486657397579
1.0340372938008022
1.0340372938008022
1.0342559558828168
1.0340268480672854
1.0340268480672854
1.031554430359612
1.0317126415965394
1.0317126415965394
1.0317126415965394
1.0329137829150064
1.0329137829150064
1.0329137829150064
1.0329137829150064
1.0339466990807873
1.0339466990807873
1.0324344214620254
1.0324344214620254
1.0324344214620254
1.0334137472579947
1.0341706143578864
1.0341706143578864
1.0341706143578864
1.0341706143578864
1.0360323803004616
1.0360323803004616
1.0352148816161992
1.0352148816161992
1.0352148816161992
1.034728262972186
1.034728262972186
1.034728262972186
1.0346310530321432
1.0351772676055773
1.0325222949250557
1.0325222949250557
1.0358133689923543
1.0349769386527885
1.0349769386527885
1.034790459748456
1.0339271133167365
1.0349788919804606
1.0349788919804606
1.0349788919804606
1.0349788919804606
1.034344347598553
1.0354872415565042
1.0354872415565042
1.0354872415565042
1.0353461442250413
1.0353461442250413
1.0336459649533796
1.0336459649533796
1.0336459649533796
1.0336459649533796
1.033234189954742
1.0312886118575644
1.0340942879379205
1.0343784179905506
1.0347168247638883
1.0336563463680701
1.0330752375392773
1.0330752375392773
1.0330752375392773
1.034394192668919
1.0307113142077966
1.0307113142077966
1.0313343552040062
1.0313343552040062
1.0340908603866605
1.0340908603866605
1.0340908603866605
1.0340908603866605
1.0340908603866605
1.0340908603866605
1.0364554802878776
1.0364554802878776
1.0375784727637474
1.037171553757421
1.037171553757421
1.0364772270770113
1.0376862914497333
1.0397677189441898
1.0387965883574994
1.037011290768318
1.0372446234383896
1.0398925710149614
1.039174578479859
1.039174578479859
1.039174578479859
1.039174578479859
1.039174578479859
1.037033045680749
1.037033045680749
1.037033045680749
1.037033045680749
1.0381589517520364
1.0381589517520364
1.0381589517520364
1.0381589517520364
1.0381589517520364
1.0355751605044783
1.0355751605044783
1.0355751605044783
1.0383595796380483
1.0383595796380483
1.0383595796380483
1.0383595796380483
1.0410636846916625
1.0410636846916625
1.0410636846916625
1.0410636846916625
1.0416964559231485
1.0416964559231485
1.0421500033596949
1.0421500033596949
1.0424069648768226
1.0441255233069926
1.0422349750720792
1.0422349750720792
1.0422349750720792
1.0422349750720792
1.0422349750720792
1.0419296183075497
1.0422212806094953
1.0402954906862227
1.0402954906862227
1.0402954906862227
1.041068754343009
1.041068754343009
1.0400749735461996
1.037822385198517
1.037822385198517
1.037822385198517
1.037822385198517
1.037309219692222
1.037309219692222
1.037309219692222
1.037309219692222
1.037309219692222
1.037309219692222
1.0388523253533086
1.0388523253533086
1.0388523253533086
1.041059305787758
1.041059305787758
1.0422209869681485
1.0422209869681485
1.043276086190144
1.0426678612957916
1.0426678612957916
1.0426678612957916
1.0426678612957916
1.0410509167134046
1.0410509167134046
1.0420944498483393
1.0420944498483393
1.0396603431979985
1.039284425844865
1.039284425844865
1.0368638471598801
1.0368638471598801
1.0367508160555436
1.0367508160555436
1.035456525291664
1.035456525291664
1.035456525291664
1.035825202925146
1.034682086470067
1.034682086470067
1.034682086470067
1.0351856554648946
1.0352855946079882
1.0352855946079882
1.0356932562595522
1.0356932562595522
1.0356932562595522
1.0356932562595522
1.035530979254263
1.035530979254263
1.035530979254263
1.035530979254263
1.035530979254263
1.035530979254263
1.035530979254263
1.0367134694811966
1.0367134694811966
1.0367134694811966
1.0367134694811966
1.037029402524038
1.0383411198883516
1.0383411198883516
1.0383411198883516
1.0356410168793697
1.0339612041143926
1.0347798230854772
1.0347798230854772
1.0347798230854772
1.0347798230854772
1.0316847722922624
1.0288312072355472
1.0288312072355472
1.0288312072355472
1.0288312072355472
1.0288312072355472
1.0288312072355472
1.0295561818885715
1.0271878023874117
1.02669091202096
1.02669091202096
1.02669091202096
1.0266912234354877
1.0266912234354877
1.0266912234354877
1.0266912234354877
1.0248476886947766
1.0248476886947766
1.0240598882816552
1.0240598882816552
1.0240598882816552
1.024448463256572
1.024448463256572
1.024448463256572
1.0251011101348502
1.0246651540996516
1.0246651540996516
1.0246651540996516
1.0246651540996516
1.0246651540996516
1.0263046084944278
1.0283982875121909
1.0283982875121909
1.0283982875121909
1.0283982875121909
1.0318861574574847
1.0318861574574847
1.0321581806405653
1.034349717218134
1.0346104570130708
1.0333911420036446
1.0339126355398316
1.0341478420357884
1.033110425276462
1.0341220986212214
1.0339623886175207
1.0353286345522896
1.0327735781974032
1.0327735781974032
1.0327735781974032
1.0327735781974032
1.032287043429372
1.032287043429372
1.031737417874275
1.031737417874275
1.031737417874275
1.0318701911497392
1.0318701911497392
1.0318701911497392
1.031496351062155
1.031496351062155
1.0341542953345377
1.0342209944516607
1.0342209944516607
1.0323861134651147
1.0323861134651147
1.031265996912316
1.031290534291006
1.031290534291006
1.031290534291006
1.0313125684652746
1.0336794839716443
1.0338037929694088
1.0338037929694088
1.0338037929694088
1.0338037929694088
1.0330869289640898
1.0330869289640898
1.0324937395484977
1.0322875114848307
1.0322875114848307
1.0322875114848307
1.0322875114848307
1.0322875114848307
1.0322875114848307
1.0319660868504958
1.0319660868504958
1.0319660868504958
1.0319660868504958
1.0319660868504958
1.0319660868504958
1.0327478311211
1.0327478311211
1.031854762885251
1.031854762885251
1.031854762885251
1.031854762885251
1.0304540875888941
1.0296148412148292
1.0296148412148292
1.0296148412148292
1.0296148412148292
1.0296148412148292
1.030839730950986
1.030839730950986
1.030839730950986
1.032079622160842
1.032079622160842
1.033921973405318
1.0366032194768626
1.0330629233901023
1.0330629233901023
1.0330629233901023
1.0330629233901023
1.0330629233901023
1.0330217191749
1.033326574986116
1.033326574986116
1.0303809987042467
1.0303809987042467
1.0298732764801077
1.0282852573319412
1.027916990534646
1.0274226730450384
1.0281424949541207
1.0281424949541207
1.0281424949541207
1.0281424949541207
1.0281424949541207
1.027784367949714
1.0281544893008272
1.0281544893008272
1.0281544893008272
1.0272368076536118
1.0272368076536118
1.0286763959978487
1.0286763959978487
1.0286763959978487
1.0282507682059026
1.0282507682059026
1.0285784239724574
1.029731548743666
1.029731548743666
1.0305477873733602
1.0305477873733602
1.0289153413010699
1.0289153413010699
1.0289153413010699
1.0289153413010699
1.0303935436961917
1.0303935436961917
1.0303935436961917
1.0303935436961917
1.0303935436961917
1.0310192468893395
1.0297591673605284
1.0280997765209954
1.0280997765209954
1.0278093577822458
1.0278093577822458
1.0264268954487699
1.026378462246038
1.026378462246038
1.026378462246038
1.026378462246038
1.0294094036480141
1.0294094036480141
1.0294094036480141
1.0294094036480141
1.0304332248773762
1.0304332248773762
1.0304332248773762
1.0304332248773762
1.02862595835413
1.02862595835413
1.02862595835413
1.02862595835413
1.02862595835413
1.028905090557486
1.028905090557486
1.028905090557486
1.028905090557486
1.0312076436179622
1.0309954044581442
1.0309954044581442
1.0324030945521858
1.0324030945521858
1.0324030945521858
1.0324030945521858
1.0361839017987047
1.0320576658941345
1.0320576658941345
1.0320576658941345
1.0310236343437935
1.0310236343437935
1.0310236343437935
1.0310236343437935
1.0310236343437935
1.0310236343437935
1.0310236343437935
1.0310236343437935
1.030877188820846
1.030877188820846
1.030877188820846
1.0304303056226518
1.0304303056226518
1.0304303056226518
1.0310716809200178
1.0310716809200178
1.0310818351605453
1.0310818351605453
1.0307941545701773
1.031595978545539
1.031595978545539
1.029743275983194
1.029743275983194
1.029743275983194
1.031085869823283
1.031085869823283
1.0290873660785338
1.0283798580406924
1.0283798580406924
1.0283798580406924
1.0283798580406924
1.0297433251478143
1.0271667087933172
1.0271667087933172
1.0271667087933172
1.0271667087933172
1.028913927591783
1.028913927591783
1.028913927591783
1.0288279210207258
1.0288279210207258
1.0294016114841658
1.0280227314275197
1.0281945995640092
1.0311285906153886
1.0307860332375518
1.0285321010361765
1.0285321010361765
1.0285321010361765
1.0285321010361765
1.0269806444765293
1.0269806444765293
1.0269806444765293
1.0269806444765293
1.0269806444765293
1.0270489382831829
1.0270489382831829
1.0270489382831829
1.0270489382831829
1.0270489382831829
1.0270489382831829
1.0267715617167117
1.0267715617167117
1.0267715617167117
1.0267715617167117
1.0267715617167117
1.0267034046021934
1.0267034046021934
1.0282113969800806
1.0296158114069416
1.026613363363257
1.030117741195417
1.030117741195417
1.030117741195417
1.028411808484927
1.028411808484927
1.028411808484927
1.0280094603188137
1.0280094603188137
1.0280094603188137
1.0280094603188137
1.0280094603188137
1.0287074595238046
1.0291019201410259
1.0292041424732727
1.0292041424732727
1.0292041424732727
1.0292041424732727
1.027877086462174
1.0297378373770454
1.0301832933511537
1.0297685755300694
1.0296083832750809
1.0296083832750809
1.029764921290212
1.029764921290212
1.029764921290212
1.029764921290212
1.0330390700380738
1.0335265196841923
1.0335265196841923
1.0335929425914092
1.0325895808590302
1.0325895808590302
1.0325895808590302
1.0325895808590302
1.0325895808590302
1.0325895808590302
1.0325895808590302
1.03334527452353
1.03334527452353
1.03334527452353
1.03334527452353
1.03334527452353
1.03334527452353
1.0337877423414294
1.034319596892167
1.034319596892167
1.0342884769720888
1.0342884769720888
1.0342884769720888
1.034418137851181
1.034418137851181
1.034418137851181
1.034418137851181
1.0354871030277346
1.0350364743082727
1.0350364743082727
1.0350364743082727
1.0350364743082727
1.0366340427180454
1.036916643204888
1.036916643204888
1.0374090226999522
1.0378845984378045
1.0378845984378045
1.0378845984378045
1.0378845984378045
1.0378845984378045
1.0385554729240358
1.0385554729240358
1.0385554729240358
1.0386879080285512
1.0386879080285512
1.0367822233638275
1.039723454115603
1.039723454115603
1.0386346628220604
1.0386346628220604
1.0386346628220604
1.0386346628220604
1.0409136169091806
1.0400826893476025
1.0400826893476025
1.0400826893476025
1.0406106553003893
1.0406106553003893
1.0406106553003893
1.0406106553003893
1.040713075698614
1.040713075698614
1.040713075698614
1.040713075698614
1.0406324234894577
1.0394398055305807
1.0365141762082326
1.0371459735437771
1.0371459735437771
1.0371459735437771
1.0371459735437771
1.0371459735437771
1.0371459735437771
1.0396121694272957
1.0394115787988956
1.0382632562416485
1.0382632562416485
1.0382632562416485
1.0382332660432199
1.0382332660432199
1.0382332660432199
1.038995319203258
1.0402206358925608
1.0402206358925608
1.0402206358925608
1.0402206358925608
1.038036890258765
1.0389313709888501
1.0369318319490948
1.0369318319490948
1.0369318319490948
1.0369318319490948
1.0369318319490948
1.0378575185600978
1.0372732408847527
1.0372732408847527
1.0359808822879206
1.0366192225295683
1.0359645802355393
1.0367203556879883
1.0367203556879883
1.036295813653463
1.036295813653463
1.0336031243364159
1.0336031243364159
1.0336031243364159
1.0336031243364159
1.0336031243364159
1.0336031243364159
1.0338413085342786
1.0338413085342786
1.0338413085342786
1.0338413085342786
1.0340131611922243
1.0368100852473856
1.0363244545135986
1.0363244545135986
1.0363244545135986
1.0340921507882295
1.0352933569734435
1.0352933569734435
1.0316676249106573
1.0342345381095932
1.0342345381095932
1.0342345381095932
1.0333390500634574
1.032080691641068
1.032080691641068
1.032080691641068
1.032080691641068
1.0321502459923255
1.0317843523653845
1.0317843523653845
1.0317843523653845
1.0340218622033677
1.03697174740518
1.03697174740518
1.03697174740518
1.0331617158423883
1.0331617158423883
1.0336508048345658
1.0336508048345658
1.0350161663838708
1.0350161663838708
1.0313036148924553
1.0301068600181924
1.0308560528384638
1.0308560528384638
1.0308560528384638
1.0308560528384638
1.0308560528384638
1.0308560528384638
1.0308560528384638
1.029650809670628
1.0321346188194755
1.0317573445030126
1.0328057207921404
1.0328057207921404
1.0328057207921404
1.0328057207921404
1.0357824021167246
1.0357824021167246
1.0357824021167246
1.0357824021167246
1.0357824021167246
1.0357824021167246
1.0357824021167246
1.035480836384334
1.0359449711490605
1.037061543655661
1.0363055650791129
1.0358516967079199
1.0358516967079199
1.0358516967079199
1.0358516967079199
1.0355180701935411
1.0361113239177706
1.0361113239177706
1.0361113239177706
1.0361113239177706
1.0361333599089833
1.0367421190846535
1.0348278020164792
1.0343805154998016
1.0343805154998016
1.034440557787722
1.034440557787722
1.034440557787722
1.034440557787722
1.034440557787722
1.0324221561272484
1.0324221561272484
1.0324221561272484
1.033907073140963
1.0315136771128615
1.0342700749105678
1.0348504366808484
1.0348504366808484
1.030396333835107
1.0330437299702349
1.0330437299702349
1.0332877557947002
1.0332877557947002
1.0329208901527545
1.033595097824817
1.033595097824817
1.0350270091312186
1.0323145346332376
1.0336015383107864
1.0336015383107864
1.0319251756506376
1.0319251756506376
1.0319251756506376
1.0319251756506376
1.0333129624035433
1.032885899177562
1.033749847532531
1.0324903246134105
1.0324903246134105
1.0324903246134105
1.0324903246134105
1.0324903246134105
1.0324903246134105
1.0324903246134105
1.032078674289861
1.032078674289861
1.032078674289861
1.032078674289861
1.0316527030121798
1.0330083394708283
1.0314580547024588
1.0314580547024588
1.0314580547024588
1.034623219365766
1.034371708067176
1.0339226491277314
1.0339226491277314
1.0328959225255463
1.0328959225255463
1.0328959225255463
1.0304258953939394
1.0320727736662039
1.0333447096276358
1.0312553388080798
1.0312553388080798
1.0312553388080798
1.0312553388080798
1.0319550914067526
1.0319550914067526
1.0349351505846243
1.032416611264716
1.0296754197192777
1.0296754197192777
1.0323366965264005
1.0323366965264005
1.0330433312395688
1.0330433312395688
1.0330433312395688
1.0332796362760368
1.0332796362760368
1.0337849915748232
1.033385513319345
1.033385513319345
1.033385513319345
1.033385513319345
1.033385513319345
1.0316318043689137
1.0316318043689137
1.031394103630773
1.0343805704810412
1.033129642615292
1.033129642615292
1.033129642615292
1.032725649515717
1.0325103041932495
1.0325103041932495
1.0325103041932495
1.0325103041932495
1.0325103041932495
1.0342553714598801
1.034014148314593
1.034014148314593
1.0354067405300074
1.0347678083998857
1.0347678083998857
1.0347678083998857
1.0347678083998857
1.034300471245653
1.034300471245653
1.0345911892643533
1.0337559344559484
1.0337559344559484
1.0329995464806385
1.0329995464806385
1.0329995464806385
1.0317510816421183
1.0332294628172927
1.0332294628172927
1.0332294628172927
1.0333133244742425
1.0321528252820824
1.0321528252820824
1.0323677928414798
1.0323677928414798
1.0323677928414798
1.0323677928414798
1.0323677928414798
1.0327928569556601
1.0319163374170481
1.0307459210559988
1.0297291794471146
1.0297291794471146
1.0297291794471146
1.0297291794471146
1.0297291794471146
1.0297291794471146
1.0319482023972923
1.0319482023972923
1.0319482023972923
1.0319482023972923
1.0319482023972923
1.0319482023972923
1.0305665900054268
1.0305665900054268
1.0305665900054268
1.0305665900054268
1.0320925037117479
1.0320925037117479
1.03477314097438
1.03477314097438
1.03477314097438
1.03477314097438
1.03477314097438
1.0339567019484175
1.0339567019484175
1.035541535920538
1.035749050691137
1.03480414231876
1.03480414231876
1.0339914008793631
1.0339914008793631
1.0339884219378206
1.0339884219378206
1.0335208156746012
1.0335208156746012
1.0345934725938817
1.0345934725938817
1.0345934725938817
1.0357839363549073
1.0357839363549073
1.0341708628002775
1.0350363582056963
1.0350363582056963
1.0350363582056963
1.0337724328747113
1.0310171315245005
1.0310171315245005
1.0313127919970624
1.0313127919970624
1.0321743617343184
1.0321743617343184
1.0321743617343184
1.0321743617343184
1.0321743617343184
1.0297270050096847
1.0297270050096847
1.030412450463612
1.0321121282852537
1.0332263704164757
1.0330344390040678
1.0330344390040678
1.0330344390040678
1.0330344390040678
1.0339053162824292
1.0339053162824292
1.032922995746635
1.032922995746635
1.030712915703467
1.030712915703467
1.0335531981443824
1.032638097438163
1.0353437246085129
1.0353437246085129
1.0353326034491444
1.0353326034491444
1.0358122511341086
1.0358122511341086
1.0358122511341086
1.0338414707142436
1.0338414707142436
1.0334251921644597
1.0334251921644597
1.0354453281799052
1.0354453281799052
1.0361177002745483
1.0372550666524505
1.0373612857648455
1.0380557249985214
1.0380557249985214
1.0380557249985214
1.0380557249985214
1.0390544938014608
1.0388890567415143
1.0374926290815532
1.0376578640906695
1.033288326129375
1.033288326129375
1.033288326129375
1.033288326129375
1.033288326129375
1.033288326129375
1.0355346450199363
1.0355346450199363
1.0355346450199363
1.0357519736530165
1.0357519736530165
1.0375740812616767
1.0375740812616767
1.0375740812616767
1.0375740812616767
1.0375740812616767
1.0393072260804892
1.0393072260804892
1.0402175402592801
1.0393667144926413
1.0362617490071162
1.03589587147935
1.03589587147935
1.0364169280105282
1.0364169280105282
1.0364169280105282
1.0358098022210498
1.0358098022210498
1.0358098022210498
1.0358098022210498
1.0358098022210498
1.0358098022210498
1.0358098022210498
1.0358098022210498
1.0356740893877046
1.0356740893877046
1.0337863585417726
1.0337226111949214
1.0337226111949214
1.0337226111949214
1.0337226111949214
1.0337226111949214
1.0313265342759288
1.0313265342759288
1.0313265342759288
1.0329215002783878
1.0329215002783878
1.0329215002783878
1.0329215002783878
1.0329215002783878
1.0329215002783878
1.0297400996150603
1.0324939663146655
1.0324939663146655
1.0324939663146655
1.0324939663146655
1.0324939663146655
1.0330748771920595
1.03382655103473
1.0300878902077533
1.0264303964894714
1.0264303964894714
1.0264303964894714
1.0267623538809132
1.0267623538809132
1.0267623538809132
1.0267623538809132
1.0267623538809132
1.0267623538809132
1.0267623538809132
1.0262010798269834
1.0262010798269834
1.0262010798269834
1.023735355369029
1.025805531523882
1.0272771549033781
1.0272771549033781
1.0272771549033781
1.0272771549033781
1.0272771549033781
1.0259020217926271
1.0259020217926271
1.0259020217926271
1.0259020217926271
1.0259020217926271
1.0259020217926271
1.026910041571453
1.026910041571453
1.026910041571453
1.026910041571453
1.0260094190328977
1.0269402521475204
1.0269402521475204
1.0268979723992269
1.02718540964727
1.0273040179912203
1.0273040179912203
1.0295994285552315
1.0278112756159887
1.0275679376464553
1.0275679376464553
1.026522043831183
1.0254621550116625
1.0267044181079892
1.0278153287592084
1.028522296541696
1.028522296541696
1.0287486036661335
1.0287486036661335
1.0287486036661335
1.0287486036661335
1.0276777216829984
1.0263265596325566
1.0261334057981089
1.0261334057981089
1.0261334057981089
1.0261334057981089
1.0244797719566487
1.0244797719566487
1.0243598480422929
1.0243598480422929
1.0243598480422929
1.0239088267175134
1.0239088267175134
1.0239088267175134
1.0231573369335871
1.0231573369335871
1.0231573369335871
1.0231573369335871
1.0230994103516229
1.0221316585719558
1.0228188091068853
1.0228188091068853
1.0230259102974935
1.0230259102974935
1.0230259102974935
1.0229338884716035
1.0229338884716035
1.0243328866880308
1.0242728401542827
1.0242728401542827
1.0242728401542827
1.025084808555784
1.026042591401762
1.026042591401762
1.0267072845587253
1.0293550579401372
1.0293550579401372
1.0293550579401372
1.0293550579401372
1.0293550579401372
1.0293550579401372
1.0293550579401372
1.0293550579401372
1.030900619259364
1.030900619259364
1.030900619259364
1.0319966238507663
1.0319966238507663
1.0307036683779347
1.0304567524248252
1.0277578523590856
1.029227383218831
1.0298880024369645
1.0271421759578079
1.0281512549280385
1.0267893582225411
1.0267893582225411
1.0267893582225411
1.0279266517994883
1.0327036532678069
1.0327036532678069
1.0339436027785416
1.0339436027785416
1.0339436027785416
1.0340545562995864
1.0340545562995864
1.0323481906368988
1.0323481906368988
1.0323481906368988
1.0323481906368988
1.0323481906368988
1.0323481906368988
1.0321750628211388
1.0321750628211388
1.0321750628211388
1.0321368372378477
1.0321368372378477
1.0321368372378477
1.0321368372378477
1.0321368372378477
1.0321368372378477
1.0323253727458932
1.0323253727458932
1.0323253727458932
1.0323253727458932
1.032445644092463
1.032445644092463
1.032445644092463
1.0312725662203919
1.0312725662203919
1.030585229409407
1.030585229409407
1.031270733055996
1.0306991051066827
1.0306991051066827
1.0295094092552428
1.0295094092552428
1.0295094092552428
1.0326585488570001
1.029504986806114
1.0317490681962571
1.0317490681962571
1.0317490681962571
1.0317490681962571
1.0317490681962571
1.0313312120679672
1.0301015291291404
1.0313593060070259
1.0313593060070259
1.0281155020200419
1.0281155020200419
1.0281155020200419
1.0281155020200419
1.0281155020200419
1.0281155020200419
1.0281155020200419
1.0280281704228822
1.0280281704228822
1.0284922722732228
1.0290092832882596
1.0290092832882596
1.0287074717456879
1.0287074717456879
1.0287074717456879
1.0307165225622252
1.0301842843685227
1.030480133228945
1.030480133228945
1.03137547344513
1.0276618660033137
1.0276618660033137
1.0283099437199987
1.0283099437199987
1.0283099437199987
1.0299686689104814
1.0299686689104814
1.0311710340512767
1.0316605051065852
1.0298852773348224
1.029405785660115
1.028723795695304
1.028723795695304
1.0318399322574743
1.033502965998378
1.0327286450755686
1.0327286450755686
1.0327286450755686
1.0327286450755686
1.0327286450755686
1.0327286450755686
1.0327286450755686
1.0321235857611255
1.0321235857611255
1.0321235857611255
1.0321235857611255
1.0321235857611255
1.0321235857611255
1.0328074501191207
1.0328074501191207
1.0328074501191207
1.030995750208545
1.030995750208545
1.0316551774894578
1.0316551774894578
1.0316551774894578
1.0316551774894578
1.0316551774894578
1.0321056095085708
1.0321056095085708
1.0307802567497268
1.0307802567497268
1.0307802567497268
1.02970067343662
1.029257859291994
1.029257859291994
1.029257859291994
1.029257859291994
1.0315733319601117
1.0315733319601117
1.0315733319601117
1.0315733319601117
1.0327222538703995
1.0327222538703995
1.0327222538703995
1.0307662749424895
1.0318808448726071
1.0318808448726071
1.0318808448726071
1.0340321663215406
1.0340321663215406
1.0350041170328839
1.034197248373334
1.034197248373334
1.0360221227271715
1.0360221227271715
1.0360221227271715
1.0360221227271715
1.0344462000264876
1.0349096156835134
1.0349096156835134
1.0333312964669046
1.0333312964669046
1.0333312964669046
1.0333312964669046
1.0333312964669046
1.0325154138674562
1.0326192465879263
1.036554602684884
1.0393637080233207
1.0393637080233207
1.0368090810699735
1.0368090810699735
1.0368090810699735
1.0368090810699735
1.0359700042940705
1.0366723877887942
1.0352040959678082
1.0352040959678082
1.0352040959678082
1.0352040959678082
1.036017500456024
1.036017500456024
1.036017500456024
1.03658318754331
1.03658318754331
1.03658318754331
1.0368036510582894
1.0369142605902923
1.0369142605902923
1.0369142605902923
1.0369142605902923
1.036666967180721
1.0363324399400955
1.0363324399400955
1.0386133116608183
1.038311080163424
1.038311080163424
1.0395848207005582
1.0395848207005582
1.0395848207005582
1.0395848207005582
1.0395848207005582
1.0395848207005582
1.0374520774587814
1.036102111939745
1.036102111939745
1.036102111939745
1.036102111939745
1.036102111939745
1.036102111939745
1.036102111939745
1.0349252354911305
1.0349252354911305
1.0349252354911305
1.0370798962596068
1.0371986145855372
1.0371986145855372
1.0371986145855372
1.0371986145855372
1.0371986145855372
1.0371986145855372
1.0371986145855372
1.0371986145855372
1.0371986145855372
1.0374672280676573
1.0374672280676573
1.0374672280676573
1.0338514562498153
1.0338514562498153
1.0338514562498153
1.0347472712065653
1.0333755884754598
1.0333755884754598
1.0333755884754598
1.0317371459991151
1.032586702422327
1.032586702422327
1.032586702422327
1.0339830023574796
1.0339830023574796
1.033968515782921
1.0338859199390913
1.0338859199390913
1.0338859199390913
1.0338859199390913
1.0327589913138304
1.0327589913138304
1.0347767721469503
1.0347767721469503
1.0347767721469503
1.0321018464206584
1.0321018464206584
1.0321018464206584
1.0321018464206584
1.0338542135363522
1.0338542135363522
1.0338542135363522
1.0338542135363522
1.032904051853881
1.033067498687236
1.033067498687236
1.0362240833025276
1.0362240833025276
1.0326280046012715
1.0326280046012715
1.0326280046012715
1.0349981431785171
1.0322151795221328
1.0322151795221328
1.0322151795221328
1.0322151795221328
1.0333716263759303
1.0333716263759303
1.0333716263759303
1.0333716263759303
1.0333716263759303
1.0333716263759303
1.0333716263759303
1.0333716263759303
1.0333716263759303
1.0335869155994406
1.0335869155994406
1.0335869155994406
1.030513339888256
1.030513339888256
1.030513339888256
1.030513339888256
1.030513339888256
1.030513339888256
1.0296402240212692
1.0296402240212692
1.0296402240212692
1.0302369824292334
1.0305685412848125
1.030701626062572
1.0297873369010109
1.0297873369010109
1.0305226559447846
1.0305226559447846
1.0308231894510802
1.0295041748761011
1.033525622417237
1.0344850926998987
1.0334816310541592
1.0334816310541592
1.0334816310541592
1.0337348337374723
1.0337348337374723
1.0348505359597013
1.0348505359597013
1.0348505359597013
1.0348505359597013
1.035595786352783
1.0323462469858706
1.031911739898824
1.031911739898824
1.0327057858679312
1.0327057858679312
1.0327057858679312
1.0327057858679312
1.0322531028570159
1.0322531028570159
1.0322531028570159
1.0322531028570159
1.0310064355745974
1.0310064355745974
1.0338083789012826
1.0338083789012826
1.0338083789012826
1.0338083789012826
1.0344153513327394
1.0334961580274609
1.0334961580274609
1.0321627960449336
1.0321627960449336
1.0321627960449336
1.0321627960449336
1.0337280727814122
1.0337280727814122
1.0337280727814122
1.0337280727814122
1.0340221764737203
1.0340221764737203
1.0340221764737203
1.0355066837180704
1.0355066837180704
1.0355066837180704
1.0355066837180704
1.0355066837180704
1.0355066837180704
1.0371091094639588
1.0360190412545547
1.0360190412545547
1.0360190412545547
1.0359640448509386
1.0359640448509386
1.0359640448509386
1.0347475150340995
1.0347475150340995
1.0328085919188874
1.0329997240986588
1.0329997240986588
1.031936181834263
1.031936181834263
1.031936181834263
1.031936181834263
1.031936181834263
1.031936181834263
1.031936181834263
1.031936181834263
1.031936181834263
1.031936181834263
1.0334318977014314
1.0344852023621773
1.0344852023621773
1.0366036575761255
1.0366711190585887
1.0366711190585887
1.0366711190585887
1.0372365576754519
1.0372365576754519
1.0361146955766818
1.0361146955766818
1.0361146955766818
1.0361146955766818
1.0352308079628914
1.0352308079628914
1.0361697849456981
1.0361697849456981
1.0361697849456981
1.0350977924240987
1.0350977924240987
1.0350977924240987
1.0350977924240987
1.0354744025991487
1.0317928194788732
1.0317928194788732
1.0317928194788732
1.0349480028244977
1.0349480028244977
1.0349480028244977
1.0344097233388954
1.034514109615501
1.034514109615501
1.034514109615501
1.034514109615501
1.034514109615501
1.034514109615501
1.034514109615501
1.0329003524882692
1.0329003524882692
1.0329003524882692
1.0336954267266187
1.0355316141733957
1.0350190996357154
1.0313658205906047
1.0313658205906047
1.0318654955067812
1.0318654955067812
1.0318654955067812
1.031378942901826
1.0297914879575059
1.0297914879575059
1.0297914879575059
1.0297914879575059
1.0297914879575059
1.0294539590844425
1.0311674826729322
1.0306362824487179
1.0306362824487179
1.029248680352088
1.0309432111789276
1.0309432111789276
1.0309432111789276
1.032245211855864
1.0354100084512707
1.0354100084512707
1.0354100084512707
1.0323477367902159
1.0323477367902159
1.0323477367902159
1.0323477367902159
1.0313039665673738
1.0313039665673738
1.0313039665673738
1.0313039665673738
1.0313039665673738
1.0313039665673738
1.0299975584084253
1.0299975584084253
1.0299975584084253
1.0299244378238948
1.0299244378238948
1.0299244378238948
1.0299244378238948
1.0299244378238948
1.0304553283892648
1.0304553283892648
1.0304553283892648
1.0304553283892648
1.0315893973613448
1.0315893973613448
1.0315893973613448
1.0315893973613448
1.0316482616036868
1.03426066758582
1.03426066758582
1.0333893491977786
1.0333893491977786
1.0333893491977786
1.0333893491977786
1.0331772744707788
1.0331772744707788
1.0323956343188188
1.0332383198865875
1.032011392085822
1.032011392085822
1.032011392085822
1.032011392085822
1.032011392085822
1.032011392085822
1.0329973167102389
1.0346710831907766
1.0354003029184016
1.0354003029184016
1.0354003029184016
1.0342533561590614
1.033680334454376
1.033680334454376
1.035820513694869
1.035820513694869
1.035820513694869
1.0349405810295458
1.0333923692820706
1.0372789649659526
1.0372789649659526
1.0372789649659526
1.0372789649659526
1.0372789649659526
1.0372789649659526
1.0356507491041054
1.0356507491041054
1.0356507491041054
1.0353401678024254
1.0353401678024254
1.034203625219132
1.034203625219132
1.034203625219132
1.0337403774175005
1.0337403774175005
1.0337403774175005
1.0312180804988078
1.0312180804988078
1.0312180804988078
1.0312180804988078
1.0312180804988078
1.032144839459
1.0327834562363125
1.034661197787546
1.034661197787546
1.0354369822185059
1.0354369822185059
1.0319144074443025
1.0313270877149703
1.0330016457369804
1.0330016457369804
1.0330016457369804
1.0330016457369804
1.0330016457369804
1.0330016457369804
1.0330016457369804
1.0333872015485686
1.0333872015485686
1.0333872015485686
1.0333872015485686
1.0333872015485686
1.0333872015485686
1.0303833800234539
1.0303833800234539
1.0311801054868406
1.0310957856962815
1.0308294073940512
1.0279017974526885
1.0279017974526885
1.0279017974526885
1.0279017974526885
1.0279017974526885
1.0280750123010585
1.029705915220971
1.0288434044370276
1.0288434044370276
1.0281988922060419
1.0303444326172695
1.0303444326172695
1.0307150152809146
1.0307150152809146
1.0307150152809146
1.0294397143620158
1.0294397143620158
1.0294397143620158
1.030141580534048
1.030141580534048
1.030141580534048
1.030141580534048
1.030141580534048
1.030141580534048
1.031235369432129
1.031235369432129
1.0313493104716263
1.0289478635263967
1.0289478635263967
1.0314754273768236
1.0314754273768236
1.031675205814788
1.031675205814788
1.031675205814788
1.031675205814788
1.031675205814788
1.031675205814788
1.031675205814788
1.031675205814788
1.03039511603553
1.033633574534041
1.0305887751017357
1.0305887751017357
1.0305887751017357
1.0305887751017357
1.0305887751017357
1.0318775076050177
1.0322347773539435
1.031071634730975
1.031071634730975
1.0319783798604654
1.0331504122156614
1.0344595902000364
1.0352672162895913
1.0352672162895913
1.0344845549668038
1.0344845549668038
1.0362428371993408
1.0362428371993408
1.033828504892803
1.033828504892803
1.031497814328983
1.0317139040252274
1.0317139040252274
1.0317139040252274
1.0326177870183424
1.0326177870183424
1.0326177870183424
1.0286076964331066
1.0275647727570525
1.029225959729437
1.029225959729437
1.032525826541189
1.032525826541189
1.0311318562776783
1.0311318562776783
1.0311318562776783
1.0311318562776783
1.0311318562776783
1.0311318562776783
1.0311318562776783
1.031018406170788
1.031018406170788
1.0295821799183984
1.0295821799183984
1.0295821799183984
1.0295821799183984
1.0295821799183984
1.0295821799183984
1.0295821799183984
1.0295821799183984
1.0288733112262671
1.0288733112262671
1.0288733112262671
1.0288733112262671
1.0303396117044996
1.031233121701517
1.029255940622652
1.0309108151508128
1.0283244957773037
1.0283244957773037
1.0283244957773037
1.0278904344944395
1.0278904344944395
1.0268051689467064
1.0268051689467064
1.0268051689467064
1.0279412382760627
1.0286923632793665
1.0286923632793665
1.0284240581352033
1.0280682580357794
1.0280682580357794
1.0292206520340677
1.0299699561450542
1.0304009391386328
1.0304009391386328
1.0322017306945872
1.0323461476569613
1.0336413026945837
1.0336413026945837
1.0341743741830964
1.0341743741830964
1.0316978715093836
1.0316978715093836
1.0326246268720445
1.0326246268720445
1.0326246268720445
1.0351314493281734
1.034910985248171
1.034910985248171
1.0356420118063652
1.0356420118063652
1.0356420118063652
1.0356420118063652
1.0356420118063652
1.0356420118063652
1.0379750631483782
1.0379750631483782
1.0379750631483782
1.0379750631483782
1.0379750631483782
1.0382754438305235
1.0396088733591349
1.0404519587085326
1.0399581447902122
1.0399581447902122
1.0399581447902122
1.0408192264838552
1.0408192264838552
1.0382547811008098
1.0412504627324537
1.0412504627324537
1.0412504627324537
1.0412504627324537
1.0373580914859477
1.0373580914859477
1.03778847047405
1.037751755251285
1.0364015942773743
1.0364015942773743
1.0364015942773743
1.0367546075536347
1.0367546075536347
1.0367546075536347
1.0367546075536347
1.0365752324957913
1.0365752324957913
1.0365752324957913
1.0365752324957913
1.0365752324957913
1.0374418899411648
1.0374418899411648
1.0374418899411648
1.0374418899411648
1.0376159146054846
1.0376159146054846
1.0360208388973828
1.0354102989854905
