1.018688241218299
1.018688241218299
1.018688241218299
1.018688241218299
1.018688241218299
1.018688241218299
1.018688241218299
1.018688241218299
1.018688241218299
1.018688241218299
1.018688241218299
1.018688241218299
1.018688241218299
1.018688241218299
1.018688241218299
1.018688241218299
1.018688241218299
1.018688241218299
1.018688241218299
1.018688241218299
1.018688241218299
1.018688241218299
1.018688241218299
1.018688241218299
1.018688241218299
1.018688241218299
1.018688241218299
1.018688241218299
1.018688241218299
1.018688241218299
1.018688241218299
1.018688241218299
1.018688241218299
1.018688241218299
1.018688241218299
1.018688241218299
1.018688241218299
1.018688241218299
1.018688241218299
1.018688241218299
1.018688241218299
1.018688241218299
1.018688241218299
1.018688241218299
1.018688241218299
1.018688241218299
1.018688241218299
1.018688241218299
1.018688241218299
1.018688241218299
1.018688241218299
1.018688241218299
1.018688241218299
1.018688241218299
1.018688241218299
1.018688241218299
1.018688241218299
1.018688241218299
1.018688241218299
1.018688241218299
1.018688241218299
1.018688241218299
1.018688241218299
1.018688241218299
1.018688241218299
1.018688241218299
1.018688241218299
1.018688241218299
1.018688241218299
1.018688241218299
1.018688241218299
1.018688241218299
1.018688241218299
1.018688241218299
1.018688241218299
1.018688241218299
1.018688241218299
1.018688241218299
1.018688241218299
1.018688241218299
1.018688241218299
1.018688241218299
1.018688241218299
1.018688241218299
1.018688241218299
1.018688241218299
1.018688241218299
1.018688241218299
1.018688241218299
1.018688241218299
1.018688241218299
1.018688241218299
1.018688241218299
1.018688241218299
1.018688241218299
1.018688241218299
1.018688241218299
1.018688241218299
1.018688241218299
1.0189312679811573
1.0189312679811573
1.0187231978715996
1.0187231978715996
1.0187231978715996
1.017741453163686
1.017741453163686
1.0169754718508701
1.0169754718508701
1.0169754718508701
1.0171736663253284
1.0171736663253284
1.0171736663253284
1.0176561033894764
1.0176561033894764
1.0176561033894764
1.0200116031179387
1.0200116031179387
1.0200116031179387
1.0199884502716745
1.0242921359301531
1.0223153709794517
1.0223153709794517
1.0223153709794517
1.024328571165549
1.0255346946088137
1.0255346946088137
1.026421079219179
1.026421079219179
1.0258841247353412
1.0258841247353412
1.025600704162665
1.0257308400772176
1.0240873206650232
1.0240873206650232
1.0240873206650232
1.0260921722011473
1.0260921722011473
1.0260921722011473
1.0260921722011473
1.0260921722011473
1.0260921722011473
1.027775889324937
1.027775889324937
1.026778063399746
1.026778063399746
1.0271923413078674
1.0271923413078674
1.0271923413078674
1.027234990233597
1.027234990233597
1.027234990233597
1.0284492937011664
1.0291930476496334
1.0291930476496334
1.0291930476496334
1.0291930476496334
1.0291930476496334
1.0296047207508812
1.028287184092613
1.028287184092613
1.028287184092613
1.028287184092613
1.0295002503114452
1.0295002503114452
1.0295002503114452
1.0295002503114452
1.031655292882186
1.0312967091582463
1.0314806338968634
1.0314806338968634
1.0313778244361536
1.0262830590010108
1.030784341976806
1.030784341976806
1.0326236105194777
1.0310760760686228
1.0253057671808365
1.0256444728399507
1.0224664587494232
1.024674677198345
1.0242338878537456
1.0282332308470465
1.0282332308470465
1.0282332308470465
1.0282332308470465
1.0282332308470465
1.0298323390253874
1.0298323390253874
1.0298323390253874
1.0279701133589623
1.0279701133589623
1.0294331839266533
1.0294331839266533
1.0294331839266533
1.0294331839266533
1.0294331839266533
1.029191447374956
1.0303579695044454
1.0280990348542864
1.0280990348542864
1.0269394294178926
1.0274634575352033
1.0270432567440533
1.0278479677383636
1.0278479677383636
1.0300123950314175
1.031209176467373
1.029865664622522
1.025048806534357
1.025048806534357
1.025048806534357
1.025048806534357
1.025048806534357
1.025048806534357
1.025048806534357
1.0295514190115416
1.0295514190115416
1.0295514190115416
1.0300997884630614
1.0300997884630614
1.03139025977641
1.0293860116169318
1.0318295750683317
1.0318295750683317
1.0318295750683317
1.0346139967971772
1.0386048802875312
1.0386048802875312
1.0386048802875312
1.036316467434254
1.0371923318783676
1.03463776912494
1.03463776912494
1.0340591234737726
1.0340591234737726
1.032508224556295
1.0307056120633376
1.0307056120633376
1.0291559152490488
1.0291559152490488
1.0291559152490488
1.0291559152490488
1.0291559152490488
1.031588722504492
1.031588722504492
1.0343117474489207
1.0343117474489207
1.034411188233684
1.0377315131217744
1.0380209576326132
1.0380209576326132
1.0380209576326132
1.0380209576326132
1.0380209576326132
1.0380209576326132
1.0371027130429198
1.0371027130429198
1.0373788497885186
1.0373788497885186
1.0365961056268527
1.0365273200621643
1.0365273200621643
1.0365273200621643
1.0365273200621643
1.0356660899097323
1.0357172288175518
1.0378064767964703
1.0378064767964703
1.0378064767964703
1.0378064767964703
1.0367482037035276
1.0367482037035276
1.0367482037035276
1.0367482037035276
1.0367482037035276
1.0367482037035276
1.0364740196292115
1.0364740196292115
1.0384740696681847
1.0386617437433014
1.0386617437433014
1.03662436211756
1.03662436211756
1.03662436211756
1.0372383924515636
1.0372383924515636
1.0377835844961512
1.0377835844961512
1.0368000640636708
1.0391666038187715
1.0391666038187715
1.0391666038187715
1.0387778135351908
1.0387778135351908
1.0387778135351908
1.0387778135351908
1.0377832954410122
1.0374304705557056
1.0374304705557056
1.0374304705557056
1.039717649826056
1.039717649826056
1.039717649826056
1.039717649826056
1.037893915090868
1.037893915090868
1.0400691107004
1.0387705696229539
1.0387705696229539
1.040514045197409
1.040514045197409
1.0391426214888784
1.0391426214888784
1.0391426214888784
1.0391426214888784
1.0397562557993472
1.0397562557993472
1.040872735446655
1.040872735446655
1.037550257906428
1.037550257906428
1.0378602449307535
1.0378602449307535
1.0378602449307535
1.0372104333806005
1.0374274136533919
1.037240967532252
1.0361983123086531
1.0361983123086531
1.0387381468398682
1.0375895519642815
1.0375895519642815
1.0384889514914166
1.0416824284877382
1.0444717838631705
1.0431648224615981
1.0404085407622246
1.0418023883219805
1.0387086285882825
1.0387086285882825
1.0382904960561594
1.0382904960561594
1.0382904960561594
1.0382904960561594
1.0404961804612087
1.0404961804612087
1.0404961804612087
1.0404961804612087
1.0418295845275864
1.0418295845275864
1.0426068608815706
1.0414597019372756
1.0414597019372756
1.0433105264835147
1.0417068744435463
1.0417068744435463
1.0410524115978461
1.0410524115978461
1.041401038977075
1.0424880699395611
1.040978082076439
1.040978082076439
1.042020156672362
1.0420914858138368
1.0384575012678514
1.0384575012678514
1.0384575012678514
1.0387533545848135
1.0387533545848135
1.0387533545848135
1.0387533545848135
1.0387533545848135
1.0387533545848135
1.0387533545848135
1.0372816357980683
1.0416782184855606
1.0396759691026853
1.0398430791165836
1.0364437433700382
1.037264893749501
1.037264893749501
1.037264893749501
1.037264893749501
1.036735321248981
1.036735321248981
1.036735321248981
1.036735321248981
1.036735321248981
1.036735321248981
1.036735321248981
1.036735321248981
1.0368760184038788
1.0368760184038788
1.0333583179771546
1.0333583179771546
1.0333583179771546
1.0333583179771546
1.0334717718506927
1.0334717718506927
1.0334717718506927
1.0334717718506927
1.0334717718506927
1.03324684527261
1.0352981788232112
1.0352981788232112
1.0352981788232112
1.0352981788232112
1.0352981788232112
1.0352981788232112
1.0352981788232112
1.0352981788232112
1.0346979502511282
1.0346979502511282
1.0346979502511282
1.0346979502511282
1.0377794536526768
1.0377794536526768
1.0363896097773275
1.0363896097773275
1.036016164927771
1.036016164927771
1.036016164927771
1.036016164927771
1.036016164927771
1.0369680573830564
1.0362465065385302
1.0357404876819107
1.0347345373514054
1.0347345373514054
1.0347345373514054
1.0350369344968182
1.0350369344968182
1.0350369344968182
1.0350369344968182
1.0350369344968182
1.0350369344968182
1.0350369344968182
1.0356878121296034
1.0364155088665126
1.0364155088665126
1.0364155088665126
1.0364155088665126
1.0364155088665126
1.0364155088665126
1.0364155088665126
1.0340245199020663
1.0341433821830939
1.0341433821830939
1.0341433821830939
1.0341433821830939
1.036458329329183
1.036458329329183
1.036458329329183
1.0388436134793446
1.0387795093894467
1.0387795093894467
1.0387795093894467
1.0387795093894467
1.0402930126487318
1.0390146389890755
1.0396772099698277
1.0396772099698277
1.0396772099698277
1.0394269852875155
1.0401046537478684
1.0385378904671712
1.0385378904671712
1.0385378904671712
1.0389544093975105
1.0389544093975105
1.0398877409100313
1.0398877409100313
1.0398124982964247
1.0398124982964247
1.0406328080907323
1.0406328080907323
1.0393219776107303
1.0387806703682545
1.0392172617658797
1.0385466301557746
1.039344936419331
1.039344936419331
1.0408946696027954
1.0408946696027954
1.0408946696027954
1.0415307342152451
1.0415307342152451
1.0442421650345373
1.0448728682813233
1.0448728682813233
1.0448728682813233
1.0447687646144495
1.042155547813021
1.0398049590661875
1.0401769392380167
1.039406743900982
1.0391329032760714
1.0400458430595945
1.0392248471181986
1.0392248471181986
1.0392248471181986
1.0371510815881455
1.0371510815881455
1.0371510815881455
1.0383221996198118
1.0383221996198118
1.036751193262508
1.0355204447368496
1.0349738576907588
1.0359930767304992
1.0359930767304992
1.0391956407342728
1.0395689011431304
1.0395689011431304
1.0393447296127036
1.0391368836072947
1.0400396710302051
1.0400396710302051
1.0400396710302051
1.0387430327063303
1.0383829306475523
1.0406188922583397
1.0426236957974644
1.0454540825894956
1.0454540825894956
1.0454540825894956
1.046911856124628
1.046911856124628
1.0463561063970825
1.045263246692986
1.045263246692986
1.0452894451695869
1.0460298189724067
1.046851126471442
1.046851126471442
1.046851126471442
1.046851126471442
1.0457773783186868
1.0415035605511673
1.0413691887073546
1.0422174736527776
1.0414788067939975
1.0414788067939975
1.0388733017728848
1.0388733017728848
1.0388733017728848
1.0388733017728848
1.0394437529756906
1.0420260047955687
1.0420260047955687
1.0420260047955687
1.0393531516290504
1.0393531516290504
1.0368589439795686
1.0373867002001762
1.0373867002001762
1.0390694607369342
1.0391051178324024
1.0391051178324024
1.0388949791684567
1.037411268241967
1.037411268241967
1.039179429121258
1.039179429121258
1.039179429121258
1.0343387129008985
1.0343387129008985
1.0343387129008985
1.0353005817130827
1.0361851910017015
1.0356655235967944
1.0356655235967944
1.0366187230777553
1.040205743401615
1.039799540196088
1.0389995293193177
1.0389995293193177
1.0389995293193177
1.0389995293193177
1.0389995293193177
1.0390683344826066
1.0365468616697726
1.0365468616697726
1.0365468616697726
1.037798085937176
1.0392277565845072
1.0393548406215276
1.0392223111004082
1.039810885381115
1.0385665623478744
1.0390046083424007
1.0389719146543333
1.0389719146543333
1.0389719146543333
1.0390677725871753
1.0390677725871753
1.0390677725871753
1.0390677725871753
1.0390677725871753
1.0365084370145912
1.0365084370145912
1.0365084370145912
1.0360521299151486
1.0360521299151486
1.0347024218032113
1.0347024218032113
1.0347024218032113
1.0347024218032113
1.0342742341453262
1.0342742341453262
1.0342742341453262
1.034871838827653
1.0350628323955346
1.035976638761305
1.035976638761305
1.0386976983758962
1.0365062654398336
1.0365062654398336
1.0365062654398336
1.0355121623113521
1.0355121623113521
1.0355121623113521
1.0355121623113521
1.0374577568187757
1.040088636222554
1.040088636222554
1.040088636222554
1.0414490286129194
1.0414490286129194
1.0414490286129194
1.0394821305122803
1.0394821305122803
1.0394821305122803
1.0394821305122803
1.0394821305122803
1.0394821305122803
1.0394821305122803
1.0394821305122803
1.0394821305122803
1.0394821305122803
1.040898898054619
1.040898898054619
1.040232060120206
1.040232060120206
1.040232060120206
1.040232060120206
1.040232060120206
1.038276602921273
1.038183404981763
1.038183404981763
1.038183404981763
1.038183404981763
1.038183404981763
1.038183404981763
1.038183404981763
1.0415421188539136
1.0415421188539136
1.0415421188539136
1.0415421188539136
1.0417969917239884
1.0416802640052598
1.0416802640052598
1.0416802640052598
1.0416802640052598
1.0416802640052598
1.0424343202551052
1.0424343202551052
1.0424343202551052
1.0424343202551052
1.0424343202551052
1.0424343202551052
1.043851671896518
1.0442337858179715
1.0442337858179715
1.0442337858179715
1.0442337858179715
1.0413902804365436
1.0408517058318831
1.0408517058318831
1.0390179577895335
1.0390179577895335
1.0390179577895335
1.039904489633803
1.039904489633803
1.039904489633803
1.039904489633803
1.0392603030126715
1.0392603030126715
1.0394807666690573
1.0394807666690573
1.0394807666690573
1.0411654329923468
1.0374888629821102
1.0374888629821102
1.0388531684175422
1.0380875325466579
1.0380875325466579
1.0380875325466579
1.0380875325466579
1.0380875325466579
1.0390340193163028
1.0381381190333527
1.0422741870026004
1.0422741870026004
1.0422741870026004
1.042342108435401
1.042342108435401
1.042342108435401
1.0394581131537226
1.0394581131537226
1.0435043532425872
1.0435043532425872
1.0432376817234106
1.0432376817234106
1.0432376817234106
1.0409140796547873
1.0428667535356573
1.043482983433954
1.043482983433954
1.043482983433954
1.042013352972977
1.042013352972977
1.0430761582894827
1.0430761582894827
1.0412730163617294
1.0405049490932676
1.041379099739401
1.041094807534566
1.041094807534566
1.041656730192412
1.0425332127260107
1.0425332127260107
1.0425332127260107
1.0425332127260107
1.0385551059034792
1.0385551059034792
1.0376462731236078
1.036939476492223
1.0389455125589808
1.0398681623596657
1.0404565425926082
1.040641620522729
1.0420858270530011
1.0420858270530011
1.0420858270530011
1.0420858270530011
1.0420858270530011
1.0420858270530011
1.0420858270530011
1.0420858270530011
1.039177609510659
1.0371129379304724
1.0371129379304724
1.0370509493925337
1.0370509493925337
1.0369863784586517
1.0383741086122693
1.0377788514188555
1.0377788514188555
1.0381011940540459
1.0383548344640114
1.0383548344640114
1.038857927995934
1.038857927995934
1.0385838026682426
1.0385838026682426
1.0385838026682426
1.0400890859688772
1.0400890859688772
1.0400890859688772
1.0403892058293114
1.0423366601083817
1.0406042486668519
1.0406042486668519
1.0406042486668519
1.0406042486668519
1.043855018635511
1.0421413127450467
1.040921442217529
1.0421211962006478
1.0421211962006478
1.0421211962006478
1.0452576244568772
1.0441965013313776
1.0427890325769429
1.0427890325769429
1.041626023690305
1.04224497048482
1.04224497048482
1.04094612902865
1.04094612902865
1.0413629356726135
1.0413629356726135
1.0397075672356082
1.0397075672356082
1.0397075672356082
1.0397075672356082
1.0397075672356082
1.038748777010567
1.038748777010567
1.0381211623957638
1.0381211623957638
1.0388047370260616
1.0387785195761454
1.0387785195761454
1.0387785195761454
1.0387785195761454
1.0387785195761454
1.0387785195761454
1.0387785195761454
1.0368815288807915
1.0368815288807915
1.0368815288807915
1.0368815288807915
1.0368815288807915
1.0363380117907506
1.037938469084455
1.039272818526839
1.039272818526839
1.039272818526839
1.039272818526839
1.039272818526839
1.039272818526839
1.0400993721256933
1.0400993721256933
1.0400993721256933
1.0400993721256933
1.038454954728415
1.0398759432463638
1.0398759432463638
1.0397510761802014
1.0397510761802014
1.0397510761802014
1.0402292908631803
1.0402292908631803
1.0402292908631803
1.0402292908631803
1.0410997688585504
1.0391173308522403
1.0391173308522403
1.0393630137984962
1.0391960518968009
1.0391960518968009
1.0387780412096852
1.0387780412096852
1.0387780412096852
1.0387780412096852
1.0387780412096852
1.0387780412096852
1.0384552666954399
1.0384552666954399
1.0392418680335622
1.0392418680335622
1.0395728070178225
1.0402354446166993
1.0402354446166993
1.0404600159420623
1.0404600159420623
1.0410100962016136
1.041182140924394
1.041182140924394
1.041182140924394
1.041182140924394
1.0402185992819852
1.0402185992819852
1.0392168528568178
1.0376307731357333
1.039850725416063
1.039850725416063
1.039850725416063
1.039850725416063
1.039850725416063
1.0383153709292672
1.0383153709292672
1.0379721845403367
1.0379721845403367
1.039367224236494
1.039367224236494
1.039367224236494
1.0343790379579922
1.0343790379579922
1.037213466945984
1.037213466945984
1.03542923734308
1.0352471616536192
1.0352471616536192
1.033588282438819
1.033588282438819
1.0359255695904246
1.0359255695904246
1.0386509233183232
1.0404887074618618
1.0404887074618618
1.0405464892252207
1.0380833116421933
1.0380833116421933
1.0394439289673245
1.03822216067494
1.03822216067494
1.0416157294481783
1.0416157294481783
1.0420786107878404
1.0420786107878404
1.0420786107878404
1.0418737026940306
1.0411224496439937
1.0411224496439937
1.0411224496439937
1.0409335314384343
1.0409335314384343
1.0409335314384343
1.041786559533523
1.041786559533523
1.0426548873012362
1.0426548873012362
1.0404447888974042
1.0404447888974042
1.0394019820424583
1.0370253565496341
1.0367556292396953
1.0367556292396953
1.0367556292396953
1.037871544112496
1.037871544112496
1.0377427233052745
1.0377427233052745
1.0385189740243186
1.0341826860296224
1.0343360628242155
1.0343360628242155
1.0343360628242155
1.0343360628242155
1.0343360628242155
1.0343360628242155
1.03574330494879
1.03574330494879
1.0375563274884614
1.037052182900066
1.037787130053784
1.0371512865175512
1.0371512865175512
1.0367652100326712
1.0384290013170783
1.0384290013170783
1.0384290013170783
1.0384290013170783
1.0384290013170783
1.0364227924310403
1.0364227924310403
1.0392263453624295
1.0392263453624295
1.0412783901745188
1.0412783901745188
1.0412783901745188
1.041022691947588
1.041022691947588
1.041022691947588
1.038407646893586
1.038407646893586
1.0380548528082967
1.0371837218206725
1.0380844724496714
1.0404933207892049
1.0404933207892049
1.0391161906843436
1.0391161906843436
1.0391161906843436
1.040052922862217
1.040052922862217
1.038977178329936
1.038977178329936
1.038977178329936
1.0362816829231782
1.0362816829231782
1.0371758289249624
1.0371758289249624
1.0371758289249624
1.0349082429652228
1.0349082429652228
1.0370778864485197
1.0370778864485197
1.0379331040206392
1.0415288691338767
1.0415288691338767
1.0415288691338767
1.0415288691338767
1.0410828993943892
1.0410828993943892
1.0410828993943892
1.0410828993943892
1.0436649022414317
1.0436649022414317
1.0436649022414317
1.0436649022414317
1.042586692849222
1.0430635792083156
1.0430635792083156
1.0430635792083156
1.0400149259615408
1.0411130443402896
1.0411130443402896
1.0411130443402896
1.0398121398423392
1.0398121398423392
1.0392539745393277
1.0392539745393277
1.0430701191361378
1.0409445767987746
1.0416744002249811
1.0416744002249811
1.0416744002249811
1.0416744002249811
1.0397783704765822
1.0397783704765822
1.0397783704765822
1.0397783704765822
1.0397783704765822
1.0397783704765822
1.0397783704765822
1.0397783704765822
1.0414666738363507
1.0414666738363507
1.0414666738363507
1.0414666738363507
1.0414666738363507
1.0413829019281302
1.0413829019281302
1.0413829019281302
1.0413829019281302
1.0414026921004071
1.0441604755530063
1.0441604755530063
1.0441604755530063
1.0423782604804765
1.0423782604804765
1.0418605826812857
1.0418605826812857
1.0415751195689258
1.0415751195689258
1.0405511951001878
1.039550207361008
1.039550207361008
1.0430480243644071
1.0430480243644071
1.0430480243644071
1.0430480243644071
1.0430269653043809
1.0423201305753669
1.039618879421083
1.0407646562255246
1.0407646562255246
1.038742945811188
1.0355251546801507
1.0367132943124264
1.0360523899451468
1.0360523899451468
1.0359461217888049
1.0359461217888049
1.0359461217888049
1.0359461217888049
1.0359461217888049
1.035237634936444
1.035237634936444
1.0346228273461922
1.0346228273461922
1.0346228273461922
1.0346228273461922
1.0346228273461922
1.0346228273461922
1.0360893239413231
1.0360893239413231
1.0378245965267012
1.0378245965267012
1.0378245965267012
1.0378245965267012
1.0378245965267012
1.0378245965267012
1.0330711063407811
1.0330711063407811
1.0333070033983183
1.033682036796643
1.0310527140067538
1.0314852418230132
1.0314852418230132
1.0314852418230132
1.0314852418230132
1.031241750612251
1.031241750612251
1.0319028222044901
1.0319028222044901
1.0318936192147288
1.0318936192147288
1.0318936192147288
1.0318936192147288
1.0318936192147288
1.0304773432075247
1.0304773432075247
1.0304773432075247
1.030721205593572
1.030721205593572
1.030721205593572
1.030721205593572
1.030721205593572
1.030721205593572
1.030721205593572
1.0337147053755555
1.0337147053755555
1.034695738193449
1.034695738193449
1.034695738193449
1.0355501344195805
1.0355501344195805
1.0361579260953921
1.0362071281246628
1.0362071281246628
1.0365266941140767
1.0340675910634571
1.0340675910634571
1.03459218446758
1.03459218446758
1.0333380313108376
1.0333380313108376
1.0333380313108376
1.0333380313108376
1.0335275243175055
1.0335275243175055
1.0335275243175055
1.0335275243175055
1.0335275243175055
1.0341774553815406
1.0341774553815406
1.0341774553815406
1.0370067235786922
1.0370067235786922
1.039204312224734
1.039204312224734
1.038616208192392
1.038616208192392
1.038616208192392
1.038616208192392
1.037861923175165
1.0340208548462781
1.0340208548462781
1.0340208548462781
1.0340208548462781
1.0349050530195032
1.0349050530195032
1.0369390592109549
1.0369390592109549
1.0354315924570867
1.0361971655033562
1.0361971655033562
1.0362282508508438
1.0362282508508438
1.0362282508508438
1.0359732421178287
1.0338635944400236
1.0338635944400236
1.0338635944400236
1.0356088423618457
1.0356088423618457
1.0372076558346845
1.0372076558346845
1.0373387809540693
1.0373387809540693
1.0373387809540693
1.0373387809540693
1.0371559945151017
1.0371559945151017
1.0371559945151017
1.0371559945151017
1.0371559945151017
1.0382562637869117
1.0382562637869117
1.0369943553455867
1.0391628741901255
1.0391628741901255
1.0391628741901255
1.0391628741901255
1.0391628741901255
1.0381074303293625
1.0398567277343969
1.0389330940942023
1.0390115078925377
1.037012674209599
1.037012674209599
1.0357305640561676
1.0343841450398061
1.034753265948617
1.034808764731167
1.0335075930112094
1.0351295174678827
1.0348280295505616
1.0348280295505616
1.0348280295505616
1.0355144923677173
1.0355144923677173
1.0346884880579796
1.0336938478123665
1.0336938478123665
1.0356187113897362
1.0356187113897362
1.03724548867681
1.03724548867681
1.0372918495078585
1.0372918495078585
1.0372918495078585
1.0372918495078585
1.0372918495078585
1.0372918495078585
1.0388473343169486
1.0371846736909254
1.0368942069296185
1.0377058934230898
1.0377058934230898
1.0377058934230898
1.0377058934230898
1.0371731746633226
1.0331177422527325
1.0331177422527325
1.0331177422527325
1.0331177422527325
1.0338118876461413
1.0338118876461413
1.0338118876461413
1.0338118876461413
1.0351882471112321
1.0351882471112321
1.0346748361374836
1.0346748361374836
1.0346748361374836
1.0359791585652667
1.0353193393141304
1.0353193393141304
1.0336150314040373
1.0336150314040373
1.0336150314040373
1.0336150314040373
1.0368172089897945
1.0368172089897945
1.0366296166396303
1.0353887872037706
1.0353887872037706
1.0353887872037706
1.0340304976898176
1.0340304976898176
1.0340304976898176
1.0310196203560928
1.0310196203560928
1.0318822807623413
1.0318822807623413
1.0318822807623413
1.0304313776633325
1.0304313776633325
1.0304313776633325
1.0306775687780754
1.0306775687780754
1.0306775687780754
1.0306775687780754
1.0306775687780754
1.0306775687780754
1.0306775687780754
1.0311801192057513
1.0311801192057513
1.028965178583408
1.0278848788543415
1.0278848788543415
1.0278848788543415
1.0298066452639896
1.0290959158495594
1.0290959158495594
1.030657783773772
1.030657783773772
1.030657783773772
1.030657783773772
1.030657783773772
1.0310433647114592
1.0310433647114592
1.0327326795322103
1.0327326795322103
1.0340328863132386
1.0340328863132386
1.0353154604871269
1.0353154604871269
1.0339846299742308
1.0339846299742308
1.0336253230762964
1.034504552532038
1.0368284171379714
1.0336902656534253
1.0336902656534253
1.0345842351079075
1.0345842351079075
1.0345842351079075
1.033871958251939
1.0338247261132798
1.0338247261132798
1.0338247261132798
1.032650154621685
1.0347694886777496
1.0347694886777496
1.0347694886777496
1.0384247018640085
1.0384247018640085
1.0384247018640085
1.0384247018640085
1.0384247018640085
1.0384247018640085
1.0384247018640085
1.0384247018640085
1.0416461716822214
1.0416461716822214
1.0421486452848208
1.0421486452848208
1.0421486452848208
1.0378435438286482
1.0386246363581086
1.0386246363581086
1.0386246363581086
1.0381001459979793
1.0384355552773572
1.0384355552773572
1.043007746977587
1.0423995202101768
1.039340845221295
1.039340845221295
1.0413177662955495
1.0392949979781947
1.0392949979781947
1.0396393741141354
1.0399876100821184
1.0399876100821184
1.0399876100821184
1.0399876100821184
1.0407635339787453
1.040935317502396
1.0398677794355942
1.0398677794355942
1.0398677794355942
1.0404126874391353
1.0404126874391353
1.0410132852826623
1.0398193552048938
1.0398193552048938
1.0398193552048938
1.0398193552048938
1.0398193552048938
1.0398193552048938
1.0379071229810939
1.0329701028185487
1.0343185035199791
1.0343185035199791
1.0348925175741834
1.035063682339265
1.035063682339265
1.035063682339265
1.036623273271542
1.036623273271542
1.0380762210471104
1.0380112199789853
1.0380112199789853
1.0380112199789853
1.0380112199789853
1.0380112199789853
1.042322493342605
1.042322493342605
1.042322493342605
1.0394183834044095
1.037917235437384
1.0373436919211019
1.0379672327425449
1.0379672327425449
1.0379672327425449
1.0379672327425449
1.0379672327425449
1.0352783517988784
1.0355019866758504
1.0355019866758504
1.0355019866758504
1.0355019866758504
1.0342193636180368
1.0343614107966577
1.0344368984421275
1.0329192079184615
1.0329192079184615
1.0316228500682065
1.0316228500682065
1.0330110606559026
1.0348779697634176
1.0348779697634176
1.0340711757392267
1.0340711757392267
1.0349810528364276
1.0350802247823867
1.0374453850133942
1.0372537215948925
1.0372537215948925
1.0372537215948925
1.0372537215948925
1.0372537215948925
1.0372537215948925
1.037433714874318
1.036531475736977
1.036531475736977
1.0359362122013642
1.0359362122013642
1.0359362122013642
1.0359362122013642
1.033909985823838
1.033909985823838
1.033909985823838
1.0334155723625646
1.0342659062165616
1.0342659062165616
1.0342659062165616
1.03512370026109
1.03512370026109
1.03512370026109
1.03512370026109
1.03512370026109
1.0365959077883575
1.0365959077883575
1.0368387409726243
1.0368387409726243
1.0368387409726243
1.0358173577892795
1.0358173577892795
1.0358173577892795
1.0358173577892795
1.036832569516838
1.0361419082596728
1.0361419082596728
1.0374161160213722
1.038762554344069
1.038762554344069
1.038660881059688
1.038660881059688
1.0371679148961395
1.0371679148961395
1.035263918594443
1.0345118551681485
1.0345118551681485
1.0345118551681485
1.0345118551681485
1.0376816837138094
1.0376816837138094
1.0376816837138094
1.0358545041544374
1.039791205547733
1.039791205547733
1.039791205547733
1.0411079598827928
1.0413066656927317
1.0414122640114365
1.0419351320667343
1.0424150119730866
1.0424150119730866
1.0424150119730866
1.042168162943144
1.0400581547528214
1.0411363278489183
1.0411363278489183
1.042815215974576
1.0434870987583889
1.043810869670986
1.0421958265700888
1.0421958265700888
1.0427930109267007
1.0427930109267007
1.043213530854247
1.0443042141287975
1.0403782003627127
1.0403782003627127
1.0403782003627127
1.0405660835280097
1.0405660835280097
1.0405660835280097
1.0405660835280097
1.0405660835280097
1.0405660835280097
1.0382367414495577
1.0382367414495577
1.0382367414495577
1.0382367414495577
1.0382367414495577
1.0382367414495577
1.0382367414495577
1.0382367414495577
1.0382367414495577
1.0382367414495577
1.0382367414495577
1.0382367414495577
1.037490100256893
1.0382259211898575
1.0393585095430704
1.0404286522347523
1.0404286522347523
1.0384329695033716
1.0389240758910279
1.0389240758910279
1.0399585610988487
1.0384256246291916
1.0384256246291916
1.0384256246291916
1.0383981494577608
1.038194719704305
1.0380354705118673
1.0369091232291228
1.0393404778791988
1.0398213705594457
1.0398213705594457
1.0401496630579181
1.0401496630579181
1.0404618871361009
1.0404618871361009
1.0404618871361009
1.0419210494027409
1.0419210494027409
1.0413949994504597
1.0413949994504597
1.0413949994504597
1.0413949994504597
1.0413949994504597
1.0413949994504597
1.0415349369298708
1.0415349369298708
1.0437268459427427
1.0426745695617046
1.0426745695617046
1.0401622903067478
1.0401622903067478
1.0401622903067478
1.0401622903067478
1.0416151007925962
1.040418844479186
1.0397949701032339
1.0391675002464953
1.039225814781859
1.0367859692272117
1.0367859692272117
1.0367859692272117
1.0373716577915981
1.0373716577915981
1.0375961381901961
1.0378130655884026
1.0378130655884026
1.0409332062286518
1.0408601472338759
1.0408601472338759
1.0408601472338759
1.0408601472338759
1.0408601472338759
1.0408601472338759
1.0408601472338759
1.0398906052014445
1.0398906052014445
1.038474448432855
1.038474448432855
1.038474448432855
1.040666999816754
1.040666999816754
1.040666999816754
1.040666999816754
1.0378003585909783
1.0376238697711226
1.0369514438997995
1.0369514438997995
1.0356194290139111
1.0356194290139111
1.0368679254477542
1.0367390909180558
1.0367390909180558
1.0358016636451643
1.0358016636451643
1.0358016636451643
1.0358016636451643
1.0346781606256776
1.0345511037625386
1.0345511037625386
1.0332728428301174
1.0336126273086474
1.036097084281635
1.036097084281635
1.036097084281635
1.036097084281635
1.0364478099029175
1.034864312001742
1.034864312001742
1.034864312001742
1.0355343411616789
1.0355343411616789
1.0355343411616789
1.0355343411616789
1.0355343411616789
1.0355343411616789
1.0370837240006066
1.0380638318860436
1.0380638318860436
1.0380638318860436
1.0380638318860436
1.03955128105993
1.03955128105993
1.0380126805543104
1.0370398600045672
1.0362192519884363
1.0307875457090787
1.0307875457090787
1.0307875457090787
1.0307875457090787
1.0307875457090787
1.0328544850346624
1.0328544850346624
1.0328544850346624
1.0328544850346624
1.033009246839013
1.0329819791533086
1.0329819791533086
1.0329819791533086
1.0347567043545451
1.0347567043545451
1.0347567043545451
1.0347567043545451
1.0337610253878495
1.034792506691862
1.034792506691862
1.034792506691862
1.034792506691862
1.034792506691862
1.034792506691862
1.034792506691862
1.034392677507796
1.034392677507796
1.034392677507796
1.034392677507796
1.034392677507796
1.034392677507796
1.0377723935250247
1.0377723935250247
1.0394007584291451
1.0394007584291451
1.0394007584291451
1.0394007584291451
1.0397537182021326
1.0424700041687756
1.040932836075894
1.040932836075894
1.0387991121855435
1.0423577707614708
1.0423577707614708
1.0423577707614708
1.0418699991372833
1.0418699991372833
1.0418699991372833
1.0418699991372833
1.0418699991372833
1.0418699991372833
1.0418699991372833
1.0388824575057976
1.0388824575057976
1.040260680003377
1.040260680003377
1.040260680003377
1.040260680003377
1.0380498285941162
1.0380498285941162
1.038454270006659
1.0365936652356516
1.040283644906242
1.040283644906242
1.0391895299362381
1.0391895299362381
1.0383812184602692
1.0383812184602692
1.0328737654624394
1.0333599301140055
1.0333599301140055
1.0333599301140055
1.0333599301140055
1.034749637638387
1.034749637638387
1.034749637638387
1.034749637638387
1.034749637638387
1.0330149876719086
1.0330149876719086
1.0330149876719086
1.0331836414231348
1.037343885031608
1.037343885031608
1.037343885031608
1.0377178632053068
1.0377178632053068
1.0373842372933544
1.0373842372933544
1.0356864642870764
1.0356864642870764
1.0356864642870764
1.0332676860662928
1.0308058234073494
1.032299826769346
1.032299826769346
1.032299826769346
1.0298697972933826
1.0298697972933826
1.0298697972933826
1.0298697972933826
1.030751478398122
1.029061218073926
1.029061218073926
1.029061218073926
1.028047542554318
1.0260209238986502
1.0266029829611862
1.0266029829611862
1.0266029829611862
1.0266029829611862
1.0266029829611862
1.026160546643904
1.02701410287481
1.02701410287481
1.0306852833463305
1.0313362726839412
1.0313362726839412
1.0313362726839412
1.030825293589172
1.0288163609709728
1.0284411611305344
1.0284411611305344
1.0313615774483451
1.0313615774483451
1.032650775530039
1.032650775530039
1.0316959854896994
1.0333031036562252
1.0333031036562252
1.0321379847953969
1.0321155016765462
1.0321155016765462
1.0321155016765462
1.0321155016765462
1.0321155016765462
1.0321155016765462
1.0321155016765462
1.031677746944691
1.031677746944691
1.031677746944691
1.030888885702181
1.0343677381192644
1.0343677381192644
1.0343677381192644
1.0353950827310394
1.0361691239915307
1.0346807360268222
1.0346807360268222
1.0346807360268222
1.0346807360268222
1.0327053758019598
1.0376164620775041
1.0376164620775041
1.0376164620775041
1.0407030395336871
1.0407030395336871
1.0407030395336871
1.0407030395336871
1.0407030395336871
1.037132005034243
1.0377233971846151
1.0377233971846151
1.0377233971846151
1.0377233971846151
1.036025107492749
1.036025107492749
1.036025107492749
1.036395541489661
1.036395541489661
1.036131607703357
1.036131607703357
1.036131607703357
1.0375902419903014
1.0375902419903014
1.035421197283563
1.035421197283563
1.035421197283563
1.035421197283563
1.035421197283563
1.035421197283563
1.035421197283563
1.035421197283563
1.035421197283563
1.035421197283563
1.038247661795928
1.036178305273458
1.036178305273458
1.0378585748998854
1.041227884252194
1.0389991368990596
1.039136343957022
1.039136343957022
1.0380579121221383
1.0380579121221383
1.0380579121221383
1.0380579121221383
1.0390625044804256
1.0390625044804256
1.0394250107213059
1.0382054553852278
1.0361404622339077
1.0361404622339077
1.0361404622339077
1.0362947668406763
1.0344669025087183
1.0337997620235344
1.0337997620235344
1.0337997620235344
1.0337997620235344
1.0362494673422438
1.0359085368834713
1.0359085368834713
1.0359085368834713
1.0359085368834713
1.0329120139279364
1.036254449400974
1.036254449400974
1.036254449400974
1.036254449400974
1.039124479816128
1.039124479816128
1.0379569970748754
1.0379569970748754
1.0379569970748754
1.0374814647295794
1.0374814647295794
1.0381767220247156
1.0375757921112818
1.0366992098296401
1.0366992098296401
1.035971941885291
1.036603753857997
1.036603753857997
1.036603753857997
1.036603753857997
1.036603753857997
1.036603753857997
1.036603753857997
1.0370420476972957
1.0372532508253636
1.0351036208282929
1.0351036208282929
1.0351036208282929
1.0351036208282929
1.0351036208282929
1.0351036208282929
1.0351036208282929
1.035337459502057
1.035337459502057
1.035337459502057
1.0362842329077608
1.0362842329077608
1.0362842329077608
1.0362842329077608
1.0362842329077608
1.03517415988042
1.03517415988042
1.03517415988042
1.03517415988042
1.0346630655507028
1.0346630655507028
1.0346630655507028
1.0346630655507028
1.0346630655507028
1.0346630655507028
1.0377727383900246
1.0369060314720964
1.0369060314720964
1.0369060314720964
1.0369060314720964
1.0369060314720964
1.0369060314720964
1.0369060314720964
1.0369060314720964
1.0369060314720964
1.0357502109171062
1.0357502109171062
1.0356119284579586
1.0356119284579586
1.0356119284579586
1.0337730753705794
1.0337210747924945
1.0321495460815875
1.0318461685921958
1.0318461685921958
1.032170138327197
1.0330760134432608
1.0330760134432608
1.0330760134432608
1.0330760134432608
1.0330760134432608
1.0330760134432608
1.0330760134432608
1.0330760134432608
1.0330760134432608
1.0330760134432608
1.0330760134432608
1.0330760134432608
1.0350885712766538
1.0328432646082255
1.032997583886074
1.0307250223964013
1.0347888407884125
1.0347888407884125
1.0347090714996805
1.034639112801181
1.034639112801181
1.0349186040840845
1.0349186040840845
1.0349186040840845
1.0339253890267985
1.0339253890267985
1.0330964977389248
1.0330964977389248
1.0324826214270506
1.0348013449465967
1.03597655178718
1.03597655178718
1.0345894092400432
1.0341355965547303
1.0341355965547303
1.034098145087763
1.034098145087763
1.034098145087763
1.034098145087763
1.035752141138361
1.035752141138361
1.035752141138361
1.035752141138361
1.035752141138361
1.0356501419650561
1.0366938913088717
1.0367740065136895
1.0385884013048268
1.0380712952981115
1.0393898552694902
1.0393898552694902
1.0388573644431645
1.0388573644431645
1.0388573644431645
1.039102174464696
1.039102174464696
1.039102174464696
1.039102174464696
1.039102174464696
1.039102174464696
1.039102174464696
1.0411982128713435
1.0408968862489827
1.038248160933514
1.0416961805353888
1.0416961805353888
1.0391149309914742
1.0391149309914742
1.039608832659399
1.039608832659399
1.039608832659399
1.0416824134919047
1.0418802932733955
1.0418802932733955
1.0418802932733955
1.0418802932733955
1.0418802932733955
1.0418802932733955
1.0418802932733955
1.0405939692272759
1.0405939692272759
1.0405939692272759
1.0405939692272759
1.0422381290330567
1.0422381290330567
1.0437439366382069
1.0423776150145494
1.0426930417612887
1.0426930417612887
1.0426930417612887
1.041028431777911
1.0379607668591035
1.0382010380867113
1.038852971163445
1.038852971163445
1.038852971163445
1.038852971163445
1.038852971163445
1.0376854659319157
1.0376854659319157
1.0376854659319157
1.0370852074104469
1.0370652474599806
1.0370652474599806
1.0370652474599806
1.0328378067232176
1.0328378067232176
1.0328378067232176
1.0328378067232176
1.0328378067232176
1.0328378067232176
1.0348231481069174
1.0348231481069174
1.0347013306055384
1.0352317482474376
1.0352317482474376
1.0352317482474376
1.0352317482474376
1.0344301184931912
1.0344301184931912
1.0344301184931912
1.0344301184931912
1.0346664541666284
1.0346664541666284
1.035643535724024
1.035643535724024
1.035643535724024
1.035643535724024
1.0347367851104432
1.0354640154649095
1.0362057181634332
1.0362810890302714
1.0362810890302714
1.0362810890302714
1.0362810890302714
1.039082139938754
1.0374771279825772
1.0364844182476851
1.0371850064669468
1.037010498680157
1.037010498680157
1.0381111761876816
1.0382578501598585
1.0410760843099742
1.0432057149002707
1.0432057149002707
1.0420119960605425
1.0420119960605425
1.0415078950316887
1.0436545015593184
1.0436545015593184
1.0436545015593184
1.041532621199176
1.041532621199176
1.0407365658340633
1.0384565886195198
1.0372191799072943
1.0372191799072943
1.0371175061275886
1.0357110745977074
1.0373733205667195
1.0373733205667195
1.0373733205667195
1.0391311876945146
1.0391311876945146
1.0386976062179647
1.0386976062179647
1.0388355287689814
1.0388355287689814
1.0388355287689814
1.0387411303260519
1.038523040111561
1.038523040111561
1.0389721577651316
1.0382941378972743
1.0382941378972743
1.0361243304499128
1.0353588013161281
1.0348943932055124
1.034180279066139
1.034180279066139
1.035599200569712
1.0347600992480037
1.0347600992480037
1.0347600992480037
1.0347600992480037
1.0347600992480037
1.0369006968272432
1.0369006968272432
1.0369006968272432
1.0360264241835841
1.0360264241835841
1.035302379429105
1.0343912505327248
1.0343912505327248
1.0353652927008914
1.039155354368521
1.0385383216978326
1.0385383216978326
1.0385383216978326
1.0385383216978326
1.0385383216978326
1.0388744439361692
1.0388744439361692
1.0388744439361692
1.0388962782669708
1.0365649146968137
1.0352051635432125
1.0352051635432125
1.0352051635432125
1.0352051635432125
1.0374479307830187
1.0393448330394253
1.0403802791929382
1.0405260492098574
1.0405260492098574
1.0405260492098574
1.0405260492098574
1.0405260492098574
1.0424559744201018
1.0424559744201018
1.043863442861405
1.0405294238299718
1.0389245880679614
1.0389245880679614
1.0389245880679614
1.0389245880679614
1.0389245880679614
1.0389245880679614
1.0389245880679614
1.0389245880679614
1.039555404363366
1.039555404363366
1.039555404363366
1.039555404363366
1.039555404363366
1.0394720120472472
1.0394720120472472
1.0394720120472472
1.038864004351978
1.03899530851727
1.03899530851727
1.03899530851727
1.03899530851727
1.040620033476939
1.041582668671199
1.041582668671199
1.0405377254381976
1.0399349833942457
1.0399349833942457
1.0399349833942457
1.0399349833942457
1.0399349833942457
1.0399349833942457
1.0399349833942457
1.0399349833942457
1.0404713572541333
1.0405716414801578
1.0413264173869188
1.0413264173869188
1.0420027579634683
1.0398458683329335
1.0398458683329335
1.0398458683329335
1.0393078804037408
1.0387632470726393
1.0387632470726393
1.0387632470726393
1.0393543421711577
1.0393543421711577
1.0393543421711577
1.0393543421711577
1.0422326297704152
1.0422326297704152
1.0422326297704152
1.0423172249173212
1.0419014359598773
1.0410826177987373
1.0410826177987373
1.0399437678886356
1.0400487440045267
1.0403911866125766
1.0406115254036945
1.0406115254036945
1.042156529490525
1.042156529490525
1.042156529490525
1.0409090984165223
1.0409090984165223
1.0409090984165223
1.037172093223907
1.0365157907081013
1.0387463177264071
1.0387463177264071
1.036320960306585
1.035457943329377
1.035457943329377
1.035457943329377
1.0342373057933751
1.0342373057933751
1.0342373057933751
1.0336496271717286
1.0377333564488278
1.0394868188782198
1.0386523331487585
1.0386523331487585
1.0385708781428142
1.0385708781428142
1.0385708781428142
1.0385708781428142
1.0385708781428142
1.0385708781428142
1.036067210535834
1.035540887526793
1.037639618257968
1.037639618257968
1.037639618257968
1.0392463908252474
1.0392463908252474
1.0406214312937354
1.0406214312937354
1.0406214312937354
1.040634610554382
1.040634610554382
1.038581804943885
1.038505813367907
1.0399561848024323
1.0378427521448803
1.0337296085043426
1.0346362282846708
1.0346362282846708
1.0346362282846708
1.0346362282846708
1.0346362282846708
1.0339539979389256
1.0399146828631793
1.0399146828631793
1.0399146828631793
1.0390172394125332
1.0359207685819622
1.0350192942999663
1.0360533331395458
1.0362305376066465
1.0362305376066465
1.0378825594748096
1.0376828332011396
1.0376828332011396
1.0376828332011396
1.0376828332011396
1.0382612393721287
1.0382612393721287
1.0382612393721287
1.0380748364850778
1.0380748364850778
1.0388836011967122
1.0388836011967122
1.0388836011967122
1.0388836011967122
1.0388836011967122
1.0388836011967122
1.038875905742105
1.0379701495678861
1.0379701495678861
1.0378581100392128
1.0373197422324636
1.0373197422324636
1.0373197422324636
1.0373197422324636
1.0371672161178722
1.0367110966047854
1.0367110966047854
1.0360530065011149
1.0360530065011149
1.0365052086980087
1.0371701894502687
1.0371701894502687
1.0371701894502687
1.0371701894502687
1.035681172231
1.035681172231
1.034453129544325
1.034453129544325
1.0344097334948652
1.0332168592926207
1.0332168592926207
1.0332168592926207
1.0332168592926207
1.0343534920289734
1.0343534920289734
1.0343534920289734
1.0343534920289734
1.0343534920289734
1.0343534920289734
1.0322523768646816
1.037073030468514
1.0380330617368467
1.0380330617368467
1.0351845440910337
1.0348083031173696
1.0348083031173696
1.0371062370165505
1.0371062370165505
1.0371062370165505
1.0371062370165505
1.037431724451023
1.0358756034114336
1.034732052867983
1.034732052867983
1.034732052867983
1.034732052867983
1.034732052867983
1.0344183615418876
1.0341577786373173
1.0341577786373173
1.0341577786373173
1.0341577786373173
1.0341577786373173
1.0341577786373173
1.036286785643073
1.0357728134315718
1.0368176151778756
1.0368176151778756
1.0370607882095288
1.0373240342862722
1.0373240342862722
1.0373240342862722
1.0373240342862722
1.0375967428920836
1.0373599977207526
1.0366162107714694
1.0335290120578706
1.0335290120578706
1.0342800873290878
1.0342800873290878
1.0342800873290878
1.0342800873290878
1.0342800873290878
1.0342800873290878
1.0358612121429274
1.0358612121429274
1.0358194580034872
1.0358194580034872
1.0358194580034872
1.036480801077101
1.036480801077101
1.036324946213201
1.036324946213201
1.036324946213201
1.0359045705345375
1.0359045705345375
1.0359045705345375
1.0359045705345375
1.0358697579448082
1.036262273127976
1.036262273127976
1.036262273127976
1.037721198126041
1.037721198126041
1.037721198126041
1.037929061727966
1.0387492252873645
1.0387492252873645
1.0387492252873645
1.0387492252873645
1.0431061962189523
1.0410144397695722
1.0410144397695722
1.0404404186755631
1.0404404186755631
1.0430665311708267
1.0408193684293612
1.0408193684293612
1.0408193684293612
1.0408193684293612
1.0400199124785903
1.0400199124785903
1.0400199124785903
1.0400199124785903
1.038379439868998
1.0382567890212933
1.03665269269089
1.03665269269089
1.03665269269089
1.0398948815653544
1.0398948815653544
1.0376798628986388
1.0384793024236514
1.0373896926774702
1.0394424833255407
1.0396358629604043
1.0380545956353036
1.0359209281761155
1.0359209281761155
1.0359209281761155
1.0359209281761155
1.0351501758341504
1.0315801113982226
1.034129041034244
1.034129041034244
1.034129041034244
1.034129041034244
1.0360007275632765
1.0376325269958684
1.0409192287758138
1.0409192287758138
1.0409192287758138
1.0406033612855718
1.0406033612855718
1.041425572471144
1.041425572471144
1.0413680249432224
1.0397686091695655
1.0372413437946926
1.0372413437946926
1.0372413437946926
1.0392678357383183
1.0392678357383183
1.03887493060313
1.03887493060313
1.0371285639385988
1.035278289857135
1.0350251301994855
1.0343994594472465
1.0343994594472465
1.0343994594472465
1.0343994594472465
1.034861870220975
1.035563348781081
1.035563348781081
1.035563348781081
1.035563348781081
1.035563348781081
1.035563348781081
1.0357266002859606
1.0357266002859606
1.0357266002859606
1.0367023723913207
1.0367023723913207
1.038109001060999
1.038109001060999
1.038109001060999
1.0381239817650356
1.0381239817650356
1.0381239817650356
1.0381239817650356
1.0381239817650356
1.0381239817650356
1.0381239817650356
1.0381239817650356
1.0391206770611174
1.035321132526518
1.035321132526518
1.0351122074533734
1.0351122074533734
1.0351122074533734
1.0351122074533734
1.0351122074533734
1.036007064374645
1.0357238755110998
1.0357238755110998
1.0357238755110998
1.0357238755110998
1.0365793845761966
1.0365793845761966
1.0365793845761966
1.0365793845761966
1.0365793845761966
1.0365793845761966
1.0364857154863822
1.0364857154863822
1.0364857154863822
1.0364857154863822
1.03668133188106
1.03668133188106
1.03668133188106
1.03668133188106
1.03668133188106
1.03668133188106
1.03668133188106
1.0367881554679708
1.0367881554679708
1.0367881554679708
1.0367881554679708
1.034814991747267
1.034814991747267
1.0376040773372497
1.0341095471850192
1.035058425721878
1.035058425721878
1.0350014842280237
1.0350014842280237
1.0345723597815861
1.035852550220563
1.035852550220563
1.035852550220563
1.0358972580791532
1.036728315181495
1.0351364805278827
1.0351364805278827
1.0351364805278827
1.0351364805278827
1.0351364805278827
1.0375229224733116
1.0375229224733116
1.038384727438309
1.038384727438309
1.038384727438309
1.038384727438309
1.038384727438309
1.038384727438309
1.0389692216887965
1.0389692216887965
1.0389692216887965
1.0389692216887965
1.0389692216887965
1.0389692216887965
1.0398295854612791
1.0398295854612791
1.0411376999056392
1.040432566855718
1.0413378703614167
1.0413378703614167
1.041487465354642
1.0412370436988327
1.0412370436988327
1.0412370436988327
1.0412370436988327
1.0412370436988327
1.0412370436988327
1.0414131857438933
1.0401771469175276
1.0401771469175276
1.0401771469175276
1.0371410228261222
1.0371410228261222
1.0376288798561337
1.0384775401448332
1.0380158832548116
1.0380158832548116
1.0380158832548116
1.038752622603916
1.0404003426810298
1.0405268335015017
1.0400713079061523
1.0400713079061523
1.0404933857241312
1.0404933857241312
1.0395862607055142
1.0395862607055142
1.0395862607055142
1.0395862607055142
1.0373743053884217
1.0370210812073275
1.0370210812073275
1.0370210812073275
1.03735363637637
1.0356014702202085
1.036785339989244
1.036785339989244
1.036785339989244
1.0370896595247319
1.0384414082256421
1.0384414082256421
1.0384414082256421
1.0381940681912043
1.0381940681912043
1.0381940681912043
1.0381940681912043
1.0360644208647856
1.036947791990297
1.036947791990297
1.036947791990297
1.0335178033968344
1.0335178033968344
1.0335178033968344
1.0335178033968344
1.0335178033968344
1.0335178033968344
1.0335178033968344
1.0324157516613301
1.0319530155450318
1.0319530155450318
1.0311854364035784
1.0311854364035784
1.033023541044667
1.033023541044667
1.0338941820401755
1.0328878825992132
1.0328878825992132
1.0352392167244342
1.0352392167244342
1.03797379668958
1.03797379668958
1.0394597330364543
1.0391309064811072
1.0391309064811072
1.038920850448616
1.038920850448616
1.0411298498188386
1.0372179466517453
1.0372179466517453
1.0372179466517453
1.0377414673686822
1.0377414673686822
1.0377414673686822
1.0377414673686822
1.0377414673686822
1.0377414673686822
1.041124820013401
1.0416577765415653
1.0416577765415653
1.0430534081484062
1.0430534081484062
1.0430534081484062
1.0466289847895711
1.0466289847895711
1.0456803468977038
1.045777949019245
1.0441317475894911
1.0441317475894911
1.0441317475894911
1.0441317475894911
1.0444547598364542
1.0433234698609593
1.0433878395039466
1.0455448055366525
1.0455448055366525
1.0430599654804749
1.0425562127915393
1.045092059291719
1.0437636431614399
1.0437636431614399
1.0437636431614399
1.0426868047263613
1.043632738111499
1.043632738111499
1.046041957906782
1.046041957906782
1.046041957906782
1.0445724551881828
1.0443558323433269
1.0477214089692681
1.0474675145514005
1.0474675145514005
1.0474675145514005
1.0465823884957166
1.0465823884957166
1.0424305414657307
1.0431142950358743
1.0428691993374406
1.0428691993374406
1.0423957520580278
1.041207012535008
1.041207012535008
1.041207012535008
1.041207012535008
1.041207012535008
1.041207012535008
1.041207012535008
1.0414419339430812
1.0405198152373454
1.0409427466327434
1.0409427466327434
1.0418322321345461
1.0418322321345461
1.0418322321345461
1.0418322321345461
1.0418322321345461
1.0418322321345461
1.0418322321345461
1.0418322321345461
1.0401024739401057
1.0401024739401057
1.0371486679740103
1.0371486679740103
1.0411299477791776
1.0411299477791776
1.0418723174462141
1.0418723174462141
1.040599783183311
1.040599783183311
1.040599783183311
1.0426020254748272
1.0426020254748272
1.0426020254748272
1.042896557656877
1.042896557656877
1.0432289068158742
1.0422772887277902
1.0422772887277902
1.0422772887277902
1.0401800691858343
1.0401800691858343
1.041509943149047
1.041509943149047
1.041509943149047
1.041509943149047
1.041509943149047
1.0422848047469855
1.042388841151282
1.042388841151282
1.0448768598230795
1.0448768598230795
1.043352313041109
1.043352313041109
1.043352313041109
1.0414594112906121
1.0414594112906121
1.0414594112906121
1.0414594112906121
1.0401995263435602
1.0390842715364752
1.0409296125551124
1.0389922254935413
1.0389922254935413
1.0389313489960386
1.0389313489960386
1.0389313489960386
1.0389313489960386
1.0403040654807
1.037473662614378
1.037473662614378
1.037473662614378
1.0369854724673613
1.0369854724673613
1.0369854724673613
1.0369854724673613
1.0367313082431913
1.0367313082431913
1.0367313082431913
1.0394433852798888
1.0417312436853887
1.0417312436853887
1.0413831954419985
1.0382570400262034
1.0374521525211073
1.035153458572422
1.035153458572422
1.035559160521999
1.0368729749388281
1.038220507236196
1.038220507236196
1.038220507236196
1.038220507236196
1.0383855028865379
1.038633917929733
1.0400452383381473
1.0436088756253485
1.0436088756253485
1.0433890816106395
1.0432225882826336
1.0432225882826336
1.0432225882826336
1.0432225882826336
1.0432225882826336
1.0430735394918442
1.0430735394918442
1.0412482335127033
1.0412482335127033
1.0412482335127033
1.0412482335127033
1.0444641604681415
1.0444641604681415
1.0444641604681415
1.0444641604681415
1.0444641604681415
1.0453950894393698
1.0452073265237343
1.04480544583823
1.0429092550964116
1.0429092550964116
1.047398956844035
1.0433528020484317
1.0438664076078707
1.0438664076078707
1.0458455856843158
1.044280586909301
1.044280586909301
1.044280586909301
1.0439798318028504
1.041070825231782
1.041070825231782
1.0420198855517864
1.0420198855517864
1.0442730093057984
1.0438164284734412
1.0414446018194958
1.0414446018194958
1.0414446018194958
1.0403119748715168
1.0401151163108557
1.0401151163108557
1.0401151163108557
1.0395701460155045
1.0363605466130021
1.0363605466130021
1.0377118625881048
1.0377118625881048
1.0404528335263397
1.0404857882819896
1.0431109384472999
1.044001702258983
1.0420003754102682
1.0424327970648537
1.0424327970648537
1.0424327970648537
1.043056740154428
1.0429784253474543
1.0429784253474543
1.0440236737784137
1.0440236737784137
1.04050549325065
1.0391110465171365
1.0391110465171365
1.0391110465171365
1.0391110465171365
1.0416514587369832
1.0409534647268113
1.0413284459351928
1.0413284459351928
1.0413284459351928
1.0413284459351928
1.038020530803228
1.03967193401751
1.0396394212814384
1.0396394212814384
1.0396394212814384
1.0413353193042596
1.0420457739118665
1.041785873302316
1.041785873302316
1.0420082234807215
1.0420082234807215
1.0430692558705932
1.0448037343232013
1.0448037343232013
1.0448037343232013
1.0448037343232013
1.0434232894868192
1.044579630092096
1.0442462351831832
1.0442462351831832
1.0423369213099862
1.0423369213099862
1.0444510797682807
1.0444510797682807
1.0444510797682807
1.0444510797682807
1.0444510797682807
1.0433601024630892
1.0433601024630892
1.0410063313210738
1.0420742427895888
1.0420505447462431
1.0420505447462431
1.043414158370563
1.0452133698407258
1.0467230479923326
1.0447163313748336
1.0447163313748336
1.0447163313748336
1.0447163313748336
1.0447163313748336
1.0447163313748336
1.0445485050547785
1.0445485050547785
1.044082368416858
1.044082368416858
1.044082368416858
1.044082368416858
1.044082368416858
1.044082368416858
1.044386357963431
1.0433924502808487
1.0433924502808487
1.0433924502808487
1.0433924502808487
1.0442177046267365
1.0442177046267365
1.0442177046267365
1.04287303386978
1.04287303386978
1.04287303386978
1.0426297044744264
1.0426297044744264
1.0426297044744264
1.0426297044744264
1.0426297044744264
1.0426297044744264
1.0426297044744264
1.0419269293265254
1.0419269293265254
1.0419269293265254
1.0419269293265254
1.0419269293265254
1.0419269293265254
1.0441929908134129
1.041034816017487
1.041034816017487
1.0427986336542057
1.0427986336542057
1.0447223998202593
1.0447223998202593
1.0444181185027883
1.044764022009597
1.0460094428163866
1.0460622876029853
1.0426306130354326
1.0426306130354326
1.0430722386075373
1.0430722386075373
1.0425098309700398
1.0403447840445665
1.0403447840445665
1.0434418371050966
1.03942173945801
1.03942173945801
1.0406071575790943
1.0415810611957166
1.0407869146775683
1.0407869146775683
1.038527874896258
1.0378043410067403
1.0378043410067403
1.0378043410067403
1.0378043410067403
1.0403938912857071
1.0382933953017792
1.038847026139867
1.038847026139867
1.038847026139867
1.038847026139867
1.038847026139867
1.0384318153940875
1.0384318153940875
1.0379931646169804
1.0371643809230155
1.0378135432487399
1.0361117682319267
1.0361117682319267
1.0361117682319267
1.0359627957548008
1.0359627957548008
1.0340930239335957
1.0340930239335957
1.0340930239335957
1.0323565255292992
1.0371964537048537
1.0371964537048537
1.038406139795014
1.0386900385294575
1.0386900385294575
1.0386900385294575
1.03902659575262
1.03902659575262
1.0422778668068948
1.0422778668068948
1.0422778668068948
1.0422778668068948
1.0408149952184136
1.0409216492116344
1.0420440139848304
1.042406629061
1.042406629061
1.042406629061
1.042406629061
1.042406629061
1.04209851705445
1.04209851705445
1.0432825285097098
1.0423178381534186
1.0423178381534186
1.0423178381534186
1.0423178381534186
1.0415095368243
1.0449307287105907
1.0450816631639754
1.045543408944644
1.045543408944644
1.045543408944644
1.045543408944644
1.045543408944644
1.0455450075286465
1.0403646546876713
1.0403646546876713
1.0403646546876713
1.0423985785624752
1.0422214822990057
1.0419253574330154
1.0412228436501585
1.042547938226789
1.042547938226789
1.0401805594734546
1.0423129196983916
1.0423129196983916
1.0408449962427286
1.0408449962427286
1.0429267422367499
1.0429267422367499
1.0429267422367499
1.0429267422367499
1.0429267422367499
1.0430928042230245
1.0442235213467401
1.043134467990409
1.043134467990409
1.043134467990409
1.043134467990409
1.0415065371533765
1.0413585726124652
1.0413585726124652
1.0413585726124652
1.0413585726124652
1.0413745064730746
1.0414444891427577
1.0426814461077636
1.0428416372378417
1.0428416372378417
1.0428416372378417
1.0430942606680167
1.0430942606680167
1.0423804143005748
1.0464551874318044
1.0464551874318044
1.0464551874318044
1.0464551874318044
1.0462605387796418
1.0462605387796418
1.0462605387796418
1.0439953687915309
1.0439953687915309
1.0439953687915309
1.0438667647776219
1.0413903722928148
1.0413903722928148
1.0413438361191072
1.0413438361191072
1.0413438361191072
1.0405581560471997
1.0422173572357936
1.0422173572357936
1.0422173572357936
1.043642933568267
1.043642933568267
1.0393568574461318
1.0393568574461318
1.0411201878003253
1.041439298685959
1.041439298685959
1.041439298685959
1.0380818492763095
1.0380818492763095
1.0380818492763095
1.0380818492763095
1.0389785447747204
1.0389785447747204
1.036536410466689
1.036536410466689
1.036536410466689
1.036536410466689
1.036536410466689
1.036536410466689
1.0340092045591007
1.0340092045591007
1.0352448231683014
1.0352448231683014
1.0352448231683014
1.0352448231683014
1.0352448231683014
1.03516766449887
1.03516766449887
1.03516766449887
1.0371027293926103
1.0380596291649704
1.0371191277386396
1.0371191277386396
1.0371191277386396
1.0362696096739092
1.0337392997015722
1.03525136376509
1.03525136376509
1.03525136376509
1.0356559527700382
1.0356559527700382
1.0356559527700382
1.0356559527700382
1.038376750311022
1.038376750311022
1.0402021680397444
1.0402021680397444
1.0402021680397444
1.0412150044990305
1.0412150044990305
1.0394907641214286
1.0394907641214286
1.0394907641214286
1.0394907641214286
1.041322402916226
1.0393075682434771
1.040579358875228
1.040579358875228
1.0419398749008504
1.0441275677078594
1.0441275677078594
1.0441275677078594
1.0441275677078594
1.0422153994397965
1.0422153994397965
1.0417448521674806
1.0417448521674806
1.0417448521674806
1.0417729618083293
1.0435239445053113
1.0435239445053113
1.0435239445053113
1.0461260744179188
1.0415158966955032
1.043347989802691
1.0430511909184803
1.0430511909184803
1.043242667731458
1.043214790915651
1.043214790915651
1.043214790915651
1.044457497725181
1.042405024665951
1.042405024665951
1.0432606279992804
1.0423292887902853
1.0423292887902853
1.0427642402598494
1.043190716523637
1.043190716523637
1.043190716523637
1.0433195878981585
1.0433195878981585
1.0433195878981585
1.0427671009240422
1.0427671009240422
1.0427671009240422
1.0427671009240422
1.0401111569828516
1.0401111569828516
1.0401111569828516
1.0403147772291332
1.0423252746930805
1.0423745511568705
1.0423745511568705
1.0423745511568705
1.0423745511568705
1.041635806975881
1.041635806975881
1.042332559379993
1.041391577747256
1.0415408994732829
1.0394375758416663
1.038878773863735
1.038878773863735
1.0397715835149741
1.0405630797390097
1.0405630797390097
1.0405630797390097
1.0405630797390097
1.0405630797390097
1.040314041026273
1.040314041026273
1.0399247990686897
1.0398357069462048
1.0398357069462048
1.0398357069462048
1.038451538779794
1.038451538779794
1.038451538779794
1.038451538779794
1.037787878246002
1.037787878246002
1.037787878246002
1.037787878246002
1.0388583681955137
1.0367135067683149
1.0348744537557684
1.0348744537557684
1.0352811691233756
1.0352811691233756
1.0352811691233756
1.0346670417498296
1.0346670417498296
1.0332498714230034
1.0332498714230034
1.036342235700188
1.036342235700188
1.036342235700188
1.036342235700188
1.036342235700188
1.036342235700188
1.036342235700188
1.036342235700188
1.036342235700188
1.036342235700188
1.0381061290147173
1.0369886447994516
1.0369886447994516
1.0369886447994516
1.0369886447994516
1.0369886447994516
1.0369886447994516
1.0369886447994516
1.0369886447994516
1.036523312648207
1.036523312648207
1.0354751584936923
1.0354751584936923
1.0388349058218127
1.0388353594383117
1.0388353594383117
1.0388353594383117
1.0388353594383117
1.0388353594383117
1.037528680301301
1.037528680301301
1.0373823086898535
1.0373823086898535
1.0373823086898535
1.0373823086898535
1.0373823086898535
1.0373823086898535
1.0373823086898535
1.0391338399310608
1.0391338399310608
1.0391338399310608
1.0391338399310608
1.037085457809836
1.0375309070138399
1.0375309070138399
1.0384136937343442
1.0385929550077198
1.0385929550077198
1.040967304717386
1.040967304717386
1.040967304717386
1.0422858633730225
1.0422858633730225
1.0422858633730225
1.0422858633730225
1.0422858633730225
1.0422858633730225
1.0422858633730225
1.0422858633730225
1.0415471540485168
1.0415471540485168
1.0415471540485168
1.0415471540485168
1.0415471540485168
1.0415471540485168
1.0415471540485168
1.0413058822079069
1.0413058822079069
1.0413058822079069
1.0413058822079069
1.040988797289212
1.040988797289212
1.040988797289212
1.040988797289212
1.040988797289212
1.0399630498337027
1.0399630498337027
1.0399630498337027
1.0393506912626638
1.040528156217051
1.040528156217051
1.0404083352655968
1.0404083352655968
1.0404083352655968
1.0417932868948416
1.0417932868948416
1.040372955999452
1.0386952346492409
1.0386952346492409
1.0387019546637106
1.0364873670984442
1.0364873670984442
1.0364099972803082
1.0350171118140012
1.0377320949713755
1.037593670702863
1.037593670702863
1.037899022913145
1.037899022913145
1.0359464918713284
1.0369108376100602
1.036466449305189
1.0357245307166203
1.0357245307166203
1.035549622429921
1.035549622429921
1.0369938885126375
1.037203180229367
1.037203180229367
1.0380243892746202
1.0380243892746202
1.0381817484293867
1.0381817484293867
1.0381817484293867
1.0388909360721525
1.0388909360721525
1.0388909360721525
1.039983052814937
1.0385959105870277
1.0385856471144432
1.0385856471144432
1.0385856471144432
1.0365271227941495
1.0369846059891321
1.0375410938310896
1.0375410938310896
1.0375410938310896
1.0375410938310896
1.0375410938310896
1.0375410938310896
1.0366284290671124
1.0340801174471235
1.0340801174471235
1.0340801174471235
1.03134075995872
1.0306972335403601
1.0306972335403601
1.0306972335403601
1.0309699639223557
1.0328036632496
1.0333597743665162
1.0333597743665162
1.0333597743665162
1.0335701507205224
1.0335701507205224
1.0335701507205224
1.0335701507205224
1.0335701507205224
1.0335701507205224
1.0335701507205224
1.0343175545478394
1.0343175545478394
1.0347294960145166
1.0347309420370963
1.0347309420370963
1.0368591298640977
1.0353802937685301
1.0353802937685301
1.0353802937685301
1.0353802937685301
1.0353802937685301
1.0353802937685301
1.0353802937685301
1.0346103169402494
1.0339669764976573
1.0339669764976573
1.0354318891794714
1.0322636564296042
1.0348623461117512
1.0348623461117512
1.0348623461117512
1.0345019229376953
1.0330498015193972
1.0336369708042135
1.0336369708042135
1.0336369708042135
1.0334274916976283
1.0334274916976283
1.0334274916976283
1.0328419527447539
1.0338753749736138
1.0338753749736138
1.0338753749736138
1.0335742584192225
1.0335742584192225
1.0315900992648182
1.0355551617546463
1.0355551617546463
1.0375554965893814
1.037967010797315
1.037967010797315
1.0385234667666594
1.0385234667666594
1.0385234667666594
1.038385738254659
1.0359333227769252
1.035746144299288
1.035746144299288
1.035746144299288
1.035746144299288
1.035746144299288
1.0356541920614293
1.0356541920614293
1.035869455203951
1.035869455203951
1.035869455203951
1.0334771790900377
1.0334771790900377
1.0350563195783105
1.036131167306183
1.036131167306183
1.036131167306183
1.036131167306183
1.036988110263976
1.036988110263976
1.036988110263976
1.036988110263976
1.0356104943403162
1.0348236866676745
1.0364618915399484
1.0364618915399484
1.0368324307332857
1.0369412989125344
1.0342875339107656
1.0342875339107656
1.034960593461906
1.0358854279849044
1.0358854279849044
1.0358854279849044
1.0358854279849044
1.0358854279849044
1.0358854279849044
1.034686497992555
1.0334664265195577
1.0345863211704975
1.0344442232792463
1.0344442232792463
1.0344442232792463
1.0344442232792463
1.0344442232792463
1.0344442232792463
1.0334318298835437
1.034175353159437
1.034175353159437
1.033753367924929
1.0332654847947824
1.0337787966935283
1.031245866669594
1.031245866669594
1.0309573278138737
1.03214609368254
1.03214609368254
1.03214609368254
1.03214609368254
1.03214609368254
1.0353624000723447
1.034481075704882
1.034481075704882
1.0353304242322217
1.0369336654237888
1.0369336654237888
1.0369336654237888
1.0369336654237888
1.0371109834876846
1.0378778293156754
1.0373256911700373
1.0349398929980953
1.0349398929980953
1.0367546508343592
1.0376906463884599
1.036107492007916
1.0347583899987916
1.0339851347794613
1.0339851347794613
1.0339851347794613
1.0354254062639392
1.0354254062639392
1.0354254062639392
1.0354254062639392
1.0376340025707014
1.0356471328726267
1.0356471328726267
1.0364994426790866
1.0364994426790866
1.0364994426790866
1.036547821798897
1.0369541143700105
1.0392480429885846
1.0392480429885846
1.0381446022144034
1.0380651279442652
1.0371787883493198
1.0371787883493198
1.0371787883493198
1.0371787883493198
1.0371787883493198
1.0330728411480783
1.0330728411480783
1.0335397357290588
1.0339817875670174
1.0361429996878972
1.0361429996878972
1.0361429996878972
1.0372796379940212
1.0372796379940212
1.0388555899978986
1.0408791586413766
1.040935883878099
1.040935883878099
1.040781172267255
1.0399102326620033
1.0399102326620033
1.0403062460938535
1.0412893268548833
1.040760938148014
1.0400603037197391
1.0400603037197391
1.0400603037197391
1.042397439346501
1.042397439346501
1.042397439346501
1.042397439346501
1.042397439346501
1.04269807144103
1.041515216599058
1.041515216599058
1.0394361089970279
1.0368583660545383
1.035976414893815
1.035976414893815
1.0334467153337703
1.0361858527535237
1.0361858527535237
1.0361858527535237
1.0361858527535237
1.0373674621507898
1.0380406845586305
1.038071160631682
1.038071160631682
1.0394333979737407
1.0394333979737407
1.0394333979737407
1.040551320253505
1.0402407826581255
1.0426302706145512
1.043191727557744
1.045851871234869
1.0415803496799152
1.0415803496799152
1.0434357805478895
1.0434357805478895
1.043139790921575
1.043026881796515
1.043026881796515
1.043026881796515
1.042764645744619
1.0411112394514794
1.041511960161045
1.040838350561385
1.040838350561385
1.0429664506432528
1.0429664506432528
1.0429664506432528
1.0429664506432528
1.0429664506432528
1.0429664506432528
1.0429664506432528
1.0429664506432528
1.0410906597784464
1.0401732091925424
1.0377633306651268
1.036684329853752
1.0364227808454531
1.03719986650595
1.0363812120546025
1.0333001514532192
1.0344093708971924
1.0344093708971924
1.0344093708971924
1.0344093708971924
1.0344093708971924
1.0344093708971924
1.0344093708971924
1.0344093708971924
1.0344093708971924
1.0344093708971924
1.0315284759092336
1.0315284759092336
1.0315284759092336
1.0315284759092336
1.0323719677866832
1.0323719677866832
1.0323719677866832
1.0323719677866832
1.0323719677866832
1.0323719677866832
1.0323719677866832
1.0327741991341381
1.0327741991341381
1.0317200812810574
1.0330311437059734
1.0330311437059734
1.0330311437059734
1.0330311437059734
1.033118268335886
1.0316839450819995
1.0316839450819995
1.0317816142737357
1.030230629688825
1.0310189336258893
1.029569263569399
1.029569263569399
1.0317061262739686
1.0317061262739686
1.0320586150626103
1.0320586150626103
1.0320586150626103
1.0338541082996706
1.0338541082996706
1.0338541082996706
1.0338541082996706
1.0338541082996706
1.0366925720300764
1.0344790488878168
1.0338168731328752
1.0338168731328752
1.0348605427083377
1.0369610485929834
1.0364231944704938
1.0364231944704938
1.0376453680305735
1.038061632983718
1.0357638692817481
1.0357638692817481
1.03738707562854
1.0374987058515999
1.0385236821919486
1.0385236821919486
1.0429037208649263
1.0429037208649263
1.0429037208649263
1.0419752596291028
1.0426519327865247
1.0426519327865247
1.0426519327865247
1.0426519327865247
1.0418908997762069
1.0392423596652505
1.0415150002616225
1.0400994705639388
1.0400994705639388
1.0400994705639388
1.0400994705639388
1.0400994705639388
1.0424999584292356
1.0424999584292356
1.0434107622659208
1.0406314342846306
1.039436103370769
1.0375340871897365
1.0375340871897365
1.0375340871897365
1.0366210371890876
1.0360115595013077
1.0350875827551362
1.0350875827551362
1.0350875827551362
1.0350875827551362
1.034869666367583
1.0328808024275373
1.0328808024275373
1.0347108684751922
1.0347108684751922
1.0347108684751922
1.034365105332295
1.034365105332295
1.034365105332295
1.0369870835755293
1.0369870835755293
1.0369870835755293
1.0369870835755293
1.0371259081679314
1.0371259081679314
1.0371259081679314
1.0371259081679314
1.0398881999861405
1.0417775203024568
1.0394558873947164
1.0394558873947164
1.0419068611399913
1.0419068611399913
1.0419068611399913
1.0419068611399913
1.0402443104450843
1.0402443104450843
1.039294836579859
1.039294836579859
1.0393636665420758
1.0374987341228772
1.037464322116724
1.040415494316102
1.040415494316102
1.0401179578487565
1.0401179578487565
1.0401179578487565
1.039427585375095
1.0399147222015375
1.0391998432426097
1.0391998432426097
1.0391998432426097
1.041443205634515
1.041443205634515
1.0416045869350683
1.0416045869350683
1.041877066441094
1.0436582122805662
1.0436582122805662
1.0436582122805662
1.0436582122805662
1.0412818450739245
1.0412818450739245
1.0398127519409535
1.0398127519409535
1.0398127519409535
1.0398127519409535
1.0369357462636706
1.0369357462636706
1.0369357462636706
1.035542872161145
1.035998644037404
1.03750170779429
1.03750170779429
1.03750170779429
1.03750170779429
1.0411455877743503
1.0411455877743503
1.0415451004448304
1.0415451004448304
1.035122561396907
1.035122561396907
1.035122561396907
1.036612197735737
1.036612197735737
1.0367419189512392
1.0354835899343926
1.0354835899343926
1.0362877279982472
1.036019120063924
1.036019120063924
1.036019120063924
1.036019120063924
1.036019120063924
1.036019120063924
1.0316932321996257
1.0316932321996257
1.0332954210038636
1.0332954210038636
1.0332954210038636
1.0332954210038636
1.032687153685287
1.0367802541584248
1.0367802541584248
1.036666803145728
1.0351507734311454
1.0351507734311454
1.0335450039465832
1.0335450039465832
1.0335450039465832
1.0363216788691578
1.036850113651289
1.0362358506862346
1.0362358506862346
1.0362358506862346
1.0362358506862346
1.0362358506862346
1.0358315423564897
1.0358315423564897
1.0369800730145946
1.0404772491495586
1.0404772491495586
1.0409784198978667
1.0386862165242876
1.0386862165242876
1.0386862165242876
1.0403513635137531
1.0403513635137531
1.040303448890688
1.0412260395427289
1.0412260395427289
1.0403122915468437
1.0403122915468437
1.0377470619224733
1.0377470619224733
1.0377470619224733
1.0377470619224733
1.0377470619224733
1.0388692628011562
1.0388692628011562
1.0388692628011562
1.0388692628011562
1.0388692628011562
1.0380627469552577
1.0380627469552577
1.037895437904217
1.0410988246908914
1.0419845804650272
1.0407620162526245
1.0427714666570422
1.0427714666570422
1.0443943423196997
1.0474664581265507
1.0474664581265507
1.0473519873061794
1.0473519873061794
1.0473519873061794
1.0473519873061794
1.0462654883102827
1.0455222386438616
1.0455222386438616
1.0448705552798485
1.0448705552798485
1.0398165523923462
1.0398165523923462
1.0403555746189086
1.0394110200372748
1.0394110200372748
1.039535592883453
1.039535592883453
1.039535592883453
1.0405201858648994
1.0405201858648994
1.0409035425954334
1.0434971122871128
1.0434971122871128
1.03975343114253
1.03975343114253
1.03975343114253
1.03975343114253
1.03975343114253
1.03975343114253
1.0401624791220232
1.0386262740301637
1.0398501256095023
1.0431578192107431
1.0428994101406488
1.039571611994765
1.0392540908229373
1.0392540908229373
1.0392540908229373
1.0392540908229373
1.0392540908229373
1.038299911690408
1.038299911690408
1.0370987422972795
1.0373550259784217
1.0373089209561928
1.0373089209561928
1.0373089209561928
1.0373089209561928
1.0373089209561928
1.0370646941269899
1.0387009666169464
1.0385238933076906
1.0385238933076906
1.0416188285720442
1.0416188285720442
1.0406204091355136
1.0406204091355136
1.0437848083305274
1.043191302337026
1.043191302337026
