0.973818927579577
0.973818927579577
0.973818927579577
0.973818927579577
0.973818927579577
0.973818927579577
0.973818927579577
0.973818927579577
0.973818927579577
0.973818927579577
0.973818927579577
0.973818927579577
0.973818927579577
0.973818927579577
0.973818927579577
0.973818927579577
0.973818927579577
0.973818927579577
0.973818927579577
0.973818927579577
0.973818927579577
0.973818927579577
0.973818927579577
0.973818927579577
0.973818927579577
0.973818927579577
0.973818927579577
0.973818927579577
0.973818927579577
0.973818927579577
0.973818927579577
0.973818927579577
0.973818927579577
0.973818927579577
0.973818927579577
0.973818927579577
0.973818927579577
0.973818927579577
0.973818927579577
0.973818927579577
0.973818927579577
0.973818927579577
0.973818927579577
0.973818927579577
0.973818927579577
0.973818927579577
0.973818927579577
0.973818927579577
0.973818927579577
0.973818927579577
0.973818927579577
0.973818927579577
0.973818927579577
0.973818927579577
0.973818927579577
0.973818927579577
0.973818927579577
0.973818927579577
0.973818927579577
0.973818927579577
0.973818927579577
0.973818927579577
0.973818927579577
0.973818927579577
0.973818927579577
0.973818927579577
0.973818927579577
0.973818927579577
0.973818927579577
0.973818927579577
0.973818927579577
0.973818927579577
0.973818927579577
0.973818927579577
0.973818927579577
0.973818927579577
0.973818927579577
0.973818927579577
0.973818927579577
0.973818927579577
0.973818927579577
0.973818927579577
0.973818927579577
0.973818927579577
0.973818927579577
0.973818927579577
0.973818927579577
0.973818927579577
0.973818927579577
0.973818927579577
0.973818927579577
0.973818927579577
0.973818927579577
0.973818927579577
0.973818927579577
0.973818927579577
0.973818927579577
0.973818927579577
0.973818927579577
0.9752773876754993
0.9752773876754993
0.9769184925911077
0.9769184925911077
0.979313125617624
0.979313125617624
0.979313125617624
0.979313125617624
0.9825164359396019
0.9825164359396019
0.9839006309300007
0.9839006309300007
0.9839006309300007
0.9839006309300007
0.9840197158800648
0.9840197158800648
0.9840197158800648
0.9840197158800648
0.9852315268702241
0.987189661743119
0.9897495043793514
0.9903994613510747
0.9903994613510747
0.9903994613510747
0.9903994613510747
0.9903994613510747
0.9938260604614566
0.9945852420664748
0.9945852420664748
0.9962969388366675
0.9962969388366675
1.0016040872080576
1.0018078515724609
1.0018078515724609
1.0045397089727763
1.0053014431737648
1.009089972646562
1.0099488517893054
1.0099488517893054
1.0099488517893054
1.011950787220046
1.011950787220046
1.016418416964511
1.01935834218431
1.01935834218431
1.01935834218431
1.01935834218431
1.026826905850302
1.026826905850302
1.026826905850302
1.0347400039912167
1.0355090439612347
1.0362734015570385
1.036948150967405
1.0383879975592452
1.0393680080568592
1.0428268224908859
1.0441091083325995
1.0441091083325995
1.0441091083325995
1.044371825138273
1.043833721231491
1.043833721231491
1.0474622683435326
1.0469305903875066
1.0469305903875066
1.0463864769868587
1.0463864769868587
1.0516698805105538
1.0518008755630524
1.0497613471488136
1.0497613471488136
1.050970968174252
1.050970968174252
1.050970968174252
1.050970968174252
1.050970968174252
1.0520042839768973
1.0524582374896934
1.0505955401437421
1.0505955401437421
1.0505955401437421
1.0498673402454137
1.0498673402454137
1.0498673402454137
1.05018103505052
1.05018103505052
1.05018103505052
1.0513669306912574
1.0493626778471208
1.0461606822039502
1.044774144866719
1.047102248050873
1.042803735958884
1.042803735958884
1.0434808259683583
1.0437025335602022
1.0429168039997703
1.0416363088137999
1.0416363088137999
1.0456467071453401
1.0456467071453401
1.0456979092692906
1.0461333063438627
1.0437102634370667
1.0446921057689889
1.0446921057689889
1.0446921057689889
1.0446921057689889
1.0446921057689889
1.0446921057689889
1.045710814839726
1.045710814839726
1.045710814839726
1.0469674584876454
1.0423872634039906
1.0440652644012232
1.0454425363125555
1.0429268367365416
1.0455842767942545
1.0455842767942545
1.0450685608325796
1.0450685608325796
1.0450685608325796
1.0450685608325796
1.0454093847540282
1.0454093847540282
1.0458235058229193
1.0458235058229193
1.0458235058229193
1.0458235058229193
1.0458235058229193
1.045006056269354
1.0426549160024905
1.0426549160024905
1.0426549160024905
1.0426549160024905
1.0426549160024905
1.0426549160024905
1.0436876089673615
1.0439453507544105
1.0421109287423864
1.0421109287423864
1.041430512922385
1.041430512922385
1.041430512922385
1.0390844589225021
1.0416742771367924
1.0416742771367924
1.0416742771367924
1.0431475913926025
1.0430208243328154
1.0430208243328154
1.0397689663874796
1.0401107797831652
1.0396760572947257
1.0394468594377386
1.0367409470535536
1.0367409470535536
1.0367409470535536
1.0388267119002121
1.0388267119002121
1.0395078113143543
1.039230948610189
1.039310044433141
1.0388591212185698
1.0388591212185698
1.0388591212185698
1.0410686033389311
1.0410686033389311
1.0416962943285462
1.0419090583034427
1.0419090583034427
1.0438412515407556
1.0425434688701323
1.0433069328628086
1.041752142374158
1.041752142374158
1.0417844993961196
1.0417844993961196
1.0460084232165283
1.0460084232165283
1.0460084232165283
1.0424289913631866
1.043053190512717
1.0423532362829881
1.0423532362829881
1.0423532362829881
1.0423532362829881
1.042084248454771
1.041304197867038
1.041304197867038
1.041304197867038
1.0427428649515889
1.0427428649515889
1.0427428649515889
1.0427428649515889
1.0422534677888267
1.0397783780356975
1.0397783780356975
1.0397783780356975
1.038797680739552
1.038797680739552
1.0398918849848027
1.0398918849848027
1.0398918849848027
1.0417391458068503
1.0417391458068503
1.0417391458068503
1.0417391458068503
1.0412710097639744
1.0412710097639744
1.0412710097639744
1.0412710097639744
1.0412710097639744
1.0412710097639744
1.0404546399838523
1.0396371693119963
1.0396371693119963
1.0396371693119963
1.0403585296939557
1.0403585296939557
1.0396944338253733
1.0396944338253733
1.0415540294020789
1.0415540294020789
1.0453217944781137
1.0453460847250584
1.0427879671866296
1.0427879671866296
1.043671584820694
1.043671584820694
1.043671584820694
1.0419304753092296
1.0419304753092296
1.045304581020143
1.0455769695283572
1.0455769695283572
1.0412080623350255
1.0401003051029303
1.0401003051029303
1.0392696662365686
1.040790027390462
1.040790027390462
1.0418086477010193
1.0418086477010193
1.0383600640703925
1.0404567634968576
1.0404567634968576
1.0404567634968576
1.038574966028105
1.0399774209311106
1.0399774209311106
1.0399774209311106
1.0399774209311106
1.0387360756784032
1.034488700592561
1.0384266804518032
1.0384266804518032
1.0394643896320794
1.0394643896320794
1.038754279047972
1.0393640369452577
1.0393640369452577
1.0394537965601256
1.0405629666480953
1.0361665908694901
1.0361665908694901
1.0376282582677865
1.0376282582677865
1.0376282582677865
1.0376282582677865
1.0376282582677865
1.0376282582677865
1.0376282582677865
1.0376282582677865
1.0376282582677865
1.0389707848022203
1.0390228249488167
1.0389881460258072
1.0375885595156125
1.0375354660172158
1.0375354660172158
1.0375354660172158
1.0366974297348517
1.0360375851069272
1.0360375851069272
1.0360375851069272
1.0360375851069272
1.0367514066532675
1.0367514066532675
1.0367514066532675
1.0367514066532675
1.0367514066532675
1.0342721267009196
1.0342721267009196
1.0342721267009196
1.0338367879637507
1.0368774041760236
1.039271637874705
1.039271637874705
1.0402559866524725
1.0402559866524725
1.0402559866524725
1.0418235000953882
1.0403275695060168
1.0405020937969176
1.0397944261022705
1.0397944261022705
1.0394780550864766
1.0397800152369456
1.0397800152369456
1.0397800152369456
1.0397800152369456
1.039136917272755
1.039136917272755
1.039136917272755
1.039136917272755
1.039136917272755
1.039136917272755
1.039136917272755
1.039136917272755
1.039136917272755
1.039136917272755
1.038278952431346
1.038278952431346
1.038278952431346
1.0370239968141075
1.0368848727202031
1.034453602385418
1.034453602385418
1.034453602385418
1.034453602385418
1.034453602385418
1.0344986501857005
1.0344986501857005
1.0344986501857005
1.0344986501857005
1.0340922036217464
1.0340922036217464
1.0369916170115718
1.0336131666261337
1.0344885331874059
1.0342604849538402
1.0342604849538402
1.0316051029529052
1.0316051029529052
1.0321117975333352
1.0321117975333352
1.0321117975333352
1.0318535800245472
1.0332535906266707
1.0332535906266707
1.0332535906266707
1.0332535906266707
1.0332535906266707
1.0319568773601862
1.0341601056533354
1.0341601056533354
1.0341601056533354
1.0341601056533354
1.0341601056533354
1.0348936467011098
1.0366618831377554
1.0348867912847246
1.0348867912847246
1.0348867912847246
1.0348867912847246
1.0348867912847246
1.0347253612185676
1.0347253612185676
1.0347253612185676
1.0358813530617723
1.035978873064127
1.035978873064127
1.034766741491201
1.034766741491201
1.034766741491201
1.0350222390442285
1.0350222390442285
1.0335601218435306
1.0330075597635977
1.03710336486162
1.03710336486162
1.0380742588157008
1.035952278084971
1.035952278084971
1.035952278084971
1.0356575503148555
1.0335749829478709
1.0335749829478709
1.0335749829478709
1.0339932315938154
1.0346328991273939
1.0341803567536336
1.0352819993424238
1.0328885932684977
1.0328885932684977
1.0328885932684977
1.035355195983517
1.0370406442564006
1.0393456989294907
1.0393456989294907
1.0394395687430538
1.0394395687430538
1.0396322782805372
1.0402901431605796
1.0402901431605796
1.0407456242757072
1.0407456242757072
1.0407456242757072
1.036086832863924
1.036086832863924
1.040114136709865
1.039926589327636
1.039926589327636
1.0412699653177186
1.0412699653177186
1.0412699653177186
1.0379369851613367
1.0373199275820768
1.0372643584483616
1.0381005563059438
1.0414693322591455
1.0414693322591455
1.0360529721614407
1.0360529721614407
1.0360529721614407
1.0365092449374889
1.0360810850302917
1.033860055143888
1.035975477965872
1.035975477965872
1.035975477965872
1.0355307794834028
1.0355307794834028
1.0355307794834028
1.0355307794834028
1.0355307794834028
1.0355307794834028
1.034994365330626
1.037230305115918
1.037230305115918
1.037230305115918
1.037230305115918
1.037230305115918
1.037230305115918
1.037230305115918
1.035578714425607
1.035578714425607
1.035578714425607
1.035578714425607
1.035578714425607
1.035578714425607
1.0392484417405528
1.0411303843149158
1.0411303843149158
1.0411303843149158
1.0418657637766833
1.0418657637766833
1.0386925420695376
1.0386903320724064
1.0381257108844055
1.0379606671527715
1.0379606671527715
1.0379606671527715
1.0379606671527715
1.0379606671527715
1.0390692121845448
1.0390692121845448
1.0390744577410778
1.0380170382991796
1.0380170382991796
1.0380170382991796
1.0380170382991796
1.0409356729900525
1.0409356729900525
1.0409356729900525
1.0428124163491095
1.0428124163491095
1.0434776996109418
1.0430560485711924
1.0457866772787758
1.0457866772787758
1.0457866772787758
1.0436292330712174
1.0409539516524888
1.0409539516524888
1.0440780526640232
1.0440780526640232
1.043235690481357
1.0438822559606042
1.0415123440231726
1.0415123440231726
1.0415123440231726
1.0415123440231726
1.0415123440231726
1.0415123440231726
1.0415123440231726
1.0415123440231726
1.0415123440231726
1.0415123440231726
1.043352662519954
1.043352662519954
1.044034360164647
1.0423455404690818
1.0425642486966833
1.0425642486966833
1.0425642486966833
1.0425642486966833
1.0425642486966833
1.0454997774020818
1.0426104406740768
1.044714423725227
1.044714423725227
1.0451270847424823
1.0451270847424823
1.046411389949157
1.046411389949157
1.046411389949157
1.045576819188251
1.045576819188251
1.045576819188251
1.045576819188251
1.0454260973792118
1.0477575377637642
1.0493032136065046
1.0493032136065046
1.0515906435578095
1.0515906435578095
1.0515906435578095
1.0515906435578095
1.0515906435578095
1.0460554234708215
1.0460554234708215
1.0460554234708215
1.0460554234708215
1.0460554234708215
1.0460554234708215
1.0460554234708215
1.0442161694280396
1.0442161694280396
1.0442161694280396
1.0442161694280396
1.0454226041035604
1.0454226041035604
1.043842058344036
1.0400502417018156
1.0388486593841986
1.0371276575558488
1.0366622513230672
1.0383492741403564
1.0383492741403564
1.0383492741403564
1.0383492741403564
1.0385390475128045
1.0384663996317791
1.0384663996317791
1.0400315441878378
1.0400315441878378
1.0400315441878378
1.0400315441878378
1.0392616289145247
1.0392616289145247
1.0375756963793106
1.0374001969928628
1.0344813169510843
1.0344813169510843
1.0344813169510843
1.0344813169510843
1.0344813169510843
1.0344813169510843
1.0344813169510843
1.035365382842495
1.0355174223482042
1.0355174223482042
1.040886075246103
1.040886075246103
1.040886075246103
1.041102350741823
1.0383335247014671
1.0383335247014671
1.0370324601017697
1.0370324601017697
1.0370324601017697
1.0370324601017697
1.0370324601017697
1.0370324601017697
1.0346680512126136
1.03571730506029
1.03571730506029
1.0373383199564863
1.0373383199564863
1.0373383199564863
1.0373383199564863
1.0373383199564863
1.0365469607670665
1.0365469607670665
1.0352649974069583
1.0353895409386586
1.0358641851263126
1.0359725025962223
1.0359725025962223
1.0359127014003293
1.0359127014003293
1.0359127014003293
1.0359127014003293
1.0340453470486108
1.0340453470486108
1.0312844051900598
1.0312844051900598
1.0312844051900598
1.0312844051900598
1.0316007621309922
1.0316007621309922
1.0336258914934644
1.0355869082196194
1.0366571860583587
1.0366571860583587
1.0366571860583587
1.0350530709134962
1.0350530709134962
1.0350530709134962
1.0350530709134962
1.0325594139289653
1.033836229756017
1.0342960504306782
1.0342960504306782
1.0342960504306782
1.0364502046387474
1.037680885892824
1.037680885892824
1.037680885892824
1.037680885892824
1.0393157499495898
1.0392679076139668
1.0392679076139668
1.0424149687939779
1.0424149687939779
1.0417666638847796
1.041688445827635
1.038899558321862
1.038899558321862
1.0378242998648886
1.0379719837824657
1.0381808407752176
1.0415512625490246
1.0415512625490246
1.0415512625490246
1.0409231378237596
1.0409231378237596
1.039607760518755
1.0393197607542597
1.0387039640157198
1.0387039640157198
1.0387039640157198
1.038287131753597
1.038287131753597
1.038287131753597
1.038287131753597
1.0382088246413195
1.0382088246413195
1.0376400838226367
1.0382107209961766
1.0382107209961766
1.0353622689003354
1.0353622689003354
1.0398198306713249
1.0398198306713249
1.0398198306713249
1.0379212222869247
1.0379212222869247
1.0392771480347707
1.0392771480347707
1.040489730985428
1.040489730985428
1.042500424320267
1.042548099703778
1.0421947393483055
1.0421947393483055
1.0421947393483055
1.0421947393483055
1.0405790030694337
1.0405790030694337
1.0405790030694337
1.0405790030694337
1.0405772885031863
1.040822949979157
1.040822949979157
1.0404719788086731
1.0361419575012467
1.0378429461384548
1.0389177839010364
1.0389177839010364
1.0389177839010364
1.0403805720784856
1.0395141021409675
1.0395141021409675
1.0397377371930867
1.0397377371930867
1.0372225291136392
1.0372225291136392
1.0372225291136392
1.0372225291136392
1.0372225291136392
1.0352362580755863
1.0352362580755863
1.0352362580755863
1.0352362580755863
1.0323164456779006
1.0323164456779006
1.0323164456779006
1.0323164456779006
1.0330998259620314
1.0330998259620314
1.0330998259620314
1.0330998259620314
1.034983756713649
1.034983756713649
1.0340855639016993
1.0340855639016993
1.0325741624528044
1.0322943027366418
1.0322943027366418
1.0334848216164483
1.0334848216164483
1.0334848216164483
1.0355824678553525
1.0358360754569669
1.0358360754569669
1.0374653288224998
1.0374653288224998
1.0352959241428925
1.0352959241428925
1.0338702606614445
1.0338702606614445
1.0353424617988458
1.0364781446759612
1.032906823574969
1.032906823574969
1.032906823574969
1.034850486621402
1.0344249070331313
1.0344249070331313
1.0344249070331313
1.0344249070331313
1.036702775534531
1.0370940958776544
1.038686012183062
1.0368946872251024
1.0368946872251024
1.0372548671846262
1.0372548671846262
1.0365374453335534
1.0365374453335534
1.0365374453335534
1.0358954413749601
1.0358954413749601
1.0358954413749601
1.0361581777913977
1.037139073922399
1.0393637775820634
1.0414628365738576
1.038752797932627
1.038752797932627
1.0393938846268238
1.0388908996917792
1.0388908996917792
1.0388908996917792
1.0388908996917792
1.0388908996917792
1.0424901311389516
1.0424901311389516
1.0424901311389516
1.0424901311389516
1.0424901311389516
1.0392171823576004
1.0392171823576004
1.0392171823576004
1.0392171823576004
1.0392171823576004
1.0392171823576004
1.0392171823576004
1.042034702918258
1.042034702918258
1.041934037698849
1.041900554204096
1.0419561751318327
1.0419561751318327
1.040388785386638
1.040388785386638
1.0407952155362592
1.0382995152118681
1.0382995152118681
1.0382795057223144
1.040232797428968
1.040232797428968
1.041137006022637
1.043285464271239
1.043285464271239
1.0433696461208066
1.0433696461208066
1.0433696461208066
1.0440317791019096
1.0440317791019096
1.0443250257604657
1.0443250257604657
1.0443250257604657
1.0439222506713128
1.0439222506713128
1.0439222506713128
1.0424252197531276
1.0424252197531276
1.0424252197531276
1.0424252197531276
1.0424252197531276
1.0424252197531276
1.0431254583569358
1.0431254583569358
1.0431254583569358
1.0431254583569358
1.043838382660873
1.043838382660873
1.0446728395730303
1.0446728395730303
1.0446728395730303
1.0446728395730303
1.0446728395730303
1.0446728395730303
1.0446728395730303
1.0445372483890432
1.0445372483890432
1.0445372483890432
1.0445372483890432
1.0445608714640204
1.0427743233584152
1.0383799760947086
1.0383799760947086
1.0383799760947086
1.0378046619248615
1.0378046619248615
1.0396505010659938
1.037833360479846
1.0404001037106514
1.0404001037106514
1.0394425766110609
1.0374006460578096
1.0378901463919676
1.0378901463919676
1.036768713029602
1.036768713029602
1.036768713029602
1.036768713029602
1.036768713029602
1.036768713029602
1.0366377929759032
1.035033583141265
1.035033583141265
1.035033583141265
1.035033583141265
1.035033583141265
1.035033583141265
1.0368458357749133
1.0368458357749133
1.0368458357749133
1.0362508810400686
1.0362508810400686
1.0388620976651937
1.0388620976651937
1.0359895086150437
1.0355908290795475
1.0355908290795475
1.0355908290795475
1.0355908290795475
1.0355908290795475
1.0355908290795475
1.0355908290795475
1.0323441964474875
1.0348548636881505
1.0348548636881505
1.0348548636881505
1.0348548636881505
1.0350807066235441
1.0350807066235441
1.037401006483797
1.037401006483797
1.037401006483797
1.037401006483797
1.037401006483797
1.0373578207272869
1.0373578207272869
1.0373578207272869
1.0373578207272869
1.0373578207272869
1.0373578207272869
1.0373578207272869
1.0352874562414323
1.0352874562414323
1.0377681714898914
1.0377681714898914
1.0377681714898914
1.0377133905704818
1.0387862180894332
1.0387862180894332
1.0387862180894332
1.0387862180894332
1.0387862180894332
1.0414734953637823
1.0414734953637823
1.0405773508549356
1.0409323948641132
1.0415810795249756
1.0415810795249756
1.042369075686862
1.0428618184917195
1.0428618184917195
1.0406849534492904
1.0394863386618969
1.0360378370410217
1.0373589044752711
1.0359236777834375
1.0363296427744741
1.0363296427744741
1.0363296427744741
1.0361055858764456
1.0361055858764456
1.0361055858764456
1.0347324658272858
1.0347324658272858
1.0347324658272858
1.0347324658272858
1.0347324658272858
1.0347324658272858
1.0347324658272858
1.0347324658272858
1.0347324658272858
1.0347324658272858
1.0347324658272858
1.0347324658272858
1.0347324658272858
1.0347324658272858
1.0348699296609647
1.033269790556892
1.0313359582194481
1.0313359582194481
1.0313359582194481
1.0338657842208054
1.0336361890300594
1.0336361890300594
1.0336361890300594
1.0336361890300594
1.032149922091483
1.032149922091483
1.032149922091483
1.032149922091483
1.032149922091483
1.032149922091483
1.032149922091483
1.032149922091483
1.032149922091483
1.033347851499129
1.033347851499129
1.033347851499129
1.033347851499129
1.0356102615177654
1.0356102615177654
1.0356102615177654
1.0356102615177654
1.0356102615177654
1.0353946028379901
1.0359342826820699
1.0359342826820699
1.0365421547564189
1.0365421547564189
1.0365421547564189
1.038006371132956
1.037866170365552
1.0364912532697872
1.036952165618761
1.036952165618761
1.0384532377152398
1.0384532377152398
1.0392966171582434
1.0392966171582434
1.0392966171582434
1.0392966171582434
1.0392966171582434
1.0392966171582434
1.0392966171582434
1.0392966171582434
1.0396301826276884
1.0376228952554718
1.0376228952554718
1.0376228952554718
1.0376228952554718
1.0376228952554718
1.0376228952554718
1.0376228952554718
1.0391102661711058
1.0391102661711058
1.0391102661711058
1.0391102661711058
1.0386538916721197
1.0386538916721197
1.0382323536073792
1.0392721018990188
1.0388279205702073
1.0388279205702073
1.0388279205702073
1.0388279205702073
1.0388279205702073
1.0395450724851205
1.0395450724851205
1.0380409566346676
1.0359149097835163
1.0359149097835163
1.0391494677249675
1.0391494677249675
1.0391494677249675
1.0391494677249675
1.0373249369368696
1.0373249369368696
1.0369024911668896
1.0369024911668896
1.0379302477792265
1.0379302477792265
1.0393355215626592
1.0414258591425525
1.0380050758556396
1.0380050758556396
1.0380050758556396
1.0380050758556396
1.0408819592190244
1.0385584898548088
1.0385584898548088
1.0383923554146404
1.0382209873625414
1.0382209873625414
1.0377716552377585
1.0370723957944956
1.0357802832878387
1.0357802832878387
1.0378536514670098
1.0378536514670098
1.0378536514670098
1.0375811959978314
1.0375811959978314
1.0375811959978314
1.0375811959978314
1.0369824695443681
1.0372111285307262
1.0345390776779517
1.0345390776779517
1.0362645090827933
1.0362645090827933
1.0362645090827933
1.0370975749073286
1.0370975749073286
1.0371487905734353
1.0359424415140368
1.038495656693634
1.038495656693634
1.038495656693634
1.038495656693634
1.0374935423985199
1.0374935423985199
1.0357096408167277
1.0357096408167277
1.0357096408167277
1.0376600213011233
1.0376600213011233
1.036395594148263
1.0356452052540688
1.0323648110634052
1.0323229970258583
1.0336995290658886
1.0336995290658886
1.0336995290658886
1.0336995290658886
1.0336995290658886
1.0336995290658886
1.0333089681032035
1.0333313416961347
1.0332280472012838
1.0332280472012838
1.030997727063812
1.030997727063812
1.030997727063812
1.030997727063812
1.0303204893713331
1.0303204893713331
1.0303204893713331
1.0303204893713331
1.0282400282816893
1.0283723800347826
1.0280875005792982
1.0287801554693066
1.0272837037576836
1.0272837037576836
1.0272837037576836
1.0272837037576836
1.0273372786083603
1.0273372786083603
1.0273372786083603
1.0273372786083603
1.0250741341315273
1.025715049718661
1.0255739179119858
1.0255739179119858
1.0255739179119858
1.026503587173208
1.026503587173208
1.0271437052202594
1.0284798023220925
1.0284798023220925
1.0284798023220925
1.028859295791383
1.028859295791383
1.028859295791383
1.028859295791383
1.028859295791383
1.028859295791383
1.028859295791383
1.0284830134862644
1.0320088359668096
1.0320088359668096
1.0320088359668096
1.0320088359668096
1.0323166954899494
1.0323166954899494
1.031524555751676
1.031524555751676
1.031524555751676
1.0352816181892845
1.0352816181892845
1.0352816181892845
1.0363790475193346
1.0363790475193346
1.0353563720445682
1.0352201252154152
1.0352201252154152
1.0352201252154152
1.0352201252154152
1.0352201252154152
1.0352201252154152
1.0326096483417164
1.0326096483417164
1.0326096483417164
1.0340053034542251
1.0303262380424287
1.0315656201043253
1.031539677336659
1.031539677336659
1.031539677336659
1.031539677336659
1.0338582789401698
1.035091983954238
1.035091983954238
1.035091983954238
1.035091983954238
1.036604943132791
1.036604943132791
1.036604943132791
1.036604943132791
1.0363315159252584
1.0363315159252584
1.0363315159252584
1.0384254335524572
1.0384254335524572
1.0384254335524572
1.0384254335524572
1.0384254335524572
1.0388238882131964
1.0389698256139834
1.0389698256139834
1.0389698256139834
1.0374498676849828
1.0374498676849828
1.0373239461585684
1.0383601635122386
1.0383601635122386
1.0383601635122386
1.0361371997015199
1.036932357360928
1.036932357360928
1.036932357360928
1.0383233672589274
1.0383233672589274
1.0383233672589274
1.0383233672589274
1.0383233672589274
1.0381973019112896
1.0362652845940263
1.0362652845940263
1.0362652845940263
1.0362652845940263
1.0365519513104757
1.0370361234713619
1.0370752341851954
1.0370752341851954
1.0370752341851954
1.0370752341851954
1.0370752341851954
1.034882425780793
1.034882425780793
1.034882425780793
1.034882425780793
1.034019978869757
1.0385727413843975
1.0385727413843975
1.0385727413843975
1.0397990022820027
1.0397990022820027
1.0397990022820027
1.0397990022820027
1.0373182631553384
1.036656964600947
1.0388515496278243
1.0374085345361908
1.0389515503359272
1.0389515503359272
1.0389515503359272
1.0389515503359272
1.0389515503359272
1.0366778290797916
1.0371920233897798
1.0384066871698836
1.038299623203561
1.038587579310288
1.0395665807117154
1.0395665807117154
1.040810948024537
1.0376641108836915
1.0376641108836915
1.0376641108836915
1.0380265947463434
1.0406352569752957
1.0379280020462434
1.0379280020462434
1.0386715634190848
1.0375785290402113
1.037536029390132
1.037536029390132
1.037536029390132
1.0393271267140687
1.0393271267140687
1.0393271267140687
1.0364284894462048
1.0364284894462048
1.0358161261401055
1.0357767703448935
1.0357767703448935
1.0357767703448935
1.0340757474332871
1.0345025351658768
1.0346825177863996
1.0326194304302299
1.0315134293400028
1.0315901839177701
1.0315901839177701
1.0315901839177701
1.0315901839177701
1.0330636537979265
1.0336378204729066
1.0314750273500963
1.0338469236913352
1.034747930529858
1.0351963654080345
1.0351963654080345
1.0351963654080345
1.0351963654080345
1.0344634756457611
1.0332739827157646
1.0299236674841235
1.0299236674841235
1.0299236674841235
1.0305770439421469
1.0327012438087775
1.0327012438087775
1.0327012438087775
1.0316253512547644
1.0316779599197468
1.0316779599197468
1.0316779599197468
1.03066854831855
1.03066854831855
1.0313159185532135
1.0331501832234105
1.0349538205156852
1.0349538205156852
1.0349538205156852
1.0350837031343874
1.0350837031343874
1.0350837031343874
1.0350837031343874
1.0329943283580119
1.034588406245241
1.034588406245241
1.0329463129767513
1.035096957841802
1.035096957841802
1.0341317952465585
1.0341317952465585
1.033430212425913
1.0329803547194099
1.0329803547194099
1.0334891981215926
1.0334891981215926
1.0328683219944668
1.0360712398546106
1.0355247861611152
1.0355247861611152
1.0355247861611152
1.0355247861611152
1.0364742778363811
1.036058002514866
1.036058002514866
1.034841837187479
1.034841837187479
1.034841837187479
1.0331977874365927
1.0331977874365927
1.0367207989790936
1.0358356825187196
1.0358356825187196
1.0358356825187196
1.0357298084096553
1.0379087569115453
1.0379669628391102
1.0380018900373367
1.0380018900373367
1.0380018900373367
1.0374811207920323
1.0374811207920323
1.0357611810360836
1.0357611810360836
1.0357611810360836
1.0356586656515274
1.0356586656515274
1.0359353908428635
1.0359353908428635
1.0359353908428635
1.0354364508246037
1.0360509225883958
1.036411246733315
1.036411246733315
1.036411246733315
1.036411246733315
1.036411246733315
1.036411246733315
1.036411246733315
1.036411246733315
1.03556102320282
1.0370822722566377
1.0383056573493543
1.0383056573493543
1.0408581009720725
1.0408581009720725
1.0408581009720725
1.0408581009720725
1.0394131159797184
1.0361025567141988
1.0361025567141988
1.0361025567141988
1.0361025567141988
1.0361025567141988
1.0361025567141988
1.036670497679715
1.036670497679715
1.036670497679715
1.036670497679715
1.036670497679715
1.036670497679715
1.036670497679715
1.036670497679715
1.036670497679715
1.037021246669079
1.0361224720382602
1.0361224720382602
1.035286770801929
1.0346665385824572
1.0346665385824572
1.0364040091732316
1.0341969371439281
1.0341969371439281
1.0358538531102541
1.0358538531102541
1.0358538531102541
1.0358538531102541
1.0372860497388174
1.0365592526115759
1.035929401270847
1.0365201096586163
1.0365201096586163
1.035830849772271
1.035830849772271
1.035830849772271
1.0364593526875043
1.0382239138298248
1.0382239138298248
1.0382239138298248
1.0382239138298248
1.0358523992041615
1.0358523992041615
1.0358523992041615
1.0358523992041615
1.0317193552327553
1.0317193552327553
1.0319762340473773
1.0319762340473773
1.0345417127019345
1.0341045567023746
1.0341045567023746
1.0341045567023746
1.0341045567023746
1.0334411460314914
1.0347741516422893
1.0347741516422893
1.0347741516422893
1.0341017035431208
1.0341017035431208
1.034128310854265
1.034128310854265
1.0345622901867801
1.0345622901867801
1.0345622901867801
1.0331172035515643
1.0331172035515643
1.0334404221683318
1.0334404221683318
1.0334404221683318
1.0334404221683318
1.0334404221683318
1.0334404221683318
1.0361928351444174
1.0361928351444174
1.0361928351444174
1.0361928351444174
1.0361928351444174
1.0345468985688941
1.0342379892357474
1.0342379892357474
1.033181129397087
1.029783438846233
1.029783438846233
1.0304843206992047
1.0304843206992047
1.0304843206992047
1.0320293398966969
1.0320293398966969
1.0316454199475522
1.0316454199475522
1.0348613952960621
1.0348613952960621
1.0348613952960621
1.0348613952960621
1.0348613952960621
1.0348613952960621
1.0336083816631945
1.0336083816631945
1.0360780107675598
1.0371716176234405
1.0371716176234405
1.0371716176234405
1.0371716176234405
1.0371716176234405
1.0371716176234405
1.0374631075885223
1.0374631075885223
1.03434339374434
1.0340100495657447
1.0340100495657447
1.0340100495657447
1.0340100495657447
1.0340100495657447
1.0340100495657447
1.0340100495657447
1.035138402587929
1.035138402587929
1.035138402587929
1.035138402587929
1.0398456146772705
1.0362123346547298
1.036359445101184
1.036359445101184
1.036359445101184
1.034754266376049
1.034754266376049
1.034754266376049
1.034754266376049
1.0361151412748837
1.041185545545672
1.0409590679851273
1.0409590679851273
1.0409590679851273
1.0409590679851273
1.0409590679851273
1.0409590679851273
1.0409590679851273
1.0409590679851273
1.04117019140608
1.0390922872933617
1.0390922872933617
1.0390922872933617
1.0390922872933617
1.0419081096333824
1.0420147353474403
1.0420147353474403
1.0402722030741387
1.0402722030741387
1.0422025819996348
1.0422025819996348
1.041504519324551
1.041504519324551
1.0384508420916265
1.038906809398618
1.0390911383425159
1.0395973408279215
1.0395973408279215
1.0395973408279215
1.0377023571637372
1.0387543423544652
1.0400319858177238
1.039394936922368
1.039394936922368
1.039394936922368
1.039394936922368
1.039394936922368
1.0377839188068387
1.0384365955240067
1.0383504842028177
1.0383504842028177
1.0383504842028177
1.0396663249452385
1.0396663249452385
1.0396663249452385
1.0396663249452385
1.0380377371623997
1.0380377371623997
1.0380377371623997
1.0376968714971893
1.0376968714971893
1.0376968714971893
1.0376968714971893
1.0406127504009195
1.0406127504009195
1.0406127504009195
1.0382685415608046
1.0387579094555632
1.0369205679275646
1.0396809043535415
1.038699902074878
1.0394674570856968
1.0400388467134185
1.0400388467134185
1.038693056074773
1.038693056074773
1.0388805472894247
1.037650346148685
1.037650346148685
1.037650346148685
1.037650346148685
1.037650346148685
1.037650346148685
1.037650346148685
1.037650346148685
1.037650346148685
1.037650346148685
1.037650346148685
1.037650346148685
1.037650346148685
1.0373553035878162
1.038098428977836
1.0352386654666492
1.0352386654666492
1.0352386654666492
1.0352386654666492
1.0335979109182163
1.0369091632371505
1.0360734869139694
1.0360734869139694
1.03576436619141
1.035127468464102
1.0334812219188516
1.0334812219188516
1.0325233718837463
1.0332536687402123
1.0332536687402123
1.0332536687402123
1.0331466268749334
1.0337614509596
1.0337614509596
1.0337614509596
1.032305494184216
1.032305494184216
1.0354497006581398
1.0354497006581398
1.0354497006581398
1.0370986606863468
1.0370986606863468
1.0370986606863468
1.0376538574780116
1.0382811592041414
1.0382811592041414
1.0368480317976967
1.0362620746562072
1.0362620746562072
1.0355668076048572
1.0370070792486417
1.0370070792486417
1.0386113586602754
1.0386113586602754
1.0386113586602754
1.0386113586602754
1.0386113586602754
1.0386113586602754
1.0386113586602754
1.0386113586602754
1.0386113586602754
1.0386113586602754
1.0386113586602754
1.0386490592157422
1.0388069797548383
1.0388069797548383
1.0390323590547954
1.0390996192056747
1.0390996192056747
1.0390025148157462
1.039691942190974
1.039691942190974
1.039691942190974
1.038421632012578
1.038421632012578
1.038421632012578
1.038421632012578
1.0377762663510195
1.0377762663510195
1.0377762663510195
1.0396108975139908
1.0396108975139908
1.040367719279053
1.040528481679664
1.041647944826788
1.041647944826788
1.041647944826788
1.0409145988964514
1.0409145988964514
1.0409145988964514
1.0409145988964514
1.0386477664577294
1.0386477664577294
1.0373835850423363
1.0373835850423363
1.0373835850423363
1.0372340404446023
1.0372340404446023
1.0361888430421748
1.0360199296640922
1.0360199296640922
1.0348258919915305
1.0352803060180253
1.0352803060180253
1.0352803060180253
1.0361146219871034
1.0361146219871034
1.0361146219871034
1.0361146219871034
1.036298123633548
1.036298123633548
1.036298123633548
1.0327034889257298
1.0308934178946079
1.0308934178946079
1.0299992778039433
1.0340662007419699
1.0344790653981484
1.0315104497300673
1.0315104497300673
1.0295128298099674
1.0303141747920461
1.0303141747920461
1.0300329979886838
1.032826992855436
1.0340079781979776
1.0328348146706372
1.036579584136456
1.035977484536001
1.035977484536001
1.035977484536001
1.0352652673575438
1.0355580418966044
1.0355580418966044
1.0376809988480677
1.0376809988480677
1.0366454035091663
1.038591533494554
1.038591533494554
1.038591533494554
1.0399572619863497
1.0399572619863497
1.0401607131691637
1.0401607131691637
1.0390709499850102
1.0390709499850102
1.0390709499850102
1.0390709499850102
1.0372538572998187
1.0371088307758731
1.0371088307758731
1.036237571792593
1.0356628494153943
1.0361557068614242
1.0353433059703598
1.0353433059703598
1.0353433059703598
1.0353433059703598
1.0361513335446673
1.0365663995268193
1.0365663995268193
1.0365571493463408
1.0367220657555851
1.0367220657555851
1.036055612940929
1.036055612940929
1.0349733829690877
1.0349733829690877
1.035243926279073
1.0349968610396685
1.0349968610396685
1.0349968610396685
1.0349968610396685
1.0349968610396685
1.0337352370353081
1.035617674952887
1.0373445994090433
1.0352385853860382
1.0352385853860382
1.0352385853860382
1.037421739218774
1.037421739218774
1.037421739218774
1.037421739218774
1.037421739218774
1.0389747438665256
1.0389747438665256
1.039309617384931
1.0396873970209044
1.0399510919680093
1.0399510919680093
1.0399510919680093
1.0400494111144993
1.0400494111144993
1.0400494111144993
1.0424930493573576
1.0400318212786155
1.0379428106032453
1.0379428106032453
1.0366541076687261
1.0365558381845519
1.0365558381845519
1.0365558381845519
1.0365558381845519
1.0365069640938325
1.0381618676783195
1.0381618676783195
1.0366383284256633
1.0366383284256633
1.0356815149146599
1.0356815149146599
1.0356815149146599
1.0356815149146599
1.0356815149146599
1.0370009428643703
1.0370009428643703
1.0379342940865368
1.0379342940865368
1.0366314503968217
1.0366314503968217
1.0366314503968217
1.0366314503968217
1.0377815414554652
1.0385257973010849
1.0385257973010849
1.041425170376106
1.0401792595934896
1.0401792595934896
1.038823412723737
1.038823412723737
1.041727275648585
1.041801694376054
1.041801694376054
1.041801694376054
1.0425904539665773
1.0425904539665773
1.0413506360562497
1.0424531906819237
1.0424531906819237
1.0424531906819237
1.0424531906819237
1.0429386159848077
1.0429386159848077
1.0429386159848077
1.041930177858848
1.038972600189188
1.038972600189188
1.038972600189188
1.038972600189188
1.038972600189188
1.0399060198618384
1.0399060198618384
1.03917465226567
1.03917465226567
1.039646839519916
1.0391708437931837
1.0391708437931837
1.0391708437931837
1.0391708437931837
1.0391708437931837
1.0391708437931837
1.0407747898429343
1.0407747898429343
1.040721806942226
1.0391602456951927
1.0391102756655308
1.0391102756655308
1.0391102756655308
1.0397153582951602
1.0397153582951602
1.0397153582951602
1.0397153582951602
1.0397153582951602
1.0410372366590108
1.0403784803759162
1.0373184500330213
1.040052448995496
1.040052448995496
1.040052448995496
1.0398293183580212
1.0412759781254888
1.0412759781254888
1.0412759781254888
1.0412759781254888
1.0412759781254888
1.0412759781254888
1.0412759781254888
1.0412759781254888
1.0412759781254888
1.0412759781254888
1.0414617750783657
1.0414617750783657
1.0419547644997544
1.0419547644997544
1.0377350373706806
1.0377350373706806
1.0377468952667208
1.0341577263874426
1.0341577263874426
1.0341577263874426
1.0341577263874426
1.0341577263874426
1.0341577263874426
1.0350544051108752
1.0350544051108752
1.0350544051108752
1.0350544051108752
1.0350544051108752
1.0350544051108752
1.0350544051108752
1.0377377376116808
1.0377377376116808
1.037602613351535
1.037602613351535
1.0352534012707058
1.035266171385774
1.035266171385774
1.035266171385774
1.035266171385774
1.035266171385774
1.032395828483376
1.0317045621988343
1.0317045621988343
1.0348417183407703
1.0349778986333875
1.0349778986333875
1.0349778986333875
1.0349778986333875
1.038041771751489
1.038041771751489
1.0384983449828402
1.0384983449828402
1.0361847524106267
1.0361847524106267
1.0361847524106267
1.0361847524106267
1.0361847524106267
1.0361847524106267
1.0361847524106267
1.035668461884337
1.035668461884337
1.0350926867656078
1.0350952745406725
1.0350952745406725
1.0350952745406725
1.0350952745406725
1.031662359108134
1.0325629867939348
1.0325629867939348
1.0325629867939348
1.0325629867939348
1.0325629867939348
1.0325629867939348
1.0325629867939348
1.0338764603662767
1.0338764603662767
1.0338764603662767
1.0307823634246007
1.0333758345833914
1.0333758345833914
1.0333758345833914
1.0333758345833914
1.033594192977049
1.033594192977049
1.033594192977049
1.0342995074331303
1.034163974481546
1.034163974481546
1.034163974481546
1.034163974481546
1.034163974481546
1.0338967933439276
1.0322354295410319
1.0322354295410319
1.0322354295410319
1.0342342335709545
1.0342342335709545
1.0342342335709545
1.0342342335709545
1.0342342335709545
1.0342342335709545
1.0342342335709545
1.0342268634471448
1.0317377394517422
1.0342741781779494
1.0391148992771362
1.039857123283233
1.0343794740405268
1.0343794740405268
1.0343010431581063
1.0348830497519719
1.032887561378009
1.032887561378009
1.032887561378009
1.032887561378009
1.033909961311437
1.0293518173973462
1.0293518173973462
1.0293518173973462
1.0293518173973462
1.0293518173973462
1.0322812848308436
1.032744805526396
1.032744805526396
1.032744805526396
1.032744805526396
1.032744805526396
1.032744805526396
1.032744805526396
1.032744805526396
1.032744805526396
1.0331562672102388
1.0331562672102388
1.0335820145110746
1.0335820145110746
1.0335820145110746
1.0335820145110746
1.0335820145110746
1.0333821177707032
1.0333821177707032
1.0333821177707032
1.0333821177707032
1.0333821177707032
1.035218335249893
1.035218335249893
1.035218335249893
1.035218335249893
1.0357464779352283
1.0351959017345078
1.0351959017345078
1.0370636851302437
1.0341179780997678
1.0333139824707918
1.031349160311803
1.0317464934557108
1.0317464934557108
1.0303450763257898
1.0339670373175347
1.0339670373175347
1.0339670373175347
1.0339670373175347
1.0339670373175347
1.0345538593599863
1.0345538593599863
1.0345538593599863
1.03333901870728
1.03333901870728
1.03333901870728
1.03333901870728
1.0330840439017521
1.0330840439017521
1.0330840439017521
1.0330840439017521
1.0330840439017521
1.0330840439017521
1.0330840439017521
1.0330840439017521
1.0348162979555702
1.0362263729743975
1.0356551221694585
1.0356551221694585
1.0326896831964196
1.0338826087132365
1.0338826087132365
1.0361651335821098
1.0361651335821098
1.0361651335821098
1.0361651335821098
1.0361651335821098
1.0361651335821098
1.0361651335821098
1.0361651335821098
1.0361651335821098
1.0373655654371572
1.0367031954273949
1.038163743517013
1.038163743517013
1.0375851052371374
1.0360239614895397
1.0365390371415562
1.0365390371415562
1.0365390371415562
1.0365390371415562
1.0331679731530934
1.0331679731530934
1.0331679731530934
1.0328254376416457
1.0330840711731468
1.0330840711731468
1.0338474091802434
1.0378598502172633
1.0359531053414877
1.0359531053414877
1.0359531053414877
1.0355406639942504
1.0355406639942504
1.033794622556342
1.036345287183604
1.036345287183604
1.036345287183604
1.0344593528822166
1.0344593528822166
1.0344593528822166
1.033107173303604
1.033107173303604
1.033130587642508
1.033130587642508
1.031927095013469
1.0321598747256526
1.0321598747256526
1.0321598747256526
1.0321598747256526
1.0323410818308412
1.0323410818308412
1.0364032260879215
1.0364032260879215
1.0385740949449698
1.038214396798784
1.040493019954223
1.0396118366469633
1.0408279296013276
1.0423520010622946
1.0407596485587793
1.038873848219673
1.038873848219673
1.0398028971023117
1.0398028971023117
1.0398028971023117
1.0398028971023117
1.0398028971023117
1.0412902647522504
1.0420504876863288
1.0420504876863288
1.0420504876863288
1.0432852917321562
1.0432852917321562
1.0419331428835457
1.0400770335559875
1.0400770335559875
1.0421206318966605
1.040451322768734
1.0443893862335307
1.0426912912469528
1.0431388322752253
1.0431388322752253
1.0431388322752253
1.0431388322752253
1.0431388322752253
1.0431388322752253
1.0446840521973082
1.0446840521973082
1.0446840521973082
1.0446840521973082
1.0434985216952124
1.0434985216952124
1.0439135381032811
1.0439135381032811
1.0430293725426598
1.0430293725426598
1.0430293725426598
1.0430293725426598
1.0433753369533223
1.0430283262370177
1.0430283262370177
1.0430283262370177
1.0452788298831936
1.0440520490610825
1.0440520490610825
1.0440520490610825
1.0404189195940339
1.0400011287917432
1.041104132492794
1.0420856892407702
1.0420856892407702
1.0420856892407702
1.0414275483300468
1.0415776884179497
1.0415776884179497
1.0415776884179497
1.0415776884179497
1.043111304608876
1.0440185794319494
1.0416303755450738
1.0416303755450738
1.0416303755450738
1.0416303755450738
1.0416303755450738
1.040765304254842
1.040765304254842
1.040765304254842
1.040765304254842
1.040765304254842
1.040765304254842
1.040765304254842
1.040765304254842
1.040765304254842
1.040765304254842
1.040765304254842
1.040765304254842
1.0404668987305707
1.0404668987305707
1.0404668987305707
1.0396128736194137
1.0396128736194137
1.0396128736194137
1.0396128736194137
1.0396128736194137
1.0396128736194137
1.0373419093801244
1.0373419093801244
1.0373419093801244
1.0373419093801244
1.0373419093801244
1.0373419093801244
1.036717274982823
1.036717274982823
1.0404098374503754
1.0404098374503754
1.0404098374503754
1.0404098374503754
1.0402692316651636
1.0402692316651636
1.0401971995860106
1.0406008845025345
1.0402757384095995
1.0404105365484788
1.0404105365484788
1.0404105365484788
1.0400792919008157
1.0396345388774075
1.0404506973642682
1.042110170507056
1.042110170507056
1.0401957373323862
1.0401957373323862
1.0401957373323862
1.039474645722755
1.039474645722755
1.039668598016814
1.037222823187748
1.0377808616924227
1.0377808616924227
1.0377808616924227
1.0377808616924227
1.0377808616924227
1.0378034504652605
1.0401025728444893
1.0401025728444893
1.0415032470317804
1.0405610907691958
1.0416330422105828
1.0400638378379825
1.0400638378379825
1.0403229285917124
1.0403229285917124
1.0403229285917124
1.0403229285917124
1.037567474552836
1.037567474552836
1.0343946908326973
1.035644184396414
1.0346167392799386
1.0346167392799386
1.0346167392799386
1.0359017403265258
1.0359017403265258
1.0356358428806314
1.0359312825129139
1.0350577364882916
1.0350577364882916
1.0353904709353612
1.0365558264785606
1.0365558264785606
1.0376200524298227
1.0376200524298227
1.0376200524298227
1.041007613779745
1.041007613779745
1.041007613779745
1.0418037595676668
1.0418037595676668
1.0418037595676668
1.042257907683086
1.0420576001308561
1.0414886167752504
1.0414886167752504
1.0414886167752504
1.0414886167752504
1.0420561497165237
1.0424838798460936
1.0428558107450472
1.0430744317933935
1.0430744317933935
1.0430744317933935
1.0426008164751595
1.0426008164751595
1.0406626483408425
1.0406626483408425
1.0406626483408425
1.0406626483408425
1.0406626483408425
1.041684080979624
1.0402798257500545
1.0387002840726924
1.040842565649128
1.040842565649128
1.0401462748339736
1.0407010042832532
1.0376834568163738
1.0376834568163738
1.0386421999162985
1.0386421999162985
1.0404871923368926
1.0404871923368926
1.0404871923368926
1.0404871923368926
1.0404871923368926
1.0420761609315567
1.0423029207650214
1.044375024184274
1.044375024184274
1.0403493741076888
1.0403493741076888
1.0403493741076888
1.0403493741076888
1.0424470936934105
1.0424381973395467
1.0424381973395467
1.0428113452325412
1.0432952124043637
1.0432952124043637
1.0432952124043637
1.0432952124043637
1.0439842662578558
1.0439842662578558
1.0439842662578558
1.0439842662578558
1.0439842662578558
1.0439842662578558
1.044457048486469
1.044457048486469
1.0441601124830837
1.0441601124830837
1.0456276207400668
1.0456276207400668
1.0456276207400668
1.0456276207400668
1.0456276207400668
1.0456276207400668
1.0449353619441875
1.044556952156948
1.044556952156948
1.044556952156948
1.044556952156948
1.044556952156948
1.044556952156948
1.042578911075178
1.042578911075178
1.0414669187587906
1.0414669187587906
1.0415106127190694
1.0415106127190694
1.0408730888971733
1.0408730888971733
1.0407645791610782
1.0407645791610782
1.037861493883304
1.037861493883304
1.037861493883304
1.037861493883304
1.037861493883304
1.037861493883304
1.037861493883304
1.037861493883304
1.037861493883304
1.0378655004951636
1.0384603701624116
1.037466822494049
1.037466822494049
1.037466822494049
1.037466822494049
1.0362649937445985
1.0362649937445985
1.0362649937445985
1.038275720535937
1.038275720535937
1.0388924805810322
1.0403570821015555
1.039885755429421
1.039706545975509
1.039706545975509
1.039706545975509
1.0405706718452878
1.0405706718452878
1.0405706718452878
1.041220117592206
1.041220117592206
1.0426927607093728
1.0426927607093728
1.0426927607093728
1.0439757627248376
1.0439757627248376
1.0439757627248376
1.0439757627248376
1.0439757627248376
1.0439757627248376
1.0455656599976841
1.045493276676333
1.0431159847256373
1.0431159847256373
1.0431159847256373
1.043600346646415
1.043600346646415
1.043600346646415
1.0419790185056959
1.0399788796693958
1.0399788796693958
1.0399788796693958
1.0399788796693958
1.0409525382264593
1.0409525382264593
1.0405755471648173
1.0405755471648173
1.0393150044586725
1.0384158851189886
1.0376080770765888
1.0362759192867521
1.0362759192867521
1.0368237681576864
1.0409563963430488
1.044475847507186
1.0447132604332947
1.0447132604332947
1.0447132604332947
1.0450768114719449
1.0459797502191592
1.0459797502191592
1.0459797502191592
1.045127248840655
1.045127248840655
1.045127248840655
1.04495409972739
1.0438255582611413
1.0438255582611413
1.0437961743404536
1.0398025392080408
1.0381810352689784
1.0381810352689784
1.0381810352689784
1.038622351595576
1.0393275892878426
1.0393275892878426
1.0393275892878426
1.0393275892878426
1.0393275892878426
1.0393275892878426
1.0393275892878426
1.0378805863449483
1.0378805863449483
1.0362491236627454
1.036260267099653
1.036260267099653
1.036260267099653
1.036260267099653
1.037497575979067
1.037497575979067
1.038975534215322
1.0365031154924693
1.0365031154924693
1.0365031154924693
1.0365031154924693
1.0365031154924693
1.0365031154924693
1.0347769135818479
1.036560236163051
1.034822581978772
1.034822581978772
1.034822581978772
1.034822581978772
1.034544164208056
1.034544164208056
1.0337910281375957
1.0337910281375957
1.0337910281375957
1.0337910281375957
1.0337910281375957
1.0337910281375957
1.0337910281375957
1.0338769537670844
1.0338769537670844
1.0338769537670844
1.0343432670776187
1.0343432670776187
1.0343432670776187
1.0343432670776187
1.0356218352467823
1.0356218352467823
1.0356218352467823
1.0356218352467823
1.0356218352467823
1.0356218352467823
1.0356218352467823
1.0356218352467823
1.0356218352467823
1.035599331295658
1.0347936326280491
1.033862653329079
1.033862653329079
1.0335326564535168
1.0335326564535168
1.0335326564535168
1.0306544395990145
1.0306544395990145
1.0333509835799952
1.0333509835799952
1.03347751827721
1.03347751827721
1.03219362867603
1.0317997924198283
1.0317997924198283
1.0317997924198283
1.02985363229757
1.0304447850191052
1.0304447850191052
1.032460657497014
1.0318971131385555
1.0318971131385555
1.0318971131385555
1.0318971131385555
1.0298896275566045
1.0298896275566045
1.0298217550690392
1.03083520245373
1.03083520245373
1.03083520245373
1.031218848040267
1.031589131554385
1.032535841010678
1.032535841010678
1.0339358650620452
1.0332883816697396
1.0332883816697396
1.0332883816697396
1.0317139416953198
1.031874335269487
1.031874335269487
1.0323533472265007
1.0323533472265007
1.0323533472265007
1.0323533472265007
1.0323533472265007
1.0311904952315576
1.0335319265344831
1.0335319265344831
1.032464305197633
1.032464305197633
1.0314323159538132
1.0314323159538132
1.0314323159538132
1.0314323159538132
1.0314323159538132
1.028829900383948
1.028829900383948
1.028829900383948
1.028829900383948
1.028829900383948
1.0274233413780118
1.0303323121608623
1.0303323121608623
1.0303323121608623
1.027388033033584
1.027388033033584
1.0280634074245971
1.0285536386726515
1.0334883313038954
1.032828553744555
1.0330513988649561
1.0330513988649561
1.0330513988649561
1.0330513988649561
1.0330513988649561
1.0330513988649561
1.030472777742632
1.030472777742632
1.0307844611410166
1.0319863631438873
1.0319863631438873
1.0319863631438873
1.0309715554045324
1.0309715554045324
1.0286651582745334
1.0286651582745334
1.0286651582745334
1.0294289354850643
1.0288915924928135
1.0288915924928135
1.0288915924928135
1.0301425654360217
1.0301425654360217
1.0301425654360217
1.0342104725707422
1.033120661637183
1.033120661637183
1.033120661637183
1.032990782781768
1.032990782781768
1.0324194462748952
1.032572468331991
1.0308057856195258
1.0308057856195258
1.0318927556329478
1.0312130172192322
1.030909569630541
1.030909569630541
1.030909569630541
1.0347158447098885
1.0347158447098885
1.0347158447098885
1.0351448024820982
1.0327932930072814
1.0327932930072814
1.0327932930072814
1.0327932930072814
1.0327932930072814
1.0343598022946585
1.0358989089559494
1.0368449766070804
1.0368449766070804
1.0379133701492342
1.0361649833936337
1.0361649833936337
1.0359694370500139
1.0359694370500139
1.0332891076484794
1.032975568932534
1.032232452033053
1.0351528294098644
1.0351528294098644
1.0351528294098644
1.0351528294098644
1.037034846045556
1.037034846045556
1.0368056134023211
1.038371386337673
1.038371386337673
1.038371386337673
1.038371386337673
1.038371386337673
1.038371386337673
1.0373823797152004
1.0345796961929135
1.0345796961929135
1.0352341750377583
1.0352341750377583
1.036186027897371
1.0349556862084908
1.0349556862084908
1.0349556862084908
1.0349556862084908
1.035680741294681
1.0319521626002566
1.03140825703478
1.0329885491337931
1.0344028961248426
1.036932718297756
1.0351441383382631
1.035488015283756
1.035488015283756
1.0356393182324746
1.0356393182324746
1.0347647233332617
1.0361040098124843
1.0361040098124843
1.0368344334396007
1.0368344334396007
1.0368344334396007
1.0369481189509397
1.0356621491924367
1.033832755812816
1.033832755812816
1.033832755812816
1.033832755812816
1.033832755812816
1.0351655914174125
1.0368490703562396
1.0342696473064419
1.0338969139557872
1.0338969139557872
1.0338969139557872
1.0332995261468738
1.0332995261468738
1.0332995261468738
1.0332995261468738
1.0332995261468738
1.0332995261468738
1.0332995261468738
1.0338523331936311
1.0335807236773922
1.0335807236773922
1.0333453542900846
1.0333453542900846
1.0324697320334606
1.0324697320334606
1.0324697320334606
1.0324697320334606
1.029679205487851
1.0319248046262026
1.0319248046262026
1.0319248046262026
1.031081517782287
1.0303056553295882
1.0303056553295882
1.032654074034267
1.032654074034267
1.0344254977378058
1.0344254977378058
1.036499369083855
1.036499369083855
1.036499369083855
1.036499369083855
1.036499369083855
1.036499369083855
1.0350276140219357
1.0353824998909644
1.0353824998909644
1.0353824998909644
1.0353824998909644
1.0354374255760672
1.0354374255760672
1.0354374255760672
1.037856057107917
1.037856057107917
1.038992753890008
1.0363969060657119
1.036376645922295
1.036376645922295
1.036376645922295
1.0331648725820646
1.0325856798862543
1.0325856798862543
1.0325856798862543
1.0325856798862543
1.034172116690201
1.034172116690201
1.0320450626840563
1.032127975650336
1.032127975650336
1.0339091583851396
1.0339091583851396
1.0334046564533985
1.0334046564533985
1.0334046564533985
1.0329838923050718
1.0329838923050718
1.0329838923050718
1.0318123816392701
1.0318123816392701
1.0353266025280576
1.0353266025280576
1.0370210432873992
1.0370210432873992
1.0370210432873992
1.0363888345782137
1.0347078390640665
1.0353595976447951
1.0353595976447951
1.0353595976447951
1.0353595976447951
1.0342887205226503
1.0342887205226503
1.0342577516862461
1.0376218835271602
1.0353713448387325
1.0353713448387325
1.0353713448387325
1.0365506738823669
1.0365506738823669
1.0365506738823669
1.0365506738823669
1.0365506738823669
1.0365506738823669
1.0365506738823669
1.0365506738823669
1.0365506738823669
1.0365506738823669
1.0365506738823669
1.034604204266256
1.034630015708928
1.0387974070289072
1.0339796770101626
1.0351076829137158
1.0376749552089335
1.0376749552089335
1.0376749552089335
1.0376749552089335
1.0376749552089335
1.037939881521325
1.0368733856517796
1.034563955559989
1.034563955559989
1.034563955559989
1.0329392567246585
1.0329392567246585
1.0329392567246585
1.032645695251138
1.032645695251138
1.0357653684902404
1.0357653684902404
1.0357653684902404
1.0355611676241847
1.0355611676241847
1.0341745056381368
1.0345085733138413
1.0345085733138413
1.0333990150448618
1.0333990150448618
1.0345347609260498
1.0341391756870673
1.0376329305686272
1.0356530966167394
1.0356530966167394
1.034202221068167
1.0375320936456884
1.0369723473017134
1.0369723473017134
1.0369723473017134
1.0369723473017134
1.0369723473017134
1.0374532987416893
1.0393103870113432
1.0393103870113432
1.0406567145046146
1.0406567145046146
1.0406567145046146
1.0406567145046146
1.0406567145046146
1.0406567145046146
1.0406567145046146
1.0406567145046146
1.0402924768846247
1.0402924768846247
1.0395599062112149
1.036978419072403
1.036978419072403
1.036978419072403
1.0382622934982557
1.0355307357047039
1.0380754310703288
1.038607501359039
1.038607501359039
1.0385817268343243
1.03702468988383
1.0383488660846238
1.0383488660846238
1.0383488660846238
1.0383488660846238
1.0383488660846238
1.0391960897610109
1.039052462663617
1.0420148884866556
1.04238475771553
1.04238475771553
1.0386920352243925
1.0390329496825097
1.0390634233709781
1.0390634233709781
1.0390634233709781
1.038843738453889
1.0377477970587856
1.0377477970587856
1.0377477970587856
1.0377477970587856
1.0377477970587856
1.0377477970587856
1.0389187996606672
1.0389187996606672
1.0389187996606672
1.0384064574703749
1.0384064574703749
1.0398813605344683
1.0398813605344683
1.0391088880249029
1.0391088880249029
1.0391088880249029
1.0375506690083816
1.0383123913195915
1.0374533938368664
1.0382006216808588
1.0382006216808588
1.0378182400283675
1.0371365080195019
1.0371365080195019
1.0371659298589602
1.0380659061967359
1.0388078079059757
1.0388078079059757
1.0372739511749263
1.0372739511749263
1.0360974968725334
1.0366739818296522
1.0384965983281178
1.0397836890576853
1.0397836890576853
1.03784372117738
1.03784372117738
1.03784372117738
1.03784372117738
1.03784372117738
1.03784372117738
1.0367067970762927
1.0358109860473848
1.0356459575966614
1.0378845868342341
1.040289904429391
1.0413077216366107
1.0412815215051827
1.0412815215051827
1.0412815215051827
1.0412815215051827
1.0412815215051827
1.0442790740208279
1.043097528686003
1.043097528686003
1.043097528686003
1.043097528686003
1.043097528686003
1.043097528686003
1.0462411011696353
1.0438342764336863
1.0438342764336863
1.0415966978257298
1.0415966978257298
1.0418602309873095
1.0418602309873095
1.0418602309873095
1.0418602309873095
1.0418602309873095
1.0418602309873095
1.040669572123453
1.0398142651490137
1.0398142651490137
1.0419572129916617
1.0419572129916617
1.0419572129916617
1.0419572129916617
1.0419572129916617
1.0419572129916617
1.0419572129916617
1.041480525841762
1.038883445077975
1.038883445077975
1.038883445077975
1.038883445077975
1.038883445077975
1.0390363997062977
1.0409424980415134
1.037854678434512
1.037854678434512
1.0375018231567563
1.0375018231567563
1.0375018231567563
1.0375018231567563
1.0375018231567563
1.0375018231567563
1.0378521990216578
1.0401859908758548
1.037381716450496
1.039853130720687
1.0416146014913599
1.0416146014913599
1.0416146014913599
1.0416146014913599
1.0416146014913599
1.0416146014913599
1.0410149796513415
1.043356405736572
1.0447167575621148
1.044283294766667
1.044283294766667
1.046067251686092
1.0412534369942816
1.0412534369942816
1.0412534369942816
1.0398594614862082
1.0398594614862082
1.0398594614862082
1.0395777632672412
1.04166573380652
1.04166573380652
1.0422790872851262
1.0420321978834426
1.0414883672418127
1.0400064437638656
1.0400064437638656
1.0400064437638656
1.0402533212011218
1.0402533212011218
1.0402533212011218
1.039981629238818
1.039981629238818
1.0382632514719956
1.0398863498710693
1.0399933202009712
1.0409360509311145
1.0409360509311145
1.0409360509311145
1.0391694088931807
1.0391694088931807
1.0391694088931807
1.0393133235244267
1.0393133235244267
1.0393133235244267
1.0393133235244267
1.0393133235244267
1.0393133235244267
1.0393133235244267
1.0398863184837095
1.0398863184837095
1.0398863184837095
1.0398863184837095
1.0398863184837095
1.0398863184837095
1.0398863184837095
1.0398863184837095
1.0398863184837095
1.0409841157239779
1.0409841157239779
1.0409841157239779
1.0409841157239779
1.0375846527735377
1.0375846527735377
1.039730472177896
1.039730472177896
1.039730472177896
1.0362359749494543
1.0377256637036278
1.0377256637036278
1.0377256637036278
1.0377256637036278
1.0377256637036278
1.0377256637036278
1.0377256637036278
1.0377256637036278
1.0404446638998588
1.042597569934553
1.0405910181221139
1.0405910181221139
1.0405910181221139
1.0405910181221139
1.0405910181221139
1.036869644153412
1.0353380545587825
1.0353380545587825
1.036848553451729
1.036848553451729
1.0350393593283078
1.0359529650780956
1.0359529650780956
1.0366896142410942
1.0394420578353432
1.0392817522021078
1.0397372794943553
1.0397372794943553
1.0383653106065243
1.0383653106065243
1.0383653106065243
1.0400262536011937
1.0383833341199957
1.0383833341199957
1.036418241827158
1.036418241827158
1.0378735499028964
1.0378735499028964
1.0378735499028964
1.0378735499028964
1.0378735499028964
1.0378735499028964
1.0366927397845127
1.0366040216471135
1.0366040216471135
1.0366040216471135
1.03943716643949
1.03943716643949
1.03943716643949
1.03943716643949
1.03943716643949
1.0411904098709195
1.0400672026500986
1.0400672026500986
1.0400672026500986
1.0400672026500986
1.0395625019127233
1.0403915875805254
1.0378217964787637
1.0378217964787637
1.0369220218436384
1.0369220218436384
1.0369220218436384
1.0382018499122472
1.0389169200847872
1.0375116244564735
1.039181578157296
1.039181578157296
1.039181578157296
1.039181578157296
1.0395392233641483
1.0422918126145926
1.0422918126145926
1.0419876514337776
1.0426624672015559
1.0423210314760742
1.0422396532604614
1.0422396532604614
1.0403010045911405
1.041853869321428
1.0419705942927073
1.0399286967917254
1.0411337734150552
1.0411337734150552
1.0394652357163028
1.0411551593869892
1.0382147510831357
1.0382147510831357
1.0382147510831357
1.0382147510831357
1.0382147510831357
1.0382147510831357
1.0382147510831357
1.035569370140577
1.035569370140577
1.035569370140577
1.0354815193171476
1.0354815193171476
1.0354815193171476
1.0354815193171476
1.0383468275969272
1.0383468275969272
1.0383468275969272
1.0364686736392787
1.0332340437696719
1.0345329267370067
1.0330390615524159
1.0352131982457642
1.0352131982457642
1.03546688535908
1.03546688535908
1.0322178541118021
1.0322178541118021
1.0322178541118021
1.0322178541118021
1.0322178541118021
1.0322178541118021
1.0322178541118021
1.0371027688353276
1.0370621446359016
1.0370621446359016
1.0370621446359016
1.0358002660151342
1.036028868455735
1.0354569560421034
1.0354569560421034
1.0349098547552875
1.0328613359171137
1.03334548904085
1.03334548904085
1.0361313128375977
1.0361313128375977
1.0363306588408594
1.0370273218580064
1.0370273218580064
1.0370273218580064
1.0370273218580064
1.0370273218580064
1.0370273218580064
1.0370273218580064
1.0378452131862967
1.036678748956978
1.036678748956978
1.0357329532747708
1.0357329532747708
1.0357329532747708
1.036597777504156
1.0361673594627192
1.03751811322657
1.0391073486157139
1.0391073486157139
1.0391073486157139
1.0391073486157139
1.0368802859212394
1.0350240923843363
1.0359676113539995
1.0359676113539995
1.0347310803748395
1.0350280003564276
1.0350280003564276
1.0340392900908453
1.0323646890129872
1.0303138316693141
1.0303138316693141
1.030076391029308
1.0299740470013634
1.0301719501785065
1.0301719501785065
1.0269304055476198
1.0293272881631146
1.0307204804100554
1.0307204804100554
1.0307204804100554
1.0307204804100554
1.0307204804100554
1.031306335597865
1.0309414623070126
1.0309414623070126
1.0309414623070126
1.0310750845361172
1.0310750845361172
1.0320678811789534
1.0320678811789534
1.0328697619998652
1.0328697619998652
1.0328697619998652
1.0317619308150991
1.0300388177780304
1.0300388177780304
1.0303370364761943
1.0303370364761943
1.030211478679347
1.031559483333297
1.031559483333297
1.031559483333297
1.0304337944844406
1.0304337944844406
1.0304337944844406
1.0304337944844406
1.0301214408978652
1.0301214408978652
1.0342587196023072
1.0336547064784962
1.0336547064784962
1.0303205360385306
1.0306394137514066
1.0306394137514066
1.0306394137514066
1.0277061092511575
1.02835345472704
1.0282162119573532
1.0282162119573532
1.030969667346968
1.030969667346968
1.0316766748904604
1.0316766748904604
1.0316766748904604
1.0326200081714703
1.0326200081714703
1.0326200081714703
1.0321764397890911
1.0321764397890911
1.0321764397890911
1.0321764397890911
1.0321764397890911
1.0321764397890911
1.0321764397890911
1.0321764397890911
1.0321764397890911
1.0321764397890911
1.0323733695905184
1.0323733695905184
1.028165377812213
1.028165377812213
1.028165377812213
1.02954142116577
1.02954142116577
1.02954142116577
1.02954142116577
1.0298167004974206
1.0298167004974206
1.0322559338289572
1.0286922786326131
1.0286922786326131
1.0313718497583915
1.0313718497583915
1.0313718497583915
1.0313718497583915
1.0330222180116229
1.0334922195249596
1.0334922195249596
1.0334922195249596
1.0334922195249596
1.035039600137181
1.035039600137181
1.0340302906891141
1.0320698600141103
1.02928330992537
1.02928330992537
1.0322331403438954
1.0314125286603748
1.0314125286603748
1.0326592096462741
1.0326592096462741
1.0326592096462741
1.0317779143046177
1.0317779143046177
1.0343510736804902
1.0322968384437652
1.0339249807640365
1.0339249807640365
1.0339249807640365
1.0339249807640365
1.0339249807640365
1.0347252993504539
1.035101900201146
1.0373848668708596
1.0373848668708596
1.0373848668708596
1.037683887368945
1.037683887368945
1.037683887368945
1.037683887368945
1.037683887368945
1.0356171015303057
1.0367748301386277
1.0367748301386277
1.0361266916540943
1.0361266916540943
1.0361266916540943
1.0361266916540943
1.0366803823596644
1.0366803823596644
1.0366803823596644
1.0366803823596644
1.0366803823596644
1.0366803823596644
1.0366803823596644
1.0366803823596644
1.0366803823596644
1.0366803823596644
1.0366803823596644
1.040527220981363
1.040527220981363
1.040527220981363
1.040527220981363
1.0421494849679087
1.0421494849679087
1.0418969235417492
1.0418969235417492
1.0418969235417492
1.0418969235417492
1.039932363511056
1.0407191014015738
1.0399929098237726
1.0399929098237726
1.040516835015872
1.040516835015872
1.040516835015872
1.040516835015872
1.0372392223548392
1.0372392223548392
1.0359366832574424
1.0359366832574424
1.0359366832574424
1.0359366832574424
1.0361896212989394
1.0379996390599886
1.0387928038460692
1.0387928038460692
1.0387928038460692
1.0396408879369088
1.0396408879369088
1.0396408879369088
1.0377575574762128
1.0365614248334722
1.0365614248334722
1.0371410910491854
1.0371410910491854
1.0371410910491854
1.0371410910491854
1.038575368890332
1.0357979136185114
1.0357979136185114
1.0357979136185114
1.0357979136185114
1.0357979136185114
1.0357979136185114
1.0357979136185114
1.0357979136185114
1.0357979136185114
1.0357979136185114
1.0357979136185114
1.0357979136185114
1.0355056513993492
1.0355056513993492
1.0355056513993492
1.0355056513993492
1.0350749845148086
1.0334304148899542
1.033688506926053
1.033688506926053
1.033688506926053
1.0354472251175895
1.0354472251175895
1.0354472251175895
1.0354472251175895
1.0354472251175895
1.035585746209603
1.037814745503095
1.0386126685526125
1.0386126685526125
1.0386126685526125
1.0386126685526125
1.0354260725774085
1.0354260725774085
1.0354260725774085
1.038108786673745
1.0386087898206413
1.0386087898206413
1.0394236152108745
1.0398472765144822
1.0398472765144822
1.0398472765144822
1.0384764683472927
1.0384764683472927
1.0384764683472927
1.038935711872286
1.037278378848821
1.037278378848821
1.037278378848821
1.037278378848821
1.0344811052109224
1.0365960358000272
1.0365960358000272
1.0365960358000272
1.0365960358000272
1.0365960358000272
1.0365960358000272
1.0365960358000272
1.0367771657232934
1.0367771657232934
1.0367771657232934
1.037691322305265
1.037691322305265
1.038940269814313
1.0386841032240153
1.0386463089375577
1.0394543328614545
1.0394543328614545
1.0394543328614545
1.0374813320112062
1.0374813320112062
1.0374813320112062
1.0374813320112062
1.0364003702869953
1.035622585234555
1.0381028391846556
1.0391832976619462
1.0391832976619462
1.0391832976619462
1.0391832976619462
1.0415625502307346
1.0415625502307346
1.0407537620461331
1.0407537620461331
1.0410994783505239
1.0410994783505239
1.0410994783505239
1.0410994783505239
1.0410994783505239
1.0410994783505239
1.041442228493911
1.041442228493911
1.0421320783303976
1.0421320783303976
1.040553895636911
1.040553895636911
1.0409056479688519
1.0395569910515197
1.0395569910515197
1.038755028141989
1.041582821711026
1.041582821711026
1.041582821711026
1.041582821711026
1.0422305135848744
1.0420402909132627
1.0420402909132627
1.0427188610265468
1.0404490055076843
1.039857186948052
1.0386571121430472
1.0386571121430472
1.0386571121430472
1.0386571121430472
1.0386571121430472
1.0386571121430472
1.0386571121430472
1.0402755789529596
1.0413531592939553
1.0413531592939553
1.0413531592939553
1.0413531592939553
1.0413531592939553
1.0413531592939553
1.0388375460717898
1.0358870863203775
1.0390159296674981
1.0393488097383001
1.0393488097383001
1.0397221234269678
1.0397221234269678
1.0397221234269678
1.038382049986358
1.038382049986358
1.038382049986358
1.0354347654723806
1.0354347654723806
1.034504242590016
1.0315585871413595
1.0314440817650996
1.0336223613200297
1.0336223613200297
1.0336223613200297
1.0338912235105453
1.0350471218152923
1.0351310013855297
1.0351310013855297
1.0362879287994495
1.0362879287994495
1.0362879287994495
1.0362879287994495
1.0362879287994495
1.0355287234126491
1.0355287234126491
1.0355287234126491
1.0355287234126491
1.0355287234126491
1.0355287234126491
1.0355287234126491
1.0365140504305081
1.036781084603222
1.036781084603222
1.036781084603222
1.036781084603222
1.036781084603222
1.0374108855428361
1.0369020708136298
1.0369020708136298
1.0369020708136298
1.037428477456627
1.0369506124582186
1.0369506124582186
1.0369506124582186
1.0390566918430544
1.0390566918430544
1.0390566918430544
1.0405530244468644
1.0405530244468644
1.0403032822971956
1.0403032822971956
1.0403032822971956
1.0386974713611639
1.0379901746447524
1.0379901746447524
1.0379901746447524
1.0387656621678354
1.0393645977141712
1.0393645977141712
1.038708921405584
1.0432358437347011
1.0432358437347011
1.0432358437347011
1.0432358437347011
1.0432358437347011
1.042899265680435
1.042899265680435
1.042899265680435
1.042899265680435
1.041803756772629
1.0432569443628892
1.0432569443628892
1.0432569443628892
1.043357984138012
1.043357984138012
1.0427646878215864
1.0417384063302744
1.0395558738262138
1.0382876988613585
1.04024972431508
1.04024972431508
1.04024972431508
1.04024972431508
1.04024972431508
1.04024972431508
1.0430479504300314
1.0430479504300314
1.0426644356136832
1.0426644356136832
1.0423799463349055
1.0423799463349055
1.0423799463349055
1.0423799463349055
1.0416611299826706
1.0416611299826706
1.0416611299826706
1.0416611299826706
1.041132491626543
1.041132491626543
1.041132491626543
1.041132491626543
1.0390218311179067
1.0390766231393298
1.0392746579353624
1.0417447641397044
1.0426970700005926
1.0393694523358379
1.040297385961246
1.040297385961246
1.040297385961246
1.040297385961246
1.040297385961246
1.040297385961246
1.040297385961246
1.040297385961246
1.040297385961246
1.040297385961246
1.042505659832024
1.042505659832024
1.0426564312968143
1.0426564312968143
1.0426564312968143
1.0426553264720035
1.0426553264720035
1.0426553264720035
1.0426692202241237
1.0411122102433203
1.0411122102433203
1.0416059980724472
1.0416059980724472
1.0416059980724472
1.0416059980724472
1.0416059980724472
1.0384704587093128
1.0413822185070536
1.0413822185070536
1.0419944804567085
1.0422187655772572
1.0422187655772572
1.0422187655772572
1.0422187655772572
1.0422187655772572
1.0422187655772572
1.0422187655772572
1.0389999902445177
1.0389999902445177
1.0389999902445177
1.0389999902445177
1.0389999902445177
1.0375801377074296
1.0375801377074296
1.0375801377074296
1.0375801377074296
1.0375801377074296
1.0375801377074296
1.0375801377074296
1.0375801377074296
1.0368009751612184
1.0386090808072472
1.0390297107473911
1.0390297107473911
1.0391778313140152
1.0391778313140152
1.0391778313140152
1.040183761653955
1.0400474013856738
1.0400474013856738
1.0394826526605545
1.0394826526605545
1.0394826526605545
1.0394826526605545
1.0396285248948525
1.0396285248948525
1.0396285248948525
1.0409006953651945
1.0409006953651945
1.038390420106863
1.038390420106863
1.0407695861933253
1.0407695861933253
1.0407695861933253
1.0407695861933253
1.0364687481693295
1.0406715418103476
1.0407423885508684
1.0407423885508684
1.0407423885508684
1.0407423885508684
1.0407423885508684
1.0407423885508684
1.0417286120775788
1.0417286120775788
1.0410679829447333
1.0410679829447333
1.0410679829447333
1.0410679829447333
1.0410679829447333
1.041018305775666
1.041018305775666
1.041018305775666
1.041018305775666
1.041018305775666
1.041018305775666
1.0416581691707685
1.0416581691707685
1.0410900188376093
1.0410900188376093
1.0410900188376093
1.0410357950391076
1.0410357950391076
1.0391396863121756
1.0391396863121756
1.0391396863121756
1.041704063964509
1.0412791478940335
1.04249820201063
1.04249820201063
1.0408382441937305
1.0396572615545454
1.0396572615545454
1.0396572615545454
1.0396572615545454
1.040793145147484
1.040793145147484
1.040793145147484
1.040793145147484
1.040793145147484
1.0414365430196675
1.0414365430196675
1.0414365430196675
1.0426382387974298
1.0411644012576857
1.0423447200764449
1.0423447200764449
1.0423447200764449
1.0423447200764449
1.0423447200764449
1.0423447200764449
1.0423447200764449
1.0423447200764449
1.0388550985090823
1.0388550985090823
1.0392660189277774
1.0375121338060393
