1.1182148869289223
1.1182148869289223
1.1182148869289223
1.1182148869289223
1.1182148869289223
1.1182148869289223
1.1182148869289223
1.1182148869289223
1.1182148869289223
1.1182148869289223
1.1182148869289223
1.1182148869289223
1.1182148869289223
1.1182148869289223
1.1182148869289223
1.1182148869289223
1.1182148869289223
1.1182148869289223
1.1182148869289223
1.1182148869289223
1.1182148869289223
1.1182148869289223
1.1182148869289223
1.1182148869289223
1.1182148869289223
1.1182148869289223
1.1182148869289223
1.1182148869289223
1.1182148869289223
1.1182148869289223
1.1182148869289223
1.1182148869289223
1.1182148869289223
1.1182148869289223
1.1182148869289223
1.1182148869289223
1.1182148869289223
1.1182148869289223
1.1182148869289223
1.1182148869289223
1.1182148869289223
1.1182148869289223
1.1182148869289223
1.1182148869289223
1.1182148869289223
1.1182148869289223
1.1182148869289223
1.1182148869289223
1.1182148869289223
1.1182148869289223
1.1182148869289223
1.1182148869289223
1.1182148869289223
1.1182148869289223
1.1182148869289223
1.1182148869289223
1.1182148869289223
1.1182148869289223
1.1182148869289223
1.1182148869289223
1.1182148869289223
1.1182148869289223
1.1182148869289223
1.1182148869289223
1.1182148869289223
1.1182148869289223
1.1182148869289223
1.1182148869289223
1.1182148869289223
1.1182148869289223
1.1182148869289223
1.1182148869289223
1.1182148869289223
1.1182148869289223
1.1182148869289223
1.1182148869289223
1.1182148869289223
1.1182148869289223
1.1182148869289223
1.1182148869289223
1.1182148869289223
1.1182148869289223
1.1182148869289223
1.1182148869289223
1.1182148869289223
1.1182148869289223
1.1182148869289223
1.1182148869289223
1.1182148869289223
1.1182148869289223
1.1182148869289223
1.1182148869289223
1.1182148869289223
1.1182148869289223
1.1182148869289223
1.1182148869289223
1.1182148869289223
1.1182148869289223
1.1182148869289223
1.1182148869289223
1.1182148869289223
1.115540674832361
1.114383456544889
1.114383456544889
1.1103398908099644
1.1056466855657343
1.1056466855657343
1.1056466855657343
1.0985663679426323
1.0993735169336023
1.0993735169336023
1.0993735169336023
1.099887397195805
1.099887397195805
1.099887397195805
1.0984427306638789
1.0984427306638789
1.0964589036361503
1.0946751092573186
1.0937050301824587
1.0939461463296614
1.0912529171514065
1.0925766357984055
1.0912696993957722
1.093086529754866
1.0927112917716109
1.0915328691916402
1.0906051913832724
1.0892568174857207
1.0890840286081582
1.0859093013044285
1.0859093013044285
1.0859093013044285
1.0859093013044285
1.0859093013044285
1.0818804890631222
1.0818804890631222
1.0818804890631222
1.0818804890631222
1.0818804890631222
1.0787539968655646
1.0803071985661539
1.0803071985661539
1.0803071985661539
1.0783609153422014
1.0773595750544513
1.0751902319853104
1.0739676058864167
1.0739676058864167
1.0739676058864167
1.0739676058864167
1.0741877547989027
1.0726516776936765
1.0729017040983608
1.0704308704395848
1.0694810165455104
1.0694810165455104
1.069908411546169
1.0683310086413536
1.0683310086413536
1.0683310086413536
1.0683310086413536
1.0678032931782755
1.0678032931782755
1.0678032931782755
1.0645960734060236
1.0645960734060236
1.062456089797397
1.062456089797397
1.062456089797397
1.061624138009898
1.0576670121428817
1.0563847469935355
1.0516581219101886
1.0519393148080076
1.0519393148080076
1.0513449001393138
1.0525925563434044
1.0531747684474237
1.0499546183210684
1.0506739657652016
1.0506739657652016
1.0506739657652016
1.0491535221975292
1.0491535221975292
1.0491535221975292
1.0491535221975292
1.0491535221975292
1.0491535221975292
1.050127766891691
1.050127766891691
1.050127766891691
1.04876714533393
1.0491142398693056
1.0481696275427512
1.0481696275427512
1.0481696275427512
1.0481696275427512
1.0481696275427512
1.0481696275427512
1.0450813770881273
1.0450813770881273
1.0450813770881273
1.0465115595846886
1.0465115595846886
1.0465115595846886
1.044526161575465
1.0449384431071256
1.0449384431071256
1.046385828473385
1.0462698219660558
1.0456473976691638
1.0440532721380877
1.0440532721380877
1.0440532721380877
1.0440532721380877
1.0422386609190362
1.0422386609190362
1.0423893866209293
1.0416924997901151
1.0416924997901151
1.0416924997901151
1.0416924997901151
1.038596457599092
1.0376700469829234
1.0376700469829234
1.037370966327129
1.0359399420546924
1.0381513342609987
1.0381513342609987
1.0381513342609987
1.0393577829945966
1.0393577829945966
1.0393577829945966
1.0393577829945966
1.0393577829945966
1.0396127033488858
1.0396127033488858
1.0387487736642527
1.0387487736642527
1.0387487736642527
1.0387487736642527
1.0387487736642527
1.0387487736642527
1.0387487736642527
1.0387487736642527
1.0406790238485522
1.0406790238485522
1.0406790238485522
1.0393185489255363
1.0393185489255363
1.0393185489255363
1.0393185489255363
1.0393185489255363
1.0378183574418083
1.0378183574418083
1.0378183574418083
1.0378183574418083
1.0378183574418083
1.0378183574418083
1.0375671520093626
1.0375671520093626
1.0375671520093626
1.0388747571196675
1.0382133976483803
1.0381422841550456
1.0366271626937846
1.0366271626937846
1.036163480372637
1.036163480372637
1.036163480372637
1.034407641724843
1.034407641724843
1.034407641724843
1.034407641724843
1.0335188566861289
1.0335188566861289
1.0326406744404748
1.0320247201086825
1.0320247201086825
1.0320247201086825
1.0320247201086825
1.0320247201086825
1.0320247201086825
1.0320247201086825
1.0320247201086825
1.0320247201086825
1.0320247201086825
1.0320247201086825
1.0320247201086825
1.0320247201086825
1.0320247201086825
1.0320247201086825
1.0322719238509583
1.0340402332870542
1.0330112575312453
1.0324369764961288
1.0324369764961288
1.0324369764961288
1.0323074050586605
1.031358164791884
1.0304983347895258
1.0328216387299043
1.0321735662334919
1.0321735662334919
1.0327191026241418
1.0327191026241418
1.0316550852226403
1.0316550852226403
1.0316550852226403
1.0316550852226403
1.0316550852226403
1.0313363200929246
1.0313363200929246
1.0333713711636328
1.032772746486554
1.032772746486554
1.032772746486554
1.032772746486554
1.0317628069437776
1.0301521131664975
1.0301521131664975
1.0301521131664975
1.0310885374187606
1.0310885374187606
1.0310885374187606
1.0310885374187606
1.0310885374187606
1.0310885374187606
1.0310885374187606
1.0310885374187606
1.0320197953432615
1.0320197953432615
1.0320197953432615
1.0338013522948788
1.0338013522948788
1.0328977282466716
1.0328977282466716
1.0328977282466716
1.0298062478866354
1.0319828200975503
1.0319828200975503
1.0319828200975503
1.0319828200975503
1.0312172746075412
1.0312172746075412
1.0312172746075412
1.0312172746075412
1.0312172746075412
1.0316548431886043
1.0316548431886043
1.0332739179782546
1.0342931514763718
1.0342931514763718
1.0342931514763718
1.0342931514763718
1.0342931514763718
1.030613613823476
1.0323772393957906
1.0323772393957906
1.0348225118838816
1.0348225118838816
1.0347058924661245
1.0349319159474666
1.0349319159474666
1.0328374385442975
1.0328374385442975
1.0342269131518875
1.0347398046125393
1.0346561977304527
1.034134314200504
1.0336212841792833
1.0336212841792833
1.0336212841792833
1.034004798916416
1.034004798916416
1.034004798916416
1.034004798916416
1.034004798916416
1.034004798916416
1.034004798916416
1.034004798916416
1.034004798916416
1.0350613993620112
1.0350613993620112
1.0350613993620112
1.0350613993620112
1.0350613993620112
1.0350613993620112
1.0347729077691745
1.0353896504507099
1.0353896504507099
1.0353896504507099
1.0353896504507099
1.0354314772611573
1.0354314772611573
1.0352881838291765
1.0352881838291765
1.0355003334302095
1.0355003334302095
1.0355003334302095
1.0357397203051575
1.0357397203051575
1.0357397203051575
1.0357397203051575
1.0357397203051575
1.0357397203051575
1.0369683228643032
1.0372389197131568
1.0372389197131568
1.0372389197131568
1.035008287106213
1.035008287106213
1.034758566732308
1.0349957426031215
1.0349957426031215
1.0349957426031215
1.0349957426031215
1.0351008999049096
1.0333974072454035
1.0347205003695374
1.0347205003695374
1.0347205003695374
1.0347205003695374
1.0328485560934522
1.0328485560934522
1.0328485560934522
1.0337623928947908
1.0323917927482702
1.0323917927482702
1.0323917927482702
1.0323917927482702
1.0317040001658704
1.032663154388548
1.0320307383376368
1.0320307383376368
1.0320307383376368
1.0320307383376368
1.0297752622990932
1.0297752622990932
1.028696348850388
1.0301069842317703
1.0301069842317703
1.0301069842317703
1.0295439736553789
1.0295439736553789
1.0295439736553789
1.0308792521626564
1.0308792521626564
1.0308792521626564
1.0271119766371113
1.0269440733883297
1.0269440733883297
1.026460498835617
1.0271712170531349
1.0262609580178048
1.0297400850673002
1.0297400850673002
1.0297400850673002
1.0280368649584306
1.0270582164469968
1.0270582164469968
1.0270582164469968
1.0312553815146692
1.0312553815146692
1.0312553815146692
1.0312553815146692
1.0312553815146692
1.0309255555214683
1.0314817667051772
1.0318378736508012
1.0318378736508012
1.0318378736508012
1.0318141825118479
1.0328900258090978
1.0328900258090978
1.0339588467182674
1.0344399431163849
1.0343139031909983
1.031141378845652
1.031141378845652
1.031141378845652
1.0357780239584968
1.0357780239584968
1.0315460481335215
1.0328775637501661
1.0328775637501661
1.0328775637501661
1.0328775637501661
1.0328775637501661
1.0328775637501661
1.0328775637501661
1.0322893055001239
1.0322893055001239
1.0322893055001239
1.0322893055001239
1.031203368099679
1.0308004750459163
1.0308004750459163
1.033538375194259
1.0337185714437662
1.0337185714437662
1.0337185714437662
1.0338516588108702
1.0338516588108702
1.0338516588108702
1.0362723633608726
1.03759550696446
1.0339568231089389
1.0339568231089389
1.0321693059784955
1.0334651685841323
1.0334651685841323
1.0333915009482681
1.0333915009482681
1.0333915009482681
1.0318652692477284
1.0352366576915386
1.0352366576915386
1.0352366576915386
1.0352366576915386
1.0352366576915386
1.0371076202737939
1.0371076202737939
1.0336928394955311
1.0336928394955311
1.0330088299212743
1.0330088299212743
1.0330088299212743
1.0342560520510615
1.0342560520510615
1.0342560520510615
1.0349711367599759
1.0349711367599759
1.0349711367599759
1.0349711367599759
1.0349711367599759
1.0326881193211883
1.0326881193211883
1.0326881193211883
1.0326881193211883
1.0326881193211883
1.0323547643803133
1.032718444870775
1.0348177185098115
1.0332335010412492
1.0332335010412492
1.035663066410046
1.0355911093102197
1.0355911093102197
1.0350008852935189
1.0350008852935189
1.0350008852935189
1.0350008852935189
1.0359938401198263
1.0359938401198263
1.0359938401198263
1.0359938401198263
1.036662023781435
1.0364367866063442
1.0364367866063442
1.0347923663257823
1.0349274278324763
1.0349274278324763
1.0336762974051077
1.0336762974051077
1.0336762974051077
1.0336762974051077
1.0336762974051077
1.0336762974051077
1.0336762974051077
1.0336762974051077
1.0336762974051077
1.0336762974051077
1.0336762974051077
1.0336762974051077
1.0338511497690017
1.0338511497690017
1.0340052873746421
1.0340052873746421
1.0340052873746421
1.0340052873746421
1.0345409496466316
1.0345409496466316
1.036020632559855
1.0344414128962198
1.0344414128962198
1.0344414128962198
1.0344414128962198
1.0339926181655283
1.0307830850910633
1.0340301630184194
1.0340301630184194
1.0340301630184194
1.0340301630184194
1.0319938693209896
1.0319938693209896
1.0331406245738923
1.0331406245738923
1.0331406245738923
1.0327436672535055
1.033685609697589
1.033685609697589
1.033685609697589
1.033685609697589
1.0331818757593065
1.0331818757593065
1.0331818757593065
1.0363767700742579
1.0363767700742579
1.0363767700742579
1.033806399585815
1.0349441543296696
1.0349441543296696
1.037654621633057
1.0348541563687907
1.0348751308351813
1.0312579140496945
1.0338914915192559
1.0338914915192559
1.0326507845819348
1.0326507845819348
1.0326507845819348
1.031851676433594
1.031851676433594
1.031851676433594
1.0331237485996827
1.0331237485996827
1.0316971847756613
1.0316971847756613
1.0316971847756613
1.031644266312128
1.031644266312128
1.031644266312128
1.031644266312128
1.0333030536359697
1.0333030536359697
1.0333030536359697
1.0333030536359697
1.0333030536359697
1.0333030536359697
1.0343487017684778
1.0343487017684778
1.0343487017684778
1.0343487017684778
1.0343487017684778
1.0343487017684778
1.0343487017684778
1.0343487017684778
1.0342289321429043
1.0361842538643127
1.0361842538643127
1.0361842538643127
1.0353334355850343
1.0353334355850343
1.0349134867662972
1.0349134867662972
1.0384590535936433
1.0387895656754638
1.0387895656754638
1.0387895656754638
1.0359820676890443
1.0359820676890443
1.035542055216998
1.035542055216998
1.0357207429214694
1.0350417875849627
1.0350417875849627
1.0350417875849627
1.0350417875849627
1.038366436814588
1.039706865190129
1.0395401561107338
1.0422805254566412
1.0422805254566412
1.0416798908280218
1.0416798908280218
1.0416798908280218
1.0416798908280218
1.0416798908280218
1.0428437703180713
1.0428437703180713
1.0435899174585443
1.0428481011349835
1.0424859199931764
1.0424859199931764
1.0424859199931764
1.0387552825272934
1.0387552825272934
1.0387552825272934
1.0387552825272934
1.0361400421847036
1.0361400421847036
1.0361400421847036
1.0361400421847036
1.0361400421847036
1.0361400421847036
1.0368227561713237
1.0370971447204294
1.0370971447204294
1.0370971447204294
1.03839695283888
1.03839695283888
1.0393706781595995
1.0393706781595995
1.0388990494327104
1.0388990494327104
1.0376775022462255
1.0378615602084924
1.0378615602084924
1.037014650170787
1.037014650170787
1.037014650170787
1.0362029711411909
1.0362029711411909
1.0362029711411909
1.0362029711411909
1.0365571262791857
1.0365571262791857
1.0365571262791857
1.0365571262791857
1.0365571262791857
1.0365571262791857
1.0365571262791857
1.0365571262791857
1.0365571262791857
1.0369934804814245
1.0373043033524838
1.0373043033524838
1.0373043033524838
1.0373043033524838
1.0373043033524838
1.035618005319693
1.0334727926852876
1.0352505265944465
1.0358042196725696
1.0360058500912488
1.0379281646119995
1.0379281646119995
1.0379281646119995
1.0360787634548065
1.0360787634548065
1.0360787634548065
1.0338339630179179
1.0339986667021916
1.0339986667021916
1.035279484353272
1.0359442236504792
1.0372668990146277
1.0375689890083424
1.0392072034209086
1.0374261144539962
1.0380523037913858
1.0380523037913858
1.0380523037913858
1.0408417006650983
1.0399202484184358
1.0399202484184358
1.040179654386558
1.040179654386558
1.040179654386558
1.040179654386558
1.040179654386558
1.040179654386558
1.0387617171413022
1.0387617171413022
1.0387617171413022
1.0395174465829131
1.040694549149215
1.040694549149215
1.040694549149215
1.040694549149215
1.040694549149215
1.040694549149215
1.040694549149215
1.0407351770432356
1.0407351770432356
1.0397040892344307
1.0397040892344307
1.0384618176467804
1.0384618176467804
1.0376527989071491
1.0376527989071491
1.0386043669392941
1.0386043669392941
1.0376917470423632
1.0365666586758564
1.0345221150035877
1.0335858227921246
1.0335858227921246
1.0335908572543566
1.0335908572543566
1.0370014934470102
1.0370014934470102
1.0378346995049414
1.0378346995049414
1.0386745711036427
1.0381362219168655
1.0381362219168655
1.0381362219168655
1.0393730230863982
1.0393730230863982
1.0393730230863982
1.0393730230863982
1.0376608906651126
1.0376608906651126
1.0376608906651126
1.0389898342082533
1.0389898342082533
1.0342933523571196
1.0342933523571196
1.0338284866340597
1.0338284866340597
1.0338284866340597
1.0315817680209327
1.0315817680209327
1.0315817680209327
1.0315817680209327
1.0315817680209327
1.0315817680209327
1.0315817680209327
1.0315817680209327
1.0315817680209327
1.0315817680209327
1.0295118095858724
1.0295118095858724
1.0292484183017567
1.0292484183017567
1.0292484183017567
1.0290549378201013
1.0290549378201013
1.0290549378201013
1.0275900869755186
1.0295923075077518
1.0295923075077518
1.0295923075077518
1.0295923075077518
1.0312390211707356
1.0312390211707356
1.031106038870632
1.031106038870632
1.0305261183842693
1.0305261183842693
1.0305261183842693
1.0305261183842693
1.0289901978790787
1.0348400000108715
1.0344061493999928
1.0322825614466675
1.0303808617443777
1.0317448962084406
1.0317448962084406
1.0317448962084406
1.0320997181210163
1.0320997181210163
1.0330375607293312
1.0320402871823162
1.031720865176921
1.031720865176921
1.031720865176921
1.031720865176921
1.031720865176921
1.031720865176921
1.031720865176921
1.031720865176921
1.031720865176921
1.031720865176921
1.031720865176921
1.031720865176921
1.031720865176921
1.031720865176921
1.031720865176921
1.0317790668688698
1.0308638802996508
1.0307202323265716
1.0307202323265716
1.0342122257468078
1.0333071908069278
1.0333071908069278
1.0333071908069278
1.034068416919658
1.034068416919658
1.034068416919658
1.034068416919658
1.035478507304891
1.0348109503361702
1.0348109503361702
1.0342791887162892
1.0342791887162892
1.0342791887162892
1.0342791887162892
1.0342791887162892
1.0356550034758458
1.0356550034758458
1.035362954557085
1.033634060118142
1.0358022817390755
1.0361816505715864
1.0377896722218498
1.037501360583556
1.037501360583556
1.037501360583556
1.037501360583556
1.037501360583556
1.037501360583556
1.0380112744970205
1.0380112744970205
1.0380112744970205
1.0380112744970205
1.0380112744970205
1.0380112744970205
1.0380112744970205
1.0380112744970205
1.0403430725751095
1.0409591431587173
1.0409591431587173
1.040011211412477
1.0401569568806965
1.0409566554948513
1.0386501541732562
1.0386501541732562
1.037196544846518
1.037196544846518
1.0389835579995113
1.0363770572132909
1.0363770572132909
1.0363770572132909
1.0363770572132909
1.0360094171073038
1.0360094171073038
1.0361559732897885
1.0361559732897885
1.0361559732897885
1.0371748702361854
1.0371748702361854
1.0371748702361854
1.0386144291385047
1.0386144291385047
1.0386144291385047
1.0382918732435793
1.0381043183781393
1.036970900928973
1.036970900928973
1.0358457881146053
1.0358457881146053
1.0358457881146053
1.0358457881146053
1.0358457881146053
1.0358457881146053
1.0358457881146053
1.0358457881146053
1.0355669198504462
1.0355669198504462
1.0364452389604883
1.0364452389604883
1.0364452389604883
1.0364452389604883
1.0365218260693405
1.0357358025217995
1.0357358025217995
1.0362320654107406
1.0362320654107406
1.0362320654107406
1.0362320654107406
1.039841711424723
1.0404286575120005
1.0394076077502967
1.0394076077502967
1.0394076077502967
1.0394076077502967
1.0378609061630686
1.0378609061630686
1.0378609061630686
1.0377352202705163
1.0377352202705163
1.04005293247568
1.040625311893549
1.040625311893549
1.040625311893549
1.0406755618805599
1.0412528557528193
1.0412528557528193
1.0406242097646872
1.0406242097646872
1.0406242097646872
1.0406242097646872
1.0395926700416713
1.0395926700416713
1.0420575217914294
1.0420575217914294
1.0415773958952868
1.0415773958952868
1.0398372978269679
1.039982527622653
1.0429989784360245
1.045900402359815
1.0438242509584308
1.0428588253220668
1.0436817764500925
1.0426415857125133
1.0426415857125133
1.0442733761367107
1.0442733761367107
1.0442733761367107
1.0434434176024854
1.0424479526977557
1.041504029667889
1.041551160565873
1.0422785697915178
1.0422785697915178
1.0422785697915178
1.0414420518785392
1.0414420518785392
1.0414420518785392
1.0412934285574291
1.0409687979067448
1.0409687979067448
1.0409687979067448
1.0409687979067448
1.0390238885619405
1.0390238885619405
1.0390238885619405
1.0390238885619405
1.0378680803303237
1.042300917917105
1.0396223884344071
1.0396223884344071
1.0396223884344071
1.0396223884344071
1.041356228449009
1.0392690306193848
1.0388521594951277
1.0385831630821167
1.0385831630821167
1.0361001163500347
1.0374593174006177
1.035755201724889
1.0336388871591722
1.0367692779311017
1.0374182063832298
1.0374182063832298
1.0381777781764248
1.0381777781764248
1.0385266917652378
1.0388264145663084
1.0378282354939876
1.0378282354939876
1.0378282354939876
1.0378282354939876
1.0366038171359853
1.0366038171359853
1.0361016184154346
1.037659161596508
1.037659161596508
1.0387910229264754
1.0387910229264754
1.0356411609290246
1.0348634808770707
1.0348634808770707
1.0359632840971873
1.0359632840971873
1.0359632840971873
1.0383388935638849
1.0383388935638849
1.0383388935638849
1.0383388935638849
1.0363022364412746
1.0374374875065024
1.0374374875065024
1.0374374875065024
1.0374374875065024
1.0374374875065024
1.0374374875065024
1.039811815870289
1.039811815870289
1.034597410643008
1.0331904516089638
1.0368505540539001
1.0378050160148935
1.036249850910927
1.036249850910927
1.0370342124153393
1.0336671195756202
1.0342867856816613
1.0342867856816613
1.0353533269167308
1.0353533269167308
1.0353533269167308
1.0353533269167308
1.0353533269167308
1.0347728081833263
1.0347728081833263
1.0347728081833263
1.0363373615823188
1.0337038969740697
1.0332768392059537
1.0345287765885447
1.0366880073370435
1.0335935213494707
1.0335935213494707
1.0348649735032804
1.0344802884876332
1.0344802884876332
1.0344802884876332
1.0344802884876332
1.0344802884876332
1.0344268209601897
1.0355577597401233
1.0340849863476613
1.0340849863476613
1.0339420448467198
1.0340220933417081
1.0340220933417081
1.0340220933417081
1.0340220933417081
1.0322002373280668
1.0339440242068898
1.0339440242068898
1.034071899951968
1.034071899951968
1.034071899951968
1.034071899951968
1.034071899951968
1.0342142286101244
1.0342142286101244
1.0342142286101244
1.0342142286101244
1.0342142286101244
1.0342142286101244
1.0342994259588694
1.0372992472200808
1.0372992472200808
1.0372992472200808
1.0372992472200808
1.0365276178314167
1.0365276178314167
1.0367986749491964
1.0367986749491964
1.0367986749491964
1.0367986749491964
1.0367986749491964
1.0367986749491964
1.0367986749491964
1.035398797626835
1.035398797626835
1.0363597495770727
1.0363597495770727
1.0379523734870117
1.0379523734870117
1.0379523734870117
1.0379523734870117
1.0399741130582723
1.036245855478569
1.0378822549201643
1.0378822549201643
1.0378822549201643
1.0381855210557172
1.0392978683803438
1.0392978683803438
1.0392978683803438
1.0395603837929537
1.0395603837929537
1.0373416836054539
1.0367281753320132
1.0366593373448896
1.0366593373448896
1.0343240892713117
1.0343240892713117
1.0343240892713117
1.0343240892713117
1.0362961785719662
1.0362961785719662
1.0362961785719662
1.0362961785719662
1.034751773619319
1.034751773619319
1.0344575105755425
1.0332276343478293
1.0332276343478293
1.0321186881598414
1.0321186881598414
1.0321186881598414
1.031186731594807
1.0325477387759556
1.0315411438552176
1.0335523415769963
1.0335523415769963
1.0335523415769963
1.0335523415769963
1.0335523415769963
1.0335523415769963
1.0335523415769963
1.0335523415769963
1.034275607508802
1.034275607508802
1.034275607508802
1.034275607508802
1.034275607508802
1.034275607508802
1.034275607508802
1.034275607508802
1.0336089268552362
1.0336089268552362
1.033541096550125
1.0328513466399574
1.0328513466399574
1.0335637694807422
1.0335637694807422
1.0335637694807422
1.0337937963450368
1.03431616607673
1.03431616607673
1.03431616607673
1.03431616607673
1.03431616607673
1.03431616607673
1.03431616607673
1.03431616607673
1.032848136637359
1.032848136637359
1.032848136637359
1.0362165877546918
1.0336893797150486
1.0372964295866338
1.0372964295866338
1.036991489861687
1.036991489861687
1.036991489861687
1.036991489861687
1.036991489861687
1.0320457897785085
1.0321687717325536
1.034800352901142
1.034800352901142
1.034800352901142
1.034800352901142
1.0349834985361923
1.0354702068092367
1.0354702068092367
1.0354702068092367
1.0354702068092367
1.0354702068092367
1.0360577078049276
1.0360577078049276
1.0360577078049276
1.0360577078049276
1.0360577078049276
1.0360577078049276
1.0360577078049276
1.0360577078049276
1.0373356386667165
1.0373356386667165
1.0373356386667165
1.036607935869708
1.036607935869708
1.036607935869708
1.036607935869708
1.036607935869708
1.036607935869708
1.036607935869708
1.036607935869708
1.036607935869708
1.0366383278906535
1.0366383278906535
1.0366383278906535
1.0366383278906535
1.038366789222318
1.0397048466918823
1.0357505828920883
1.037324997032869
1.037324997032869
1.0374770536357747
1.03682076658727
1.035003889280764
1.0343885012408656
1.0343885012408656
1.0346979896595034
1.0338663432275126
1.0338663432275126
1.0317879959506375
1.0317879959506375
1.034805200097659
1.034805200097659
1.0355860562213977
1.0355860562213977
1.0357532310847668
1.0357532310847668
1.0357532310847668
1.0363665070682935
1.0341302723269548
1.0341302723269548
1.0339999450039215
1.0348492927502646
1.0348492927502646
1.0348492927502646
1.032152910167509
1.0325542026745198
1.0339147837111848
1.0325642732120315
1.0321228601143642
1.0340865701008306
1.033293807920428
1.033293807920428
1.033293807920428
1.033293807920428
1.033293807920428
1.033293807920428
1.0333929593795208
1.0337805974982228
1.034298783300695
1.034947259503451
1.034947259503451
1.032546386879581
1.032546386879581
1.0384441733715226
1.0380587831285053
1.0380587831285053
1.0380587831285053
1.0360654186838196
1.0360654186838196
1.0360654186838196
1.0344517120684573
1.034493310878313
1.0336784328544495
1.0336784328544495
1.0344567147023498
1.0344567147023498
1.0344567147023498
1.0356388914948111
1.0356388914948111
1.0358815495194023
1.0363573437357438
1.0363573437357438
1.0376507275848272
1.0376507275848272
1.0376507275848272
1.0376507275848272
1.0376507275848272
1.0376507275848272
1.0376507275848272
1.0360604890726635
1.033348950144825
1.033348950144825
1.0353376396290186
1.0353376396290186
1.0360820112170064
1.034514693732094
1.0337394720491462
1.0337394720491462
1.0337394720491462
1.0362698012089464
1.0362698012089464
1.0362698012089464
1.036176859628233
1.0350916964759285
1.0350916964759285
1.0352474491813304
1.0352474491813304
1.034017208380936
1.0343680064310186
1.0343680064310186
1.0343680064310186
1.0349029769750886
1.0349029769750886
1.034154816706848
1.034154816706848
1.034154816706848
1.034154816706848
1.0343508324812956
1.0323924495414756
1.0323924495414756
1.0323924495414756
1.0326562371636103
1.0326562371636103
1.0326562371636103
1.0326562371636103
1.0326562371636103
1.0326562371636103
1.0326562371636103
1.0326562371636103
1.0326562371636103
1.0326562371636103
1.0320884055731292
1.032237838942984
1.032237838942984
1.0318205296736884
1.0325301343399786
1.0329866751165115
1.0329866751165115
1.0322298611805956
1.034082350563801
1.034082350563801
1.034082350563801
1.0328745541763777
1.0328745541763777
1.0328745541763777
1.0328745541763777
1.0328745541763777
1.0332739813986405
1.0337304667403655
1.0335821170451247
1.0323231239605772
1.0327345406385726
1.0343057786646508
1.0329432110806878
1.0329432110806878
1.0329432110806878
1.0319155123681996
1.0319155123681996
1.0344069284974993
1.0344069284974993
1.0344069284974993
1.0357112354013358
1.0369229549579762
1.0351246097127478
1.0356037740432407
1.0358571409794546
1.0377967477175076
1.0371345663405687
1.0371345663405687
1.0371345663405687
1.0326925666828937
1.0326925666828937
1.0326925666828937
1.0351872809815668
1.0351872809815668
1.0351872809815668
1.0351872809815668
1.034438089024146
1.034438089024146
1.0347312497436914
1.0347312497436914
1.0347312497436914
1.0347312497436914
1.0347312497436914
1.0374011930736513
1.0366169463340904
1.0365443752938905
1.0365443752938905
1.0365443752938905
1.0355808239960658
1.03461468396301
1.03461468396301
1.0354560405494808
1.0351645370315194
1.0351645370315194
1.0351645370315194
1.0351645370315194
1.0357525196720971
1.0357525196720971
1.035355098816698
1.035355098816698
1.036088273219017
1.036088273219017
1.036088273219017
1.0389745868997713
1.0382052063503653
1.0382052063503653
1.0350117495778812
1.0350117495778812
1.0354523995453015
1.0354523995453015
1.0354523995453015
1.0363014679196108
1.0355901835078625
1.036272190523003
1.036272190523003
1.0372045155642393
1.0366992779677886
1.0352347652313387
1.0370516882808538
1.0370516882808538
1.0370516882808538
1.0370516882808538
1.0370516882808538
1.0370516882808538
1.0370516882808538
1.0370516882808538
1.0370516882808538
1.0386152661859596
1.0384806240781823
1.0384806240781823
1.0382283617188308
1.0382283617188308
1.0382283617188308
1.0343718550511734
1.0340071214012465
1.035271620327284
1.0369288177932188
1.0369288177932188
1.0373047855077953
1.0373047855077953
1.0373047855077953
1.0373047855077953
1.038896781587363
1.0414502344625285
1.0405937338238274
1.0405937338238274
1.0386226769609446
1.0399830472984104
1.0399830472984104
1.0399830472984104
1.0399830472984104
1.0399830472984104
1.0399830472984104
1.0403875963773845
1.0400696087190173
1.0400696087190173
1.0400696087190173
1.0400696087190173
1.0386649994035853
1.0386649994035853
1.0383728201503881
1.0383728201503881
1.0383728201503881
1.0383728201503881
1.0386195814951753
1.040373542843976
1.040373542843976
1.040373542843976
1.0404898667888485
1.0375569394572426
1.0375569394572426
1.0375569394572426
1.0375569394572426
1.0375569394572426
1.0390380245894046
1.0367919316639094
1.036281732653233
1.034908115098617
1.034908115098617
1.034908115098617
1.0354222986962849
1.0354222986962849
1.0361583129431697
1.03461568190508
1.03461568190508
1.03461568190508
1.0352465933527768
1.0331243535726944
1.0352766751155804
1.0352766751155804
1.0352766751155804
1.034630200089024
1.034630200089024
1.034630200089024
1.0344292115008125
1.0344292115008125
1.03458235733015
1.03458235733015
1.03458235733015
1.03458235733015
1.03458235733015
1.03458235733015
1.03458235733015
1.03458235733015
1.03458235733015
1.033847137789404
1.033847137789404
1.0331729459403436
1.0331729459403436
1.033636453343607
1.033636453343607
1.033636453343607
1.0361568338698297
1.0361568338698297
1.0339072286247006
1.0339072286247006
1.0352116761994448
1.0352116761994448
1.0352116761994448
1.0369633789180293
1.0369633789180293
1.0358317028749526
1.0358317028749526
1.0358317028749526
1.0366251056147773
1.0366251056147773
1.0373799104902328
1.0373799104902328
1.0383686144120154
1.0383686144120154
1.0383686144120154
1.0383686144120154
1.0367067906078
1.0367067906078
1.0367067906078
1.0370667510555989
1.0370667510555989
1.0370667510555989
1.0370667510555989
1.0370667510555989
1.0370667510555989
1.0370614472339303
1.037025677024675
1.037025677024675
1.0364588886654438
1.037546717091559
1.037120491316003
1.037120491316003
1.037120491316003
1.037120491316003
1.0365885138363262
1.0365885138363262
1.0365885138363262
1.0365885138363262
1.0365885138363262
1.0365885138363262
1.0365885138363262
1.0365885138363262
1.037332854293248
1.037332854293248
1.037332854293248
1.037332854293248
1.037332854293248
1.037332854293248
1.037332854293248
1.0381552315463956
1.0360402666553485
1.0354784072181014
1.0354784072181014
1.0354784072181014
1.0356885221385765
1.0356885221385765
1.0356885221385765
1.0356885221385765
1.0356885221385765
1.0374903584488966
1.0374903584488966
1.0374903584488966
1.0364162373387562
1.036515715470046
1.036515715470046
1.0364146738825366
1.0364146738825366
1.0336441527167832
1.0336441527167832
1.0333984690158506
1.0333984690158506
1.0333984690158506
1.0333984690158506
1.0333984690158506
1.0333984690158506
1.0349102982346274
1.0349102982346274
1.035474917255226
1.0355169861667102
1.0355169861667102
1.0355169861667102
1.0353437182651863
1.0336191471597846
1.0316678446040692
1.0316678446040692
1.0304576806376782
1.0304576806376782
1.0307733218565382
1.0307733218565382
1.0327561388400717
1.0327561388400717
1.0327561388400717
1.0327561388400717
1.0327561388400717
1.0327561388400717
1.0327561388400717
1.0327561388400717
1.0317062419993193
1.0317062419993193
1.0319248545522515
1.0338631673782324
1.0338631673782324
1.0304089999738129
1.0293729608558868
1.0293729608558868
1.0297400280951463
1.0318698258426682
1.0318698258426682
1.0318698258426682
1.0318698258426682
1.0318698258426682
1.0312234506067934
1.0312234506067934
1.0312234506067934
1.0312234506067934
1.0312234506067934
1.0312234506067934
1.0328585687178045
1.0328585687178045
1.0328585687178045
1.0328585687178045
1.0328585687178045
1.0328585687178045
1.0328585687178045
1.0328585687178045
1.0328585687178045
1.0328585687178045
1.0325502257086334
1.0319032095765324
1.0319032095765324
1.0356515185926443
1.034381992951129
1.037504627052163
1.037504627052163
1.0373314931001663
1.0362202431829792
1.0362202431829792
1.0340501141980416
1.0340501141980416
1.0355850174726235
1.0351101290657807
1.0351101290657807
1.0351101290657807
1.0351101290657807
1.0348856100146826
1.0345069872953192
1.036732760013205
1.036732760013205
1.0334531742469444
1.0334531742469444
1.0344830913825818
1.0344830913825818
1.0323327781157017
1.0324342612815656
1.0324342612815656
1.0324342612815656
1.0324342612815656
1.0323777399072593
1.0323777399072593
1.0323777399072593
1.0323777399072593
1.033884023364173
1.0348022232778884
1.0348022232778884
1.0356126607340752
1.0356126607340752
1.0356126607340752
1.0356126607340752
1.0356126607340752
1.0371788757841203
1.0371788757841203
1.0371788757841203
1.0371788757841203
1.0371788757841203
1.0365006003340018
1.0365006003340018
1.0365006003340018
1.0365006003340018
1.0365006003340018
1.0365006003340018
1.035416605986164
1.036143605768586
1.036143605768586
1.036143605768586
1.036143605768586
1.0368111652845342
1.0368111652845342
1.0361886184326592
1.0361886184326592
1.0361886184326592
1.0361886184326592
1.038180862158876
1.0372581522023538
1.0364358088573087
1.0364358088573087
1.0340681875303512
1.0344511371037368
1.0344511371037368
1.034796998068485
1.0317488495297455
1.0321950228991987
1.0307040742878197
1.0307040742878197
1.0307040742878197
1.0307040742878197
1.0307040742878197
1.0307040742878197
1.0307040742878197
1.0313856862859336
1.0313856862859336
1.0332431133704763
1.0332431133704763
1.0315685839911357
1.0336461964367722
1.0336186634558244
1.0336186634558244
1.0326211141331156
1.0326211141331156
1.0333576740558192
1.0333576740558192
1.0333576740558192
1.0332823337497485
1.0309957655934312
1.0309957655934312
1.0309957655934312
1.030886765240188
1.030886765240188
1.030886765240188
1.030886765240188
1.033417358928649
1.0339135482766535
1.034981472540957
1.033546974492248
1.0316602918460342
1.0313491284043517
1.0312221438279114
1.0320258099721777
1.0309193456234298
1.0309193456234298
1.0299348264237773
1.0299348264237773
1.0327066683658759
1.0332454777456246
1.0317701707016338
1.0317701707016338
1.0315471305464277
1.0315471305464277
1.0315471305464277
1.030681063474299
1.0285327981508383
1.0297123685108676
1.030400738759428
1.0301709628184903
1.0291545125012211
1.0291545125012211
1.0291545125012211
1.028173364288558
1.028173364288558
1.028173364288558
1.028173364288558
1.028173364288558
1.028026881302419
1.03013468508565
1.0294445399593868
1.0294445399593868
1.0308098160409298
1.0308098160409298
1.0308098160409298
1.0322158817184541
1.0322158817184541
1.0322158817184541
1.0322158817184541
1.0322158817184541
1.0322158817184541
1.0306648093796276
1.0306648093796276
1.0329030529204404
1.0329030529204404
1.0329030529204404
1.0329030529204404
1.0341872720542966
1.0345755978411502
1.0345755978411502
1.0345755978411502
1.0345755978411502
1.0313001705056848
1.0313001705056848
1.0340805567206488
1.0345887519474795
1.0339417031297646
1.0339417031297646
1.0339417031297646
1.0339417031297646
1.0335018462940377
1.0335018462940377
1.0335018462940377
1.0318492538432993
1.0318492538432993
1.0318492538432993
1.0318492538432993
1.0306482537354575
1.0306482537354575
1.0306482537354575
1.0306482537354575
1.0306482537354575
1.0306482537354575
1.0306482537354575
1.0306482537354575
1.0306482537354575
1.0306482537354575
1.0306482537354575
1.0310235561980607
1.029264400679648
1.029264400679648
1.0282056317362955
1.0282056317362955
1.0285358480372
1.0285358480372
1.0291221249442386
1.0297084158569674
1.0297084158569674
1.0304234652943915
1.029395234990091
1.0306131076808056
1.0306131076808056
1.0306131076808056
1.0306131076808056
1.0292840174726663
1.0318598692477035
1.0297634017584665
1.0297634017584665
1.0297634017584665
1.030608402285378
1.029168041342625
1.029168041342625
1.0305567888241864
1.0305567888241864
1.0311227232828917
1.0311227232828917
1.0324710473467782
1.0304178700055022
1.0304178700055022
1.0304178700055022
1.0277854091645997
1.0276499628644435
1.0276499628644435
1.0276499628644435
1.0276499628644435
1.0276499628644435
1.0276499628644435
1.0276499628644435
1.0276499628644435
1.0276499628644435
1.0287671397480318
1.0287671397480318
1.0272745285064984
1.0272745285064984
1.026783419308024
1.0272847680918502
1.0272847680918502
1.029585880496806
1.029585880496806
1.0285365053897262
1.0302705032808512
1.0302705032808512
1.0313918507719777
1.0313918507719777
1.0313918507719777
1.0319616999444488
1.0319616999444488
1.0320863775183775
1.0320863775183775
1.0320863775183775
1.0305586275870255
1.0305586275870255
1.0305586275870255
1.0305586275870255
1.03118472855268
1.03118472855268
1.03118472855268
1.03118472855268
1.03118472855268
1.0317219413193668
1.0327234917064099
1.0327234917064099
1.0327234917064099
1.0327234917064099
1.0327234917064099
1.0322452804893043
1.0322452804893043
1.0301855910349702
1.0301855910349702
1.0282091399752038
1.0292023593607225
1.0292023593607225
1.0308252195368457
1.0308252195368457
1.0317667730006346
1.032332556090132
1.0336511970425244
1.0314794586529035
1.0325527453494232
1.0325527453494232
1.0325527453494232
1.0325527453494232
1.0336541855704544
1.0336541855704544
1.0320778366129828
1.0325208064138698
1.0325208064138698
1.032580857180877
1.032580857180877
1.0330138944420357
1.0317131767280938
1.030314531702381
1.030537569152833
1.0309867924358662
1.033892295284347
1.033892295284347
1.033892295284347
1.033892295284347
1.033892295284347
1.033892295284347
1.033892295284347
1.033892295284347
1.033892295284347
1.033892295284347
1.0321834577173625
1.0321834577173625
1.0321834577173625
1.0321834577173625
1.0321834577173625
1.0321834577173625
1.0321834577173625
1.0321834577173625
1.0304059790387385
1.031091316358838
1.0296249910053614
1.029205322172669
1.0294641180406825
1.032996326609261
1.032996326609261
1.0328700634690455
1.0291491557663959
1.0291449698083508
1.0291449698083508
1.0291449698083508
1.0291449698083508
1.0296956831589321
1.0296956831589321
1.0296956831589321
1.0288057072008259
1.0274959239647434
1.0274959239647434
1.0282868056004595
1.0282868056004595
1.0298315871242596
1.0298315871242596
1.0300888853040904
1.0300888853040904
1.0309658228557335
1.0309658228557335
1.0309658228557335
1.0309658228557335
1.0281437855581357
1.0281437855581357
1.0292893348606937
1.0307474266161094
1.0307474266161094
1.0307474266161094
1.0307474266161094
1.0307474266161094
1.0307474266161094
1.0307474266161094
1.0307474266161094
1.0292012799695978
1.0292012799695978
1.0291691485437235
1.0300010150939265
1.0300010150939265
1.0338703551257165
1.0330759412294794
1.0324753368085104
1.0330283099507942
1.0313428387345054
1.0313428387345054
1.0313428387345054
1.0330479068469731
1.033217609893519
1.033217609893519
1.033217609893519
1.033217609893519
1.033217609893519
1.0318405272773037
1.0318405272773037
1.0318405272773037
1.0318405272773037
1.0318405272773037
1.0318405272773037
1.0331822459759434
1.0328200610974214
1.0328200610974214
1.0324769479396223
1.0324769479396223
1.0324769479396223
1.0324769479396223
1.0335847234065654
1.0329685701034583
1.0330617306846694
1.03348119726753
1.0332826636657004
1.0332826636657004
1.0340565190307538
1.0340565190307538
1.0340565190307538
1.0340565190307538
1.0341700534117155
1.0350983652869232
1.0350983652869232
1.0350983652869232
1.0350983652869232
1.0351177425940126
1.0359521058885857
1.0359521058885857
1.0359521058885857
1.0369927835484345
1.0369927835484345
1.0369927835484345
1.0346736040740026
1.0346736040740026
1.0346736040740026
1.0345794057446887
1.0345794057446887
1.036276246908914
1.036276246908914
1.036276246908914
1.0331618318076914
1.0335860038104274
1.0335860038104274
1.0352854247657208
1.0339403967402503
1.0339662849462148
1.0339662849462148
1.033441412181462
1.033441412181462
1.0332733017151563
1.0331854461559224
1.03089162233056
1.03089162233056
1.03089162233056
1.03089162233056
1.03089162233056
1.03089162233056
1.03089162233056
1.0322375928975667
1.03142439997834
1.03142439997834
1.03142439997834
1.03142439997834
1.03142439997834
1.03142439997834
1.03142439997834
1.03142439997834
1.03142439997834
1.0316102371125404
1.0316102371125404
1.0310189640080125
1.0310189640080125
1.0310189640080125
1.0310189640080125
1.0298697888514825
1.0298697888514825
1.0298697888514825
1.0305259204455626
1.0305259204455626
1.0305259204455626
1.030145144460634
1.031391492963584
1.0294336389703873
1.0304118782238665
1.0304118782238665
1.0304118782238665
1.032726327046196
1.032726327046196
1.0339277935641593
1.0339277935641593
1.0339277935641593
1.0339277935641593
1.034028844842088
1.034028844842088
1.0343403637082853
1.0343403637082853
1.0343403637082853
1.0343403637082853
1.033462013337316
1.033462013337316
1.0358257167656586
1.0380257648592057
1.0380257648592057
1.0380257648592057
1.0380257648592057
1.0375988473687192
1.0379600890258776
1.0379600890258776
1.0379600890258776
1.0379600890258776
1.0392303501811686
1.0392303501811686
1.0364834597949293
1.0352558481001988
1.036404335530149
1.0357271397782644
1.0379642349575255
1.0379642349575255
1.0379642349575255
1.0400144346858795
1.0400144346858795
1.0400144346858795
1.0400144346858795
1.0400144346858795
1.0400144346858795
1.0364819560272462
1.037078391345792
1.037078391345792
1.038688623601698
1.0374918720907835
1.0354009320235296
1.0354009320235296
1.0354009320235296
1.038098709843114
1.038098709843114
1.0374166774539513
1.0356823337072432
1.0358242983532453
1.0329903879487317
1.033684819110317
1.0333726787782251
1.033932289500107
1.033932289500107
1.033932289500107
1.0341931613140922
1.0334496544225453
1.0334496544225453
1.033268806536813
1.033268806536813
1.033268806536813
1.033268806536813
1.033268806536813
1.033268806536813
1.033268806536813
1.033268806536813
1.033268806536813
1.033268806536813
1.033268806536813
1.033268806536813
1.0335766067619663
1.0315439482223858
1.0325838694154668
1.0325838694154668
1.0325838694154668
1.0350706553709694
1.0353073845339635
1.0353073845339635
1.0363280127801189
1.0363280127801189
1.0363280127801189
1.0363280127801189
1.0339378640225174
1.035978540024575
1.035978540024575
1.035978540024575
1.035978540024575
1.035978540024575
1.037113615594193
1.037113615594193
1.033359775709373
1.033359775709373
1.033359775709373
1.033359775709373
1.0347791494199492
1.034722651626586
1.034722651626586
1.034722651626586
1.0347468849977133
1.0374934042706887
1.037825677775744
1.0395167855099712
1.0380164770712086
1.0380164770712086
1.0380164770712086
1.0380164770712086
1.0380164770712086
1.0418735709108202
1.0406994973645418
1.040169871693478
1.0410681857029054
1.0411904127227276
1.0411904127227276
1.0389542138839345
1.0390067872802422
1.0366973055494593
1.0376702792169723
1.0376702792169723
1.0370007252290427
1.0370007252290427
1.0370007252290427
1.0370007252290427
1.0370007252290427
1.0366664060523403
1.0366664060523403
1.0355791734338766
1.0394999946415289
1.0394999946415289
1.0394999946415289
1.0394999946415289
1.0394999946415289
1.0394999946415289
1.0394999946415289
1.0394999946415289
1.0400301167017383
1.0412587380266918
1.0412587380266918
1.0395555174400777
1.0395555174400777
1.0395555174400777
1.0402829580566644
1.0402829580566644
1.0402829580566644
1.0419321972680888
1.0419321972680888
1.0390828805281647
1.0390828805281647
1.042799902998571
1.0456763920244565
1.0456763920244565
1.0456763920244565
1.0423805541710713
1.0423805541710713
1.0423805541710713
1.041782015342191
1.0439853873326748
1.0439853873326748
1.0439853873326748
1.0439853873326748
1.0439853873326748
1.0439853873326748
1.0439853873326748
1.0425726710450558
1.0425726710450558
1.0433243947342008
1.0426802376123279
1.043325561964318
1.043325561964318
1.0421999953932137
1.0421999953932137
1.0421999953932137
1.0421999953932137
1.0421999953932137
1.040682824474261
1.040682824474261
1.040682824474261
1.0409088048676287
1.0402589328308245
1.0402589328308245
1.040770072082207
1.0404844570221603
1.0404844570221603
1.0387303193665154
1.0387303193665154
1.0387303193665154
1.0380978065919968
1.0386163579921417
1.0386163579921417
1.0386163579921417
1.0386163579921417
1.0396920137965957
1.0396920137965957
1.0396920137965957
1.0396920137965957
1.0396920137965957
1.0396920137965957
1.0396920137965957
1.0395177655152306
1.0396065145818802
1.0396065145818802
1.0396065145818802
1.040451036877673
1.040451036877673
1.040451036877673
1.040451036877673
1.040451036877673
1.040451036877673
1.0416898274296602
1.040851592635931
1.040851592635931
1.040851592635931
1.0424547049601733
1.04237175097049
1.0427198234795876
1.0427198234795876
1.0427198234795876
1.0414535283813655
1.0414535283813655
1.0416960396827655
1.039821504718162
1.039821504718162
1.0394548279836655
1.038108879408941
1.0359752369498307
1.0367356118277313
1.0357134268291024
1.0357134268291024
1.0357134268291024
1.0357134268291024
1.0357134268291024
1.0357134268291024
1.0381581449368316
1.0381581449368316
1.0381581449368316
1.0398508202969508
1.039841725975441
1.039841725975441
1.039841725975441
1.040255857349769
1.0395490605359206
1.0398294054741253
1.0403202068983342
1.0403202068983342
1.0403202068983342
1.0403202068983342
1.0403202068983342
1.0403202068983342
1.040423577604409
1.040423577604409
1.040045173990239
1.040045173990239
1.0381725914531967
1.0381725914531967
1.0381725914531967
1.0381725914531967
1.0365895116170643
1.0365895116170643
1.0347452245003161
1.0346577570980962
1.0346577570980962
1.0348026084103243
1.0348026084103243
1.0348026084103243
1.0348026084103243
1.0348026084103243
1.0341891174368845
1.0347849803399989
1.0355766389014338
1.0355766389014338
1.0363548451590125
1.0363548451590125
1.0356427102308223
1.0356427102308223
1.0356427102308223
1.0356427102308223
1.0356427102308223
1.0356427102308223
1.0356427102308223
1.0356427102308223
1.0356427102308223
1.0356427102308223
1.0356427102308223
1.03420953590104
1.03420953590104
1.03420953590104
1.03420953590104
1.03420953590104
1.03420953590104
1.0370724938677935
1.038273144020565
1.038273144020565
1.038273144020565
1.038273144020565
1.038273144020565
1.038273144020565
1.037174392678883
1.037174392678883
1.0358784295686647
1.0358784295686647
1.0358784295686647
1.0358784295686647
1.0358784295686647
1.035996715631407
1.0322561750315866
1.0326966550768477
1.0326966550768477
1.0327545453598912
1.0334600206522315
1.0334600206522315
1.0320321029960033
1.0326274316528492
1.0326274316528492
1.035110011075773
1.035110011075773
1.0363512138749833
1.0363512138749833
1.0363512138749833
1.034833764387961
1.034833764387961
1.034833764387961
1.034833764387961
1.033173437424683
1.0361227982301775
1.0352515921831906
1.0353977090179332
1.0326299068641818
1.0326299068641818
1.0354674142662588
1.0354674142662588
1.0343060882868336
1.035063986053261
1.0354801385295935
1.0369555114671507
1.0369555114671507
1.0370159260146847
1.0370159260146847
1.0399203709724247
1.0384174218940536
1.0384174218940536
1.0384174218940536
1.0384174218940536
1.0380515516538291
1.0380515516538291
1.0380515516538291
1.0395330166214307
1.0395151198015853
1.0395151198015853
1.0395151198015853
1.0365668911991783
1.0324432603808993
1.0341756299419578
1.0341756299419578
1.0347230141374588
1.0347230141374588
1.0347230141374588
1.0347230141374588
1.0362836173988945
1.0370351586426472
1.0340234438790752
1.0340234438790752
1.0340234438790752
1.036106280581972
1.036106280581972
1.036106280581972
1.036106280581972
1.0328593072151955
1.0328593072151955
1.0349124256287832
1.0340517177437347
1.0340517177437347
1.0335887038057727
1.0335887038057727
1.0331985087351512
1.03426896704579
1.03426896704579
1.03426896704579
1.034011150033384
1.0328775304964621
1.0328775304964621
1.0328775304964621
1.0328775304964621
1.0328775304964621
1.0337174787104981
1.0337174787104981
1.0337174787104981
1.0336494055958136
1.0336494055958136
1.0336494055958136
1.0336494055958136
1.0336494055958136
1.0336494055958136
1.0357642244887262
1.0357642244887262
1.035535559380338
1.0345154016362055
1.0350646869457298
1.0350646869457298
1.0348445689541175
1.0348445689541175
1.0348445689541175
1.0348445689541175
1.0330264293455074
1.0317098956656472
1.0317098956656472
1.0317098956656472
1.0317098956656472
1.0317098956656472
1.032337490374818
1.032337490374818
1.032337490374818
1.032337490374818
1.032337490374818
1.032337490374818
1.032337490374818
1.032337490374818
1.032337490374818
1.0315545636094319
1.0334553090131435
1.033318202691684
1.033318202691684
1.033318202691684
1.033318202691684
1.0329222426686273
1.0329222426686273
1.0329222426686273
1.0329222426686273
1.0329222426686273
1.0329222426686273
1.0335925383257865
1.0346087559225903
1.034940847006774
1.0333403759601802
1.0333403759601802
1.0333403759601802
1.0352044109468017
1.0352044109468017
1.0352044109468017
1.0352044109468017
1.0357503638111352
1.036195720539721
1.035607783249035
1.035607783249035
1.0366181251167461
1.0366181251167461
1.0366181251167461
1.037581748270845
1.03739370402842
1.03739370402842
1.03739370402842
1.03739370402842
1.03739370402842
1.03739370402842
1.03739370402842
1.037096518909528
1.0326830057199055
1.0317526238872032
1.0332310013171233
1.0317260672580848
1.0327117348847092
1.0324887408140542
1.0318267115787478
1.0308907153244076
1.0308907153244076
1.0308907153244076
1.0309306249673547
1.0309306249673547
1.0309306249673547
1.0309306249673547
1.0309211665157907
1.0309211665157907
1.032747529444986
1.032747529444986
1.032747529444986
1.032747529444986
1.032747529444986
1.032747529444986
1.0337519879000199
1.0340336383837345
1.033032352460959
1.033032352460959
1.0313058046548296
1.0302475305001377
1.0302475305001377
1.0309196675001053
1.0306422016791312
1.0306422016791312
1.0336680641552716
1.0336680641552716
1.030528064574129
1.0293527944359846
1.0293527944359846
1.0313019173740263
1.0296923263547697
1.0296923263547697
1.029716472671525
1.029716472671525
1.029716472671525
1.029716472671525
1.029716472671525
1.0333842228130865
1.0333842228130865
1.0333842228130865
1.0333842228130865
1.0333842228130865
1.0333842228130865
1.0333842228130865
1.0332347057003908
1.0323839684672949
1.0323839684672949
1.0323839684672949
1.0323839684672949
1.0325399598218776
1.0329410069928229
1.0322977051469568
1.0322977051469568
1.0322977051469568
1.0322977051469568
1.0352769385897225
1.0366260350881256
1.0366260350881256
1.0355276715358375
1.0355276715358375
1.0355799623386521
1.0355799623386521
1.0355799623386521
1.0336733657890895
1.0342180158557555
1.0342180158557555
1.0342180158557555
1.0342180158557555
1.0358821594044336
1.0358821594044336
1.0351715539320465
1.0351715539320465
1.0351715539320465
1.0352502949239368
1.0352502949239368
1.0348052689684388
1.0348052689684388
1.0348052689684388
1.033877340716462
1.0338068648675316
1.0338068648675316
1.0338068648675316
1.0338068648675316
1.0338068648675316
1.030071617756553
1.030071617756553
1.033743367980609
1.033743367980609
1.0350080585250983
1.0335779142720585
1.0315522998891484
1.0328382403633871
1.0328382403633871
1.0328382403633871
1.0331026169144488
1.033343696309273
1.033343696309273
1.033343696309273
1.0312829323393593
1.0312829323393593
1.0324214312619662
1.0335994664076997
1.0335994664076997
1.0335994664076997
1.0313862127378721
1.0313862127378721
1.0313862127378721
1.0313862127378721
1.0313862127378721
1.0316802994373009
1.0311292811929922
1.0311292811929922
1.0311292811929922
1.0314251760723712
1.0314251760723712
1.0298500173491847
1.0298500173491847
1.028943861933013
1.0316221359507667
1.0316221359507667
1.031446164973109
1.031446164973109
1.031446164973109
1.031446164973109
1.0322773545119732
1.0322773545119732
1.0322773545119732
1.0322773545119732
1.0322773545119732
1.0322773545119732
1.0322773545119732
1.0322773545119732
1.0322773545119732
1.0322773545119732
1.0322773545119732
1.0329161260282371
1.0329161260282371
1.032940595833938
1.032940595833938
1.032940595833938
1.033864056900675
1.033864056900675
1.033864056900675
1.033760427445749
1.033760427445749
1.033760427445749
1.0354433757565424
1.0345737954831342
1.0356123805431927
1.0356123805431927
1.0356123805431927
1.0356123805431927
1.0356123805431927
1.0356123805431927
1.0356123805431927
1.0356123805431927
1.0356123805431927
1.0356123805431927
1.0356123805431927
1.0357737282403714
1.0357737282403714
1.0363661119994958
1.0347435753382888
1.0350224678845739
1.0355673243044
1.0355673243044
1.0355673243044
1.0355673243044
1.0329485128551177
1.0329485128551177
1.031748485862154
1.0332625784588116
1.0304087508211437
1.0304087508211437
1.0304087508211437
1.0304087508211437
1.0304087508211437
1.0304087508211437
1.0325815056283074
1.0338198962300433
1.0338198962300433
1.0338198962300433
1.0338198962300433
1.0338198962300433
1.0338198962300433
1.0333165875828934
1.0333165875828934
1.0322200303534357
1.0322200303534357
1.0322200303534357
1.0322200303534357
1.0322200303534357
1.0322200303534357
1.0322200303534357
1.0322200303534357
1.0348960270996992
1.0342229202530921
1.0342229202530921
1.0329130037218819
1.0329130037218819
1.0329130037218819
1.0333987147572512
1.0333987147572512
1.0333987147572512
1.0333987147572512
1.0333987147572512
1.0333987147572512
1.0333815405344289
1.032682405219432
1.032682405219432
1.032006845390084
1.031374407433371
1.0319079309302381
1.0319079309302381
1.0319079309302381
1.032856946086528
1.0358108643315447
1.0344843763874831
1.0344843763874831
1.0344843763874831
1.0344843763874831
1.0344843763874831
1.0344843763874831
1.0353387560506964
1.0353387560506964
1.0353387560506964
1.034930454017962
1.033725659506302
1.033725659506302
1.033725659506302
1.033725659506302
1.033725659506302
1.0331241590907667
1.0331241590907667
1.0331241590907667
1.0331241590907667
1.0297719920998198
1.0310954466993718
1.0310954466993718
1.032364132419281
1.032364132419281
1.0329897555645817
1.0329897555645817
1.0329897555645817
1.0329897555645817
1.0329897555645817
1.0329897555645817
1.0308554763949946
1.0308554763949946
1.0308554763949946
1.0330069411268876
1.0330069411268876
1.0328964827228009
1.0328964827228009
1.0340455604002272
1.0340455604002272
1.038289188559082
1.038289188559082
1.038289188559082
1.038289188559082
1.038289188559082
1.038289188559082
1.038289188559082
1.038289188559082
1.0393326294338718
1.0393326294338718
1.0400777339402305
1.0400777339402305
1.0400777339402305
1.0400777339402305
1.0400777339402305
1.0400777339402305
1.0400777339402305
1.0354428213272269
1.035173953854621
1.035173953854621
1.035173953854621
1.035173953854621
1.0354181976104253
1.0354181976104253
1.0354181976104253
1.0354181976104253
1.0354181976104253
1.0354181976104253
1.0354181976104253
1.0373019243029231
1.0373019243029231
1.0355103867113165
1.0355103867113165
1.0355103867113165
1.0345802544454517
1.03407552443391
1.0354359710415442
1.0349512404975902
1.0349512404975902
1.0349512404975902
1.0349512404975902
1.0349512404975902
1.0349512404975902
1.0341963718991862
1.0335173514505698
1.0334180879794015
1.0341039359583777
1.0359654011689432
1.0374695940202998
1.0374695940202998
1.038083555759751
1.038083555759751
1.038083555759751
1.038083555759751
1.038083555759751
1.0376459108059433
1.0380844818042636
1.036819796897877
1.0370951614171633
1.0354051785314244
1.0354051785314244
1.0354051785314244
1.0354051785314244
1.0354051785314244
1.0369836952463132
1.0356571658039058
1.0335265107574119
1.0351646721017949
1.0347047308658268
1.0347047308658268
1.0347047308658268
1.0347047308658268
1.0347047308658268
1.0347047308658268
1.0364940451505642
1.0364940451505642
1.034905547097501
1.0349656211418607
1.0349656211418607
1.0349656211418607
1.0354259017424283
1.0354259017424283
1.0354259017424283
1.036382291262753
1.036382291262753
1.0352740359901582
1.032756296984968
1.031045573786848
1.031045573786848
1.031045573786848
1.031045573786848
1.031045573786848
1.031045573786848
1.031045573786848
1.031045573786848
1.0340039790457438
1.0340039790457438
1.033108441797007
1.033108441797007
1.033108441797007
1.0323858242192114
1.0323858242192114
1.0323858242192114
1.0322465561711494
1.0322465561711494
1.030505640423603
1.0307387458764175
1.0310097775553333
1.0310097775553333
1.0314440402695748
1.0319317882333143
1.031882445521965
1.0317889807470355
1.0317889807470355
1.0317889807470355
1.0317889807470355
1.0299329434679112
1.0309342936076789
1.0309342936076789
1.0309342936076789
1.0308428301094856
1.0308428301094856
1.0308428301094856
1.0308428301094856
1.0308428301094856
1.0329868483935423
1.0330570609510448
1.0342388961644335
1.0342388961644335
1.0342388961644335
1.0342388961644335
1.0342388961644335
1.0342388961644335
1.0342388961644335
1.0342388961644335
1.0342388961644335
1.0346710528885719
1.0315753355953008
1.0315753355953008
1.0315753355953008
1.0321060805556959
1.0303879663353555
1.0303879663353555
1.0328267428727602
1.0328267428727602
1.0334808639418733
1.0334808639418733
1.033968246720574
1.033968246720574
1.033968246720574
1.033968246720574
1.0338000813367128
1.0338000813367128
1.0338000813367128
1.0338000813367128
1.0338000813367128
1.0338000813367128
1.0338000813367128
1.0305042060311762
1.0305042060311762
1.0305042060311762
1.0305042060311762
1.0305042060311762
1.0305042060311762
1.0305042060311762
1.0305042060311762
1.033855162362144
1.0328461067743773
1.033440938041184
1.033440938041184
1.0336196734583851
1.0336698497105965
1.0336698497105965
1.0331676342159701
1.035241934196459
1.033680381531538
1.033680381531538
1.033680381531538
1.029442139453717
1.0284004221606908
1.0293195542118532
1.0288668373634822
1.0288668373634822
1.0288668373634822
1.0288668373634822
1.0267216959430694
1.0267216959430694
1.0267216959430694
1.0267216959430694
1.0267216959430694
1.0276010801392337
1.0263260714105071
1.0263260714105071
1.0259755922116087
1.0259755922116087
1.0261212607109444
1.0261212607109444
1.0261212607109444
1.0261212607109444
1.0261212607109444
1.028455533783462
1.0298637764886203
1.0269509181508272
1.0269509181508272
1.0269509181508272
1.0269509181508272
1.0287310986148037
1.0269526720892188
1.0269526720892188
1.025349796915423
1.0247092434015665
1.0247092434015665
1.0226467430860273
1.0262307032937104
1.0270246714137419
1.0275225672806432
1.0275225672806432
1.0276542228966044
1.0276542228966044
1.0282899182227925
1.0287057299532203
1.028812254124414
1.028812254124414
1.028812254124414
1.0301658447084192
1.0309982853097335
1.0309982853097335
1.0309982853097335
1.0317125253354382
1.0314654979101514
1.0314654979101514
1.0314654979101514
1.0314654979101514
1.0314654979101514
1.0314654979101514
1.0314654979101514
1.0314654979101514
1.0314654979101514
1.0314654979101514
1.0314654979101514
1.0314654979101514
1.0314654979101514
1.0313705875895893
1.0313705875895893
1.0313705875895893
1.0313705875895893
1.0313705875895893
1.032355656275712
1.032355656275712
1.0305992585236032
1.03208555701557
1.033309083116355
1.033309083116355
1.033309083116355
1.033309083116355
1.033309083116355
1.0333273619123562
1.0333273619123562
1.0333273619123562
1.0347803146261563
1.0347803146261563
1.0360416980777094
1.0360416980777094
1.0360416980777094
1.0362612364812138
1.0362612364812138
1.0346306573300665
1.033267061072309
1.033267061072309
1.0320976808338418
1.0320976808338418
1.0320976808338418
1.0320976808338418
1.0320976808338418
1.0320976808338418
1.0320976808338418
1.033603439382341
1.033603439382341
1.033603439382341
1.033603439382341
1.033603439382341
1.033603439382341
1.0301560431038694
1.0301560431038694
1.0311535952665496
1.0311535952665496
1.0311535952665496
1.0311535952665496
1.0311535952665496
1.0311535952665496
1.0311535952665496
1.0311535952665496
1.0315946757216736
1.0315946757216736
1.0323155943264262
1.0323155943264262
1.0323155943264262
1.0323643352071268
1.0323643352071268
1.0323643352071268
1.0310605888394668
1.0310605888394668
1.0310605888394668
1.0310605888394668
1.0310605888394668
1.0302716099638873
1.0275889349991834
1.0289792444140164
1.0289792444140164
1.0293716919849196
1.0293716919849196
1.0293716919849196
1.0293716919849196
1.0283751292274395
1.0283751292274395
1.0283751292274395
1.0283751292274395
1.0283751292274395
1.028319412555467
1.028319412555467
1.0307362609995785
1.0327949164580033
1.0327949164580033
1.0327949164580033
1.0327949164580033
1.0324193058586273
1.0342485927946299
1.0342485927946299
1.0345952568950665
1.0345952568950665
1.0345952568950665
1.0345952568950665
1.0345952568950665
1.0345952568950665
1.0345952568950665
1.0346267327542387
1.0346267327542387
1.0346267327542387
1.0357562610859126
1.0357562610859126
1.0362679229346554
1.0362679229346554
1.0362679229346554
1.0362679229346554
1.0336514060738902
1.0325402209645993
1.0325402209645993
1.03169830924371
1.03169830924371
1.03169830924371
1.03169830924371
1.03169830924371
1.03169830924371
1.03169830924371
1.03169830924371
1.03169830924371
1.03169830924371
1.03169830924371
1.03169830924371
1.03169830924371
1.03169830924371
1.03169830924371
1.03169830924371
1.03169830924371
1.0316818170857405
1.0316818170857405
1.0316818170857405
1.0316818170857405
1.0300700761188744
1.0304737321129935
1.030595858711627
1.030595858711627
1.0283376308375738
1.0275736501978319
1.0275736501978319
1.0275736501978319
1.0275736501978319
1.0296995548488983
1.0296995548488983
1.0296995548488983
1.0296995548488983
1.0296995548488983
1.02757871168614
1.02757871168614
1.02757871168614
1.02757871168614
1.02757871168614
1.02757871168614
1.028763655712914
1.0299190779157192
1.0293452594838017
1.0282528991857285
1.0257719641421923
1.0266092579476798
1.0279041221442264
1.0266614256444797
1.0275443152252397
1.029277424799859
1.0304547848202594
1.0306964111420305
1.0305606059578902
1.0305606059578902
1.0305606059578902
1.0317302842284646
1.0324813429235065
1.0280421499526944
1.0284610554649005
1.0284610554649005
1.0294525017542127
1.0294525017542127
1.0294525017542127
1.0294525017542127
1.0306996743167558
1.0318500958477541
1.0312951582102685
1.0312951582102685
1.031452488974451
1.031452488974451
1.031452488974451
1.031452488974451
1.031452488974451
1.031452488974451
1.031452488974451
1.031452488974451
1.031452488974451
1.031452488974451
1.0323329486757309
1.0323329486757309
1.0303114230934707
1.0303114230934707
1.0340681728757986
1.03292411527918
1.0322931591567897
1.0322931591567897
1.0322931591567897
1.0353647481349322
1.0353647481349322
1.0363905108647338
1.0363905108647338
1.035837202611122
1.035837202611122
1.035837202611122
1.035837202611122
1.035837202611122
1.0380415886358467
1.0380415886358467
1.0380415886358467
1.0376402217942162
1.0376402217942162
1.0389565611892098
1.0353403586015026
1.0353403586015026
1.0353403586015026
1.0353403586015026
1.0366953745780585
1.036291779439957
1.0375004090912372
1.0362402946402127
1.0362402946402127
1.0371361120635725
1.0371361120635725
1.0371361120635725
1.0382143844799736
1.036504778440744
1.036504778440744
1.0373217973655586
1.0373217973655586
1.0373217973655586
1.0373217973655586
1.0373217973655586
1.0373587001457711
1.0369507759235517
1.034826731235281
1.0336660514952767
1.0336660514952767
1.0344857275369075
1.0344857275369075
1.0344857275369075
1.0344857275369075
1.0344857275369075
1.0342126842263002
1.0342126842263002
1.0358766294587618
1.036307966030323
1.036307966030323
1.036307966030323
1.036307966030323
1.0363543493473655
1.0363543493473655
1.0357526688991037
1.0339609256874975
1.0333450982241537
1.0333450982241537
1.0325754098605961
1.0353120187521365
1.0353120187521365
1.0355854368924362
1.0355854368924362
1.0366115850145294
1.0366115850145294
1.0366115850145294
1.0366115850145294
1.032536133990277
1.0346132575829037
1.0346132575829037
1.0346132575829037
1.0346132575829037
1.032975704106895
1.0323826776592988
1.0335581159088807
1.0335581159088807
1.0335581159088807
1.0335581159088807
1.0335581159088807
1.0335581159088807
1.0335581159088807
1.0335581159088807
1.0335581159088807
1.032333650083486
1.0327025572226498
1.0327025572226498
1.0325812517195943
1.0325812517195943
1.0354081149660785
1.0354081149660785
1.0354081149660785
1.0354081149660785
1.0354081149660785
1.0356268633812435
1.0356268633812435
1.0356268633812435
1.0356268633812435
1.0356268633812435
1.0337312429070962
1.0337312429070962
1.0337312429070962
1.0337312429070962
1.0343170568377498
1.0343170568377498
1.0348380626346632
1.0348380626346632
1.0360168352095036
1.0360168352095036
1.0363648563509973
1.0381378454646246
1.0381378454646246
1.0366974854067463
1.0376351285615364
1.0367812889499826
1.0367812889499826
1.0360134651185686
1.0361202284087068
1.037912340723176
1.037363128299984
1.0384170615234856
1.039511494938645
1.039324450475947
1.039324450475947
1.0372353968535604
1.0372353968535604
1.0394334083942203
1.0394334083942203
1.0394004529530756
1.0375412252838276
1.0374683280781483
1.0374683280781483
1.0384670487167729
1.0384670487167729
1.0384670487167729
1.0384670487167729
1.0384670487167729
1.0384670487167729
1.0384670487167729
1.0383589298588074
1.0383589298588074
1.0383589298588074
1.0383589298588074
1.0383589298588074
1.0383589298588074
1.0383589298588074
1.0383589298588074
1.0388097050699194
1.0388097050699194
1.0388097050699194
1.0388097050699194
1.0388097050699194
1.0383580092476956
1.0383580092476956
1.0383580092476956
1.038087090487977
1.0390126865887706
1.0390177607294604
1.0376102565447103
1.0376102565447103
1.037217843780203
1.037217843780203
1.037217843780203
1.0363800826872709
1.0363800826872709
1.0363800826872709
1.0363800826872709
1.0363800826872709
1.0363800826872709
1.0360909145511268
1.0366108948192607
1.0366108948192607
1.0340101019091774
1.0340101019091774
1.0340101019091774
1.0340101019091774
1.0340101019091774
1.0333148461554404
1.0333148461554404
1.0329691984385
1.0329691984385
1.0329691984385
1.0329691984385
1.0329691984385
1.0329691984385
1.0334137560653722
1.0334137560653722
1.0334137560653722
1.0334137560653722
1.032638130128601
1.032638130128601
1.032638130128601
1.032638130128601
1.0360300797122917
1.0351560011999053
1.0349114236511225
1.0334422273488433
1.0334422273488433
1.0332003917203614
1.0332003917203614
1.0332003917203614
1.0332003917203614
1.0330475099429577
1.0320022279680918
1.0320022279680918
1.0320022279680918
1.0320022279680918
1.0295033231768727
1.0295033231768727
1.0295033231768727
1.0295033231768727
1.0274906360214695
1.029082838801885
1.029082838801885
1.030056816111755
1.030056816111755
1.0324621458291412
1.0324621458291412
1.0324621458291412
1.0324621458291412
1.0324621458291412
1.0324621458291412
1.033349152473503
1.0334244382578681
1.0334244382578681
1.0334244382578681
1.0332216413529747
1.0332216413529747
1.0332216413529747
1.0332396057469442
1.0344760975619738
1.0344760975619738
1.0344760975619738
1.0344760975619738
1.0344760975619738
1.0344760975619738
1.0321600109198354
1.0321600109198354
1.0321600109198354
1.0321600109198354
1.0321600109198354
1.0321600109198354
1.0321600109198354
1.0341773949789823
1.0341773949789823
1.0341773949789823
1.0341773949789823
1.0344215617160826
1.0344215617160826
1.0340054883729428
1.0340054883729428
1.0340054883729428
1.0340054883729428
1.0340054883729428
1.0331243981380929
1.0331243981380929
1.0331243981380929
1.0331243981380929
1.0331243981380929
1.0331243981380929
1.0331243981380929
1.0331243981380929
1.0331243981380929
1.0327019303380407
1.0327019303380407
1.0327019303380407
1.032886398108958
1.032886398108958
1.032886398108958
1.0314970183341428
1.0314970183341428
1.0317028063792861
1.0317028063792861
1.0317028063792861
1.0317028063792861
1.0317028063792861
1.0317028063792861
1.031436041269742
1.032568127314287
1.032568127314287
1.032568127314287
1.0332079293996421
1.0324614852953526
1.0324614852953526
1.0312179566253081
1.0343069787087211
1.0324445036535193
1.0320619479857913
1.0320619479857913
1.0320619479857913
1.0320619479857913
1.0320619479857913
1.0320619479857913
1.0320619479857913
1.0320619479857913
1.0320619479857913
1.0320619479857913
1.034165597985419
1.034165597985419
1.0321848791676769
1.0323985665937225
1.0334216122079567
1.0334216122079567
1.0334216122079567
1.0334216122079567
1.0334216122079567
1.0334216122079567
1.0334216122079567
1.0334216122079567
1.0334216122079567
1.0322865793169844
1.0322865793169844
1.0329249053662857
1.0329249053662857
1.0329249053662857
1.0329249053662857
1.034267811159407
1.037186689566428
1.037186689566428
1.037186689566428
1.037186689566428
1.038727331119777
1.038727331119777
1.038727331119777
1.038727331119777
1.0411126235902595
1.0411126235902595
1.039236972555109
1.039236972555109
1.039236972555109
1.0371677250672042
1.0371677250672042
1.0380165615609755
1.0380165615609755
1.0380165615609755
1.0404452531508706
1.0374131070659858
1.0374131070659858
1.0374131070659858
1.0351205517058806
1.0351205517058806
1.0351205517058806
1.0351205517058806
1.034960633405229
1.034960633405229
1.0349277148416656
1.0349277148416656
1.0362644752463412
1.032949664232431
1.032949664232431
1.032949664232431
1.032949664232431
1.0359528739720676
1.0363945306495514
1.0363945306495514
1.0355631259513765
1.0351551688690734
1.0352503947671612
1.0352503947671612
1.0352503947671612
1.0350234485890022
1.0350234485890022
1.0350234485890022
1.0384362893025307
1.0384362893025307
1.0389024093336525
1.0389024093336525
1.0389024093336525
1.0389024093336525
1.039259281930462
1.0381635423235112
1.0381635423235112
1.0381635423235112
1.0381635423235112
1.0381635423235112
1.037494012768166
1.037494012768166
1.037494012768166
1.0388161219992689
1.0388161219992689
1.0388161219992689
1.0388161219992689
1.0388161219992689
1.0380525480704903
1.0380525480704903
1.0380525480704903
1.0383078598275735
1.0387615142588962
1.0377108906757164
1.0391688366138487
1.0395026295603165
1.0395026295603165
1.0395026295603165
1.0396746553304588
1.0396746553304588
1.0400946422949884
1.039126879993104
1.039126879993104
1.0412633707405414
1.0387586193887366
1.0387586193887366
1.0334530418600538
1.0334530418600538
1.0334530418600538
1.0334530418600538
1.0365015293424353
1.0374454359468293
1.0374454359468293
1.0374454359468293
1.0374454359468293
1.0374454359468293
1.0374454359468293
1.0374454359468293
1.0374454359468293
1.0371951133973585
1.0371951133973585
1.037902332650514
1.037902332650514
1.034706094931311
1.034706094931311
1.0377788370302325
1.0347374306025339
1.0347374306025339
1.0337985396732459
1.0337985396732459
1.0327826025833315
1.0327826025833315
1.0329761751121693
1.0329761751121693
1.033872607655625
1.033872607655625
1.033872607655625
1.0337961914517955
1.0331829976879612
1.0331829976879612
1.0331829976879612
1.0321426659488808
1.0321426659488808
1.0321426659488808
1.0296719386589341
1.0296719386589341
1.0286383962611632
1.0286383962611632
1.0299549064895426
1.0299549064895426
1.029359887751598
1.0288705710241142
1.0295182225731323
1.0295182225731323
1.0295182225731323
1.0295182225731323
1.0305686789024844
1.0291057891244324
1.0320956824182046
1.0320956824182046
1.0320956824182046
1.0330779602777178
1.0330779602777178
1.0331405307752939
1.033413515804105
1.033413515804105
1.031714474453319
1.031714474453319
1.031714474453319
1.031714474453319
1.031714474453319
1.0316258925956843
1.0316258925956843
1.0334233438339206
1.0334233438339206
1.0348650866487936
1.0348650866487936
1.0348650866487936
1.0348650866487936
1.0348650866487936
1.0358953832027655
1.0356792105340635
1.0356792105340635
1.0356792105340635
1.0356792105340635
1.0351873190080796
1.0351873190080796
1.0351873190080796
1.0351873190080796
1.0351873190080796
1.0354951453216905
1.0354951453216905
1.0354951453216905
1.0354951453216905
1.0354951453216905
1.0354951453216905
1.0354951453216905
1.0371083015458888
1.0371083015458888
1.0354403121260156
1.0354403121260156
1.0349599067926405
1.0344139870217344
1.0325684407654627
1.0325684407654627
1.031883341166652
1.0351469641386517
