1.0707138279366435
1.0707138279366435
1.0707138279366435
1.0707138279366435
1.0707138279366435
1.0707138279366435
1.0707138279366435
1.0707138279366435
1.0707138279366435
1.0707138279366435
1.0707138279366435
1.0707138279366435
1.0707138279366435
1.0707138279366435
1.0707138279366435
1.0707138279366435
1.0707138279366435
1.0707138279366435
1.0707138279366435
1.0707138279366435
1.0707138279366435
1.0707138279366435
1.0707138279366435
1.0707138279366435
1.0707138279366435
1.0707138279366435
1.0707138279366435
1.0707138279366435
1.0707138279366435
1.0707138279366435
1.0707138279366435
1.0707138279366435
1.0707138279366435
1.0707138279366435
1.0707138279366435
1.0707138279366435
1.0707138279366435
1.0707138279366435
1.0707138279366435
1.0707138279366435
1.0707138279366435
1.0707138279366435
1.0707138279366435
1.0707138279366435
1.0707138279366435
1.0707138279366435
1.0707138279366435
1.0707138279366435
1.0707138279366435
1.0707138279366435
1.0707138279366435
1.0707138279366435
1.0707138279366435
1.0707138279366435
1.0707138279366435
1.0707138279366435
1.0707138279366435
1.0707138279366435
1.0707138279366435
1.0707138279366435
1.0707138279366435
1.0707138279366435
1.0707138279366435
1.0707138279366435
1.0707138279366435
1.0707138279366435
1.0707138279366435
1.0707138279366435
1.0707138279366435
1.0707138279366435
1.0707138279366435
1.0707138279366435
1.0707138279366435
1.0707138279366435
1.0707138279366435
1.0707138279366435
1.0707138279366435
1.0707138279366435
1.0707138279366435
1.0707138279366435
1.0707138279366435
1.0707138279366435
1.0707138279366435
1.0707138279366435
1.0707138279366435
1.0707138279366435
1.0707138279366435
1.0707138279366435
1.0707138279366435
1.0707138279366435
1.0707138279366435
1.0707138279366435
1.0707138279366435
1.0707138279366435
1.0707138279366435
1.0707138279366435
1.0707138279366435
1.0707138279366435
1.0707138279366435
1.0699641081653883
1.0699641081653883
1.0699641081653883
1.0699641081653883
1.0699641081653883
1.0699641081653883
1.0699641081653883
1.0699641081653883
1.0693940670849935
1.069085026138798
1.069085026138798
1.069085026138798
1.069085026138798
1.069085026138798
1.0653129924243803
1.0653129924243803
1.0653129924243803
1.0647502002214693
1.0647502002214693
1.0647502002214693
1.0647502002214693
1.0647502002214693
1.0624602564076362
1.0624602564076362
1.056954525898368
1.056954525898368
1.056954525898368
1.06007295872801
1.0583396721599436
1.0552631805941326
1.0559204782644143
1.0559204782644143
1.0556437427884056
1.0556437427884056
1.054716271681733
1.054716271681733
1.0538778195316891
1.0546927266766917
1.0549567984764932
1.0557897896233563
1.0557897896233563
1.0536584617955767
1.0536584617955767
1.0510451236387395
1.0510451236387395
1.04848063408596
1.047086862119403
1.047086862119403
1.047086862119403
1.047086862119403
1.047086862119403
1.045658991618857
1.0439673849591626
1.0428206266679507
1.0396056768635487
1.0396056768635487
1.0396056768635487
1.0396056768635487
1.0396056768635487
1.0396056768635487
1.0385888687310747
1.0385888687310747
1.0379812574574674
1.0396715312573694
1.0396715312573694
1.0422717129244843
1.0421446844073887
1.0421446844073887
1.0421446844073887
1.039742565554383
1.039742565554383
1.039742565554383
1.039742565554383
1.039742565554383
1.0392341777624736
1.0365080827249002
1.0365359332617334
1.0365359332617334
1.0365359332617334
1.0365359332617334
1.0365359332617334
1.0351412476727135
1.03626080833167
1.0335663488175206
1.0335888160516309
1.0335888160516309
1.0346271273701833
1.0347622014117401
1.0327410949772604
1.0342061251453512
1.0342061251453512
1.0342061251453512
1.0352502518628195
1.0352502518628195
1.0352502518628195
1.0352502518628195
1.0352502518628195
1.0352502518628195
1.034422977928006
1.034422977928006
1.034422977928006
1.0357873213825963
1.0357873213825963
1.0312785825794342
1.0293326302329213
1.031343255928715
1.031343255928715
1.0307883568349279
1.0307883568349279
1.0307883568349279
1.0305025620306472
1.0305025620306472
1.030780846425791
1.030780846425791
1.030780846425791
1.030780846425791
1.0300954228366934
1.0300954228366934
1.0300954228366934
1.0300954228366934
1.0316204695839826
1.0316204695839826
1.031818030256057
1.0311579355527
1.0311579355527
1.0311060241829026
1.029913271754758
1.029913271754758
1.029913271754758
1.0343044962280425
1.0332420733673016
1.0332420733673016
1.0332420733673016
1.0332420733673016
1.0329656302417467
1.031597733100318
1.031597733100318
1.0335292967777356
1.0335292967777356
1.0330437604452996
1.0304186329204759
1.0304186329204759
1.029085271736675
1.029085271736675
1.029085271736675
1.028651036522065
1.028651036522065
1.0288448154892873
1.0288448154892873
1.0288448154892873
1.0288448154892873
1.0288448154892873
1.0288448154892873
1.0288448154892873
1.0288448154892873
1.0288448154892873
1.0288448154892873
1.0288448154892873
1.0288448154892873
1.0301967228649789
1.0301967228649789
1.0301967228649789
1.0278992959836861
1.0278992959836861
1.027441563633144
1.027441563633144
1.027441563633144
1.0268072009455558
1.0268072009455558
1.0268072009455558
1.026546458560615
1.026546458560615
1.026546458560615
1.0245040500957032
1.0245040500957032
1.0256850478531871
1.0256850478531871
1.0258021944901414
1.0258021944901414
1.0258021944901414
1.0240161917183783
1.0259210961403709
1.0259210961403709
1.0251867679913735
1.0247718214016803
1.0247718214016803
1.0272609452152592
1.0275810245880364
1.028264241965056
1.028264241965056
1.028264241965056
1.0278335684321473
1.0278335684321473
1.0278335684321473
1.0280767375283504
1.0291377812146676
1.0291377812146676
1.0291377812146676
1.0291377812146676
1.0290826430688524
1.0290826430688524
1.0285077584596372
1.0285077584596372
1.0285077584596372
1.0285077584596372
1.0276888618510582
1.0276888618510582
1.0289513857516914
1.0289513857516914
1.0292275233788124
1.025112114243774
1.025112114243774
1.0249953870343678
1.0249953870343678
1.0249953870343678
1.0227290223590884
1.02505024576806
1.02505024576806
1.02505024576806
1.02505024576806
1.02505024576806
1.02505024576806
1.023222762000772
1.023222762000772
1.023222762000772
1.023222762000772
1.0233811763299987
1.0233811763299987
1.0233811763299987
1.0233811763299987
1.0233811763299987
1.0233811763299987
1.0244575698836451
1.0285245067625017
1.0293849707808727
1.0293849707808727
1.0293849707808727
1.0256723244194623
1.0256723244194623
1.0267826851814363
1.025667986076813
1.025667986076813
1.025667986076813
1.025667986076813
1.0280068346870515
1.027690527676078
1.027690527676078
1.027690527676078
1.027690527676078
1.0280957988548058
1.027179576617408
1.0278612725410654
1.0278612725410654
1.0278612725410654
1.0278612725410654
1.0259255930349453
1.0259255930349453
1.0259255930349453
1.0259255930349453
1.0259255930349453
1.0265772682850065
1.024114267156036
1.024114267156036
1.024114267156036
1.024114267156036
1.0260275420413931
1.0260275420413931
1.0251309789269265
1.0251309789269265
1.0261307143672556
1.0282470533316008
1.0280918293203354
1.0276643727547619
1.0276643727547619
1.0276643727547619
1.0276643727547619
1.0256127798471537
1.0256127798471537
1.0256127798471537
1.0256127798471537
1.0256127798471537
1.0256127798471537
1.0251369870208933
1.0251369870208933
1.0254197873025308
1.0247720237220543
1.0212341099732796
1.0212341099732796
1.0212341099732796
1.019509240426688
1.0207348921469017
1.0207348921469017
1.0207271643821483
1.0207271643821483
1.0207271643821483
1.0207271643821483
1.0207271643821483
1.0219294100462768
1.0202422190721383
1.0202422190721383
1.0202422190721383
1.0202422190721383
1.0202422190721383
1.0202422190721383
1.0202422190721383
1.0243533673862577
1.0240403276949692
1.0240403276949692
1.0240403276949692
1.0262988621519713
1.0225825753635391
1.0225825753635391
1.0225825753635391
1.0240068758909149
1.0219289521171007
1.0230225655754408
1.025419557402693
1.025419557402693
1.025419557402693
1.025419557402693
1.026392167387737
1.026392167387737
1.026392167387737
1.026392167387737
1.026392167387737
1.026392167387737
1.026392167387737
1.026392167387737
1.026392167387737
1.0265584645489692
1.0259261270267714
1.0260633475790584
1.0260633475790584
1.027448827945453
1.0268505684688198
1.0268505684688198
1.0268505684688198
1.0268505684688198
1.0268505684688198
1.0268505684688198
1.0280727984470126
1.0274674631820666
1.0274674631820666
1.0274674631820666
1.0274674631820666
1.0274674631820666
1.030198357997019
1.029150038177357
1.029150038177357
1.029150038177357
1.029150038177357
1.0306345099488288
1.0277580593394229
1.0277580593394229
1.0291803741074481
1.0294080464119852
1.0294080464119852
1.0294080464119852
1.0294080464119852
1.0294080464119852
1.0280097757733813
1.0280097757733813
1.0285640824923072
1.0285640824923072
1.0274301806984218
1.0267316424411483
1.0267316424411483
1.0267316424411483
1.028511144494777
1.0292292209324467
1.0292292209324467
1.0292292209324467
1.0292292209324467
1.0292292209324467
1.0292292209324467
1.027683659742985
1.027683659742985
1.027683659742985
1.0259521328989252
1.0259521328989252
1.0259521328989252
1.0253732393719048
1.0253732393719048
1.0253732393719048
1.0253732393719048
1.0253732393719048
1.022647800129715
1.024755022718825
1.024755022718825
1.0250638215299168
1.0214133789170827
1.023746945136832
1.023746945136832
1.025049978443922
1.025049978443922
1.0246218602922943
1.0246218602922943
1.0240398929426564
1.0240398929426564
1.025333295559611
1.0262878082392843
1.023413414844704
1.023413414844704
1.023413414844704
1.023413414844704
1.023413414844704
1.023413414844704
1.0266433756699584
1.0266433756699584
1.0266433756699584
1.0266433756699584
1.0266433756699584
1.0281697089138069
1.0272621770687718
1.0272621770687718
1.0272621770687718
1.0257347218517965
1.0263371473991598
1.0263371473991598
1.0263371473991598
1.0263371473991598
1.027258453547721
1.027258453547721
1.0299251519116248
1.0299251519116248
1.0264890343265551
1.026169706318629
1.026169706318629
1.0222506803552833
1.02244227446925
1.02244227446925
1.0244678551722297
1.0244678551722297
1.0230148978074967
1.0230148978074967
1.0220284097919294
1.0220284097919294
1.0220284097919294
1.0264533239452605
1.0264533239452605
1.0264533239452605
1.0264533239452605
1.0264533239452605
1.0241920576364472
1.0233287604174546
1.0233287604174546
1.026704797333777
1.028628858732461
1.0274125555509241
1.0274125555509241
1.0266330305527014
1.0266330305527014
1.024524641485057
1.024524641485057
1.0258570154878808
1.024901273080209
1.0265810805786297
1.0267200921461368
1.0273515485763856
1.026800273842299
1.0259087321613147
1.0248504501890567
1.0267526215108038
1.0267526215108038
1.0267526215108038
1.029313765292918
1.029313765292918
1.029313765292918
1.029313765292918
1.029313765292918
1.0283986509528633
1.024841145213553
1.024049744021808
1.024049744021808
1.024049744021808
1.0260870281121601
1.0260870281121601
1.0244299690327343
1.0232415608984224
1.0236283467166691
1.0236283467166691
1.0236283467166691
1.0234696145516053
1.0234696145516053
1.0234696145516053
1.0234696145516053
1.022488999489843
1.0203389611300426
1.0236493067212606
1.0236493067212606
1.0237848461197274
1.0237848461197274
1.0234191207926981
1.0234191207926981
1.02785664574183
1.0250635001903048
1.0250635001903048
1.025321730197978
1.025321730197978
1.025321730197978
1.025321730197978
1.025321730197978
1.025321730197978
1.025321730197978
1.0237389982024587
1.027178175250284
1.027178175250284
1.0267333165619865
1.0268479523205791
1.0265699827463861
1.0265699827463861
1.0265699827463861
1.0265699827463861
1.0265699827463861
1.0283526036499335
1.0283526036499335
1.027938058504254
1.027938058504254
1.0262079927438912
1.0246522354817227
1.0278716206831486
1.0268249195841501
1.0255359626931169
1.0249838740452741
1.0249838740452741
1.0244216804942121
1.021948245936846
1.021948245936846
1.0217354879181229
1.0217354879181229
1.0188617672540752
1.0188617672540752
1.0188617672540752
1.0188617672540752
1.0188617672540752
1.0188617672540752
1.0181490587683943
1.0202956289653613
1.0207567125792525
1.0207567125792525
1.0207567125792525
1.0207567125792525
1.0207567125792525
1.0207567125792525
1.0184705186328573
1.0184705186328573
1.0184705186328573
1.0184705186328573
1.0184705186328573
1.019121689295767
1.0210950584814082
1.0210950584814082
1.0210950584814082
1.021557014657881
1.0225787014905567
1.022642504544136
1.022642504544136
1.023089130066996
1.023089130066996
1.0235552296077002
1.0235552296077002
1.023666483714033
1.023666483714033
1.0254617880576475
1.0254617880576475
1.0254617880576475
1.0254617880576475
1.0254617880576475
1.0254617880576475
1.0247854848448938
1.0247854848448938
1.0237832037201582
1.0237832037201582
1.0237832037201582
1.0237832037201582
1.0237832037201582
1.0237832037201582
1.0259306032402826
1.0259306032402826
1.0259306032402826
1.0259306032402826
1.0259306032402826
1.0259306032402826
1.0259306032402826
1.0265643040053178
1.0262708689070967
1.0262708689070967
1.027071478362303
1.0266341155153695
1.0285592250717746
1.0266811953560047
1.0271499771614034
1.028473808163561
1.0256440580734163
1.0249926588015164
1.0249926588015164
1.025794044106124
1.025856718268827
1.025856718268827
1.025856718268827
1.025856718268827
1.025856718268827
1.025856718268827
1.0242258858466007
1.0242258858466007
1.0242258858466007
1.0248779703397877
1.025279748046451
1.025279748046451
1.025279748046451
1.025279748046451
1.025279748046451
1.025279748046451
1.025279748046451
1.025279748046451
1.0211971444083832
1.0218664613058481
1.0197049716806188
1.0212674373960875
1.0231334013833375
1.0231334013833375
1.0231334013833375
1.0231334013833375
1.0230058802751165
1.0202198757419418
1.0202198757419418
1.0202198757419418
1.0194936897717433
1.0194936897717433
1.0216863865032866
1.0223276914522301
1.0223276914522301
1.0235962124239049
1.0235962124239049
1.0235962124239049
1.0235962124239049
1.0235962124239049
1.0235962124239049
1.0235962124239049
1.0235962124239049
1.0235962124239049
1.0235962124239049
1.0256789105534119
1.0256789105534119
1.022347043411428
1.022347043411428
1.0217041430275604
1.0217041430275604
1.0217041430275604
1.0222629760972686
1.0227540607965233
1.0260458211691175
1.0260458211691175
1.0259905178987165
1.0259905178987165
1.0237240536008225
1.0237240536008225
1.0227705075813263
1.0227705075813263
1.0227705075813263
1.0227705075813263
1.0227705075813263
1.0220617751526178
1.0239714363135646
1.027399520707066
1.027399520707066
1.0258031446030165
1.0258031446030165
1.0258031446030165
1.0260614599326192
1.0260614599326192
1.0260614599326192
1.0262827161545094
1.0262827161545094
1.0262827161545094
1.0271938894616537
1.026729897565742
1.026729897565742
1.026729897565742
1.026729897565742
1.0256209043870999
1.0256209043870999
1.0277089669381618
1.0263332313702485
1.0263332313702485
1.0263332313702485
1.0263332313702485
1.0263332313702485
1.0279690285311003
1.0279690285311003
1.0279690285311003
1.0270062465393317
1.0270062465393317
1.0270062465393317
1.0259564721530872
1.0259564721530872
1.0259564721530872
1.0251501977846535
1.0249539274620696
1.0256708288359349
1.0250905989404469
1.0242335461056968
1.0242335461056968
1.0242335461056968
1.0242335461056968
1.0242335461056968
1.0242335461056968
1.0242335461056968
1.024154891271043
1.024255170991737
1.0256368818466275
1.0258013120817058
1.0258013120817058
1.0278826020015446
1.0278826020015446
1.0272024517657121
1.024525762363181
1.0263389432927381
1.0263389432927381
1.0276263996343618
1.0308680003862971
1.0306847309426543
1.0310666169764295
1.0310666169764295
1.0310666169764295
1.0319191607292788
1.0319191607292788
1.0319191607292788
1.0302777117835409
1.0302777117835409
1.0302777117835409
1.0302777117835409
1.0302777117835409
1.028189088688451
1.0306499169844738
1.0306499169844738
1.0306499169844738
1.026685115059166
1.026685115059166
1.026685115059166
1.026685115059166
1.026685115059166
1.0278104621781936
1.0257568556526564
1.0257568556526564
1.0257568556526564
1.0242087179564607
1.0258149717334892
1.0281891854252496
1.0259852619016772
1.026880187746931
1.026880187746931
1.026880187746931
1.026880187746931
1.026880187746931
1.026880187746931
1.025679348044049
1.0258430925969697
1.0258430925969697
1.0263209777632138
1.0263209777632138
1.0263209777632138
1.0263209777632138
1.022737382725013
1.022737382725013
1.022737382725013
1.0225764486758149
1.0242391916177713
1.0242391916177713
1.0237071549648051
1.0220178300403093
1.0220178300403093
1.0220178300403093
1.024717249455955
1.024717249455955
1.024717249455955
1.024717249455955
1.0260567262101774
1.0260567262101774
1.0260567262101774
1.0261377962700216
1.0261377962700216
1.0286925102404674
1.0286925102404674
1.0300921811933286
1.0300921811933286
1.0300921811933286
1.0300921811933286
1.0300921811933286
1.0286458587377165
1.026922977701041
1.026922977701041
1.027395088200549
1.0286212539625732
1.0286212539625732
1.0289633870568358
1.0289633870568358
1.0301405736362195
1.034851786457084
1.034851786457084
1.034851786457084
1.0334251559190668
1.0334251559190668
1.0354406930800348
1.0369900429135874
1.0341239131155648
1.0341239131155648
1.0341807508304703
1.0341125321302553
1.0341125321302553
1.035191037229029
1.035191037229029
1.0356702547943297
1.0364435664789338
1.0364435664789338
1.0364435664789338
1.0364435664789338
1.0339626962658757
1.0352144548648288
1.0343875073153668
1.034282845876523
1.034282845876523
1.034282845876523
1.0339525186364569
1.0339525186364569
1.0327870968548079
1.0327870968548079
1.0327870968548079
1.0327870968548079
1.0327870968548079
1.0327870968548079
1.0327870968548079
1.0327870968548079
1.0327870968548079
1.0327870968548079
1.0327870968548079
1.0327870968548079
1.0338475413165416
1.0338475413165416
1.0338475413165416
1.0338475413165416
1.0361571369960656
1.0361571369960656
1.0350248312442383
1.0350248312442383
1.0350248312442383
1.0336617836824455
1.0336617836824455
1.0336617836824455
1.0343892868515914
1.0348720251023207
1.034949112671356
1.0334614046092148
1.0334614046092148
1.0334614046092148
1.0334614046092148
1.0334614046092148
1.030320000178766
1.030320000178766
1.0285103349953755
1.0285103349953755
1.0285103349953755
1.0285103349953755
1.0285103349953755
1.0285103349953755
1.0285103349953755
1.0285103349953755
1.0283197617592723
1.0290913051072
1.0300102369132713
1.0300102369132713
1.028483169067434
1.030862253182854
1.030862253182854
1.030862253182854
1.029470428734223
1.029470428734223
1.029470428734223
1.0283178417076162
1.0295862517214047
1.0295862517214047
1.0295862517214047
1.0260467106725193
1.026149451808581
1.0267091067397414
1.0267091067397414
1.0257108136907986
1.0248995706040929
1.0255884251372633
1.025646274667879
1.0264559522774657
1.02620170032803
1.02620170032803
1.02620170032803
1.02620170032803
1.02620170032803
1.025802457417056
1.0265276113575197
1.0252465335406313
1.0261161517585864
1.0261161517585864
1.0288908827246437
1.0288908827246437
1.0288908827246437
1.0288908827246437
1.0308230144625152
1.0308230144625152
1.0308230144625152
1.0308230144625152
1.0299899442084666
1.0299899442084666
1.0299899442084666
1.0299899442084666
1.0299899442084666
1.0317285463505614
1.0300202768796627
1.0289358479696684
1.030835213050777
1.0286938148366767
1.0286938148366767
1.0294724642933792
1.0294724642933792
1.0294724642933792
1.0299266621415077
1.028251652163228
1.028251652163228
1.028251652163228
1.025503042211571
1.025503042211571
1.0269495301587568
1.0269495301587568
1.0288849407937164
1.0283798351080233
1.0276834162679385
1.0276834162679385
1.0276834162679385
1.0276834162679385
1.0276834162679385
1.0259005294736327
1.0259005294736327
1.0259005294736327
1.0259005294736327
1.0259005294736327
1.0278881969819322
1.0280016011666202
1.0280016011666202
1.0286142927876651
1.0286492488275811
1.031585734272517
1.031585734272517
1.031585734272517
1.031585734272517
1.0311226246143625
1.0311226246143625
1.0300965069876358
1.0294277183807161
1.0294277183807161
1.0284370300856165
1.027112343329433
1.027112343329433
1.027112343329433
1.0288022384117217
1.0297274282091977
1.0280111159528909
1.0280111159528909
1.0259920839889436
1.0253404826702988
1.0253404826702988
1.028513275248326
1.0288005443583343
1.0298220356505765
1.0298220356505765
1.0298220356505765
1.0298220356505765
1.0280511866285333
1.0289956111440746
1.0289956111440746
1.0260651064696786
1.0258798206839945
1.0245064339513799
1.0245064339513799
1.0240672336489385
1.0254918532373651
1.0260963549513158
1.025651600063574
1.025651600063574
1.025651600063574
1.024389129372487
1.0249564893150727
1.0242524131488022
1.0242524131488022
1.0218802963028082
1.0218802963028082
1.0255196630377679
1.0255196630377679
1.0255196630377679
1.0255196630377679
1.0255196630377679
1.0255196630377679
1.0255196630377679
1.0256256946513922
1.0256189211503206
1.0256189211503206
1.0256189211503206
1.0256189211503206
1.0267344534305627
1.0267344534305627
1.0272760089153568
1.0272760089153568
1.0272760089153568
1.0272760089153568
1.0272760089153568
1.0272760089153568
1.0272760089153568
1.0271962821161416
1.0234600757411454
1.0234600757411454
1.0259439268176356
1.0267909173949974
1.0259800373201173
1.0259800373201173
1.0259800373201173
1.0258665404544223
1.0258665404544223
1.0258665404544223
1.0258665404544223
1.0258665404544223
1.0256445410587711
1.0253165816179153
1.0248457349219213
1.0250652146656587
1.0264455846827019
1.0262670961105105
1.0279133804320708
1.0279133804320708
1.0279133804320708
1.027486813069335
1.0275957292054867
1.0250153275379579
1.0250153275379579
1.0250153275379579
1.0250153275379579
1.026555443369026
1.0253353395392004
1.0237846461186446
1.0237846461186446
1.0237846461186446
1.0259162993846136
1.0253629271337166
1.025917765046252
1.0259068303747085
1.0259068303747085
1.0253341454494
1.024677380247836
1.024677380247836
1.0275603482493185
1.0275603482493185
1.0308380239339843
1.0308380239339843
1.032160693589472
1.030586107545007
1.030586107545007
1.030586107545007
1.030586107545007
1.030586107545007
1.030586107545007
1.030586107545007
1.030586107545007
1.030586107545007
1.030586107545007
1.030586107545007
1.030586107545007
1.0285144629830805
1.0258544244061807
1.0258544244061807
1.029203315724375
1.029203315724375
1.0302511488415274
1.0290151297412076
1.0290151297412076
1.0290151297412076
1.0290151297412076
1.0290151297412076
1.0290151297412076
1.0283602519461645
1.0301643269371201
1.0315010414223418
1.0315010414223418
1.0315010414223418
1.0302336628797724
1.0302336628797724
1.0302336628797724
1.0302336628797724
1.029027315408314
1.0298969748749656
1.0298969748749656
1.0291450507133546
1.0297050668640617
1.0297050668640617
1.0297050668640617
1.0297050668640617
1.0297050668640617
1.0297050668640617
1.0297050668640617
1.0297050668640617
1.0297050668640617
1.0276034384352057
1.028656711618136
1.028656711618136
1.0272512435181038
1.0267220632574101
1.0267220632574101
1.0267220632574101
1.0267220632574101
1.0255435481933832
1.0255435481933832
1.0246239158833803
1.0249568211675688
1.025748500656213
1.0270720465471301
1.026962117991539
1.028548131175531
1.028548131175531
1.028548131175531
1.028548131175531
1.028548131175531
1.0338638662891608
1.0338638662891608
1.0330463298747414
1.0330463298747414
1.0330463298747414
1.0326960626128545
1.0326960626128545
1.0299261746107988
1.0299261746107988
1.0299261746107988
1.030130037675271
1.030130037675271
1.0315558226556476
1.0324043321866463
1.0324043321866463
1.0324043321866463
1.0324043321866463
1.0318327625398624
1.0318327625398624
1.0318327625398624
1.0330113069398386
1.0330113069398386
1.0339350901479687
1.0339350901479687
1.033872171637087
1.033872171637087
1.0309422661592746
1.0319971344716379
1.0319971344716379
1.0319971344716379
1.0335776091117117
1.0335776091117117
1.0335776091117117
1.0335776091117117
1.0335776091117117
1.0335776091117117
1.0337319454131035
1.0337319454131035
1.0306298086824255
1.0312765874734677
1.0312765874734677
1.0316242466221264
1.0278557613919057
1.0278557613919057
1.0278557613919057
1.0278557613919057
1.0278557613919057
1.0262197668732234
1.0262197668732234
1.0262197668732234
1.0287526764684778
1.0287526764684778
1.0294868851963213
1.0288155939498362
1.0288155939498362
1.0294932567970974
1.0294932567970974
1.0287803911776074
1.0287803911776074
1.026275132665859
1.026275132665859
1.026275132665859
1.026275132665859
1.0273387100710143
1.0273387100710143
1.0273387100710143
1.0275608395861282
1.0275608395861282
1.0268072050622563
1.0268072050622563
1.0280100835589414
1.0266820705906807
1.0264715031826206
1.0262814636524094
1.0249027632070302
1.0249027632070302
1.0249027632070302
1.0266116880238498
1.0266116880238498
1.0264360657924578
1.0264360657924578
1.0264360657924578
1.025666162026684
1.0265640215583722
1.0263063533021843
1.0263063533021843
1.0269094172252757
1.0269094172252757
1.0274007387942574
1.0292435464495824
1.0292435464495824
1.0292435464495824
1.029509948647362
1.029509948647362
1.029509948647362
1.029509948647362
1.029509948647362
1.029509948647362
1.029509948647362
1.029509948647362
1.029509948647362
1.029509948647362
1.029509948647362
1.029509948647362
1.0305197537472002
1.0305197537472002
1.0322613730665198
1.0322613730665198
1.0322613730665198
1.0306512828473582
1.0306512828473582
1.0306512828473582
1.0306512828473582
1.029598587065642
1.0289434287866304
1.0273448554563689
1.0277644671943789
1.0277644671943789
1.0277644671943789
1.0277644671943789
1.0277644671943789
1.0277644671943789
1.0277644671943789
1.0277644671943789
1.0277644671943789
1.0277644671943789
1.0277644671943789
1.0277644671943789
1.0277644671943789
1.0288393924981447
1.0288393924981447
1.0288213393415533
1.0288213393415533
1.0258073228811506
1.0258073228811506
1.0258073228811506
1.027011822560266
1.027011822560266
1.027011822560266
1.0267885790718498
1.0267885790718498
1.0288740423616334
1.0288740423616334
1.0290797778022438
1.0290797778022438
1.0290797778022438
1.0290797778022438
1.0290797778022438
1.0287517383639664
1.0265072006884668
1.0250371283203952
1.0250371283203952
1.025457015563955
1.025457015563955
1.0259621220987483
1.0263223730130366
1.0277504751378812
1.0284635533195032
1.0284635533195032
1.0284635533195032
1.0284635533195032
1.0284635533195032
1.0284635533195032
1.0298864524123101
1.0298864524123101
1.0298864524123101
1.0298864524123101
1.0298864524123101
1.0286456683977823
1.0286456683977823
1.0275071613662998
1.0275071613662998
1.028229049885035
1.028229049885035
1.029118795683632
1.0281015720483606
1.0281015720483606
1.025237449422309
1.0262688150297832
1.0262688150297832
1.0273007969159254
1.0273007969159254
1.0273007969159254
1.0273007969159254
1.0280894064249555
1.0280894064249555
1.0280894064249555
1.0280894064249555
1.0280894064249555
1.0280894064249555
1.0287019707509897
1.0287019707509897
1.0287019707509897
1.0256747222253504
1.0288210180551136
1.0271956113447958
1.0264413396868326
1.0264413396868326
1.0264413396868326
1.0264336577760846
1.0242418861896
1.0242418861896
1.0249772975237945
1.0249772975237945
1.0271624169000086
1.0245436434157367
1.0245436434157367
1.0245436434157367
1.0245436434157367
1.022897356240864
1.022897356240864
1.022897356240864
1.0243461674796122
1.021600519416178
1.021600519416178
1.021600519416178
1.0233151049674971
1.0247722276600206
1.0247722276600206
1.0247722276600206
1.0247722276600206
1.0247722276600206
1.0247722276600206
1.0247722276600206
1.0247722276600206
1.0247722276600206
1.0247722276600206
1.0221881555142336
1.0221881555142336
1.0212080020572352
1.0212080020572352
1.0212080020572352
1.0208687919704207
1.0177283990581762
1.0178953922257443
1.0182510712191897
1.0217507831605583
1.0239681806305787
1.0239681806305787
1.0239681806305787
1.0239681806305787
1.0231286704916103
1.0231286704916103
1.0231286704916103
1.0232032981002854
1.0212563715117424
1.0264416195300754
1.0264416195300754
1.0264416195300754
1.0269351185012567
1.0269351185012567
1.0269351185012567
1.0269351185012567
1.0276672811251377
1.0276672811251377
1.0276672811251377
1.0276672811251377
1.0276672811251377
1.0291893397825538
1.030156976679199
1.030156976679199
1.030156976679199
1.030156976679199
1.030156976679199
1.030156976679199
1.0324402884826047
1.0313931813355757
1.0314697252462508
1.0324035681419355
1.0324035681419355
1.0324035681419355
1.0324035681419355
1.0324035681419355
1.032425059051528
1.0314464436273085
1.0310640657813273
1.0319037908889392
1.031262111520504
1.0314486160512355
1.0314486160512355
1.0299072904478588
1.0312433059655661
1.031943289875953
1.0279981987599964
1.0279981987599964
1.0279981987599964
1.0279981987599964
1.0279981987599964
1.0279981987599964
1.0291596733354846
1.0291596733354846
1.0276424898647727
1.0276424898647727
1.02593884397437
1.0268194818419945
1.0268194818419945
1.0276030417256252
1.0276030417256252
1.0276030417256252
1.0276030417256252
1.0276030417256252
1.0276030417256252
1.0276030417256252
1.0276030417256252
1.0276030417256252
1.0294594021437995
1.0294594021437995
1.0310613302358382
1.0310613302358382
1.0310613302358382
1.0310613302358382
1.0313887719869923
1.0313887719869923
1.0287642304929652
1.0312685016897656
1.0312685016897656
1.0342835954925549
1.0342835954925549
1.0342835954925549
1.0342835954925549
1.0342835954925549
1.0342835954925549
1.0325315776475676
1.029745900751417
1.029375015928237
1.030394221021348
1.030111656271454
1.030111656271454
1.030111656271454
1.030111656271454
1.0283622862780295
1.0283622862780295
1.0283622862780295
1.0283622862780295
1.0283622862780295
1.0283622862780295
1.0269579479063895
1.0269579479063895
1.0268614993369944
1.0268614993369944
1.0268614993369944
1.0268614993369944
1.0268614993369944
1.0268614993369944
1.0268614993369944
1.0268614993369944
1.0268614993369944
1.0268614993369944
1.0268614993369944
1.0268614993369944
1.0268614993369944
1.0268614993369944
1.029432716893524
1.0293757100225283
1.0293757100225283
1.0293757100225283
1.0293757100225283
1.0293757100225283
1.0293757100225283
1.0278668508587743
1.0269354594154938
1.0275893601606088
1.0275893601606088
1.0275893601606088
1.0275893601606088
1.027081647058644
1.027081647058644
1.026314939997036
1.0254170264674103
1.0259591545971183
1.0259591545971183
1.0259591545971183
1.0259591545971183
1.0261065960603253
1.0261065960603253
1.026294687078399
1.027479324143659
1.027479324143659
1.0256223225236836
1.0256223225236836
1.0256223225236836
1.0256223225236836
1.0256223225236836
1.0250548639088306
1.0245357076893125
1.0233921275291922
1.0233921275291922
1.024022663798578
1.024022663798578
1.024022663798578
1.026432597604143
1.026432597604143
1.0264653122502065
1.0264653122502065
1.0264653122502065
1.0271995711527353
1.0281264911007333
1.02728016996221
1.0275732983050836
1.0232226019854795
1.0245008629319805
1.0262008564410638
1.0271640194489957
1.0231294966468722
1.0231294966468722
1.0231294966468722
1.0231294966468722
1.0218971471040215
1.0218971471040215
1.0218971471040215
1.0218971471040215
1.023569764376483
1.0211203676101508
1.0215799147116962
1.0213421124493263
1.0213421124493263
1.0213421124493263
1.0213421124493263
1.0213421124493263
1.0213421124493263
1.0207829976613756
1.022041665153048
1.0233589210822178
1.0233589210822178
1.0233589210822178
1.0233589210822178
1.0233589210822178
1.0233589210822178
1.0233589210822178
1.0233589210822178
1.0231836087569843
1.0231836087569843
1.0231836087569843
1.0231836087569843
1.0231836087569843
1.0231836087569843
1.0231836087569843
1.0243623444057528
1.0243623444057528
1.0243623444057528
1.0243623444057528
1.0243623444057528
1.024222798295131
1.0229667254124482
1.0238227435552327
1.0237168595031694
1.0252754163604987
1.025600269467627
1.025600269467627
1.0276935680761219
1.0276935680761219
1.0276873851500787
1.0276873851500787
1.0276873851500787
1.0276873851500787
1.0276873851500787
1.0276873851500787
1.0264552201282497
1.0264552201282497
1.0264552201282497
1.0264552201282497
1.0264552201282497
1.0264552201282497
1.0264552201282497
1.024843867735846
1.024843867735846
1.024843867735846
1.024843867735846
1.025839463960471
1.025839463960471
1.025839463960471
1.025811465628818
1.025811465628818
1.0289890936842376
1.0287088167757756
1.0292124628214427
1.0292124628214427
1.0292124628214427
1.0292124628214427
1.0267218742418913
1.0267218742418913
1.0267218742418913
1.027330627870039
1.02853925554953
1.026311805482479
1.026311805482479
1.0274658213952104
1.0274658213952104
1.0274658213952104
1.027890756812307
1.0269363266809493
1.0284172458042007
1.0238523931199335
1.025649791245583
1.025649791245583
1.025649791245583
1.0232696689306038
1.0232696689306038
1.0232696689306038
1.025405217213572
1.025405217213572
1.0256626194015952
1.0254468219796782
1.0252847986664886
1.0252847986664886
1.0252847986664886
1.0252847986664886
1.025895481018795
1.025895481018795
1.02776683184111
1.02776683184111
1.02776683184111
1.026813152735907
1.029759088174321
1.0306237898077897
1.0306237898077897
1.0306237898077897
1.0306237898077897
1.0306237898077897
1.0282839464042226
1.0282839464042226
1.0287716039015764
1.0303869629729692
1.0303869629729692
1.0303869629729692
1.029765894828213
1.0278409092993237
1.0278409092993237
1.0266667398251201
1.0266667398251201
1.0266667398251201
1.0248355410419467
1.0250361063883404
1.0247807652994185
1.0240799527901359
1.0261791338494743
1.0262252307363142
1.0262252307363142
1.0262252307363142
1.0252507171011167
1.0252507171011167
1.025496301080301
1.0272588678834464
1.0266405902584934
1.0266405902584934
1.024308181014672
1.0249709163904495
1.0260707542911651
1.0260707542911651
1.0260707542911651
1.026438713514551
1.026438713514551
1.026438713514551
1.0271671089325651
1.0271671089325651
1.0271671089325651
1.027233342244009
1.0264312605333628
1.0264312605333628
1.0268734040292957
1.025674980142172
1.025674980142172
1.0243168496348434
1.0235109691728514
1.0235109691728514
1.0221695963723163
1.0221695963723163
1.0221271838005501
1.0237371969600892
1.0237371969600892
1.0236853408878848
1.024842660605046
1.024842660605046
1.024842660605046
1.0243611786335014
1.0243611786335014
1.0243611786335014
1.020056390282609
1.020056390282609
1.0238153311065268
1.0238153311065268
1.0212142217962803
1.020924193799044
1.0192627452674856
1.0192627452674856
1.0217607500298354
1.0217607500298354
1.0217607500298354
1.0217607500298354
1.0217607500298354
1.0208304439906446
1.0249172241448554
1.0205002329399218
1.0196106632860766
1.0183337942769028
1.0195244866061681
1.017936925001903
1.0207208369912313
1.0201143736620266
1.0201143736620266
1.0207253843465638
1.0207253843465638
1.0207253843465638
1.0191352921907746
1.0191352921907746
1.020535867488722
1.0244399130048876
1.0252058252582612
1.0252058252582612
1.0248764358211473
1.0248764358211473
1.0248764358211473
1.0258453612056944
1.0261642621250489
1.024572120050464
1.0255279637047043
1.0243681812184897
1.0245592761594888
1.0245592761594888
1.0245592761594888
1.0223138627316237
1.0236145253164026
1.0236145253164026
1.0236145253164026
1.0232935657229307
1.0220084214882037
1.0220084214882037
1.0220084214882037
1.0270307237227814
1.0275766710565994
1.0275766710565994
1.0275766710565994
1.0275766710565994
1.0284871862636575
1.0284871862636575
1.0284871862636575
1.0284871862636575
1.0284871862636575
1.0226740390509093
1.0226740390509093
1.0226740390509093
1.023935565409178
1.023935565409178
1.023935565409178
1.0237531521673937
1.0237531521673937
1.0237531521673937
1.0237531521673937
1.023636625868667
1.0260339439153083
1.0260339439153083
1.0260339439153083
1.0256454605655647
1.0256454605655647
1.0256454605655647
1.0223705804281304
1.022513987989077
1.022513987989077
1.022513987989077
1.0216384228112692
1.0216384228112692
1.0221445425548368
1.0221931274612333
1.0221931274612333
1.0221931274612333
1.0221931274612333
1.0221931274612333
1.0238294298479595
1.0238294298479595
1.0238294298479595
1.0230741561234293
1.0230741561234293
1.0230741561234293
1.0228186075146748
1.0242439351757484
1.0270076594232922
1.0236219711359913
1.0251847524896593
1.024900894181885
1.0248191281935077
1.0258239953379569
1.0258239953379569
1.026544237966433
1.026544237966433
1.0255451431416294
1.0251978381083453
1.0286539148010247
1.0286539148010247
1.0286539148010247
1.0286539148010247
1.0294396127580838
1.029764276159145
1.029764276159145
1.029764276159145
1.029764276159145
1.0302001359573756
1.0302001359573756
1.0301287495333062
1.0301287495333062
1.0315673525570572
1.0315673525570572
1.0311194812186204
1.0311194812186204
1.0311194812186204
1.0311194812186204
1.0311194812186204
1.0311194812186204
1.0311194812186204
1.0311194812186204
1.0316042053803411
1.0316042053803411
1.0316042053803411
1.0316042053803411
1.030916873815616
1.030576854830206
1.0300782317550399
1.0300782317550399
1.0300782317550399
1.0300782317550399
1.0300782317550399
1.0322897081952205
1.0322897081952205
1.0318700130044811
1.030901959151451
1.0311775678599535
1.0319651317821978
1.0306781477787392
1.0306781477787392
1.0302110835203815
1.0302110835203815
1.0262559538716582
1.0262559538716582
1.0262559538716582
1.0219606603209586
1.0219606603209586
1.0242209678215357
1.0248582935320107
1.0251080085323871
1.0254331999469979
1.0254331999469979
1.0248425338269784
1.027346092774566
1.027346092774566
1.0270170095688373
1.0270170095688373
1.0270170095688373
1.0270170095688373
1.0270170095688373
1.0267711728847535
1.0267711728847535
1.025584649383282
1.0279556733227166
1.0279556733227166
1.0279556733227166
1.0279556733227166
1.0279556733227166
1.0279556733227166
1.0278066669776527
1.02853916922807
1.02853916922807
1.028409488332491
1.028409488332491
1.028409488332491
1.028409488332491
1.028409488332491
1.028409488332491
1.028409488332491
1.028437393694739
1.0284870955136078
1.0278893687592139
1.0278893687592139
1.0271072833228556
1.0271072833228556
1.0271072833228556
1.0271072833228556
1.0256356651929703
1.0256356651929703
1.0256356651929703
1.0271352480265072
1.0250937480191913
1.025611837169706
1.025611837169706
1.0226437562031467
1.0215069980714693
1.0250937477175568
1.0245627475353305
1.0245627475353305
1.023981367486447
1.023981367486447
1.023981367486447
1.0244118853515944
1.0242736809159558
1.0258145914686094
1.0254463405958902
1.0242152965573295
1.0242152965573295
1.0242152965573295
1.0235989609743317
1.0227433831479713
1.0227433831479713
1.0227433831479713
1.0240375423758568
1.0240375423758568
1.0240375423758568
1.0240375423758568
1.0240375423758568
1.0219306041648355
1.0206263055783031
1.0219284053773054
1.0219284053773054
1.0219284053773054
1.0219284053773054
1.0190287492592858
1.0190287492592858
1.0181474338290486
1.0172154310951071
1.0171347795971901
1.0177605341693774
1.0190445681153122
1.0190445681153122
1.0190445681153122
1.0190445681153122
1.0190445681153122
1.0169057166917974
1.0169057166917974
1.0209548759289722
1.0209548759289722
1.0209548759289722
1.0209548759289722
1.0209548759289722
1.0209548759289722
1.0209548759289722
1.0207644212087805
1.0214658271258028
1.0237455110472056
1.024015440436472
1.0205302486077883
1.020915451807827
1.020915451807827
1.0226938134003491
1.0226938134003491
1.0226938134003491
1.0226938134003491
1.022403123803973
1.022403123803973
1.022403123803973
1.0216714994373315
1.0216714994373315
1.0216714994373315
1.0224978087332068
1.0207377736166048
1.0207377736166048
1.020648518405756
1.0216693333867324
1.021456014709763
1.021456014709763
1.021456014709763
1.021456014709763
1.0215744831298719
1.0215744831298719
1.0215744831298719
1.0215744831298719
1.0208345925836593
1.0208345925836593
1.023488436468895
1.023488436468895
1.023488436468895
1.023488436468895
1.0263115288632496
1.0256965865388659
1.0256965865388659
1.0267558204744325
1.027547717018802
1.027547717018802
1.028546249659938
1.0283067812502285
1.0283067812502285
1.0265350657403844
1.02781601730354
1.0273710383906554
1.0273710383906554
1.027582305296609
1.027582305296609
1.027582305296609
1.027582305296609
1.027582305296609
1.0300518094943991
1.0278087627293508
1.0297240130631704
1.0296342004712633
1.029628943702754
1.0287720497562856
1.0276930307016954
1.0275143324594185
1.028134628644824
1.028134628644824
1.0313466396066118
1.0293697471165673
1.0293697471165673
1.0293697471165673
1.0291253037461707
1.0291253037461707
1.029967132807803
1.0309051216053973
1.0309051216053973
1.0309051216053973
1.032921460174184
1.0317818564949175
1.0317818564949175
1.0317818564949175
1.0317818564949175
1.0317818564949175
1.0317818564949175
1.0317818564949175
1.0317818564949175
1.0311526323374918
1.0311526323374918
1.0311526323374918
1.0311526323374918
1.0320906159646324
1.0320906159646324
1.0320906159646324
1.0320906159646324
1.033195254524329
1.033195254524329
1.0319320905513507
1.0319320905513507
1.0319320905513507
1.0324067247649775
1.030535173823642
1.0312979017118682
1.030783299645591
1.030783299645591
1.030783299645591
1.030783299645591
1.030783299645591
1.030783299645591
1.0309468491953462
1.02852178962145
1.0261816319330077
1.0256023511380383
1.0256023511380383
1.0256023511380383
1.0256023511380383
1.0256023511380383
1.0256023511380383
1.0256023511380383
1.0256023511380383
1.0256023511380383
1.0256023511380383
1.0272811089083365
1.0253803578734642
1.0279199420617475
1.0279199420617475
1.0279199420617475
1.0297976126968988
1.029617924743244
1.030668991476413
1.030668991476413
1.0320890750806684
1.0320890750806684
1.0320890750806684
1.03038823797833
1.0298820355432912
1.0298820355432912
1.0298820355432912
1.0308905836572753
1.0308905836572753
1.0302083134067828
1.0302083134067828
1.0302083134067828
1.0302083134067828
1.0302083134067828
1.0317872667570342
1.0317872667570342
1.031877891640705
1.0317196841986762
1.0317196841986762
1.0302859551522583
1.0311306942045937
1.0311306942045937
1.0302043780827126
1.0302043780827126
1.0310773463587908
1.0310773463587908
1.0303792474563238
1.0303792474563238
1.0303792474563238
1.0308842059897323
1.025211272575978
1.025211272575978
1.025211272575978
1.025211272575978
1.025211272575978
1.024570647367288
1.0242193686051202
1.0244103749882014
1.0244103749882014
1.0250983560625084
1.0243360449361545
1.0243360449361545
1.0249025363115285
1.0285887771261273
1.0262723641352758
1.0268786002773327
1.0268786002773327
1.0268786002773327
1.0247817628114508
1.0266083979398215
1.0266083979398215
1.0266083979398215
1.0243270150859904
1.0243270150859904
1.0243270150859904
1.0224649687021228
1.0250283580743307
1.0250283580743307
1.0250283580743307
1.0250283580743307
1.0240364896278793
1.0240364896278793
1.0240364896278793
1.0240364896278793
1.0240364896278793
1.0240364896278793
1.0240364896278793
1.0240364896278793
1.0240364896278793
1.0240364896278793
1.0240364896278793
1.026327753892637
1.026327753892637
1.025644133183555
1.0250213067370268
1.0250213067370268
1.0270227677441488
1.0271599591551712
1.027235750737827
1.027235750737827
1.021543813316514
1.021661211523079
1.0245359417688857
1.0245359417688857
1.0245359417688857
1.0245359417688857
1.0245359417688857
1.0257068166591563
1.0257068166591563
1.0250780529840409
1.0235398306593284
1.0227871032420663
1.0274923004953762
1.028486041585465
1.028486041585465
1.029671942401838
1.0318475533892202
1.030445366074578
1.030445366074578
1.030445366074578
1.030445366074578
1.030445366074578
1.030445366074578
1.030445366074578
1.030445366074578
1.0304993203593906
1.0304993203593906
1.0304993203593906
1.0289533875935417
1.0299500097356031
1.0328406697940125
1.032797688776975
1.031502052006674
1.034761172487049
1.034761172487049
1.034761172487049
1.0353070863924907
1.0353070863924907
1.0353070863924907
1.0353070863924907
1.0353070863924907
1.0357222412499631
1.0357222412499631
1.035313748489154
1.035313748489154
1.03451356574057
1.03451356574057
1.03451356574057
1.03451356574057
1.03451356574057
1.03451356574057
1.0321190654503951
1.0321190654503951
1.0321190654503951
1.0321190654503951
1.032823816364953
1.032823816364953
1.032823816364953
1.0310463395669038
1.032612759625468
1.032612759625468
1.032612759625468
1.0317375411137648
1.0317375411137648
1.0314080668095789
1.0314080668095789
1.0314080668095789
1.0314080668095789
1.0316918025613921
1.0316918025613921
1.032937451797053
1.032937451797053
1.032937451797053
1.032937451797053
1.0306462099974754
1.0310963495931464
1.0310963495931464
1.034802314649286
1.035009096026328
1.035009096026328
1.035009096026328
1.0355416997092115
1.0327227028910981
1.033128537203442
1.0318247617251874
1.0318732784137883
1.0318732784137883
1.0318732784137883
1.032112649845304
1.032112649845304
1.032112649845304
1.032112649845304
1.0287146549724482
1.0288758334754424
1.0288758334754424
1.0288013260651816
1.0288013260651816
1.0288013260651816
1.0288013260651816
1.0288013260651816
1.0288013260651816
1.0288013260651816
1.0288013260651816
1.0288013260651816
1.0288013260651816
1.030867943686312
1.030867943686312
1.0289793047352072
1.0289793047352072
1.024997057359501
1.024997057359501
1.024997057359501
1.0236613677809303
1.0236613677809303
1.0236613677809303
1.024864825091694
1.024864825091694
1.0252124713464874
1.023290348873925
1.023290348873925
1.023290348873925
1.023290348873925
1.023290348873925
1.023290348873925
1.0208085653514534
1.0224866945717
1.0224866945717
1.0224866945717
1.023253642758425
1.023253642758425
1.0245106411926923
1.0258070404991557
1.0258070404991557
1.0274741912300684
1.0274741912300684
1.030500177031287
1.0296196173124197
1.030196544180943
1.029237132569986
1.0274281720807186
1.028276224748848
1.028276224748848
1.028276224748848
1.028276224748848
1.0276907936232844
1.0276907936232844
1.0276907936232844
1.0276907936232844
1.0276907936232844
1.0276907936232844
1.0276907936232844
1.0276907936232844
1.0276907936232844
1.0283782667075678
1.0287330939188575
1.0287330939188575
1.0287330939188575
1.0287330939188575
1.0260026438389471
1.0260026438389471
1.0285363756453691
1.0285363756453691
1.0285363756453691
1.0256589372179454
1.0293997679871125
1.030228989581966
1.0278447831056519
1.0278447831056519
1.0278447831056519
1.0278527960400363
1.0278527960400363
1.0261493585969237
1.0271427852201276
1.0281401567855868
1.0281401567855868
1.0280513813927463
1.0280513813927463
1.030250311873616
1.030250311873616
1.0313145075742418
1.0313145075742418
1.0313145075742418
1.0313145075742418
1.0313145075742418
1.0313145075742418
1.0313145075742418
1.0313145075742418
1.0308789076383689
1.0308789076383689
1.0308789076383689
1.0308789076383689
1.0308789076383689
1.031615162432337
1.0322775153344077
1.0322775153344077
1.0322775153344077
1.0322775153344077
1.0320781063782976
1.0293821321009768
1.029439126766027
1.029439126766027
1.029439126766027
1.029439126766027
1.0292520635662255
1.0292520635662255
1.029346691265688
1.0284031912849492
1.0284031912849492
1.0272884346865245
1.0271628940384991
1.0270638263053093
1.027823847699479
1.0273050379403748
1.0274240153123644
1.027118726907881
1.027118726907881
1.027118726907881
1.0271715949248523
1.0284574014972616
1.02885223474861
1.02885223474861
1.02885223474861
1.02885223474861
1.02885223474861
1.027215120517998
1.027215120517998
1.027215120517998
1.027719853886038
1.0283257680567646
1.0283257680567646
1.0283257680567646
1.0283257680567646
1.0299596701800962
1.0299596701800962
1.0299596701800962
1.0299596701800962
1.0293322546908346
1.027810812391525
1.027810812391525
1.027810812391525
1.027810812391525
1.0276429729701675
1.0290296857448133
1.0293275317395203
1.0293796353057338
1.0286518152788462
1.0286518152788462
1.0286518152788462
1.0286518152788462
1.0286518152788462
1.0281119477452971
1.027117357315905
1.027117357315905
1.027117357315905
1.027117357315905
1.027117357315905
1.027117357315905
1.027117357315905
1.0262845931015556
1.0270607880646867
1.0270607880646867
1.025779822562697
1.025779822562697
1.0280321447586558
1.026795523712471
1.0245634710353009
1.0245634710353009
1.026382373541392
1.0230209670336237
1.0232514955889644
1.0232514955889644
1.0232514955889644
1.0232514955889644
1.0263356813610558
1.0263356813610558
1.0263356813610558
1.0263356813610558
1.025616661860605
1.025616661860605
1.025616661860605
1.025616661860605
1.025983690159707
1.025983690159707
1.025983690159707
1.022519457137914
1.022519457137914
1.022519457137914
1.023005191753211
1.023005191753211
1.023005191753211
1.024806295950704
1.0244256200792607
1.0244602093372313
1.0240232782112422
1.0240232782112422
1.0240232782112422
1.0237726107447394
1.0237726107447394
1.0249327852157255
1.0249327852157255
1.0249327852157255
1.0249327852157255
1.0249327852157255
1.0249327852157255
1.0249033589999468
1.0249033589999468
1.0249033589999468
1.0253984653750248
1.0252381328295166
1.0279258097700514
1.025512916130756
1.0277215857366275
1.0287700820759422
1.0288612038783735
1.0288612038783735
1.0288612038783735
1.0288612038783735
1.0288612038783735
1.0291675567522838
1.0291675567522838
1.0278664063917007
1.0269388543821543
1.0266729284743086
1.028310560971683
1.028310560971683
1.028310560971683
1.028310560971683
1.029120058065412
1.029120058065412
1.0295221796936778
1.0295221796936778
1.0288933403202198
1.029360121930848
1.029360121930848
1.029360121930848
1.0306418254723735
1.0319287728578128
1.0319287728578128
1.0319287728578128
1.0312240066100185
1.029618061963007
1.0276074968596538
1.0284250803212374
1.0284250803212374
1.0284250803212374
1.0284250803212374
1.0284250803212374
1.028817193235997
1.028817193235997
1.0254667430950903
1.0257318722883837
1.0257318722883837
1.0257318722883837
1.0257318722883837
1.0257318722883837
1.0283460582531734
1.0283460582531734
1.0283460582531734
1.0260063389083984
1.0252102893045876
1.0257160922496302
1.0257160922496302
1.0257715362124533
1.0257715362124533
1.0257715362124533
1.0253798015853293
1.0253798015853293
1.0253798015853293
1.027717271871737
1.0279230129092523
1.0279230129092523
1.0289340106037341
1.030197082547416
1.030197082547416
1.030197082547416
1.030197082547416
1.028738655997409
1.031787118016474
1.031787118016474
1.031787118016474
1.030970644582205
1.030970644582205
1.030970644582205
1.030970644582205
1.0301974498181303
1.0301974498181303
1.0301974498181303
1.03131529340801
1.0320720059047033
1.0320720059047033
1.0320720059047033
1.0328546134997685
1.0328546134997685
1.0328546134997685
1.0328546134997685
1.0328546134997685
1.0328546134997685
1.0328546134997685
1.0328546134997685
1.0328546134997685
1.0323624515961172
1.0323624515961172
1.0326526342800926
1.0326526342800926
1.0326526342800926
1.0326526342800926
1.0326526342800926
1.032431908298697
1.0341777007470343
1.0341777007470343
1.0341777007470343
1.0341777007470343
1.0341777007470343
1.0341777007470343
1.0341777007470343
1.0341777007470343
1.0360739216172212
1.0356593056998207
1.0356593056998207
1.0356593056998207
1.0351922080221416
1.0364878548806726
1.0346212126901104
1.0346212126901104
1.0346212126901104
1.0346212126901104
1.0348368190724102
1.0346940553115995
1.0347196142154809
1.0340704070809825
1.0347772911631514
1.0347772911631514
1.0365053297782223
1.0365053297782223
1.0365053297782223
1.0365086373342223
1.0373306783087681
1.0373306783087681
1.0373306783087681
1.0373306783087681
1.0373306783087681
1.0373306783087681
1.035102111007242
1.0339579421210487
1.0339579421210487
1.0346164839478507
1.0354404313316619
1.035425490286107
1.035425490286107
1.0338054509878067
1.0338054509878067
1.032515906004604
1.0325075974611495
1.0325075974611495
1.0325165875861295
1.0325165875861295
1.0325165875861295
1.0325165875861295
1.0341830302329709
1.0341830302329709
1.0340961553079062
1.0290422271580975
1.0290422271580975
1.030209738852376
1.030209738852376
1.030209738852376
1.030209738852376
1.030209738852376
1.0295690740301024
1.0298690129790833
1.0298690129790833
1.030738056150346
1.029958806230482
1.0277829756673753
1.0277829756673753
1.0288124649078147
1.0288124649078147
1.0288124649078147
1.0288124649078147
1.0291364124711961
1.0291364124711961
1.0287064999876225
1.0287064999876225
1.0310038349927837
1.0310038349927837
1.0310038349927837
1.0310038349927837
1.0296780825087548
1.0297050355707735
1.0297050355707735
1.0300506493090194
1.0300506493090194
1.0300506493090194
1.0300506493090194
1.0300506493090194
1.0285274307576442
1.0285274307576442
1.026905515422216
1.0271273800026062
1.0271273800026062
1.0240400751552945
1.0240400751552945
1.0240400751552945
1.0240400751552945
1.023220864999945
1.0248881036565327
1.0248881036565327
1.0248881036565327
1.0248881036565327
1.0244526194590626
1.0244526194590626
1.0244526194590626
1.0244526194590626
1.0246815189032499
1.0246815189032499
1.0246815189032499
1.0246815189032499
1.024859813901672
1.026430582597682
1.026430582597682
1.027574520489973
1.027574520489973
1.027574520489973
1.0283157738046873
1.0283157738046873
1.0266140889318722
1.0266140889318722
1.0266140889318722
1.0266140889318722
1.0266140889318722
1.0252273863299612
1.0252273863299612
1.0252273863299612
1.0246304498336058
1.0246304498336058
1.0246304498336058
1.0246304498336058
1.0247206568491622
1.0247206568491622
1.0252439317710365
1.0252439317710365
1.023363648478487
1.023363648478487
1.0250013727505147
1.0250013727505147
1.0250013727505147
1.0250013727505147
1.0250013727505147
1.0250013727505147
1.0271583296482523
1.0271583296482523
1.0271583296482523
1.0271583296482523
1.0271583296482523
1.0278631400697813
1.0276619430411755
1.0282959305628327
1.0282959305628327
1.0282959305628327
1.0282959305628327
1.0282959305628327
1.0282959305628327
1.029009327282007
1.0286837711763923
1.0286837711763923
1.0286837711763923
1.0273755613192241
1.0264145522068504
1.027032730695513
1.027032730695513
1.0264653241553756
1.0264653241553756
1.0255716807803668
1.0252993826234162
1.0252993826234162
1.0252993826234162
1.0254281369314575
1.0248921822007855
1.0248921822007855
1.0281573594009634
1.0277154698462314
1.0270373212950354
1.0270373212950354
1.0255482581773339
1.0247869793154054
1.0247869793154054
1.0247869793154054
1.0247869793154054
1.0272269685954727
1.026435872583595
1.026435872583595
1.026435872583595
1.026435872583595
1.0274464122794753
1.0274464122794753
1.0270148277848798
1.0270148277848798
1.0270148277848798
1.0270148277848798
1.0270148277848798
1.0246782338809026
1.0246782338809026
1.0247945494342012
1.0247945494342012
1.0263261352879913
1.0263261352879913
1.0256594190145212
1.0256594190145212
1.0256594190145212
1.0256594190145212
1.0262507907571008
1.0262507907571008
1.0262507907571008
1.0262507907571008
1.0262507907571008
1.0262507907571008
1.0262507907571008
1.0266284984345186
1.0266284984345186
1.0268836673446695
1.0268836673446695
1.0268836673446695
1.0249798651198452
1.0249798651198452
1.0249798651198452
1.0249798651198452
1.0250752679679676
1.0240448368698545
1.027600995222502
1.027600995222502
1.027600995222502
1.027600995222502
1.0276526860613997
1.0286005405483825
1.0286005405483825
1.0286005405483825
1.0319730508579346
1.0319730508579346
1.0319730508579346
1.0307802667696035
1.0307802667696035
1.0307802667696035
1.0307802667696035
1.0307802667696035
1.0307802667696035
1.0307802667696035
1.0307802667696035
1.0322899693228966
1.031681574488376
1.0295495729445612
1.0290608839823563
1.0290608839823563
1.0290608839823563
1.0290608839823563
1.0290608839823563
1.028001480324041
1.0282229327322774
1.0282229327322774
1.0282229327322774
1.0282229327322774
1.0282229327322774
1.0282229327322774
1.0303041728282145
1.0303041728282145
1.0303041728282145
1.0303041728282145
1.0303041728282145
1.0303041728282145
1.0297977886264074
1.0297977886264074
1.0297977886264074
1.0306966515122749
1.0311004682061016
1.0311004682061016
1.0311004682061016
1.0321369031265846
1.0296897210766545
1.0296897210766545
1.0294187821235965
1.0297466788733343
1.0289251196208045
1.0289251196208045
1.0289251196208045
1.0293353003078902
1.0293353003078902
1.0293353003078902
1.0293353003078902
1.0293353003078902
1.0293353003078902
1.0305020831336962
1.0305020831336962
1.0305020831336962
1.0305020831336962
1.0280291423882333
1.0280291423882333
1.0280291423882333
1.0260663763045137
1.0260663763045137
1.0260663763045137
1.0260663763045137
1.0260663763045137
1.0263048585633248
1.026008807156634
1.026008807156634
1.023527654945062
1.0229788729816134
1.0229788729816134
1.0229788729816134
1.0229788729816134
1.0229788729816134
1.0229788729816134
1.0233189199700248
1.0233189199700248
1.0233189199700248
1.0233189199700248
1.0233189199700248
1.0241072122337773
1.0251698988963944
1.0251698988963944
1.0236646543691648
1.0236646543691648
1.0236646543691648
1.0236646543691648
1.0235307207875257
1.023572718908587
1.023572718908587
1.023572718908587
1.026759061202526
1.026759061202526
1.026798574904687
1.026798574904687
1.0261044530782104
1.0261044530782104
1.0261044530782104
1.0266124452149141
1.0266124452149141
1.02925015446382
1.02925015446382
1.02925015446382
1.0298670379818637
1.0298670379818637
1.0298670379818637
1.02835289620639
1.02835289620639
1.0281227400402104
1.0281227400402104
1.0273765345288883
1.0273765345288883
1.0273765345288883
1.0273765345288883
1.027980777204084
1.027980777204084
1.029725539823313
1.0286950815592002
1.0286950815592002
1.0277194112408874
1.030030085606397
1.0317760621551728
1.0317417997818497
1.0317417997818497
1.0317417997818497
1.0317417997818497
1.0317417997818497
1.0324647051040898
1.0337012217202317
1.029630966797952
1.029565409028927
1.029565409028927
1.0282988715196266
1.0282988715196266
1.0282988715196266
1.0282988715196266
1.0289413992740393
1.0289224655331886
1.030617212821738
1.031307049141596
1.031307049141596
1.031307049141596
1.0301519867412057
1.0268543713004237
1.0268543713004237
1.0268543713004237
1.0268543713004237
1.028663823837016
1.028663823837016
1.028663823837016
1.028663823837016
1.028663823837016
1.028663823837016
1.0293104348545956
1.0274394154695368
1.0274394154695368
1.0272229667347177
1.029148431647195
1.029148431647195
1.029148431647195
1.029148431647195
1.029148431647195
1.029148431647195
1.029191941282833
1.0293988152682956
1.0293988152682956
1.0293988152682956
1.0293988152682956
1.0270892207162146
1.0270892207162146
1.0270892207162146
1.0270892207162146
1.0270892207162146
1.0270892207162146
1.0270892207162146
1.0270892207162146
1.0270892207162146
1.0270892207162146
1.0270892207162146
1.0270892207162146
1.0263486331271372
1.0294078244937503
1.0289674168234675
1.0289674168234675
1.0290069009258966
1.0270784234875443
1.0298089697429442
1.0301044635139478
1.0307557356266046
1.0307557356266046
1.0307557356266046
1.0308645036265431
1.0303639097228232
1.0303639097228232
1.030647972229633
1.030647972229633
1.030647972229633
1.030647972229633
1.030647972229633
1.0341332987551826
1.0343251075148308
1.0343251075148308
1.0345554088017164
1.033446874205521
1.032962325588605
1.0305684772540236
1.0280420217119957
1.0280420217119957
1.0280420217119957
1.0280420217119957
1.0280420217119957
1.0270378074921158
1.0270916980437645
1.0270916980437645
1.0258602812152895
1.0258602812152895
1.0258602812152895
1.025570500984015
1.0273604437994526
1.028269421908019
1.028269421908019
1.028269421908019
1.02881149124017
1.02881149124017
1.02881149124017
1.02881149124017
1.028525693441665
1.0276891222551718
1.0276891222551718
1.0276891222551718
1.0276891222551718
1.0268508899404916
1.0268508899404916
1.0268508899404916
1.0236543522805315
1.0236543522805315
1.0236543522805315
1.0221022144378937
1.0221022144378937
1.0221022144378937
1.0203682813976804
1.0204859668511042
1.0194870991212786
1.0194870991212786
1.0206994754719607
1.0206994754719607
1.0206994754719607
1.0169585925061044
1.0182968482155683
1.0201121957712012
1.0201121957712012
1.0214695984252404
1.0214695984252404
1.022681091166443
1.022681091166443
1.022681091166443
1.022681091166443
1.026547499655352
1.0259430373980283
1.0259430373980283
1.0259430373980283
1.0259430373980283
1.0259430373980283
1.0259430373980283
1.027915723167911
1.0252858283899597
1.0265350093151115
1.0265350093151115
1.024786101723183
1.024786101723183
1.024786101723183
1.0263158200634102
1.0263158200634102
1.0258482941008689
1.0258482941008689
1.0258482941008689
1.0260929464709807
1.0260929464709807
1.0245725527323934
1.0244048392721194
1.0244048392721194
1.0244048392721194
1.0254232633725677
1.0212016037650942
1.0212016037650942
1.0212016037650942
1.0243477426301488
1.023515092178765
1.0267637400418754
1.0252714650467123
1.0252714650467123
1.0252714650467123
1.0243072668660504
1.0243072668660504
1.0243652138269441
1.0243652138269441
1.0230606810507932
1.0230606810507932
1.0227173847752244
1.0242307783590903
1.0242307783590903
1.0242307783590903
1.0242307783590903
1.0248120516628252
1.0242925806999617
1.022464812111319
1.022464812111319
1.0274247043192564
1.0250759477067906
1.0250759477067906
1.0250547287662555
1.0256095035519623
1.0286732066364321
1.0286732066364321
1.0286732066364321
1.030223600714776
1.030223600714776
1.030223600714776
1.0291809900414832
1.0291809900414832
1.0289587878930464
1.0289587878930464
1.0286504414982063
1.027119971230919
1.0267391936545134
1.0256961957594093
1.0256961957594093
1.0256961957594093
1.0273129662106466
1.0296867342469223
1.0296867342469223
1.0296867342469223
1.0303645738070455
1.0303645738070455
1.0303645738070455
1.0303645738070455
1.0303645738070455
1.0303645738070455
1.0303645738070455
1.0322193864204758
1.0300653130402524
1.0304732690117648
1.0304732690117648
1.0309735433797256
1.0322919788156066
1.0326255673591758
1.0326255673591758
1.0326255673591758
1.0326255673591758
1.0347750237111168
1.0348354525632273
1.0349566122639595
1.0355300353219374
1.0355300353219374
1.0355300353219374
1.0365705444701327
1.0365705444701327
1.0365705444701327
1.0365705444701327
1.0366641511928956
1.0366641511928956
1.0366641511928956
1.0366641511928956
1.0366641511928956
1.0365504491193998
1.0365504491193998
1.0365504491193998
1.0365504491193998
1.0365504491193998
1.0365504491193998
1.0365504491193998
1.0365504491193998
1.0362175508316929
1.0362175508316929
1.0347633016768316
1.0347633016768316
1.0342425443701313
1.0342425443701313
1.0342425443701313
1.0342425443701313
1.0334995508774754
1.036598872575365
1.036598872575365
1.036598872575365
1.037090478863876
1.0349516891052006
1.0349516891052006
1.0349516891052006
1.030089163550576
1.0312163367658957
1.0312163367658957
1.032765177355075
1.032765177355075
1.032765177355075
1.032765177355075
1.032765177355075
1.0312041650762
1.0312041650762
1.0303982856862344
1.0303982856862344
1.0303982856862344
1.0311443984411806
1.0297885975760015
1.0311732901398079
1.0318845649716606
1.0318845649716606
1.0318845649716606
1.0315775487511614
1.0293617921194333
1.029419212938942
1.029419212938942
1.029419212938942
1.0308812404170768
1.0308812404170768
1.0308812404170768
1.0310956832779599
1.0310956832779599
1.0310956832779599
1.0296146117630094
1.0296146117630094
1.0296146117630094
1.0290896326577859
1.0290896326577859
1.0290896326577859
1.0299118085843244
1.0299118085843244
1.0303438681965027
1.0303438681965027
1.0288192500365403
1.0288192500365403
1.0288192500365403
1.0288192500365403
1.0303489090873321
1.0314517484639623
1.0314517484639623
1.0314517484639623
1.0314517484639623
1.0314517484639623
1.0314517484639623
1.0314517484639623
1.0314517484639623
1.0314517484639623
1.0300668993379707
1.0299484224151336
1.0299484224151336
1.0300223909306099
1.0286681237003126
1.0286681237003126
1.0286681237003126
1.0286681237003126
1.0301096864455672
1.0301777079221712
1.0301777079221712
1.0301777079221712
1.0301777079221712
1.0314045426649956
1.0314045426649956
1.0314045426649956
1.0314045426649956
1.0314045426649956
1.0314045426649956
1.0340321594137218
1.0314075333754882
1.0314075333754882
1.0312904479093699
1.0297061248356616
1.0319608967498903
1.030838797814615
1.028209228330707
1.028209228330707
1.028209228330707
1.0290457419281296
1.0288362651168388
1.027259211078314
1.0274894335097704
1.0255776355587158
1.0253767453319442
1.0253767453319442
1.0274696010514839
1.0277954603323807
1.029656202218256
1.029656202218256
1.029656202218256
1.029656202218256
1.029656202218256
1.029229905065183
1.0284301462102596
1.0275677679561372
1.0293259784735258
1.0293259784735258
1.0304687257766523
1.030124327455653
1.0317932242844463
1.0317932242844463
1.0317932242844463
1.029056507362378
1.029056507362378
1.0275859168924142
1.0275859168924142
1.0292924122910814
1.0292924122910814
1.0304779650835314
1.0305595974562165
1.0302123221447297
1.0321285337713468
1.0321285337713468
1.0320699318219946
1.0320699318219946
1.0309738837926459
1.0315726232624551
1.0315726232624551
1.0315726232624551
1.0315726232624551
1.0315726232624551
1.0315726232624551
1.0315726232624551
1.0315726232624551
1.0313303775554572
1.0313303775554572
1.0313303775554572
1.0323469585820892
1.0319040624455953
1.0319040624455953
1.0298891913347412
1.02776350353099
1.02776350353099
1.02776350353099
1.0278348972303475
1.0278348972303475
1.0278348972303475
1.0278348972303475
1.0278348972303475
1.0318428391547378
1.0318428391547378
1.0318428391547378
1.0318428391547378
1.0310081412475645
1.0310081412475645
1.0310081412475645
1.0278189714147963
1.0278189714147963
1.0278189714147963
1.0278189714147963
1.0278189714147963
1.0287930323294041
1.0287278850808237
1.0275937619818232
1.027804317140863
1.0248981055230018
1.0239733284842019
1.0215513800713882
1.0231397190946314
1.0231397190946314
1.0231397190946314
1.0234567579397074
1.0234567579397074
1.0242445688819712
1.0242445688819712
1.0242445688819712
1.0242843148043672
1.0246451858056382
1.0246451858056382
1.0246451858056382
1.0273005972431504
1.0273005972431504
1.0274250867854988
1.027675667094819
1.0261450296015961
1.0261450296015961
1.0261450296015961
1.0244210063914099
1.0261761947820918
1.0261761947820918
1.026352039277634
1.0277918085193285
1.0277918085193285
1.0288107949621081
1.0298804180696879
1.0298804180696879
1.0297739885425026
1.0297739885425026
1.0297739885425026
1.0287241218014767
1.029519456241485
1.030344595534611
1.030344595534611
1.030534308102703
1.0291407347486148
1.0309566161323465
1.0315072273889776
1.0315072273889776
1.0315072273889776
1.0315072273889776
1.0315072273889776
1.0315072273889776
1.0297420998286975
1.0297420998286975
1.0297420998286975
1.0297420998286975
1.0297420998286975
1.0289459800283853
1.0297643934378133
1.0317277980857047
1.0317277980857047
1.0317277980857047
1.0317277980857047
1.0317277980857047
1.0317277980857047
1.0330009907120559
1.0330009907120559
1.0330009907120559
1.0324626904926273
1.0324626904926273
1.0324626904926273
1.0324626904926273
1.0308761782051485
1.0308761782051485
1.031823491240445
1.0315643436245552
1.0283013465343542
1.0283013465343542
1.0281866935952837
1.0287273095366691
1.028462176179877
1.0306074315716172
1.0301184568671267
1.03351742707627
1.0325015480689235
1.0324082897722946
1.0324082897722946
1.0322889826788766
1.0296962582356985
1.0274503240415067
1.0272684096510638
1.0272684096510638
1.0272684096510638
1.0272641174281654
1.0272641174281654
1.0264129159086717
1.0264129159086717
1.0264129159086717
1.0247543250146482
1.0251505618542613
1.0255847102193616
1.0255847102193616
1.026381951383045
1.0263794582295849
1.0263794582295849
1.0275139899970185
1.0275139899970185
1.027270451187886
1.027270451187886
1.0277678587131247
1.0277678587131247
1.0250089410479586
1.0232689247855022
1.0234909240344585
1.0234909240344585
1.0234909240344585
1.0206331376592603
1.0206331376592603
1.0210549042712012
1.020581714582373
1.020581714582373
1.020581714582373
1.020581714582373
1.020581714582373
1.0207822954880559
1.0213556356746563
1.0242297259495106
1.0242297259495106
1.0242297259495106
1.0242297259495106
1.0242297259495106
1.0242297259495106
1.0242297259495106
1.0242297259495106
1.0242297259495106
1.0242297259495106
1.0242297259495106
1.0242297259495106
1.0242297259495106
1.024337077061621
1.024337077061621
1.024337077061621
1.024337077061621
1.0222228032500376
1.0219202067008601
1.025658129727506
1.025658129727506
1.024777909854839
1.024777909854839
1.024777909854839
1.0251978643629738
1.0251978643629738
1.0246133703250186
1.0246133703250186
1.0246133703250186
1.0240258679220366
1.0240258679220366
1.0270018995807773
1.026077199990779
1.026077199990779
1.026077199990779
1.0260800579749718
1.0260832336424635
1.0260832336424635
1.0260832336424635
1.0260832336424635
1.0260832336424635
1.0260832336424635
1.0260832336424635
1.024431262411019
1.0224376105883188
1.0224376105883188
1.0224376105883188
1.0224376105883188
1.0224376105883188
1.0224376105883188
1.0237356481696989
1.0237356481696989
1.0248453377439208
1.0248453377439208
1.0248453377439208
1.0234576314083037
1.0234576314083037
1.0250580475484559
1.0247096189164078
1.0247096189164078
1.0247096189164078
1.0247096189164078
1.0247096189164078
1.0247096189164078
1.0252084595736657
1.0212256876706751
1.0219532971443606
1.0219532971443606
1.0224510997132725
1.0221703893170326
1.0241895855402223
1.0241895855402223
1.0241895855402223
1.0241895855402223
1.022997724379572
1.0207527431888437
1.0206737212282997
1.0206737212282997
1.0206737212282997
1.0209655603094698
1.0187981274869047
1.0187981274869047
1.0187981274869047
1.0198762473452667
1.024333852923683
1.024333852923683
1.0223403860264044
1.0212911863378993
1.0207187947548808
1.0207187947548808
1.0207187947548808
1.023172889252699
1.0233758137219735
1.0232970264714345
1.0240068777053037
1.0203729723054795
1.0216637506187543
1.0216637506187543
1.0225318625889201
1.0235792754606061
1.023538425258555
1.023538425258555
1.023538425258555
1.023538425258555
1.023538425258555
1.023538425258555
1.0214818159850165
1.0214818159850165
1.0214818159850165
1.0214818159850165
1.0232406553208553
1.0265442615629785
1.0265442615629785
1.028789507647214
1.028789507647214
1.0262785095039433
1.0262785095039433
1.022062875268702
1.0190745161867287
1.0190745161867287
1.0190745161867287
1.0187470637772569
1.0187470637772569
1.0187470637772569
1.0192338199306783
1.0204691395919798
1.0204691395919798
1.0204691395919798
1.0241224299314131
1.0257403335299842
1.0257403335299842
1.028267142179656
1.0272751014990595
1.0272751014990595
1.0272751014990595
1.0262076342875484
1.0250864511019147
1.0250864511019147
1.0250864511019147
1.0250864511019147
1.0250864511019147
1.0250864511019147
1.0250864511019147
1.0250864511019147
1.0257768596669268
1.0257768596669268
1.0240099317632827
1.0240099317632827
1.0244212424673564
1.0244212424673564
1.0244212424673564
1.0250268585795783
1.0250268585795783
1.026313840728915
1.0276578672162007
1.0268417306003113
1.0268417306003113
1.0268417306003113
1.0268417306003113
1.0279676707699352
1.0292283019824233
1.0292283019824233
1.0292283019824233
1.0292283019824233
1.028010777954081
1.028010777954081
1.02737037077903
1.0256159668918796
1.0256159668918796
1.0256159668918796
1.0256159668918796
1.025235257558934
1.0250706494494752
1.0255173016171786
1.0255173016171786
1.0255173016171786
1.0255173016171786
1.0218394729661797
1.0218394729661797
1.0218394729661797
1.0198430223594488
1.0198430223594488
1.0216540747391256
1.0216540747391256
1.0216540747391256
1.0216540747391256
1.0216540747391256
1.0216540747391256
1.0216540747391256
1.0216540747391256
1.0216540747391256
1.0216540747391256
1.0216540747391256
1.0224089178200135
1.0252769007666527
1.0252769007666527
1.0252769007666527
1.022723943960084
1.022723943960084
1.0226362235672595
1.0214746479216885
1.0214746479216885
1.02252742990531
1.023773848978642
1.023773848978642
1.0233882934279468
1.0233882934279468
1.0238218634590328
1.0246971915256238
1.023900577511613
1.022718936069276
1.022718936069276
1.022718936069276
1.022718936069276
1.022718936069276
1.0233630913916707
1.0233630913916707
1.0229965069660678
1.0252125232457792
1.024682406135483
1.0256041848250341
