1.0675311014130069
1.0675311014130069
1.0675311014130069
1.0675311014130069
1.0675311014130069
1.0675311014130069
1.0675311014130069
1.0675311014130069
1.0675311014130069
1.0675311014130069
1.0675311014130069
1.0675311014130069
1.0675311014130069
1.0675311014130069
1.0675311014130069
1.0675311014130069
1.0675311014130069
1.0675311014130069
1.0675311014130069
1.0675311014130069
1.0675311014130069
1.0675311014130069
1.0675311014130069
1.0675311014130069
1.0675311014130069
1.0675311014130069
1.0675311014130069
1.0675311014130069
1.0675311014130069
1.0675311014130069
1.0675311014130069
1.0675311014130069
1.0675311014130069
1.0675311014130069
1.0675311014130069
1.0675311014130069
1.0675311014130069
1.0675311014130069
1.0675311014130069
1.0675311014130069
1.0675311014130069
1.0675311014130069
1.0675311014130069
1.0675311014130069
1.0675311014130069
1.0675311014130069
1.0675311014130069
1.0675311014130069
1.0675311014130069
1.0675311014130069
1.0675311014130069
1.0675311014130069
1.0675311014130069
1.0675311014130069
1.0675311014130069
1.0675311014130069
1.0675311014130069
1.0675311014130069
1.0675311014130069
1.0675311014130069
1.0675311014130069
1.0675311014130069
1.0675311014130069
1.0675311014130069
1.0675311014130069
1.0675311014130069
1.0675311014130069
1.0675311014130069
1.0675311014130069
1.0675311014130069
1.0675311014130069
1.0675311014130069
1.0675311014130069
1.0675311014130069
1.0675311014130069
1.0675311014130069
1.0675311014130069
1.0675311014130069
1.0675311014130069
1.0675311014130069
1.0675311014130069
1.0675311014130069
1.0675311014130069
1.0675311014130069
1.0675311014130069
1.0675311014130069
1.0675311014130069
1.0675311014130069
1.0675311014130069
1.0675311014130069
1.0675311014130069
1.0675311014130069
1.0675311014130069
1.0675311014130069
1.0675311014130069
1.0675311014130069
1.0675311014130069
1.0675311014130069
1.0675311014130069
1.0655913376700143
1.0640680056673868
1.0632965760931836
1.0621251109024779
1.0569225946127772
1.0569225946127772
1.0569225946127772
1.0569225946127772
1.0569225946127772
1.0545265162584676
1.0525751668585854
1.0525751668585854
1.0502696038661314
1.0502696038661314
1.0502696038661314
1.0483345151878192
1.046367420432772
1.0418752755625458
1.0418752755625458
1.0370211952022885
1.0370211952022885
1.0370211952022885
1.0370211952022885
1.0370211952022885
1.0370211952022885
1.0353394798818207
1.0353394798818207
1.0353394798818207
1.0330705537115705
1.0313457369181762
1.0313457369181762
1.0289292543976705
1.0279614313268204
1.028515856590485
1.0273955267062018
1.0290895647009368
1.0267315491391686
1.0267315491391686
1.027919662482877
1.0260437518996675
1.0260437518996675
1.0250427448797281
1.0267357977444755
1.0267357977444755
1.0278618807987734
1.0278618807987734
1.0256401015328929
1.027569516727705
1.0239537866523583
1.02325077046601
1.02325077046601
1.0233309411523976
1.0246483159086477
1.0246483159086477
1.024164536635912
1.0241154797296645
1.0228386951890467
1.024923767916448
1.024923767916448
1.024923767916448
1.025941613662409
1.0250599893282903
1.0250599893282903
1.0252567088963107
1.0251344628098051
1.0251344628098051
1.0251344628098051
1.027040397575624
1.025682738222949
1.025682738222949
1.0262433145833314
1.0269837433816216
1.0269837433816216
1.0269837433816216
1.029488468488377
1.029488468488377
1.029488468488377
1.0272411804821804
1.0272411804821804
1.0272411804821804
1.0284895438227575
1.0293679430916531
1.0293679430916531
1.030628505983073
1.030628505983073
1.030628505983073
1.0296885658540906
1.0320155578513177
1.0320155578513177
1.031956873062142
1.0320121611982709
1.0320121611982709
1.0320121611982709
1.029500776401491
1.029500776401491
1.029500776401491
1.029500776401491
1.02838286413512
1.02838286413512
1.0303082967212125
1.0303082967212125
1.0319809719791753
1.0324739352659713
1.0324739352659713
1.034796177683723
1.034555763165281
1.034555763165281
1.034555763165281
1.034555763165281
1.034555763165281
1.034555763165281
1.034555763165281
1.031714687310918
1.031714687310918
1.0298285628139037
1.0295171577543458
1.0301368993566113
1.0284784619314518
1.0284273089931975
1.0282489083081752
1.0288298160800062
1.0288298160800062
1.0288298160800062
1.0288298160800062
1.0288298160800062
1.0288298160800062
1.0282853035198192
1.0281490617757683
1.0281490617757683
1.0281490617757683
1.0281490617757683
1.0281490617757683
1.0276707478164973
1.0276707478164973
1.0276707478164973
1.0276707478164973
1.0276707478164973
1.0276707478164973
1.0276707478164973
1.0283447022659458
1.0283447022659458
1.0283447022659458
1.0283447022659458
1.0283447022659458
1.028148043157343
1.0277006926915844
1.0277006926915844
1.0277006926915844
1.0277006926915844
1.0261410084729197
1.0241441880925668
1.0247449215003186
1.0247449215003186
1.0247449215003186
1.0247449215003186
1.0247449215003186
1.0247449215003186
1.0247449215003186
1.0247449215003186
1.0247449215003186
1.0247449215003186
1.027085141959024
1.0256485161470401
1.0256485161470401
1.0241846593248647
1.0241846593248647
1.0240742875712054
1.0242343503905647
1.0250182284990816
1.0250182284990816
1.0253655722081048
1.0248158438124355
1.0248158438124355
1.0248158438124355
1.0248158438124355
1.0248158438124355
1.0245968041212858
1.023838302854348
1.023838302854348
1.023838302854348
1.023838302854348
1.024358989577824
1.0208031938388684
1.0225454128620537
1.0210234346698885
1.0210234346698885
1.0235027331440139
1.0235027331440139
1.0235027331440139
1.0235027331440139
1.0235027331440139
1.0239608074238795
1.0239608074238795
1.0239608074238795
1.0244398152219982
1.0244398152219982
1.0255715412915656
1.0255715412915656
1.0255715412915656
1.0255715412915656
1.0255715412915656
1.0255715412915656
1.0220428342501253
1.0220428342501253
1.0221840440927967
1.0221840440927967
1.0195663792815952
1.0207672308952618
1.0204841853765152
1.0204841853765152
1.0220742411636623
1.0220742411636623
1.0226652239428553
1.0209979925153452
1.0209979925153452
1.0209979925153452
1.0209979925153452
1.0186567088447127
1.0197018222921916
1.0197018222921916
1.019143766577003
1.022191978746603
1.022191978746603
1.022191978746603
1.0243048402241584
1.0230322922522057
1.0230322922522057
1.021140319828091
1.023529573636883
1.0216600828039322
1.0216600828039322
1.0216600828039322
1.0210229230513006
1.0210229230513006
1.0210229230513006
1.0210229230513006
1.0210229230513006
1.0212851333991406
1.0189037783549508
1.0205925504318687
1.0188869826013123
1.0188869826013123
1.0178370894592834
1.0192193470225996
1.0192193470225996
1.0192193470225996
1.0192193470225996
1.0200615772585477
1.0200615772585477
1.0200615772585477
1.0200615772585477
1.022485678127059
1.0208395854313979
1.0208395854313979
1.0208395854313979
1.0208395854313979
1.0218496449700265
1.0218496449700265
1.0219476711693045
1.020760282494121
1.020760282494121
1.020760282494121
1.020760282494121
1.020760282494121
1.020760282494121
1.0220055544617117
1.0208849093793901
1.022898517329553
1.022898517329553
1.025138052245997
1.0281064317497057
1.02832205221754
1.02832205221754
1.02832205221754
1.02832205221754
1.02832205221754
1.02832205221754
1.02832205221754
1.02832205221754
1.0288167421505436
1.0266044539777757
1.0266044539777757
1.0264714815667162
1.0264714815667162
1.0264714815667162
1.027971068037758
1.027971068037758
1.0268118087227547
1.0268118087227547
1.0268118087227547
1.0276796371144319
1.0271990161683744
1.0271990161683744
1.0259643462112984
1.0259643462112984
1.0259643462112984
1.0262108666251368
1.0262727295493714
1.0262727295493714
1.0273312851544116
1.027647520297819
1.027273454232013
1.027273454232013
1.027273454232013
1.0278394889551317
1.028957535152009
1.0293715446989864
1.0293715446989864
1.0294103246052293
1.0290718678120843
1.0308476099443151
1.0308476099443151
1.0308476099443151
1.0333705084355667
1.0333705084355667
1.0333705084355667
1.0333705084355667
1.0333705084355667
1.0333705084355667
1.0333705084355667
1.0333705084355667
1.0329504100609925
1.0329504100609925
1.0329504100609925
1.0329504100609925
1.0322970225388597
1.0322970225388597
1.0322970225388597
1.033424774007638
1.033424774007638
1.033424774007638
1.0309109566961094
1.0266981976575162
1.0266981976575162
1.0266981976575162
1.0264612859343873
1.0264612859343873
1.0264612859343873
1.0243858992914134
1.0241270722282898
1.0237554678453653
1.0237554678453653
1.0237554678453653
1.0237046008933826
1.0237046008933826
1.0237046008933826
1.0237046008933826
1.0237046008933826
1.0237046008933826
1.0237046008933826
1.0260534481855696
1.0259392711903703
1.0259392711903703
1.0259392711903703
1.0263853164056569
1.0222423526349036
1.0222423526349036
1.0222423526349036
1.0222423526349036
1.023602230030045
1.0242758887738772
1.0253515181261343
1.0253515181261343
1.0253515181261343
1.0253515181261343
1.0256173003148064
1.0268004256274519
1.0299492152398209
1.0299492152398209
1.0287850489369614
1.029454109386244
1.029454109386244
1.027772313113411
1.027772313113411
1.027772313113411
1.0269913790361302
1.0269913790361302
1.0278063633175125
1.0278063633175125
1.0286012903882118
1.0286012903882118
1.0286012903882118
1.0286012903882118
1.0292657591619276
1.0292657591619276
1.0286437788743987
1.0286437788743987
1.0286437788743987
1.0286437788743987
1.0282136159203812
1.0282136159203812
1.0289344720749796
1.0289344720749796
1.0289344720749796
1.0289344720749796
1.0314181535607319
1.0314181535607319
1.0314181535607319
1.0314181535607319
1.0314181535607319
1.0314181535607319
1.0314181535607319
1.0293686991160127
1.0290616326982382
1.0290616326982382
1.0290616326982382
1.0290616326982382
1.0290616326982382
1.0280188514631634
1.0280188514631634
1.0284998963224954
1.0284998963224954
1.0284998963224954
1.0300620534144875
1.0320427851833367
1.0308321334244672
1.0308321334244672
1.0280286199290187
1.0280286199290187
1.0280286199290187
1.0307952469037187
1.0308538321832788
1.0319630414498457
1.0323113692220278
1.0306680294479897
1.0306680294479897
1.032319750691302
1.0302780353569319
1.0304872024159775
1.0304872024159775
1.0304872024159775
1.028042174860201
1.028042174860201
1.028042174860201
1.028042174860201
1.028042174860201
1.02805745443281
1.02805745443281
1.02805745443281
1.02805745443281
1.0276601316329639
1.0276601316329639
1.0276601316329639
1.0276601316329639
1.0276601316329639
1.0274891661157497
1.0274891661157497
1.0275237472849947
1.02733527504498
1.02733527504498
1.029014008006804
1.0274200808370644
1.0278920591152134
1.0279272282788379
1.0279706645638864
1.0279706645638864
1.0279706645638864
1.0288676060709616
1.0284043514709365
1.0291449510153643
1.0291449510153643
1.0301699003090925
1.0307919266493695
1.0307919266493695
1.0307919266493695
1.0307919266493695
1.0308089314010236
1.0308089314010236
1.0308089314010236
1.0308089314010236
1.0315634763680381
1.0322523350747659
1.0322523350747659
1.0322523350747659
1.0322523350747659
1.0322523350747659
1.0317192738254044
1.0317192738254044
1.0317192738254044
1.0309384299092552
1.0309384299092552
1.0309384299092552
1.0309384299092552
1.0299412383429347
1.0299412383429347
1.0299412383429347
1.0308720735810983
1.0308720735810983
1.0315988819093054
1.0315988819093054
1.0315988819093054
1.0315988819093054
1.0309798244555006
1.0309798244555006
1.0309798244555006
1.0329854495493118
1.0329854495493118
1.0329854495493118
1.0329854495493118
1.0329854495493118
1.0329854495493118
1.031331294994002
1.029403925871106
1.0316965679334087
1.0316965679334087
1.0316965679334087
1.0323456418369235
1.0317894312203415
1.0290300974644322
1.0290300974644322
1.0290300974644322
1.030127193792853
1.0287888136595897
1.0287888136595897
1.0287888136595897
1.0287888136595897
1.0288059874888482
1.0288059874888482
1.0288059874888482
1.0251330791134659
1.0253877809219034
1.0271064960172367
1.0271064960172367
1.0252983674520664
1.0252983674520664
1.0252983674520664
1.0252983674520664
1.022169939684906
1.0227952275397671
1.0249131683439894
1.0249131683439894
1.0262900753514448
1.0262900753514448
1.0262900753514448
1.0262900753514448
1.0238445585970763
1.0239445039817416
1.0239445039817416
1.024885998955735
1.0249726149963645
1.0249726149963645
1.0249726149963645
1.0249726149963645
1.0239333597431102
1.0247801563663879
1.0247801563663879
1.0254488847955632
1.0254488847955632
1.0254488847955632
1.0254488847955632
1.0247572995526668
1.0222648404538743
1.0222648404538743
1.022679282644774
1.0237716487905928
1.0237716487905928
1.0237716487905928
1.0276467218365308
1.0276467218365308
1.0276467218365308
1.0260835109725999
1.0260835109725999
1.0260835109725999
1.0260835109725999
1.0260835109725999
1.027537909419819
1.028290538190124
1.028290538190124
1.028290538190124
1.028290538190124
1.028290538190124
1.0251466857053806
1.027389241075933
1.0261767659480165
1.0266460378815945
1.0262497212776833
1.0223051444457552
1.0223051444457552
1.0255999448333208
1.0262222464211999
1.0262222464211999
1.025696618953849
1.0258673634558089
1.0258673634558089
1.0258673634558089
1.0256985984887144
1.0251657267338699
1.0249468530968222
1.0249468530968222
1.0262855219996536
1.0229684320539243
1.0229684320539243
1.0239653327040898
1.0235091894627641
1.0235091894627641
1.0242363451428393
1.0242363451428393
1.0242363451428393
1.0242363451428393
1.0239192131826311
1.0273069862519915
1.0273069862519915
1.0273069862519915
1.0273069862519915
1.0273069862519915
1.0273069862519915
1.0278480519348303
1.025891811301993
1.0277618583383366
1.0277618583383366
1.0256973857788152
1.0256973857788152
1.0249535181953453
1.0286041757790452
1.0286041757790452
1.027633256164041
1.027633256164041
1.027633256164041
1.027633256164041
1.0253943508946897
1.0253943508946897
1.0253943508946897
1.0253943508946897
1.0244371555068519
1.0244371555068519
1.0260989296261707
1.0251122272720852
1.0278673088224182
1.0258458509853308
1.0267169380434762
1.0267169380434762
1.0267169380434762
1.0267169380434762
1.0276266729785162
1.0295187778876271
1.0306923176634892
1.0306923176634892
1.028598316237484
1.0279587217448807
1.0279587217448807
1.025981979686459
1.0225911340967233
1.0234194707409179
1.0234194707409179
1.0272613768758625
1.0272613768758625
1.0272613768758625
1.0272613768758625
1.0266361159343993
1.0266361159343993
1.0266361159343993
1.0266361159343993
1.0266361159343993
1.0266361159343993
1.0266361159343993
1.0266361159343993
1.0266361159343993
1.0263227085381503
1.0263227085381503
1.0263227085381503
1.0219666599326116
1.0244794665474357
1.0271310127792173
1.0271310127792173
1.0271310127792173
1.0263987590287627
1.0257371512644142
1.0257371512644142
1.0257371512644142
1.0256918644101471
1.0256918644101471
1.0256918644101471
1.0256918644101471
1.027498165446381
1.027498165446381
1.0258578848709183
1.0258578848709183
1.0295570510725551
1.0312254183194232
1.0308772755226645
1.0300685677435943
1.0300685677435943
1.0300685677435943
1.0286582656796246
1.0286582656796246
1.0250727196787528
1.0286783958083678
1.0274978028072117
1.0274978028072117
1.027626181131294
1.0253059247437446
1.0253059247437446
1.0253059247437446
1.0245307572679367
1.0245307572679367
1.0245307572679367
1.029025312970755
1.029025312970755
1.029025312970755
1.0272687849296185
1.0272687849296185
1.0272687849296185
1.0272687849296185
1.0298363772055203
1.0298363772055203
1.033299734447024
1.0332712798866652
1.0332712798866652
1.0332712798866652
1.0324608183032689
1.0347188653886012
1.035126198536182
1.0338075890208303
1.0326314672204708
1.0326314672204708
1.0326314672204708
1.0315947141815525
1.0315947141815525
1.0315947141815525
1.0315947141815525
1.0300914804529673
1.0299110623769463
1.0299110623769463
1.0299110623769463
1.0299110623769463
1.0307174057119395
1.0307174057119395
1.0307174057119395
1.0309568627935948
1.0309568627935948
1.0309568627935948
1.0305694056663806
1.031330354222163
1.031330354222163
1.033087273742737
1.0341946268414781
1.0341946268414781
1.0342998425335261
1.0342998425335261
1.0342998425335261
1.0342998425335261
1.0342998425335261
1.031091171514859
1.031091171514859
1.031091171514859
1.0302166453932253
1.0307623268045327
1.0307623268045327
1.03083535090295
1.0306023257154338
1.0306023257154338
1.0306023257154338
1.0306023257154338
1.0275485160020463
1.0275485160020463
1.0281676015079881
1.0282124513284057
1.0282124513284057
1.0282124513284057
1.0282124513284057
1.0282124513284057
1.0283622154273178
1.0256706346579327
1.0256706346579327
1.0256706346579327
1.0256706346579327
1.0256706346579327
1.0261020925826063
1.025284764788971
1.025284764788971
1.0267421901677014
1.0265485139873607
1.029669023020831
1.029669023020831
1.03013855909189
1.0276170568342553
1.0260938554497945
1.025984632550268
1.025984632550268
1.025984632550268
1.025984632550268
1.025984632550268
1.025984632550268
1.025984632550268
1.025984632550268
1.0249315398173249
1.0253021466471366
1.0253021466471366
1.0253021466471366
1.0253021466471366
1.0268040539591865
1.0268040539591865
1.0268040539591865
1.0263453076132347
1.0263453076132347
1.0253330596991344
1.0266509103587829
1.029576340124023
1.029576340124023
1.029576340124023
1.027995073440961
1.0287236500488646
1.026315403162274
1.0269606277399337
1.0278406937689168
1.027987251273552
1.027987251273552
1.027987251273552
1.027987251273552
1.0242287082800134
1.0267573657288949
1.0267573657288949
1.0267573657288949
1.0283273851616193
1.0283273851616193
1.0275508777292086
1.0275508777292086
1.0275508777292086
1.0275508777292086
1.0265107378837437
1.024938975872047
1.024938975872047
1.024938975872047
1.024938975872047
1.024938975872047
1.024938975872047
1.024938975872047
1.024938975872047
1.024938975872047
1.024750956562606
1.024750956562606
1.0253969969048866
1.0249252403139915
1.0249252403139915
1.0264630604848577
1.0264630604848577
1.0264007042269048
1.0242965234802068
1.026855713414315
1.0286913767850607
1.0286913767850607
1.0286922382717176
1.0286922382717176
1.0290101737185997
1.0277731441972104
1.0277731441972104
1.0274925676132114
1.0274925676132114
1.0274925676132114
1.0274925676132114
1.0274925676132114
1.0274925676132114
1.0274925676132114
1.0274925676132114
1.0274925676132114
1.026093100647845
1.026093100647845
1.0285674235390485
1.0285674235390485
1.0285674235390485
1.0285674235390485
1.0275038591401253
1.0275038591401253
1.0275038591401253
1.0275038591401253
1.0275038591401253
1.028241842107284
1.028241842107284
1.028241842107284
1.028241842107284
1.0290403761198799
1.0290403761198799
1.0290403761198799
1.0290403761198799
1.0286163905500354
1.0286163905500354
1.0286163905500354
1.0286163905500354
1.0275334849212472
1.0275334849212472
1.0263515124400433
1.0263515124400433
1.0263515124400433
1.0263515124400433
1.0229827084254672
1.0229827084254672
1.0229827084254672
1.025142450842223
1.025142450842223
1.0255212156459608
1.0255212156459608
1.0253410910644438
1.0253410910644438
1.0256700163684749
1.0262097786572095
1.0263214768289122
1.027596547333938
1.0251272566236456
1.0251272566236456
1.0251272566236456
1.0252925419632881
1.0244240386510157
1.024418300794687
1.024418300794687
1.024950621510586
1.024950621510586
1.024950621510586
1.024950621510586
1.0266010384537883
1.0266010384537883
1.0241912472132957
1.0241912472132957
1.027047514676661
1.027047514676661
1.027047514676661
1.0244327241305875
1.0244327241305875
1.0244327241305875
1.02563006468909
1.0266996943350664
1.0259677428386773
1.0272918787753984
1.0276072748104021
1.0276072748104021
1.0276072748104021
1.0276072748104021
1.0276072748104021
1.028885208931384
1.0263600978802154
1.026514921602246
1.026514921602246
1.0245076930707901
1.0255644925874141
1.0262523827433956
1.0262523827433956
1.0262523827433956
1.0262523827433956
1.0262523827433956
1.0262523827433956
1.0263385155066094
1.0263385155066094
1.0275562975704595
1.0274295323107714
1.0274295323107714
1.0274295323107714
1.0274295323107714
1.0274697219858233
1.0290898349751703
1.0285646774002277
1.0282749228765784
1.0282749228765784
1.0282749228765784
1.0282749228765784
1.0273451874965651
1.0273451874965651
1.0264029184174936
1.0249220957120575
1.0249220957120575
1.0249220957120575
1.0249220957120575
1.0249220957120575
1.0279687466835843
1.0275314025792355
1.0275314025792355
1.0278103003311916
1.026000530088691
1.026000530088691
1.0260119729060795
1.02418722009104
1.02418722009104
1.02418722009104
1.0254298754618931
1.0267587706020662
1.0267587706020662
1.026013015507453
1.0259718730231435
1.0264078987959162
1.0264078987959162
1.0264078987959162
1.0263247684713077
1.0263247684713077
1.0263247684713077
1.0263247684713077
1.0263247684713077
1.0263247684713077
1.0263247684713077
1.0262104018770173
1.0262104018770173
1.0262104018770173
1.0286521673537359
1.0294130232671963
1.0294130232671963
1.0294130232671963
1.029281700081744
1.029281700081744
1.0296678100472743
1.0296678100472743
1.0296648733156897
1.0296648733156897
1.0308516705111634
1.0261089203603708
1.0259620718847267
1.0259620718847267
1.0259620718847267
1.0259620718847267
1.0259620718847267
1.0259620718847267
1.0250752354298485
1.0253907879523878
1.0253907879523878
1.026755701654959
1.026755701654959
1.026839988801399
1.026839988801399
1.026839988801399
1.0270341834968155
1.0270341834968155
1.0275946459584222
1.0275946459584222
1.0273951503554675
1.0273951503554675
1.0273951503554675
1.0273951503554675
1.026782543326596
1.026782543326596
1.0289843924399036
1.0294562723208347
1.0294562723208347
1.0294562723208347
1.02900268737999
1.028481219565489
1.027591968689976
1.027591968689976
1.027591968689976
1.027591968689976
1.026004416187862
1.026004416187862
1.0277809219891747
1.0292014718376796
1.0274475077721237
1.0276418316153002
1.0276418316153002
1.0270688656413742
1.0295644350231894
1.030427527216211
1.030427527216211
1.030427527216211
1.030427527216211
1.030427527216211
1.030427527216211
1.030427527216211
1.030427527216211
1.030427527216211
1.030427527216211
1.0308231706322697
1.0308231706322697
1.0308231706322697
1.0308231706322697
1.028158431416407
1.028158431416407
1.028158431416407
1.0301626265340653
1.0301626265340653
1.0276861602497926
1.02598779634371
1.02598779634371
1.0272851698284726
1.0277284772955537
1.0282949743436947
1.0282949743436947
1.0282949743436947
1.028958606472595
1.028958606472595
1.028958606472595
1.028958606472595
1.028958606472595
1.0287901551005778
1.0257805342333801
1.0257805342333801
1.0257805342333801
1.0257805342333801
1.0266488593989063
1.0266488593989063
1.0266488593989063
1.0265847082189847
1.029943888557989
1.0300448680276701
1.0300448680276701
1.032174946266324
1.0319736344171855
1.0311740116549415
1.0311740116549415
1.0317285505559948
1.0317285505559948
1.0340780237925
1.0301018201043974
1.0301018201043974
1.0300926129678174
1.0300926129678174
1.0300926129678174
1.0300926129678174
1.0300926129678174
1.0300926129678174
1.0284088250545764
1.0284088250545764
1.02905243813867
1.0316073462493867
1.0316879767657086
1.0322141832688492
1.0322141832688492
1.0322141832688492
1.0322141832688492
1.0322141832688492
1.0322141832688492
1.02910167451434
1.02910167451434
1.02910167451434
1.0298280043623866
1.0298280043623866
1.0298280043623866
1.0298280043623866
1.0276082018856136
1.0276082018856136
1.0302682176790432
1.0302682176790432
1.0302682176790432
1.0302682176790432
1.032128341187545
1.032128341187545
1.032128341187545
1.032128341187545
1.032128341187545
1.032128341187545
1.032128341187545
1.0323253936736685
1.0323253936736685
1.0323253936736685
1.0323253936736685
1.0323253936736685
1.0324877464924562
1.0324877464924562
1.030704723789085
1.030704723789085
1.0307555899825234
1.0307555899825234
1.0307555899825234
1.0304472768431416
1.031668059677762
1.031668059677762
1.031668059677762
1.0341441210100362
1.0341441210100362
1.0341441210100362
1.0341441210100362
1.0364581873665588
1.0380129088086143
1.0380129088086143
1.0380129088086143
1.0380129088086143
1.036436359629992
1.0363864117811996
1.0363864117811996
1.0362323968415579
1.0347549380933023
1.0347549380933023
1.0347051680935102
1.0347051680935102
1.0330133477380095
1.0340391206363264
1.0340391206363264
1.0340391206363264
1.0340391206363264
1.0348415886289655
1.0348415886289655
1.0348415886289655
1.0346073344622628
1.0346073344622628
1.0346073344622628
1.0331074351789795
1.0328629476657227
1.0328629476657227
1.0328629476657227
1.034123060249206
1.034123060249206
1.0312216072664897
1.0312216072664897
1.0312216072664897
1.0312216072664897
1.0312216072664897
1.0312216072664897
1.0312216072664897
1.0291874306072466
1.0292616164596164
1.0292616164596164
1.0292616164596164
1.0292616164596164
1.0295557133457642
1.0295557133457642
1.0306921624739613
1.0264620344951614
1.0264620344951614
1.0264620344951614
1.028194159600671
1.028194159600671
1.027905677746508
1.027905677746508
1.027905677746508
1.027905677746508
1.0304690491157775
1.0305928286491282
1.0310363834090905
1.0307706540267694
1.0307706540267694
1.0307706540267694
1.0307706540267694
1.0307706540267694
1.0307706540267694
1.0307706540267694
1.0307706540267694
1.0307706540267694
1.0307706540267694
1.0307706540267694
1.0273636616584583
1.0273636616584583
1.0273636616584583
1.0272200625042607
1.0272200625042607
1.0272200625042607
1.0260760003766072
1.0267765140782217
1.0294192961362392
1.0294192961362392
1.0294192961362392
1.0309613205970547
1.0309613205970547
1.0309613205970547
1.0306979465308796
1.0306979465308796
1.0305574435759228
1.0305574435759228
1.028151305424994
1.028151305424994
1.0288556702838834
1.0288556702838834
1.0288556702838834
1.0291084355477527
1.030159419311082
1.030159419311082
1.030159419311082
1.030159419311082
1.030159419311082
1.030159419311082
1.0284731489808816
1.028970458623887
1.0300839647807123
1.0300839647807123
1.0300839647807123
1.0294441067968176
1.0294441067968176
1.0294441067968176
1.0282540240179783
1.0291269766806403
1.0297731316162766
1.0297731316162766
1.0297731316162766
1.0297731316162766
1.0297731316162766
1.0297731316162766
1.0297731316162766
1.0297731316162766
1.0297731316162766
1.0275246416399881
1.0299670174420885
1.0299670174420885
1.0299670174420885
1.0309682215006266
1.0314049401896528
1.0314049401896528
1.0303756382093447
1.031982496630961
1.0322824840812306
1.0322824840812306
1.0322824840812306
1.0322824840812306
1.0322824840812306
1.0322824840812306
1.030286224529676
1.026997984972427
1.026997984972427
1.026997984972427
1.026997984972427
1.026997984972427
1.027560601422343
1.027560601422343
1.027560601422343
1.0271772389116158
1.0271772389116158
1.0298547395198727
1.029360672945079
1.029360672945079
1.029360672945079
1.0287338201815126
1.032417353272143
1.0310230097734867
1.0310230097734867
1.0310230097734867
1.0294506699342754
1.0292117548318616
1.028480000974067
1.028480000974067
1.028480000974067
1.0290176503021127
1.0312287099424913
1.0312287099424913
1.0312287099424913
1.0319520307124903
1.0319520307124903
1.0319520307124903
1.0319520307124903
1.0311622775032534
1.0315764695912988
1.0315764695912988
1.0315764695912988
1.0315764695912988
1.0305570519349374
1.0305570519349374
1.0302784074962426
1.0302784074962426
1.0316408579150225
1.0310493059682235
1.0310493059682235
1.0316851470593114
1.0333499747361137
1.0323747895062272
1.0312828827528688
1.0315333927730939
1.0315333927730939
1.0318488556712289
1.0336912366449413
1.0336912366449413
1.0336912366449413
1.0336912366449413
1.0336912366449413
1.0316236284031313
1.0294166127265303
1.0307685000897593
1.0307685000897593
1.0287721932942588
1.0287721932942588
1.0297030090465542
1.0297030090465542
1.0297030090465542
1.0304950775459591
1.0280734537102239
1.0280734537102239
1.0280734537102239
1.0249581342736616
1.0259704428925398
1.0246827761675739
1.028407575325073
1.0287632993022182
1.0287632993022182
1.0287632993022182
1.0287632993022182
1.0290189708828508
1.0290189708828508
1.0290189708828508
1.0290189708828508
1.029721145712154
1.0331177949871735
1.0325532215869997
1.0325532215869997
1.0300140676801062
1.0300140676801062
1.0301492886044756
1.0301492886044756
1.030153432048789
1.030153432048789
1.030153432048789
1.0307694374692513
1.0307694374692513
1.0307056214367838
1.0309330853776086
1.0309330853776086
1.0285658438057157
1.0285658438057157
1.0298383704692036
1.0312029058728849
1.0327571339628667
1.0327571339628667
1.0327571339628667
1.0327571339628667
1.0327571339628667
1.0327571339628667
1.0327571339628667
1.0327571339628667
1.0327571339628667
1.0327571339628667
1.0327571339628667
1.0312026901746814
1.0312026901746814
1.0309398280371822
1.0309398280371822
1.031841729533782
1.033726553963665
1.033726553963665
1.033726553963665
1.033726553963665
1.033726553963665
1.033726553963665
1.033726553963665
1.0333421686169761
1.0333421686169761
1.034815012144977
1.034815012144977
1.034815012144977
1.034815012144977
1.034815012144977
1.0345927986333088
1.0345927986333088
1.0345927986333088
1.0345927986333088
1.0345927986333088
1.0345927986333088
1.0327628176687416
1.0328705906479163
1.0328705906479163
1.0308573520225903
1.0315669723357448
1.0300012194896064
1.031950475794722
1.031950475794722
1.0291702488513568
1.0291702488513568
1.0291702488513568
1.0291702488513568
1.0273792181341352
1.0273792181341352
1.0281707164690919
1.0274925925055978
1.0264334639981618
1.0264334639981618
1.0267996508432862
1.0267996508432862
1.0267996508432862
1.0250617892558727
1.0247440922065763
1.0247440922065763
1.0239245649184587
1.0239245649184587
1.0239245649184587
1.0246061235142254
1.0233473713393206
1.0239536740123738
1.0239536740123738
1.0245978082131288
1.0249534382743861
1.0249534382743861
1.021960127303646
1.025585010961782
1.025585010961782
1.025585010961782
1.028136559161844
1.0278375624279923
1.0268506838619191
1.0268506838619191
1.0268506838619191
1.0268506838619191
1.0253588728543894
1.0262399455751103
1.0264879186472209
1.026814919618163
1.0268759439683595
1.0268759439683595
1.0253662585066456
1.02384162662683
1.024527856068384
1.0259447301376379
1.0259447301376379
1.0288930032230712
1.0288930032230712
1.0287841360503112
1.0267334344494905
1.0285072081458042
1.0285072081458042
1.0287796235880962
1.0281183399667686
1.0289990402793456
1.0307482788030364
1.0304693285651416
1.031121062117578
1.0301477026796926
1.0251779026756844
1.0251779026756844
1.0268596667999594
1.0273365697798755
1.0273365697798755
1.0270321840637304
1.0280975226519005
1.029533818924665
1.029533818924665
1.029533818924665
1.027078287417002
1.027078287417002
1.027078287417002
1.027078287417002
1.0270188999578058
1.027474092996786
1.027474092996786
1.027474092996786
1.027474092996786
1.029151130366823
1.026284944311245
1.0277479039337711
1.0277479039337711
1.0277479039337711
1.027416525634386
1.027416525634386
1.0271656854601312
1.0271656854601312
1.0258306439319216
1.0258306439319216
1.0248185787401953
1.0244645820373204
1.0244645820373204
1.0257627471910995
1.0281788911274816
1.0281788911274816
1.0284840375195616
1.0284840375195616
1.0277697927715346
1.0277697927715346
1.0277697927715346
1.0277915611015926
1.0277915611015926
1.0277915611015926
1.0286605214404656
1.027957084203803
1.027957084203803
1.027957084203803
1.02827395456398
1.02827395456398
1.0298453092535462
1.0298453092535462
1.0324919933591372
1.0311185493479278
1.0311185493479278
1.0308716527079744
1.0308716527079744
1.0308716527079744
1.0308716527079744
1.0312728337864463
1.0284609991638278
1.030273728527651
1.030273728527651
1.030273728527651
1.03049591449639
1.03049591449639
1.03049591449639
1.03049591449639
1.03049591449639
1.03049591449639
1.0315992838242063
1.0328291414134187
1.0328291414134187
1.0328291414134187
1.0328291414134187
1.0301517737716357
1.0301517737716357
1.0255067502273174
1.0283178805823994
1.0283048975193512
1.0286860089101098
1.0303617374727916
1.030473508615545
1.028991735339034
1.0279362637160496
1.0279362637160496
1.0279362637160496
1.0271321827215953
1.0271321827215953
1.0285565053613728
1.028476043796209
1.0293387258959872
1.0293387258959872
1.0293387258959872
1.029422664574798
1.029422664574798
1.029422664574798
1.0295321289426989
1.0295321289426989
1.026777971817717
1.026576789500823
1.0264913302653529
1.0264913302653529
1.025900286350366
1.025900286350366
1.025900286350366
1.025900286350366
1.0264805553108498
1.0277550234885553
1.0277550234885553
1.0277550234885553
1.026562815755407
1.026562815755407
1.0262716200665225
1.0285473990498368
1.0303235863766969
1.0303235863766969
1.0303235863766969
1.0303235863766969
1.0303235863766969
1.0303235863766969
1.0294505462686712
1.0296437342027736
1.029533994499094
1.029533994499094
1.029533994499094
1.0290172360792211
1.0290172360792211
1.0290172360792211
1.0290172360792211
1.0290172360792211
1.0258586214559806
1.027131622609485
1.0233604412994735
1.0223672070544083
1.022789112703025
1.022789112703025
1.022789112703025
1.025001948474366
1.0252671426150204
1.0252671426150204
1.0252671426150204
1.025781341966069
1.025781341966069
1.0250642985292564
1.0250642985292564
1.0250642985292564
1.0246025711413442
1.0246025711413442
1.0204949847857665
1.0204949847857665
1.0220067235151333
1.0258489637494246
1.026441504184095
1.0267029418907179
1.0267029418907179
1.0277092292493177
1.0278308615371599
1.0278308615371599
1.0278931417498753
1.0275023978964883
1.028145234766324
1.028145234766324
1.0293938647501206
1.0293938647501206
1.0293938647501206
1.0295390527781765
1.0295390527781765
1.0295390527781765
1.0314559909905485
1.0314559909905485
1.0314559909905485
1.0314559909905485
1.0314559909905485
1.032380928408188
1.032380928408188
1.032380928408188
1.032380928408188
1.032380928408188
1.032380928408188
1.032380928408188
1.029886557373556
1.029886557373556
1.029886557373556
1.029886557373556
1.029886557373556
1.029886557373556
1.029649164977664
1.029649164977664
1.029649164977664
1.0264024427173863
1.0264024427173863
1.0284900574509928
1.0284900574509928
1.0310199074309223
1.0310199074309223
1.0310199074309223
1.0310199074309223
1.0303108862411317
1.030289091830434
1.030289091830434
1.0283762038293836
1.0283762038293836
1.0297525592703294
1.0270301073166699
1.0270301073166699
1.0268091043634342
1.0272801364594641
1.0272801364594641
1.0272801364594641
1.0272801364594641
1.0272801364594641
1.0303181995110238
1.0303181995110238
1.0303181995110238
1.0304761424972313
1.0312861595865148
1.0309336210048148
1.0309336210048148
1.0309336210048148
1.0309336210048148
1.0299852123804802
1.0294564510406294
1.0306007377300288
1.031870395019498
1.031870395019498
1.031870395019498
1.031870395019498
1.031870395019498
1.031870395019498
1.0330134385857528
1.0330134385857528
1.033879398788513
1.033879398788513
1.033879398788513
1.0336397069114578
1.0336397069114578
1.0336397069114578
1.0336397069114578
1.0303186844418384
1.0303186844418384
1.0325783513648898
1.0296072591033596
1.0296072591033596
1.0296072591033596
1.0296072591033596
1.0296072591033596
1.0304758719530733
1.0304758719530733
1.0306394326664736
1.0306394326664736
1.0306394326664736
1.0306394326664736
1.0306394326664736
1.0306394326664736
1.0296950231141022
1.0296950231141022
1.0296950231141022
1.0259536987187194
1.0259536987187194
1.0259536987187194
1.0259536987187194
1.0242896644794026
1.0258647647646693
1.0258647647646693
1.027496721757338
1.027496721757338
1.027496721757338
1.027496721757338
1.027496721757338
1.027496721757338
1.028704354686006
1.0291022555438019
1.0291022555438019
1.0291022555438019
1.0291022555438019
1.0291022555438019
1.0293187929162626
1.0292829230136729
1.0292829230136729
1.0303281070600296
1.031223566869995
1.031223566869995
1.031223566869995
1.031223566869995
1.031223566869995
1.0308270329802294
1.028384223450824
1.0286185530948286
1.0323959387516735
1.0323959387516735
1.0278223437995544
1.0278223437995544
1.0278223437995544
1.0278223437995544
1.0278223437995544
1.0278223437995544
1.0278223437995544
1.0278223437995544
1.0258983421400436
1.0258983421400436
1.0258983421400436
1.0258983421400436
1.024934427335237
1.0260518064207584
1.0267138364254662
1.0267138364254662
1.0267138364254662
1.0267138364254662
1.0267138364254662
1.0267138364254662
1.0267138364254662
1.0267138364254662
1.02706667209662
1.02706667209662
1.02706667209662
1.02706667209662
1.0248842149112884
1.025973293665978
1.0276011065748853
1.0276011065748853
1.0276011065748853
1.0276011065748853
1.0277232416967037
1.0277232416967037
1.0277232416967037
1.0277232416967037
1.0277232416967037
1.0277232416967037
1.0277232416967037
1.0269048565390293
1.0268471728150343
1.0268471728150343
1.0247216718601606
1.0235993024834504
1.0246204519690325
1.0246204519690325
1.0245000499983126
1.0254728503246957
1.026990016381689
1.027834949271869
1.027834949271869
1.0296037889666332
1.029209059533984
1.029209059533984
1.029209059533984
1.02727448405404
1.0271059670725509
1.0271059670725509
1.0271059670725509
1.0275168851438732
1.0275168851438732
1.0275168851438732
1.0275168851438732
1.0275168851438732
1.026187812718159
1.0254569807091398
1.0258502953943114
1.0230534916982699
1.0246735083965435
1.0246735083965435
1.026156026711156
1.0249283812661938
1.0249283812661938
1.0249283812661938
1.0247121236712722
1.0247121236712722
1.0265764692502468
1.025068779933137
1.0261999065539626
1.0261999065539626
1.0261999065539626
1.0261999065539626
1.0277939747691978
1.0277939747691978
1.0281067425623507
1.028368125848819
1.028368125848819
1.028368125848819
1.0281992452390774
1.0281992452390774
1.0281992452390774
1.0281992452390774
1.024154408513021
1.024154408513021
1.0215525231966935
1.0215525231966935
1.0215525231966935
1.0226584516489712
1.0226584516489712
1.0226584516489712
1.0226584516489712
1.0226584516489712
1.0226584516489712
1.0226584516489712
1.0226584516489712
1.0226584516489712
1.021833726354394
1.021833726354394
1.019729693152139
1.0202398770548893
1.0225847845654201
1.0225847845654201
1.0226100967291343
1.0226100967291343
1.0226100967291343
1.0240661598999024
1.0240661598999024
1.024122089883516
1.0227146927629016
1.0221476924222823
1.0221476924222823
1.0221476924222823
1.0231832212256387
1.024395980835989
1.026263963014791
1.026979798438975
1.0278435505127397
1.0252542476820252
1.0252542476820252
1.0254711776429435
1.0263906411536492
1.0263906411536492
1.0268974354898242
1.0261164828005227
1.0261164828005227
1.0253701463095204
1.0271564337122931
1.0271564337122931
1.0271564337122931
1.0271564337122931
1.0271564337122931
1.0277121392306467
1.025753017020688
1.0272030029081136
1.0272030029081136
1.0272030029081136
1.0272030029081136
1.0280661389924475
1.0280661389924475
1.0280661389924475
1.028862501783417
1.0291401608596493
1.0291401608596493
1.0291401608596493
1.0289615503963565
1.0266476847537476
1.0266476847537476
1.0294336253272856
1.0289265348703804
1.0289265348703804
1.0289265348703804
1.0282601614582862
1.0285947977365149
1.0273646588813807
1.0273646588813807
1.0294623266570915
1.0292810683202018
1.027450674626892
1.0268092599710115
1.0249071416824809
1.0249071416824809
1.0244940470857693
1.0266953361169704
1.0266953361169704
1.0266953361169704
1.0276537514276454
1.0289254844138158
1.0292929287310026
1.0275425994447953
1.0276437511040701
1.0276437511040701
1.02936175623712
1.02936175623712
1.02936175623712
1.0307963550727781
1.0307963550727781
1.0313478144477886
1.0305730718244452
1.0305730718244452
1.0305730718244452
1.0290989798170354
1.0290989798170354
1.0312898929418501
1.0332594888453328
1.0332594888453328
1.0326031539470748
1.0307746006778293
1.0307746006778293
1.030335247125703
1.0297692407873154
1.0297692407873154
1.028384875786365
1.0284070958901623
1.0295250676309953
1.0295250676309953
1.02752851595125
1.0281633795340437
1.0281633795340437
1.0281831694804449
1.0281831694804449
1.029304904029752
1.029304904029752
1.029304904029752
1.029304904029752
1.029304904029752
1.0317977077201383
1.0317977077201383
1.0317977077201383
1.0309112795662851
1.0298289026083154
1.0298289026083154
1.0298289026083154
1.028265616841039
1.0297566097853705
1.0282323660190233
1.02754999570069
1.0275726862505143
1.0275726862505143
1.0277361013082877
1.0277361013082877
1.0277361013082877
1.0277361013082877
1.0277361013082877
1.0254468998936899
1.0254468998936899
1.0260127810731905
1.0260127810731905
1.0271594440048168
1.0271594440048168
1.0254838984176802
1.0254838984176802
1.0254838984176802
1.0254838984176802
1.0254838984176802
1.0256460017250084
1.0256460017250084
1.0237134827960295
1.0237134827960295
1.0209092064705054
1.0216709222310199
1.0198004151609894
1.0226647589706686
1.022935140631817
1.022935140631817
1.022935140631817
1.022935140631817
1.022935140631817
1.0218978536343069
1.0218978536343069
1.0218978536343069
1.0218978536343069
1.0218978536343069
1.0218978536343069
1.0218978536343069
1.0218978536343069
1.0218978536343069
1.0218978536343069
1.0216099690635045
1.0249622999496086
1.0249622999496086
1.0249622999496086
1.026401449659604
1.026401449659604
1.026401449659604
1.026401449659604
1.026522643294897
1.026522643294897
1.026522643294897
1.027435671754433
1.0277718365509614
1.0270720871325913
1.0270720871325913
1.02568941472694
1.0260971552213585
1.0292882014114395
1.0292882014114395
1.0292882014114395
1.0262243677994574
1.0262243677994574
1.0262243677994574
1.0262243677994574
1.0262243677994574
1.0262243677994574
1.0262243677994574
1.026665010949078
1.0255959446785474
1.0255959446785474
1.0255959446785474
1.0255959446785474
1.0261949333014415
1.0261949333014415
1.0261949333014415
1.0253473259326893
1.0253473259326893
1.0253473259326893
1.0253473259326893
1.0253473259326893
1.0253473259326893
1.0253473259326893
1.0253473259326893
1.0253473259326893
1.0253473259326893
1.0253473259326893
1.0243784060981662
1.023688652168848
1.023688652168848
1.023455378948114
1.023455378948114
1.023455378948114
1.0238339181288234
1.0224498037540908
1.0250871804705806
1.0250871804705806
1.0247307304753215
1.0247307304753215
1.023116021053366
1.023116021053366
1.023116021053366
1.023116021053366
1.023116021053366
1.023116021053366
1.023116021053366
1.023116021053366
1.023116021053366
1.022021075268262
1.022021075268262
1.022021075268262
1.0200372626896195
1.0200372626896195
1.021362667881343
1.021405938669716
1.0198414870309962
1.0198414870309962
1.0212751171021872
1.0212751171021872
1.0212751171021872
1.022883122943009
1.022883122943009
1.022883122943009
1.022883122943009
1.0233085477220012
1.0198783774708045
1.0198783774708045
1.0198783774708045
1.0226253520048438
1.0229302606446513
1.0221393443827005
1.0221393443827005
1.0233014242423415
1.0233014242423415
1.0233014242423415
1.0233014242423415
1.0233014242423415
1.0232979483930675
1.0232979483930675
1.0232979483930675
1.0232979483930675
1.0232979483930675
1.0232979483930675
1.0239952149731482
1.0239952149731482
1.02006480748041
1.02006480748041
1.021527742172695
1.021527742172695
1.021527742172695
1.021527742172695
1.0184131614484557
1.0184131614484557
1.0184131614484557
1.0184131614484557
1.0182296141575218
1.017451637526733
1.0175452232376612
1.0168948773947042
1.0167129722776578
1.019411185120234
1.019411185120234
1.019411185120234
1.0213717763549184
1.021815392434215
1.021815392434215
1.0230652784632515
1.0230652784632515
1.0233755808784446
1.0233315874367181
1.023307579789192
1.0242293453339475
1.0257394860196807
1.0257428269239393
1.0257428269239393
1.0257428269239393
1.0257428269239393
1.025963440585114
1.025800918383666
1.0264435162139738
1.0270932669036
1.0270932669036
1.0270932669036
1.0293010164576537
1.0293010164576537
1.029571732842652
1.0297433302378023
1.0297433302378023
1.0297433302378023
1.0326172909278688
1.0326172909278688
1.0326172909278688
1.0310337447786682
1.0311028110266582
1.0311028110266582
1.031440524759844
1.0336158875333046
1.0336158875333046
1.0336158875333046
1.0318506445703017
1.0318506445703017
1.0333396200866043
1.0333396200866043
1.0333396200866043
1.0341686254097364
1.0341686254097364
1.0341686254097364
1.0341686254097364
1.0341686254097364
1.0335678916594888
1.0341434613953802
1.0341434613953802
1.0348303643855066
1.0352592837830064
1.0352592837830064
1.0352592837830064
1.035210581553218
1.035210581553218
1.035502658758776
1.035502658758776
1.035174364661099
1.0324630629257476
1.0327520106326626
1.0327520106326626
1.0296767207594264
1.0296767207594264
1.0296767207594264
1.028619529910542
1.0271332280535237
1.0268952454243423
1.030347700205835
1.030347700205835
1.030347700205835
1.030347700205835
1.030347700205835
1.030347700205835
1.0278971644752648
1.0269320662032495
1.0269320662032495
1.0269320662032495
1.0287697338163633
1.0287697338163633
1.0287697338163633
1.0287697338163633
1.0287697338163633
1.0287697338163633
1.0287697338163633
1.0288584433110575
1.028809431265964
1.0262729066840521
1.0263051173569744
1.0263051173569744
1.0283560502032785
1.0263901624713232
1.0263901624713232
1.0281236733847545
1.0271042732187856
1.026889653964931
1.0277892639076938
1.0277892639076938
1.0277892639076938
1.0288978890674942
1.0288978890674942
1.0289528106498111
1.0289528106498111
1.0289528106498111
1.0289528106498111
1.0279180372176824
1.0296186931722568
1.0296186931722568
1.0301683709030096
1.0301683709030096
1.0301683709030096
1.0301683709030096
1.0301683709030096
1.0301683709030096
1.0276536782526104
1.0276536782526104
1.0276536782526104
1.0276536782526104
1.0276536782526104
1.0275102330917827
1.0275102330917827
1.0271869997443623
1.0280775183049997
1.02617116174335
1.02617116174335
1.0266025184641852
1.0266334213733723
1.0266334213733723
1.0266334213733723
1.0266334213733723
1.0266334213733723
1.0266334213733723
1.0266334213733723
1.0266334213733723
1.025706986563293
1.025706986563293
1.025706986563293
1.0266443441599853
1.0262025793713285
1.0262025793713285
1.0262025793713285
1.0247005677542045
1.0254144666288196
1.0254144666288196
1.0246308809573619
1.0253308858472825
1.0253308858472825
1.0253308858472825
1.0253308858472825
1.0275079742864288
1.0275079742864288
1.0275079742864288
1.023933647039519
1.023933647039519
1.0261455079051869
1.0261455079051869
1.0271333509137537
1.0271333509137537
1.0258474964510498
1.0258474964510498
1.0266915470025515
1.0266915470025515
1.0263388886241134
1.027037957590163
1.027037957590163
1.0245768632893577
1.026374950556042
1.026374950556042
1.026374950556042
1.026374950556042
1.026374950556042
1.026374950556042
1.0279166238439807
1.0263767569941102
1.0269342177428635
1.0269342177428635
1.0269342177428635
1.0269342177428635
1.0269342177428635
1.0258209082594376
1.0258209082594376
1.0258209082594376
1.0290786314933489
1.0290786314933489
1.0290786314933489
1.0290786314933489
1.030232269453063
1.030232269453063
1.030232269453063
1.029593986839197
1.029593986839197
1.028228692249235
1.028228692249235
1.028228692249235
1.028228692249235
1.028228692249235
1.028228692249235
1.0271846075044073
1.0271846075044073
1.0284896666385444
1.028415385573039
1.028415385573039
1.0265824166936823
1.0265824166936823
1.0265824166936823
1.0257817232717663
1.0257817232717663
1.0257817232717663
1.0250725666249882
1.0250725666249882
1.0239244539803944
1.0253171587196095
1.0253171587196095
1.025790968023528
1.026673741973647
1.026673741973647
1.0264153214149434
1.0241428445490024
1.0241428445490024
1.0241428445490024
1.0241428445490024
1.0254731064286462
1.0254731064286462
1.0254731064286462
1.025834043620385
1.025834043620385
1.02695778256989
1.02695778256989
1.0277250188843587
1.0277250188843587
1.0277250188843587
1.0277250188843587
1.0277250188843587
1.0277250188843587
1.0277250188843587
1.0269264908578324
1.0269264908578324
1.0269264908578324
1.0269264908578324
1.0269264908578324
1.0273332117383296
1.0273332117383296
1.0273332117383296
1.0273332117383296
1.0273332117383296
1.0298309960081977
1.0298309960081977
1.031003496913507
1.031003496913507
1.030642114783854
1.030642114783854
1.030642114783854
1.0316813601602162
1.0316813601602162
1.0316813601602162
1.0316813601602162
1.0316813601602162
1.0330292199593647
1.0330292199593647
1.03283107344913
1.03283107344913
1.03283107344913
1.0321215855265444
1.0314152306775866
1.0314152306775866
1.0314152306775866
1.0309493245283332
1.0309493245283332
1.030078485661268
1.030078485661268
1.0270683576446706
1.0270683576446706
1.0270683576446706
1.0267385852007742
1.0267385852007742
1.0267385852007742
1.0267385852007742
1.0267385852007742
1.0267385852007742
1.0262936242553258
1.0247016473185986
1.025346874805689
1.025346874805689
1.025346874805689
1.026128889462197
1.0279207244894455
1.0279207244894455
1.03236569162861
1.0314771171848531
1.0314771171848531
1.0309750988456277
1.030628155009436
1.030628155009436
1.0298812763042373
1.0298812763042373
1.0298812763042373
1.0298812763042373
1.027447316977487
1.027447316977487
1.027447316977487
1.027447316977487
1.0292410958020097
1.0292410958020097
1.0298194190103813
1.0298194190103813
1.0302436844987917
1.0303221094252144
1.0303221094252144
1.0303221094252144
1.0303221094252144
1.0303221094252144
1.0303221094252144
1.0303221094252144
1.0303221094252144
1.0303221094252144
1.0281956068098335
1.0281956068098335
1.0282261524661742
1.0277657839851095
1.0277657839851095
1.0288131887222287
1.0285208182449035
1.0285208182449035
1.0285208182449035
1.0285208182449035
1.0300608649669343
1.0312607162146132
1.0312607162146132
1.0305903695699508
1.0305903695699508
1.0305903695699508
1.0305903695699508
1.0296140083390635
1.0296140083390635
1.0288496660958295
1.0288496660958295
1.0288496660958295
1.0288496660958295
1.0288496660958295
1.0288496660958295
1.0288496660958295
1.0292822248243438
1.0292822248243438
1.0292822248243438
1.0292822248243438
1.0292822248243438
1.0291223271396859
1.0291223271396859
1.0291223271396859
1.0301600273693898
1.0301600273693898
1.0312962403510906
1.0298718827014457
1.032886213900658
1.032886213900658
1.032886213900658
1.032886213900658
1.0306849315756883
1.029676329667187
1.0290452442286515
1.0272240316074703
1.0272240316074703
1.0272240316074703
1.029019751816936
1.029019751816936
1.029019751816936
1.029019751816936
1.0270916318387864
1.0270916318387864
1.0264035559893956
1.0264035559893956
1.0297539063926464
1.0286439032678136
1.0306942342929042
1.0306942342929042
1.0306942342929042
1.031583888029569
1.031583888029569
1.031583888029569
1.0328088867213998
1.0318431252565554
1.032981561684391
1.032981561684391
1.0320291219592028
1.028944661197151
1.0299350663312608
1.0299350663312608
1.0299350663312608
1.0299350663312608
1.0299350663312608
1.0299350663312608
1.0291308154094674
1.0291308154094674
1.0291308154094674
1.0291308154094674
1.0291308154094674
1.0291308154094674
1.0291308154094674
1.0291308154094674
1.0276290212879653
1.0276290212879653
1.0276290212879653
1.030103870098697
1.030103870098697
1.030103870098697
1.030103870098697
1.030103870098697
1.030103870098697
1.030103870098697
1.030103870098697
1.030103870098697
1.0309104166983711
1.0311999050210183
1.0311999050210183
1.027946047373507
1.0296409954804895
1.0296409954804895
1.0307585762746962
1.0307585762746962
1.0301257463464188
1.0269400251542293
1.0269400251542293
1.0269400251542293
1.0269400251542293
1.0280722686697483
1.0280722686697483
1.0280722686697483
1.0280722686697483
1.0280722686697483
1.0280722686697483
1.0280722686697483
1.0280722686697483
1.0266129673721502
1.0259954578906019
1.029647055760651
1.029647055760651
1.029647055760651
1.029647055760651
1.0285820578044438
1.0306265924705968
1.0306265924705968
1.0328492986782551
1.0325236889535232
1.0316305565367252
1.029100734996523
1.0325446248748473
1.0325446248748473
1.0325446248748473
1.033301378384179
1.033301378384179
1.033301378384179
1.033301378384179
1.033301378384179
1.0343261394792593
1.0327911416112783
1.0327911416112783
1.0327911416112783
1.033793968120656
1.0326912372266959
1.0326912372266959
1.0313919464154118
1.029372822024275
1.029372822024275
1.029372822024275
1.029372822024275
1.029372822024275
1.027375086196534
1.0260834067858222
1.0260834067858222
1.0260834067858222
1.0263480872847455
1.0279114615270593
1.0279114615270593
1.0279114615270593
1.0279114615270593
1.028698160426298
1.0283685795566018
1.0283685795566018
1.0283685795566018
1.0283685795566018
1.0283685795566018
1.0283685795566018
1.0283685795566018
1.0283685795566018
1.0266753458282858
1.0266753458282858
1.0266753458282858
1.0266753458282858
1.0266753458282858
1.0265985685439014
1.0265985685439014
1.0275860282963198
1.0265147906245096
1.0265147906245096
1.0265147906245096
1.0256943737468032
1.0256943737468032
1.0256943737468032
1.0256943737468032
1.0256943737468032
1.0256943737468032
1.0270393706597174
1.0282804604397358
1.0282804604397358
1.0282804604397358
1.0286614910070095
1.0286614910070095
1.0268543915305668
1.0268543915305668
1.0257362564465675
1.0258768864164278
1.0258768864164278
1.0258768864164278
1.0258768864164278
1.0258768864164278
1.0263833039921166
1.0268250129236587
1.024863838540871
1.0252131232275954
1.0247446154968018
1.0247446154968018
1.0247446154968018
1.0247446154968018
1.0247446154968018
1.0255549373655795
1.0255549373655795
1.0255549373655795
1.0255549373655795
1.0255549373655795
1.0255549373655795
1.0255549373655795
1.0255549373655795
1.0255549373655795
1.028246929973712
1.028246929973712
1.028246929973712
1.027525398063169
1.027525398063169
1.027525398063169
1.027525398063169
1.027525398063169
1.027525398063169
1.027525398063169
1.0274632917310957
1.0274632917310957
1.0274632917310957
1.0274632917310957
1.0274632917310957
1.0287745219619768
1.0317014363061288
1.0317014363061288
1.0317014363061288
1.0317014363061288
1.032932132218703
1.0295721464240801
1.0295721464240801
1.0314922714976729
1.033257209295321
1.033257209295321
1.033257209295321
1.0295605285364464
1.0295605285364464
1.0295605285364464
1.029353549070741
1.029353549070741
1.029353549070741
1.029988047295367
1.029988047295367
1.029988047295367
1.029988047295367
1.029988047295367
1.029988047295367
1.029988047295367
1.0267995329803634
1.0264410020802495
1.02819505066519
1.02819505066519
1.02819505066519
1.0262286507375407
1.0262286507375407
1.0272182425866425
1.0260212257783168
1.0260212257783168
1.0260212257783168
1.0260212257783168
1.027030679157696
1.0295087158546499
1.0295087158546499
1.0302238166743778
1.0302238166743778
1.0302238166743778
1.0302238166743778
1.0302238166743778
1.0290712248173293
1.0290712248173293
1.0271556958684265
1.0271556958684265
1.0271556958684265
1.0271556958684265
1.0271556958684265
1.0271556958684265
1.0271556958684265
1.0264265341482945
1.0264265341482945
1.0264265341482945
1.0264265341482945
1.0281178727031741
1.0285198158680084
1.0273153549686562
1.0274012036850986
1.0293305391082441
1.0293305391082441
1.0309743818953025
1.0293297187248092
1.0293297187248092
1.0291860915818745
1.0291860915818745
1.0275090980723214
1.0275090980723214
1.028316507393707
1.028316507393707
1.0297658436229817
1.0297658436229817
1.027202736441645
1.027202736441645
1.027202736441645
1.0288579604017691
1.0288579604017691
1.0288579604017691
1.0288579604017691
1.0288579604017691
1.028556452299895
1.0289268870459456
1.0289268870459456
1.0285675652785327
1.0285675652785327
1.0285675652785327
1.0285675652785327
1.0285987749838876
1.0285987749838876
1.0285987749838876
1.0285987749838876
1.0283310044782183
1.02839086211033
1.0284536609653052
1.0273455918536074
1.0273455918536074
1.027325291421384
1.027325291421384
1.0276782037818062
1.0276782037818062
1.0276782037818062
1.0287502187982118
1.0287502187982118
1.0281005885906433
1.0281005885906433
1.0281005885906433
1.0281005885906433
1.0281005885906433
1.0267630486370587
1.0267630486370587
1.0267630486370587
1.0267630486370587
1.0252869935433746
1.0252869935433746
1.0252869935433746
1.0252869935433746
1.0252869935433746
1.0283015656457517
1.0299064011160277
1.0299064011160277
1.026619962519663
1.026619962519663
1.026619962519663
1.026619962519663
1.026619962519663
1.026619962519663
1.0278982490591126
1.027103107538318
1.0272977150389773
1.0272977150389773
1.0272977150389773
1.0272977150389773
1.0272537351618796
1.0272537351618796
1.0272487703953779
1.0274183484368813
1.0235573995762437
1.0235573995762437
1.021900821102988
1.021900821102988
1.021900821102988
1.020272712745665
1.020272712745665
1.0193844912306653
1.0193844912306653
1.0238728493596694
1.0238728493596694
1.0238728493596694
1.0238728493596694
1.0253758470544905
1.0248588896908062
1.0250647960107222
1.0253501314848577
1.0269695425400325
1.0269695425400325
1.0269695425400325
1.0269695425400325
1.025454512005035
1.025454512005035
1.027940832353234
1.027940832353234
1.0288159009222548
1.0308988748541112
1.0308988748541112
1.0291554378731633
1.0291554378731633
1.0291554378731633
1.0291554378731633
1.0291554378731633
1.0291554378731633
1.0291554378731633
1.0291554378731633
1.0291554378731633
1.0291554378731633
1.0291554378731633
1.0291554378731633
1.0274266170016757
1.0274266170016757
1.0274266170016757
1.027628000040538
1.027628000040538
1.027628000040538
1.0322710750682014
1.0289858387189996
1.0289858387189996
1.0289858387189996
1.0289858387189996
1.0278031143158994
1.0278031143158994
1.0278963203435039
1.0285576226593391
1.0285576226593391
1.0285576226593391
1.0301615569063434
1.0302547495340983
1.0302547495340983
1.0302547495340983
1.0302547495340983
1.0285015759599732
1.0285015759599732
1.0285015759599732
1.0285015759599732
1.029142045888809
1.029142045888809
1.029142045888809
1.029142045888809
1.029142045888809
1.029142045888809
1.029142045888809
1.0267483595324067
1.027137145843907
1.029471544950904
1.0298789248010438
1.0298789248010438
1.0298789248010438
1.0289951647358009
1.0289951647358009
1.0289951647358009
1.0289951647358009
1.0289951647358009
1.028124932292967
1.028521936267291
1.028521936267291
1.0267435310875195
1.0267435310875195
1.0260589027491231
1.0280285508291707
1.0280285508291707
1.0282243588292748
1.0282243588292748
1.0282243588292748
1.0293747301614344
1.02991709381894
1.02991709381894
1.031186577624308
1.031186577624308
1.031186577624308
1.031186577624308
1.031186577624308
1.034804600783167
1.034116138611523
1.0333154612868398
1.0333154612868398
1.0333154612868398
1.0310910785099898
1.0310910785099898
1.0310910785099898
1.0310910785099898
1.0310910785099898
1.0326405056536252
1.0313863800198255
1.0342128220982763
1.0349192917283203
1.0349192917283203
1.0352259999095959
1.0347144812769538
1.0345114974742617
1.0345114974742617
1.0333454261897475
1.0333454261897475
1.0321193439307137
1.0313935863721406
1.0313028432520468
1.0313028432520468
1.0313028432520468
1.0315362706501945
1.0315362706501945
1.0315362706501945
1.0315362706501945
1.0315362706501945
1.0315362706501945
1.0285450340540465
1.0285450340540465
1.0285450340540465
1.0279221959178686
1.0288216484998125
1.0317028899470633
1.0317028899470633
1.0317028899470633
1.031290824272613
1.0291618625195778
1.0318331610036435
1.029173647511564
1.029173647511564
1.029173647511564
1.029173647511564
1.0307009892929122
1.031196196181794
1.030347240296185
1.030347240296185
1.0288541858083833
1.0288541858083833
1.0279023704727024
1.0279023704727024
1.0279023704727024
1.0279023704727024
1.0279023704727024
1.0288991924591635
1.0298614509599122
1.0298614509599122
1.0298614509599122
1.0298614509599122
1.0298614509599122
1.0298614509599122
1.0323976934773405
1.0323976934773405
1.0323976934773405
1.032982704295185
1.0358980286886168
1.0358980286886168
1.0343771194243019
1.0343771194243019
1.0343771194243019
1.0333057553683764
1.0299057253141284
1.0283814828098594
1.0283814828098594
1.0283814828098594
1.0283814828098594
1.026275932583705
1.026275932583705
1.026275932583705
1.026275932583705
1.026275932583705
1.026275932583705
1.0266599114059156
1.0266599114059156
1.0234548362218256
1.0249393169674155
1.0237801616685298
1.0237801616685298
1.0237801616685298
1.0213003238915048
1.0213003238915048
1.0208029522649646
1.0208029522649646
1.0208029522649646
1.0208029522649646
1.0208029522649646
1.0208029522649646
1.0208029522649646
1.0208029522649646
1.0201013071581688
1.0200224334309687
1.0208790983876608
1.0208790983876608
1.0203541710906496
1.0203541710906496
1.0207577241797907
1.0174177437274032
1.0174177437274032
1.0174177437274032
1.0174177437274032
1.0187799710446805
1.0200364157967665
1.0226136777460397
1.0226136777460397
1.0232751827028719
1.0232751827028719
1.0226169191887011
1.0265351172426649
1.0283258259615105
1.0283258259615105
1.0283258259615105
1.0263420472008575
1.025361060638133
1.025361060638133
1.0243718313152375
1.0254563779648727
1.0254563779648727
1.0233901342874878
1.0233901342874878
1.023525033847151
1.0240600254043841
1.0240600254043841
1.0240600254043841
1.0257996728680576
1.0257996728680576
1.0257996728680576
1.0257996728680576
1.0267698135725352
1.0261238995247068
1.0259840586149247
1.0259840586149247
1.0260646565635554
1.0260646565635554
1.0260646565635554
1.0260646565635554
1.0254086948251804
1.0254086948251804
1.0254086948251804
1.027988044111385
1.0289338138514106
1.0289338138514106
1.0289338138514106
1.0289338138514106
1.0289338138514106
1.028896990844262
1.028896990844262
1.028560126283586
1.028560126283586
1.028560126283586
1.028560126283586
1.028560126283586
1.028560126283586
1.028560126283586
1.0275684523967699
1.0263017884610242
1.0263017884610242
1.0253528793465871
1.0244114595616933
1.023681936222973
1.023681936222973
1.0229778246700592
1.0248446789855508
1.0248446789855508
1.0248446789855508
1.0248863319204926
1.0248863319204926
1.0248863319204926
1.0242424710955311
1.0250811230291699
1.0250811230291699
1.0250811230291699
1.0250811230291699
1.0250811230291699
1.025652122058207
1.025652122058207
1.025652122058207
1.0253843012292414
1.0253843012292414
1.0253843012292414
1.0273821651026989
1.0273821651026989
1.0273821651026989
1.0273821651026989
1.0257921157689258
1.0263419039082846
1.026598504426216
1.026598504426216
1.0270564667044966
1.0270564667044966
1.0270564667044966
1.026999394695374
1.0265888406831778
1.0265888406831778
1.0265888406831778
1.0265888406831778
1.0265888406831778
1.0265800717582942
1.0262771406320237
1.027216040811995
1.0273774389761745
1.0273774389761745
1.0273774389761745
1.0273774389761745
1.0273774389761745
1.0273774389761745
1.0249621186810445
1.0249621186810445
1.027812454303
1.027812454303
1.027812454303
1.027812454303
1.027812454303
1.0309321205524042
1.0304474868091515
1.0304474868091515
1.0304474868091515
1.0321599952027016
1.0321599952027016
1.0321599952027016
1.0326396594683591
1.0326396594683591
1.0326396594683591
1.0326396594683591
1.0309142502875877
1.0309142502875877
1.0309142502875877
1.0309142502875877
1.0309142502875877
1.0319610807004644
1.0319610807004644
1.0319610807004644
1.0319610807004644
1.0319610807004644
1.0319610807004644
1.0319610807004644
1.0319610807004644
1.0319610807004644
1.0319610807004644
1.0319610807004644
1.0319610807004644
1.0316024306286422
1.0316024306286422
1.0316024306286422
1.0316024306286422
1.0316024306286422
1.0316024306286422
1.0318785712929917
1.0318785712929917
1.032517829519461
1.032517829519461
1.032517829519461
1.032517829519461
1.032517829519461
1.032517829519461
1.0320457609515212
1.0319792069273246
1.0319792069273246
1.0319792069273246
1.0319792069273246
1.0316937365919294
1.0316937365919294
1.0316937365919294
1.028052891937047
1.028052891937047
1.028052891937047
1.028052891937047
1.029734013943782
1.0278712757836264
1.0271543057381403
1.0271543057381403
1.0271543057381403
1.025685760585781
1.025685760585781
1.0236940321541226
1.0260150583950722
1.0260150583950722
1.0260150583950722
1.0260150583950722
1.0258352497462737
1.0258352497462737
1.0258352497462737
1.0258352497462737
1.0259638889555578
1.0262696014996997
1.0272376660803268
1.0272376660803268
1.0272376660803268
1.030547596461645
1.030547596461645
1.030547596461645
1.030547596461645
1.0303028497017792
1.030759321331818
1.030759321331818
1.030759321331818
1.030759321331818
1.0305157078059375
1.0305157078059375
1.030974270306005
1.030974270306005
1.031364240601512
1.031364240601512
1.0303970283293689
1.029057942585803
1.029057942585803
1.029057942585803
1.0304171604958452
1.0304171604958452
1.0317803881106435
1.0317803881106435
1.0311453944848985
1.0311453944848985
1.0316093235472128
1.0316093235472128
1.0316093235472128
1.0316093235472128
1.0316093235472128
1.0293855147180218
1.028953542705182
1.028953542705182
1.028953542705182
1.028953542705182
1.0264553100425848
1.0264553100425848
1.0240576219768192
1.0240576219768192
1.023026936898008
1.023026936898008
1.023026936898008
1.023026936898008
1.0230034915017052
1.0232318811003922
1.0232318811003922
1.0232318811003922
1.0259993382529762
1.0259993382529762
1.0259993382529762
1.0259993382529762
1.027297383604342
1.027297383604342
1.027297383604342
1.027297383604342
1.027297383604342
1.0265324414515566
1.0265324414515566
1.0265324414515566
1.0265324414515566
1.0266673274147797
1.0266673274147797
1.0266673274147797
1.0272257554659654
1.0275905007408177
1.0260415376064873
1.0252334837843715
1.0246664884651948
1.0246664884651948
1.0246664884651948
1.0246664884651948
1.0267817699252189
1.0267817699252189
1.0267817699252189
1.0267817699252189
1.0268237050333355
1.0268237050333355
1.0268237050333355
1.026595258211924
1.0306029621936919
1.0303031989393212
1.030658438607988
1.0306536080067192
1.0306536080067192
1.0306536080067192
1.031682028703545
1.031682028703545
1.0311855481933823
1.0311855481933823
1.0311855481933823
1.0295574681435857
1.0298507244204165
1.0298507244204165
1.0298507244204165
1.0297409646787465
1.0297409646787465
1.0297409646787465
1.0310347685110874
1.0310347685110874
1.0310347685110874
1.0310347685110874
1.0294071115237475
1.0303801093048204
1.028639381730746
1.0274239051682639
1.0274239051682639
1.026235471409184
1.026235471409184
1.0267624057439546
1.0267624057439546
1.024404241215662
1.024404241215662
1.0278149422377665
1.0278149422377665
1.0278149422377665
1.0278149422377665
1.0278350066534088
1.0278350066534088
1.0278350066534088
1.0278350066534088
1.0278350066534088
1.0278350066534088
1.0274677645173842
1.0274677645173842
1.0287229068142842
1.0287979524134299
1.0240279150525387
1.0250686633159165
1.0250686633159165
1.0250686633159165
1.0250686633159165
1.0250686633159165
1.0250686633159165
1.0250686633159165
1.0250686633159165
1.0268640160323272
1.0295940005305562
1.0295940005305562
1.0295940005305562
1.0295940005305562
1.0295940005305562
1.0295940005305562
1.0299594519143835
1.0299594519143835
1.0299594519143835
1.0299594519143835
1.0299594519143835
1.0299594519143835
1.0294138996866888
1.0294138996866888
1.0324733485620914
1.0324733485620914
1.0324733485620914
1.0324733485620914
1.0324733485620914
1.0324733485620914
1.0320583475963523
1.0320583475963523
1.0291325397924689
1.0291325397924689
1.0291325397924689
1.0292974612881436
1.0292974612881436
1.0292974612881436
1.0292974612881436
1.028549676437042
1.028549676437042
1.028549676437042
1.028549676437042
1.028549676437042
1.028549676437042
1.028549676437042
1.028549676437042
1.028549676437042
1.028549676437042
1.0285384621114892
1.0268588686606617
1.0264102241579212
1.0264087322502438
1.0264087322502438
1.0264087322502438
1.0264087322502438
1.0283964099899197
1.0283964099899197
1.0283964099899197
1.0294471365260267
1.031997952452124
1.031997952452124
1.0320209370481916
1.0320209370481916
1.029048876771017
1.029048876771017
1.029048876771017
1.029048876771017
1.029048876771017
1.029048876771017
1.0292661859910157
1.0292661859910157
1.0292661859910157
1.0292661859910157
1.0292661859910157
1.0292661859910157
1.0279249844647946
1.0279249844647946
1.02741143617679
1.0278011736055288
1.0278011736055288
1.0268055753964416
1.0268055753964416
1.02881990630114
1.02881990630114
1.0313949205055721
1.0313949205055721
1.0313949205055721
1.0313949205055721
1.0311238881896623
1.0325155148254697
1.0325155148254697
1.033075970583654
1.033075970583654
1.033075970583654
1.0327166083378323
1.0327166083378323
1.0322888274166575
1.0308282976426264
1.0308282976426264
1.0308282976426264
1.032205699102281
1.032205699102281
1.032205699102281
1.032205699102281
1.032205699102281
1.032205699102281
1.0315669350962378
1.0314407795179605
1.0314407795179605
1.0330891676613778
1.0330891676613778
1.0318286819143523
1.0328632432293423
1.0328632432293423
1.0328632432293423
1.0328632432293423
1.0328632432293423
1.0328632432293423
1.0318568042484781
1.0328044398952816
1.0328044398952816
1.0328044398952816
1.0328044398952816
1.0333109943638008
1.0333109943638008
1.0357441495478128
1.0357441495478128
1.0357441495478128
1.0334725977822408
1.0329509315248466
1.0329509315248466
1.0329509315248466
1.0329509315248466
1.0335330161815734
1.032330803011853
1.0306532127858066
1.0306532127858066
1.0330744395340652
1.0330744395340652
1.0330744395340652
1.0330744395340652
1.0350665208229253
1.0353587492482572
1.0353587492482572
1.0325630155705596
1.0325630155705596
1.0336518408543935
1.0336518408543935
1.0336518408543935
1.0336518408543935
1.0315698862082743
1.0315698862082743
1.0315698862082743
1.0315698862082743
1.0315698862082743
1.0315698862082743
1.0341648982263099
1.0334752013737747
1.032838869070768
1.032838869070768
1.032838869070768
1.032838869070768
1.0301433505445714
1.03037482372785
1.03037482372785
1.03037482372785
1.03037482372785
1.0292605974739988
1.0292605974739988
1.0292605974739988
1.0292605974739988
1.0292605974739988
1.029243921371529
1.0299419308197741
1.0299419308197741
1.0299419308197741
1.031237340080937
1.031237340080937
1.032034356716716
1.032034356716716
1.032034356716716
1.032034356716716
1.032034356716716
1.0321834212333025
1.0321834212333025
1.0310811047477395
1.027179221539264
1.0273666705606521
1.0259949494482221
1.0259949494482221
1.0259949494482221
1.0289028698295855
1.0267764765948226
1.0267764765948226
1.0267764765948226
1.0267764765948226
1.0270938401372056
1.0270938401372056
1.026236205831615
1.026236205831615
1.026236205831615
1.025075767971615
1.025075767971615
1.025075767971615
1.025075767971615
1.0228099680720584
1.0228099680720584
1.0228099680720584
1.0228099680720584
1.0228099680720584
1.0228099680720584
1.0234610655868748
1.0234895852717927
1.0234895852717927
1.0234895852717927
1.0256981581917348
1.025357634889673
1.0244781937082121
1.0244781937082121
1.0244781937082121
1.026717034237405
1.026717034237405
1.026717034237405
1.026717034237405
1.026717034237405
1.026717034237405
1.0288445508849084
1.027683849011072
1.027683849011072
1.0264333351047594
1.0264333351047594
1.0264333351047594
1.0260857048431524
1.0260857048431524
1.0272283320955933
1.0272283320955933
1.0272283320955933
1.02762209526045
1.02762209526045
1.0272601389839118
1.0272601389839118
1.0272601389839118
1.0282259472137978
1.0282259472137978
1.0282283973439443
1.0282283973439443
1.0282283973439443
1.0282283973439443
1.0282283973439443
1.0282283973439443
1.0282283973439443
1.0282283973439443
1.0282283973439443
1.0282283973439443
1.0282283973439443
1.0301966460187524
1.0301966460187524
1.0280821841932122
1.0280821841932122
1.03008921788941
1.03008921788941
1.03008921788941
1.03008921788941
1.0295524101722189
1.0295524101722189
1.0295524101722189
1.0295524101722189
1.0295524101722189
1.0300111311968687
1.0300111311968687
1.0300111311968687
1.0300111311968687
1.0300111311968687
1.0300111311968687
1.0283326334031413
1.0283326334031413
1.0283326334031413
1.0283326334031413
1.02832948968278
1.02832948968278
1.0269849898788663
1.0276251032463415
1.0276251032463415
1.0299966513304
1.0299966513304
1.0307202012103203
1.0307202012103203
1.0307202012103203
1.03147183866001
1.0295983750604407
1.0277444390270165
1.0277444390270165
1.0277444390270165
1.0276279684640977
1.0276279684640977
1.0276279684640977
1.0285253096207463
1.0302272904802265
1.0302272904802265
1.0322293224630419
1.0322293224630419
1.0322293224630419
1.0327677282798275
1.0327677282798275
1.0318311259616457
1.032750540127567
1.032750540127567
1.031094188596815
1.031094188596815
1.031094188596815
1.031094188596815
1.031094188596815
1.031094188596815
1.030812570181934
1.030812570181934
1.0304192956829166
1.0304192956829166
1.0304192956829166
1.031631202556639
1.031631202556639
1.031631202556639
1.03131085892625
1.031372981075591
1.0325576818937374
1.0325576818937374
1.0325576818937374
1.0318656572444704
1.0292924149004037
1.0295747618431987
1.0295747618431987
1.0295747618431987
1.0295747618431987
1.0295747618431987
1.0295747618431987
1.0295747618431987
1.0276628526716511
1.0276197722227745
1.0276197722227745
1.0273217263890246
1.0273217263890246
1.0273217263890246
1.0273217263890246
1.0286233429312184
1.0286233429312184
1.0286233429312184
1.0286233429312184
1.0286233429312184
1.0286233429312184
1.0286233429312184
1.0286233429312184
1.0283994854762961
1.0264627164439895
1.0264627164439895
1.024623770985096
1.024738209966815
1.0255711280220883
