1.0214625934629353
1.0214625934629353
1.0214625934629353
1.0214625934629353
1.0214625934629353
1.0214625934629353
1.0214625934629353
1.0214625934629353
1.0214625934629353
1.0214625934629353
1.0214625934629353
1.0214625934629353
1.0214625934629353
1.0214625934629353
1.0214625934629353
1.0214625934629353
1.0214625934629353
1.0214625934629353
1.0214625934629353
1.0214625934629353
1.0214625934629353
1.0214625934629353
1.0214625934629353
1.0214625934629353
1.0214625934629353
1.0214625934629353
1.0214625934629353
1.0214625934629353
1.0214625934629353
1.0214625934629353
1.0214625934629353
1.0214625934629353
1.0214625934629353
1.0214625934629353
1.0214625934629353
1.0214625934629353
1.0214625934629353
1.0214625934629353
1.0214625934629353
1.0214625934629353
1.0214625934629353
1.0214625934629353
1.0214625934629353
1.0214625934629353
1.0214625934629353
1.0214625934629353
1.0214625934629353
1.0214625934629353
1.0214625934629353
1.0214625934629353
1.0214625934629353
1.0214625934629353
1.0214625934629353
1.0214625934629353
1.0214625934629353
1.0214625934629353
1.0214625934629353
1.0214625934629353
1.0214625934629353
1.0214625934629353
1.0214625934629353
1.0214625934629353
1.0214625934629353
1.0214625934629353
1.0214625934629353
1.0214625934629353
1.0214625934629353
1.0214625934629353
1.0214625934629353
1.0214625934629353
1.0214625934629353
1.0214625934629353
1.0214625934629353
1.0214625934629353
1.0214625934629353
1.0214625934629353
1.0214625934629353
1.0214625934629353
1.0214625934629353
1.0214625934629353
1.0214625934629353
1.0214625934629353
1.0214625934629353
1.0214625934629353
1.0214625934629353
1.0214625934629353
1.0214625934629353
1.0214625934629353
1.0214625934629353
1.0214625934629353
1.0214625934629353
1.0214625934629353
1.0214625934629353
1.0214625934629353
1.0214625934629353
1.0214625934629353
1.0214625934629353
1.0214625934629353
1.0214625934629353
1.0223484357837622
1.0223484357837622
1.0240104270845574
1.0249263185383182
1.0249263185383182
1.0249263185383182
1.0249263185383182
1.0254300343073592
1.0254300343073592
1.0254300343073592
1.024304891528214
1.0244855251610139
1.0253405467973835
1.0253405467973835
1.0263104557350786
1.0263104557350786
1.0263104557350786
1.0248058733135832
1.0247049199467761
1.0247049199467761
1.0247049199467761
1.0253292932208664
1.0253292932208664
1.0253292932208664
1.0253292932208664
1.023942771479531
1.026453484308949
1.026453484308949
1.0262213992246139
1.0262213992246139
1.0262213992246139
1.0267197846736515
1.0267197846736515
1.0267197846736515
1.0271297274465139
1.0267015804058517
1.0267015804058517
1.0301561246663062
1.0301561246663062
1.0301561246663062
1.0303141339852921
1.0303141339852921
1.0303141339852921
1.0303765118660415
1.0303765118660415
1.0303765118660415
1.0305059011499098
1.0316389228330485
1.031217019800554
1.031217019800554
1.0305758905743592
1.030381219460055
1.030381219460055
1.0307668332069766
1.0307668332069766
1.0307668332069766
1.0295040759889402
1.0295040759889402
1.0279295998042601
1.0276893574311843
1.0276893574311843
1.0278739822310214
1.0278739822310214
1.0278739822310214
1.0305675775332073
1.030482314438137
1.030482314438137
1.030482314438137
1.02855649744379
1.02855649744379
1.032957035289118
1.032957035289118
1.0317255984166678
1.0302623985973707
1.0300107510621426
1.0308465358682302
1.0308465358682302
1.0304672926798497
1.0304672926798497
1.0348012318720556
1.0348012318720556
1.0348012318720556
1.0346959802608122
1.0346959802608122
1.0346959802608122
1.0353340690222923
1.0346930462524981
1.0314669457769254
1.0311409497197594
1.0311409497197594
1.0311409497197594
1.0311409497197594
1.0311247135214192
1.0311247135214192
1.0311247135214192
1.0309114530087709
1.0299454115811704
1.0299454115811704
1.0299454115811704
1.0289451103157006
1.0292553174334533
1.0292553174334533
1.0298790067091217
1.0317185719006254
1.0299117586869153
1.02981947380174
1.02981947380174
1.032243446222128
1.0327503780342229
1.0327503780342229
1.0327503780342229
1.0330306881057478
1.0330306881057478
1.0350120425031162
1.034348450428335
1.0322610195347206
1.0322610195347206
1.0318475016411905
1.0318475016411905
1.0323514652404884
1.0323514652404884
1.0323514652404884
1.0323645675386608
1.0323645675386608
1.0323645675386608
1.0323645675386608
1.0323645675386608
1.0323645675386608
1.0323645675386608
1.0329217818228413
1.0336676978316175
1.0336676978316175
1.0336676978316175
1.0336676978316175
1.0336676978316175
1.0339673660947861
1.0334291032159586
1.0315966714657698
1.0279869381565643
1.0279869381565643
1.0304497431179191
1.0325206696540354
1.0325206696540354
1.0325206696540354
1.0344849495616997
1.0336039787867952
1.0336039787867952
1.0342504286740763
1.0342504286740763
1.0342504286740763
1.0344304529057968
1.0344304529057968
1.0344304529057968
1.0344304529057968
1.0352916261857237
1.0334408290394002
1.0318896554435333
1.0318896554435333
1.0318896554435333
1.0348620792853624
1.0309697492326964
1.0308569830848442
1.0308569830848442
1.0308569830848442
1.030760538692228
1.030760538692228
1.031645973444413
1.031645973444413
1.0304398305622997
1.0309114667116503
1.0309114667116503
1.0309114667116503
1.0280971910356322
1.0280971910356322
1.0280971910356322
1.0291999976131987
1.0291999976131987
1.0291999976131987
1.0298120988694826
1.0291814715047451
1.0291814715047451
1.029833663369196
1.0265541267195133
1.0265541267195133
1.0265541267195133
1.0265541267195133
1.0265541267195133
1.0305011039577299
1.0288807057222427
1.0288807057222427
1.0297041769984565
1.0297041769984565
1.0302217077057878
1.0304185294735069
1.0305713331234805
1.0305713331234805
1.0305713331234805
1.0305713331234805
1.0305713331234805
1.0300857718855458
1.0300857718855458
1.0300857718855458
1.0305395435067
1.0305395435067
1.0305395435067
1.0318905388900315
1.0318905388900315
1.0329059340904811
1.0329059340904811
1.0329059340904811
1.0341344514427708
1.0311193035559565
1.0311193035559565
1.0311193035559565
1.03125729252709
1.03125729252709
1.03125729252709
1.03125729252709
1.0312953154480375
1.0312953154480375
1.0286733474870615
1.0286733474870615
1.0274887003005693
1.0274887003005693
1.027442812326062
1.027442812326062
1.0283103733028824
1.0283103733028824
1.0283103733028824
1.0283103733028824
1.0272104160398186
1.0272104160398186
1.0272104160398186
1.0272104160398186
1.0272104160398186
1.0276661811888543
1.0276661811888543
1.0276661811888543
1.0276661811888543
1.0276661811888543
1.0276661811888543
1.0276661811888543
1.0276661811888543
1.0294331035806414
1.0294331035806414
1.0294331035806414
1.0294331035806414
1.0309203125531923
1.0309203125531923
1.0295937511797033
1.0295937511797033
1.0287075849074319
1.0323516133183361
1.0323516133183361
1.0323516133183361
1.0323516133183361
1.0323516133183361
1.0323516133183361
1.0307397031710313
1.0307397031710313
1.030807787653801
1.0289759923821855
1.0288394965645151
1.0288199099674784
1.0288199099674784
1.0288199099674784
1.0288199099674784
1.0288199099674784
1.026805350363031
1.026805350363031
1.026805350363031
1.0269645453434146
1.028477589913993
1.028477589913993
1.0278721161321727
1.0278721161321727
1.0278721161321727
1.026859513813572
1.026859513813572
1.0275628985833951
1.0275628985833951
1.0275628985833951
1.0275628985833951
1.0277896846477432
1.0279714958188517
1.0297098522908974
1.0297098522908974
1.0295077184018528
1.0307211960526923
1.0307211960526923
1.0313095976277173
1.0320052032259235
1.0320052032259235
1.0320052032259235
1.0320052032259235
1.0320052032259235
1.0304932876288762
1.0304932876288762
1.0304932876288762
1.0304932876288762
1.0323912830434299
1.0323912830434299
1.0307545664961417
1.029729827368309
1.029729827368309
1.0260153663277598
1.0279484620453752
1.0279484620453752
1.0279484620453752
1.0270948310028503
1.0270948310028503
1.0266723004215292
1.0266723004215292
1.0286531590609371
1.0297714995255096
1.0297714995255096
1.0322602837343064
1.0322903111967265
1.03206933390831
1.031711008477763
1.031711008477763
1.031711008477763
1.0275984540325338
1.0284347843369233
1.0284347843369233
1.0284347843369233
1.0287106495271467
1.030145512596827
1.030145512596827
1.030145512596827
1.029907768322068
1.029907768322068
1.029907768322068
1.029907768322068
1.0298996037178494
1.0314840656873037
1.030631863805008
1.030631863805008
1.030631863805008
1.030631863805008
1.030631863805008
1.030631863805008
1.0300660465164782
1.0300660465164782
1.0300660465164782
1.029297678965413
1.0298054805897163
1.0298054805897163
1.0304480432436782
1.0304480432436782
1.0304480432436782
1.0304480432436782
1.0317444220942074
1.0295927687580173
1.0295927687580173
1.0295927687580173
1.0325907494498894
1.032359094396312
1.032359094396312
1.032359094396312
1.0329329447826388
1.0329329447826388
1.0369136079137626
1.0387767231636884
1.0387767231636884
1.0387767231636884
1.0387767231636884
1.0372131245827727
1.0372131245827727
1.0372131245827727
1.037480398482876
1.037480398482876
1.037480398482876
1.0357790884054443
1.0357790884054443
1.0357790884054443
1.0360293706214667
1.0360293706214667
1.0360293706214667
1.0360293706214667
1.0368871120352812
1.0368871120352812
1.0368871120352812
1.0368871120352812
1.0368871120352812
1.0368871120352812
1.0368871120352812
1.0368871120352812
1.0368871120352812
1.0368871120352812
1.0378139044748258
1.0386308044317327
1.0347320625871237
1.0356050318218093
1.0356050318218093
1.0356050318218093
1.0304698105053187
1.029586089876331
1.029586089876331
1.029586089876331
1.0310966902970615
1.0310966902970615
1.0288294281690606
1.0288294281690606
1.0311313446293346
1.030783338711594
1.030783338711594
1.030783338711594
1.030783338711594
1.030783338711594
1.030783338711594
1.030783338711594
1.028873685652146
1.028873685652146
1.0321860154175886
1.0321860154175886
1.0321860154175886
1.0318549799650938
1.0325805729060191
1.0325805729060191
1.0325805729060191
1.0325805729060191
1.0337252829007326
1.0337252829007326
1.0337252829007326
1.0337252829007326
1.034833597817643
1.034489390064805
1.0376027703871409
1.0376027703871409
1.0380134176195936
1.0395762683349503
1.0395762683349503
1.0380390804320356
1.042188853091966
1.042188853091966
1.0395122303464466
1.0395122303464466
1.0395122303464466
1.037603355314744
1.037603355314744
1.037944749173593
1.037944749173593
1.037944749173593
1.037944749173593
1.037944749173593
1.037944749173593
1.0362969239335396
1.0362969239335396
1.0362969239335396
1.0362969239335396
1.0362969239335396
1.036205886230885
1.036205886230885
1.0349291250414379
1.0349291250414379
1.0349291250414379
1.0375408700966535
1.0371757644005994
1.0370343594093667
1.0370343594093667
1.0370343594093667
1.0358466655446512
1.0358466655446512
1.0358466655446512
1.0358466655446512
1.0370358966542645
1.0370358966542645
1.0370358966542645
1.0369344571253254
1.0369344571253254
1.0369344571253254
1.0369344571253254
1.0369344571253254
1.0369344571253254
1.0369344571253254
1.0339386553999137
1.0339386553999137
1.032605296745361
1.035427580175219
1.0348455482642434
1.0348455482642434
1.0340053653941779
1.0340053653941779
1.0347051138170957
1.0347051138170957
1.0340078629871778
1.0340078629871778
1.0333592069434792
1.0333592069434792
1.0333592069434792
1.0333592069434792
1.0333592069434792
1.0337325019725927
1.0337325019725927
1.0350440098544498
1.03897852329667
1.0374137418746765
1.0409141897661913
1.0391960475519764
1.0391960475519764
1.0391960475519764
1.0391960475519764
1.0387805058051862
1.0362509244786753
1.0362509244786753
1.0362509244786753
1.0362509244786753
1.0362509244786753
1.0358223455266622
1.0351785119698171
1.0351785119698171
1.0351785119698171
1.0355289258416223
1.03490052709204
1.034412777989448
1.034412777989448
1.034412777989448
1.034412777989448
1.034412777989448
1.034412777989448
1.034161175910026
1.034213256106935
1.034213256106935
1.0339449369513474
1.0339449369513474
1.0339449369513474
1.0339449369513474
1.0339449369513474
1.0339449369513474
1.030413030827804
1.032282022837653
1.0324956717971825
1.0324956717971825
1.0324956717971825
1.0324956717971825
1.0324956717971825
1.0324956717971825
1.0350044766322546
1.0350044766322546
1.0350044766322546
1.0350044766322546
1.0356306545931053
1.0356306545931053
1.0335236698181678
1.0335236698181678
1.0335236698181678
1.0335236698181678
1.0352796817808108
1.0355369466196995
1.0352660454859435
1.0352660454859435
1.0352660454859435
1.0352660454859435
1.03527213433376
1.03527213433376
1.0326778548680071
1.0307185476917315
1.0307185476917315
1.0307185476917315
1.0307185476917315
1.0315839767511956
1.0310372111310941
1.0310372111310941
1.0326166870515718
1.0327219598908073
1.0327219598908073
1.0327219598908073
1.0327219598908073
1.0327219598908073
1.0327219598908073
1.0327219598908073
1.0327219598908073
1.0327219598908073
1.0327219598908073
1.0327219598908073
1.0327219598908073
1.031910796650809
1.031910796650809
1.031910796650809
1.0317694523785745
1.031805810184247
1.0328799273266127
1.0328799273266127
1.0328799273266127
1.032721502377972
1.0329135891659194
1.0329135891659194
1.0324103427886584
1.0324103427886584
1.0324103427886584
1.0324103427886584
1.0324103427886584
1.0340822671408747
1.0326970371453592
1.0326970371453592
1.034115431605508
1.0325956233717326
1.0325956233717326
1.0325956233717326
1.0325956233717326
1.0325956233717326
1.0326670707379586
1.0326670707379586
1.0326670707379586
1.0335986015165046
1.0378872877166454
1.0389566735820257
1.0383116346436019
1.0383116346436019
1.0383116346436019
1.0383116346436019
1.0366352672183559
1.0365898984746087
1.0365898984746087
1.0364537582799718
1.035980252790268
1.035980252790268
1.0361830087331263
1.0361830087331263
1.0361830087331263
1.0361830087331263
1.0361830087331263
1.0359689289016996
1.0359689289016996
1.0359689289016996
1.0359689289016996
1.0359689289016996
1.036125851225722
1.0367674964075755
1.0346786140289983
1.0354954413534254
1.0351733130366707
1.0351733130366707
1.0351733130366707
1.0344190327576226
1.033220096513962
1.0319320511795773
1.0319320511795773
1.0319320511795773
1.0319320511795773
1.0319320511795773
1.031972880903119
1.032623209740244
1.032623209740244
1.032623209740244
1.0325143307144684
1.0325143307144684
1.0325143307144684
1.0325143307144684
1.0325143307144684
1.0325143307144684
1.0325143307144684
1.0325143307144684
1.0325143307144684
1.0325143307144684
1.0341212162847409
1.0341212162847409
1.0341212162847409
1.0330805919801624
1.0330805919801624
1.0330805919801624
1.0330805919801624
1.0330805919801624
1.0330805919801624
1.0330805919801624
1.0330805919801624
1.0330805919801624
1.0330805919801624
1.0334157727099966
1.0334157727099966
1.0334157727099966
1.0359180005147717
1.033717390232262
1.0328523701116068
1.0363053637641388
1.0363053637641388
1.0365110153035155
1.0372210514296374
1.0372210514296374
1.0372210514296374
1.0372210514296374
1.0372210514296374
1.0372210514296374
1.0372210514296374
1.0345451706702695
1.034231052202228
1.034231052202228
1.0358294904699814
1.0358294904699814
1.0340168261186349
1.0340168261186349
1.0340168261186349
1.0340168261186349
1.0356506208455847
1.0340381538357546
1.0340381538357546
1.033169127737407
1.033169127737407
1.0324000005106124
1.0324000005106124
1.0339468992062828
1.0352416501469512
1.0352416501469512
1.0345886749748796
1.0345886749748796
1.0345886749748796
1.0350123010188272
1.0350123010188272
1.0350123010188272
1.0350123010188272
1.0350123010188272
1.0350123010188272
1.0350123010188272
1.0350123010188272
1.033414027373891
1.033414027373891
1.033414027373891
1.032630606502201
1.0336719094836515
1.0336719094836515
1.0350773724118805
1.0350773724118805
1.0350773724118805
1.0350773724118805
1.0372531123557311
1.0372531123557311
1.0363711779519376
1.0363711779519376
1.0363711779519376
1.033497352248744
1.033497352248744
1.0324701378639207
1.032201820834484
1.032201820834484
1.032201820834484
1.0322464485793392
1.0322464485793392
1.0310192045321334
1.0311179446139687
1.0311179446139687
1.0296401777007909
1.032194259569586
1.0330200989920855
1.0337959028138537
1.0337959028138537
1.0374954741579865
1.0374954741579865
1.0374954741579865
1.0374954741579865
1.0374907888178748
1.035637143546971
1.0336875006058472
1.0336875006058472
1.035197505548686
1.0353019664583196
1.0353019664583196
1.0353019664583196
1.0349877556547016
1.0349877556547016
1.0349877556547016
1.0349877556547016
1.0349877556547016
1.0349877556547016
1.0379225759122703
1.0379225759122703
1.0396826736575073
1.0396826736575073
1.037082044772212
1.037160932794341
1.0364384601642727
1.0364384601642727
1.0364384601642727
1.0364384601642727
1.037071163236958
1.037071163236958
1.0361442737485473
1.0361442737485473
1.0361442737485473
1.0361442737485473
1.0361442737485473
1.035914740042688
1.035914740042688
1.035914740042688
1.035914740042688
1.035914740042688
1.0360762904468739
1.0342175382463001
1.035258042518246
1.0348220506686163
1.0348220506686163
1.0311531371993639
1.0311531371993639
1.0295352427364977
1.0295564330265183
1.0293553515169684
1.0293553515169684
1.0293553515169684
1.0293553515169684
1.0293553515169684
1.0298772088403454
1.0301332018698026
1.0296304553455558
1.0279922238760764
1.0279922238760764
1.0279922238760764
1.0279922238760764
1.0279922238760764
1.0279922238760764
1.0279922238760764
1.032288132144543
1.032288132144543
1.032288132144543
1.032288132144543
1.032288132144543
1.0311839561639855
1.0311839561639855
1.0311839561639855
1.0311839561639855
1.0311839561639855
1.0316891642431925
1.0316891642431925
1.0343179752730653
1.0343179752730653
1.0343179752730653
1.0303323133590763
1.0303323133590763
1.0268969917811297
1.0293806110596067
1.0294689800530001
1.0294689800530001
1.0294689800530001
1.0294689800530001
1.0294689800530001
1.0294689800530001
1.0294689800530001
1.0294689800530001
1.0294689800530001
1.0294689800530001
1.0282404577840472
1.0282404577840472
1.0282404577840472
1.0287729716441592
1.0290529827432475
1.0293355614529351
1.0293355614529351
1.0293355614529351
1.0290507723927624
1.0290507723927624
1.0290507723927624
1.0288315362323432
1.028966317373496
1.028966317373496
1.028966317373496
1.029951591150857
1.0291654601453764
1.0291654601453764
1.0291654601453764
1.0307909098427674
1.0350986789788394
1.033657572706194
1.0342272981116014
1.0359731638987453
1.0359731638987453
1.035640757126683
1.035640757126683
1.035640757126683
1.035640757126683
1.035640757126683
1.035640757126683
1.0312547510220333
1.0312547510220333
1.0350232471613932
1.0334471711373772
1.0334471711373772
1.0334471711373772
1.0334471711373772
1.0344698367157514
1.0335475257084914
1.0310994170103105
1.0310994170103105
1.0310994170103105
1.0310994170103105
1.0298274034539168
1.031733970601749
1.031733970601749
1.031733970601749
1.031733970601749
1.031733970601749
1.031068368130922
1.0297559543950154
1.0297559543950154
1.0297559543950154
1.0305731036494388
1.0305731036494388
1.029054360930456
1.0271395945557713
1.0283783400887598
1.0289001430965126
1.0261323826632196
1.0261323826632196
1.0261323826632196
1.0262534815521471
1.0260141056463035
1.0280848866248478
1.0280848866248478
1.0280848866248478
1.0273410886631915
1.030756913851883
1.029776056790381
1.0306129528095656
1.0308905153585928
1.0308905153585928
1.0301088462097978
1.0293727946901374
1.0301164718555442
1.0289532610137477
1.0294519432611116
1.030032938320352
1.0315108923413885
1.0315108923413885
1.0310894482174615
1.0290513620843749
1.0290513620843749
1.0290513620843749
1.0290513620843749
1.0290513620843749
1.0290513620843749
1.0288362890445055
1.0288362890445055
1.0288362890445055
1.0288362890445055
1.028539014031644
1.0285011338707544
1.0261664911206012
1.0284338650985982
1.0284338650985982
1.0284338650985982
1.0284338650985982
1.0284338650985982
1.0284338650985982
1.0284338650985982
1.0284338650985982
1.0284338650985982
1.0284338650985982
1.0310111240332724
1.0310111240332724
1.031324726960653
1.030602535410484
1.030602535410484
1.030602535410484
1.0302264022551264
1.0305331915595939
1.0305331915595939
1.0305331915595939
1.0348324278610461
1.0348324278610461
1.0343834491103627
1.0343834491103627
1.0334430532366987
1.0341819085072048
1.032895289953134
1.0315959389782074
1.0315959389782074
1.030630870705158
1.030630870705158
1.030630870705158
1.0303499947571384
1.0303499947571384
1.0303499947571384
1.0303499947571384
1.0303499947571384
1.0303499947571384
1.0315307535932088
1.0318487485128836
1.0333749918364432
1.0298669938668104
1.031757544077718
1.0311693275343068
1.0311693275343068
1.0311693275343068
1.0311693275343068
1.0311693275343068
1.0311693275343068
1.0311693275343068
1.031742536379836
1.031742536379836
1.0289552702009963
1.0289552702009963
1.0289552702009963
1.0284179612906763
1.0284179612906763
1.0284179612906763
1.0277149751387522
1.0297148105331229
1.0297148105331229
1.0276745786765082
1.0266476729189407
1.027188415186276
1.0273130585140169
1.0279750067241846
1.0285966173504435
1.0285966173504435
1.0286481085543424
1.027798023283992
1.027798023283992
1.0282884096372098
1.031462706336823
1.031462706336823
1.0314138798308434
1.0314138798308434
1.0314138798308434
1.0318099223063228
1.0318099223063228
1.0355689928941996
1.0355689928941996
1.0348753791481937
1.0338324082671484
1.0323432218474815
1.031881540826379
1.0303526924630135
1.0303526924630135
1.0303526924630135
1.0303526924630135
1.0303526924630135
1.0303526924630135
1.0279429088607008
1.0279429088607008
1.0299012693624021
1.0293690956578738
1.0301365036129284
1.0301365036129284
1.0301365036129284
1.032412333896941
1.0327768706509795
1.032950063389083
1.03277915584208
1.03277915584208
1.029805311175676
1.029805311175676
1.029805311175676
1.0292565993251324
1.0290974963158859
1.0290974963158859
1.0271890461990523
1.0271890461990523
1.0268526290521867
1.0270669370072967
1.0270669370072967
1.0270669370072967
1.0270669370072967
1.0270669370072967
1.0292278810520377
1.0292278810520377
1.0319234288969212
1.0305789767118354
1.0305789767118354
1.0305789767118354
1.0339822246997181
1.0346944097250768
1.035135127721119
1.035135127721119
1.031292542884615
1.0326520430470743
1.0328437258952867
1.0346174516024673
1.0351317501535302
1.0341171501389477
1.0341171501389477
1.0341296488315481
1.0341296488315481
1.0341296488315481
1.0341296488315481
1.0341296488315481
1.0341296488315481
1.0341296488315481
1.0342668549774883
1.0342668549774883
1.0342668549774883
1.0343432233034844
1.0343432233034844
1.0343432233034844
1.0324031854451088
1.0324031854451088
1.0311189897817414
1.0311189897817414
1.0309853127710094
1.0309853127710094
1.0311975609883632
1.0311975609883632
1.0286933078212526
1.0286933078212526
1.0286933078212526
1.028638216620936
1.028638216620936
1.028638216620936
1.0271273537426822
1.0271273537426822
1.0261109457253146
1.0261109457253146
1.0261109457253146
1.028277300355539
1.028277300355539
1.0284868284668145
1.0294829421585436
1.0294829421585436
1.030329069851332
1.0276892954512782
1.0276892954512782
1.0279943289067823
1.0279943289067823
1.0279943289067823
1.0282790482875246
1.0282790482875246
1.0292842524032868
1.0292842524032868
1.0294838965919288
1.0310660447750806
1.0310660447750806
1.0347448481324033
1.0347448481324033
1.0301585394320756
1.0288524187432886
1.0288524187432886
1.0294083523840467
1.0294083523840467
1.032586433787697
1.032586433787697
1.0309160199270462
1.0320253794854681
1.0320253794854681
1.0320253794854681
1.0320253794854681
1.0327489055028627
1.0312780558030001
1.0340798121543733
1.033660458400476
1.033660458400476
1.033660458400476
1.0352514198061542
1.0352514198061542
1.0352514198061542
1.0344406004460718
1.0344406004460718
1.0341351398965357
1.0341351398965357
1.0341062959819376
1.0341062959819376
1.0341062959819376
1.0360116062584164
1.0360116062584164
1.0342911162959068
1.0342911162959068
1.0352242210412494
1.0352242210412494
1.0352242210412494
1.0352242210412494
1.0354302911743247
1.0354302911743247
1.0354302911743247
1.0340060430310898
1.0340060430310898
1.0330167777308217
1.0326607401816155
1.0326607401816155
1.0312398701572631
1.0312398701572631
1.0314237032614544
1.0324607576184486
1.0324607576184486
1.0324880732341668
1.0324880732341668
1.0326327302043836
1.0310185680159272
1.0310185680159272
1.0310185680159272
1.0298330204668062
1.0292758763369558
1.0304165201075772
1.0321804772740681
1.0336200168279606
1.0336200168279606
1.03433470955529
1.03433470955529
1.03433470955529
1.03433470955529
1.0361682306204618
1.0340781278600457
1.0340781278600457
1.0340781278600457
1.034587543334542
1.034587543334542
1.035722399426168
1.035722399426168
1.034561794320658
1.0347086692811662
1.034469361711938
1.034469361711938
1.0351792181834585
1.0351792181834585
1.0340612112452325
1.0340612112452325
1.0340612112452325
1.0340612112452325
1.0383387611135237
1.0383387611135237
1.0383387611135237
1.0383387611135237
1.0416088624259137
1.0416088624259137
1.0416088624259137
1.041788909269107
1.0392029177011537
1.0392029177011537
1.041183759225822
1.0415120598499201
1.0393891894352039
1.0393891894352039
1.0393891894352039
1.0393891894352039
1.038243559338928
1.0385040732166964
1.0385040732166964
1.0415510847026481
1.0415510847026481
1.0406595334527644
1.0385747717821452
1.0385747717821452
1.0377138699522814
1.0371340571578969
1.0363405316314098
1.0366559722714193
1.0366559722714193
1.0366559722714193
1.0366559722714193
1.0366559722714193
1.0366559722714193
1.0366559722714193
1.0355979582261237
1.0341307482122988
1.0341307482122988
1.0341307482122988
1.0341307482122988
1.0341307482122988
1.0341307482122988
1.0348231652397362
1.0348231652397362
1.0352925501873758
1.0352925501873758
1.0343530202063895
1.0354864357065967
1.0336198299460728
1.0336198299460728
1.0336198299460728
1.033831366148915
1.033831366148915
1.033831366148915
1.0330977015937577
1.0348122754572737
1.0348122754572737
1.0347121403529629
1.0347121403529629
1.0347121403529629
1.0337329933302475
1.0337329933302475
1.0337329933302475
1.0337329933302475
1.03347696979536
1.034074600658761
1.034074600658761
1.034074600658761
1.0347352535386605
1.0361968202497103
1.0354613373390305
1.0354613373390305
1.0372898841444804
1.0358746024630094
1.032209020416701
1.032209020416701
1.0348443983770117
1.0348443983770117
1.0348443983770117
1.0348443983770117
1.0350779001071513
1.0350779001071513
1.0350779001071513
1.0344865043248348
1.0344865043248348
1.0318650271911445
1.0318650271911445
1.0317339264951768
1.0317339264951768
1.0338168086824961
1.0338168086824961
1.034180775539243
1.0341644768824159
1.0341644768824159
1.0341644768824159
1.0341644768824159
1.0337906315480239
1.035982566953261
1.0353562733122426
1.0353562733122426
1.0353562733122426
1.0335856257455478
1.0344770025659729
1.0343667695029652
1.0343667695029652
1.0351441835732362
1.0351441835732362
1.0351441835732362
1.0351441835732362
1.0351441835732362
1.0351441835732362
1.0351441835732362
1.0351441835732362
1.0339205522193438
1.031876029098597
1.031876029098597
1.031876029098597
1.0313894426144534
1.0311556971706293
1.0311556971706293
1.0311556971706293
1.036395805491628
1.036395805491628
1.0346376980578815
1.0346376980578815
1.0372450896581926
1.0343627170066416
1.0323073523338866
1.0314902462580209
1.0295278883819703
1.0295278883819703
1.031367651520997
1.031367651520997
1.031367651520997
1.0335901937335932
1.0339842419720773
1.0339842419720773
1.0338773875565055
1.0338773875565055
1.0338773875565055
1.0341783972509864
1.0341783972509864
1.0341783972509864
1.0337972925750536
1.0347905400670636
1.0347905400670636
1.0347905400670636
1.0347905400670636
1.0347905400670636
1.0347905400670636
1.0347905400670636
1.0347905400670636
1.0347905400670636
1.0335965065549313
1.0335965065549313
1.0358180801583867
1.0348741870158575
1.0348741870158575
1.0348741870158575
1.0349595885366292
1.0349595885366292
1.0328849996732519
1.0328849996732519
1.0328849996732519
1.0331037465022177
1.0316948578584781
1.0316948578584781
1.031105842476539
1.031105842476539
1.031105842476539
1.031105842476539
1.031105842476539
1.031105842476539
1.031105842476539
1.0315531868475845
1.0315531868475845
1.0327176645255813
1.0317581162479015
1.0317581162479015
1.0317581162479015
1.0317581162479015
1.0317581162479015
1.033638915486954
1.0318152702371364
1.0318152702371364
1.0318152702371364
1.0312495568740054
1.0312495568740054
1.0321159735938736
1.0341859928196617
1.0341859928196617
1.0341859928196617
1.0341859928196617
1.0341859928196617
1.0347056711329035
1.0352628470508756
1.0352628470508756
1.036104984813906
1.036104984813906
1.0365651849396444
1.0365651849396444
1.0365651849396444
1.0365651849396444
1.0365651849396444
1.0365651849396444
1.0365651849396444
1.0365424124888964
1.0365424124888964
1.0365424124888964
1.0365424124888964
1.0365424124888964
1.0365424124888964
1.0334616337546316
1.0334616337546316
1.0348347388609107
1.03657900226601
1.0341938621063043
1.0356786688173312
1.0337520751145206
1.0337520751145206
1.0319905439396926
1.0319905439396926
1.0319905439396926
1.0319905439396926
1.0319905439396926
1.0319905439396926
1.0319905439396926
1.0326674941897074
1.0326674941897074
1.0326674941897074
1.0333525121060332
1.0324655870811161
1.0317587039857943
1.0317587039857943
1.0317587039857943
1.0317587039857943
1.0317587039857943
1.0317587039857943
1.0317587039857943
1.0317587039857943
1.0317587039857943
1.0317587039857943
1.0317587039857943
1.0317587039857943
1.0319861511062733
1.0319861511062733
1.0316956960399128
1.0316956960399128
1.033470153248944
1.033470153248944
1.033470153248944
1.0304114611402881
1.0306031837970555
1.0306031837970555
1.0306031837970555
1.030583621183887
1.030583621183887
1.0317593549450008
1.0317439455784738
1.0317439455784738
1.0308176516298782
1.0281309132483434
1.0281309132483434
1.0281309132483434
1.0294398649204357
1.0294398649204357
1.0302697221542745
1.0302697221542745
1.030297979053002
1.030297979053002
1.030297979053002
1.030297979053002
1.030297979053002
1.0315929738902254
1.0335271173861924
1.0335271173861924
1.033767803824352
1.033767803824352
1.0358429202051513
1.0358429202051513
1.0334041765855952
1.0332920565950374
1.0332920565950374
1.0332920565950374
1.0329023990763135
1.0329023990763135
1.0329023990763135
1.0327352944273807
1.0317660065858965
1.0333151906546825
1.033374136043969
1.033374136043969
1.0335731058404287
1.0329951833325761
1.0329951833325761
1.0292800375544344
1.0292800375544344
1.0292800375544344
1.0317012434039143
1.0317012434039143
1.0317012434039143
1.0317012434039143
1.0317012434039143
1.0317012434039143
1.0317012434039143
1.0317012434039143
1.0317012434039143
1.0289606436201189
1.028683783485655
1.028683783485655
1.028683783485655
1.0296187553229992
1.0296187553229992
1.0302286773537663
1.0310365084900577
1.0304177226013447
1.0304177226013447
1.029790316734178
1.029790316734178
1.0296508565252633
1.0293209655276667
1.0332399446578526
1.0332399446578526
1.0294274713332425
1.0294274713332425
1.0294274713332425
1.0294274713332425
1.0294274713332425
1.027414555486464
1.027414555486464
1.028331787509551
1.031546414579521
1.031546414579521
1.031546414579521
1.031546414579521
1.031546414579521
1.031546414579521
1.031546414579521
1.031546414579521
1.031546414579521
1.031546414579521
1.031546414579521
1.031546414579521
1.031546414579521
1.031546414579521
1.031546414579521
1.0308512198091366
1.0308512198091366
1.0308512198091366
1.0312851410039028
1.0312851410039028
1.0312851410039028
1.0312851410039028
1.0312851410039028
1.0297778187555553
1.0293601657418578
1.0297619261539719
1.0297619261539719
1.0297619261539719
1.0295027697565264
1.027781283325257
1.0278950794041195
1.0308485078091743
1.0300626939167845
1.0300626939167845
1.0300626939167845
1.030633030836754
1.030633030836754
1.030633030836754
1.030583520422535
1.0311594121305403
1.0284701169075905
1.0284701169075905
1.0284701169075905
1.0284701169075905
1.0304571949590808
1.0304571949590808
1.0310483914097799
1.033890112950961
1.0328416387027166
1.033976811874283
1.0320014481372977
1.0320014481372977
1.0320014481372977
1.0311279405510054
1.0311279405510054
1.0311279405510054
1.0319573515170801
1.0319573515170801
1.0319573515170801
1.0319573515170801
1.0315152640402065
1.0315152640402065
1.0326253852181504
1.0328550057668324
1.0313305403341306
1.0313305403341306
1.0302900960137866
1.0302900960137866
1.0302900960137866
1.0302900960137866
1.0302900960137866
1.0302900960137866
1.0302900960137866
1.0302900960137866
1.0323294493035786
1.0323294493035786
1.0334949767919706
1.0345929438405546
1.0347138515218404
1.0357888088044285
1.0357888088044285
1.0357888088044285
1.0328533770383939
1.0328533770383939
1.0304936454479767
1.0337152347559733
1.0337152347559733
1.0337152347559733
1.0320396831960645
1.0320396831960645
1.0320396831960645
1.0330549937144515
1.0315607787291914
1.0315607787291914
1.0351720452222075
1.0359561602955842
1.0350302664895006
1.0350302664895006
1.0341170001604538
1.0341170001604538
1.0341170001604538
1.0358197086645777
1.0361016066520339
1.0344313583068454
1.0327417562054306
1.0341835588455348
1.0341835588455348
1.0341835588455348
1.0341835588455348
1.0333303887659615
1.0333303887659615
1.0361173294375399
1.0336423227753928
1.0336423227753928
1.0324950615933512
1.031302738409677
1.0328016578493704
1.0328016578493704
1.0347832774470644
1.0347832774470644
1.0347832774470644
1.0347832774470644
1.0332563302747313
1.0332563302747313
1.0332563302747313
1.0353461450936068
1.0353461450936068
1.0380109780852476
1.03837507275877
1.0379679769276478
1.038379379161547
1.0389963020799582
1.0381402568963876
1.038232775475133
1.0403013532514913
1.040360353417519
1.0396051271084539
1.0396051271084539
1.03942402643736
1.0404530451409721
1.03730601887715
1.03730601887715
1.03730601887715
1.03730601887715
1.0360078297992998
1.0360078297992998
1.0360078297992998
1.038170626248552
1.038170626248552
1.0372795010410836
1.0372795010410836
1.038935788064658
1.038935788064658
1.0385418864792717
1.0362831798019398
1.0345323112526639
1.0345323112526639
1.0345323112526639
1.0345323112526639
1.0345323112526639
1.0327158797120395
1.0327158797120395
1.0327158797120395
1.0327158797120395
1.033080937268562
1.0326679897668352
1.0326533233329849
1.0326533233329849
1.0325919141620066
1.0337750620742738
1.0342474752465898
1.0342474752465898
1.0342474752465898
1.0342474752465898
1.0342474752465898
1.0342474752465898
1.0342474752465898
1.0342474752465898
1.0342474752465898
1.0353960000205986
1.0324221749779843
1.0324221749779843
1.0324221749779843
1.0324221749779843
1.0324221749779843
1.0324221749779843
1.031391183187581
1.0310695286681935
1.0310695286681935
1.0310695286681935
1.0310695286681935
1.0310695286681935
1.0310695286681935
1.0310695286681935
1.030824667391406
1.030824667391406
1.030824667391406
1.030824667391406
1.0328259861471059
1.0328259861471059
1.0328259861471059
1.0323521592642337
1.0323521592642337
1.0323521592642337
1.03137887808166
1.0301873258667538
1.030396016370637
1.030396016370637
1.0322657406537776
1.0322657406537776
1.0322657406537776
1.0339134663849683
1.0339134663849683
1.0339134663849683
1.0339134663849683
1.0339134663849683
1.034544966935074
1.034544966935074
1.0358941475974157
1.0358941475974157
1.031656743924129
1.0324029493397833
1.0324029493397833
1.0324029493397833
1.033245850770139
1.033245850770139
1.033245850770139
1.033245850770139
1.033245850770139
1.0307128369902703
1.0307128369902703
1.0318575211187673
1.0318284740947332
1.032809509418672
1.0294210287492762
1.0294210287492762
1.0294210287492762
1.0299410070554222
1.0299410070554222
1.0299410070554222
1.0323588024415666
1.0323588024415666
1.0323588024415666
1.0322589582941235
1.0329780771270356
1.0329780771270356
1.0313059096669748
1.0309391598057238
1.0309391598057238
1.0309391598057238
1.0299852706964352
1.0299852706964352
1.0299852706964352
1.0299852706964352
1.0299852706964352
1.0299852706964352
1.0299852706964352
1.0299852706964352
1.0289179647529083
1.0289179647529083
1.0289179647529083
1.030831012736697
1.030831012736697
1.0310110121412404
1.032243942001807
1.032243942001807
1.032243942001807
1.0317928434366948
1.0317928434366948
1.0280364356651617
1.029003862483365
1.029003862483365
1.029003862483365
1.029003862483365
1.0309382286406077
1.029886272735005
1.0291263792651715
1.0291263792651715
1.0291263792651715
1.0317597394148388
1.0317597394148388
1.033456860387473
1.0318906892531832
1.0323328819195599
1.0327214656751453
1.0327214656751453
1.0327214656751453
1.034749732287263
1.034749732287263
1.03626657191221
1.0347928666925765
1.0347928666925765
1.0347928666925765
1.0350640609636965
1.0350640609636965
1.0350640609636965
1.0350640609636965
1.0350640609636965
1.0350640609636965
1.0365673136012488
1.0365673136012488
1.0350536240372856
1.0331323316021848
1.0331323316021848
1.0317957364245949
1.0327148324168753
1.0353622897845334
1.0353010865401375
1.0353010865401375
1.0353010865401375
1.0353010865401375
1.0353010865401375
1.0353010865401375
1.0356577083580025
1.0356577083580025
1.0353281535574517
1.0376459989468974
1.035589585264472
1.034968728785216
1.034968728785216
1.034968728785216
1.034968728785216
1.0354294122950525
1.0334441350263246
1.032430575505614
1.032430575505614
1.032430575505614
1.034374158242876
1.034374158242876
1.0338761501493385
1.03368810144729
1.0326407840503722
1.0338288878974229
1.0338288878974229
1.0338288878974229
1.0338288878974229
1.0338288878974229
1.0338288878974229
1.0338288878974229
1.0338288878974229
1.0338288878974229
1.0338288878974229
1.0357182216982044
1.0357182216982044
1.0357182216982044
1.0357182216982044
1.0357182216982044
1.0377777119479898
1.0377777119479898
1.0377777119479898
1.0377777119479898
1.038769656022268
1.038769656022268
1.038769656022268
1.038769656022268
1.0392872810511733
1.0392872810511733
1.0392872810511733
1.0377005878364913
1.0391786744987896
1.0360997341908695
1.0360997341908695
1.0360997341908695
1.0366942956212186
1.0366942956212186
1.0366942956212186
1.0366942956212186
1.0366942956212186
1.0349893151887433
1.0349893151887433
1.034605029998333
1.034605029998333
1.034605029998333
1.034605029998333
1.034605029998333
1.034605029998333
1.034605029998333
1.0339256249342654
1.032936628694277
1.032936628694277
1.032936628694277
1.032936628694277
1.032936628694277
1.032936628694277
1.0317031380957693
1.0317031380957693
1.0317031380957693
1.0317031380957693
1.0317031380957693
1.0317031380957693
1.0322518106020773
1.0322518106020773
1.0322518106020773
1.0322518106020773
1.0322518106020773
1.0322518106020773
1.033235107653276
1.033235107653276
1.033509111268115
1.033509111268115
1.033509111268115
1.034041594497112
1.0361029117276148
1.0374859732664616
1.0374859732664616
1.0375128456371314
1.0365730959140844
1.037064506684493
1.0359761454519953
1.0359761454519953
1.0341278590438132
1.032277661174302
1.0317567102793574
1.0317567102793574
1.0317567102793574
1.0316635932479898
1.0316635932479898
1.03273379528976
1.03273379528976
1.0338226450378465
1.0338226450378465
1.0338226450378465
1.0337449747304504
1.0307288827384478
1.0307288827384478
1.0286183985773667
1.0286183985773667
1.0286183985773667
1.0286183985773667
1.028426942082072
1.028426942082072
1.0282738535500167
1.0274754646329283
1.0274754646329283
1.0274754646329283
1.0274754646329283
1.0267469553957238
1.0267469553957238
1.0277242992546125
1.0260252809083867
1.0260252809083867
1.0260252809083867
1.0260252809083867
1.0271826995935136
1.0275785094881773
1.02633325117234
1.02633325117234
1.0281589055764253
1.0281589055764253
1.0281589055764253
1.028669642559707
1.0280757911038088
1.0285348657180597
1.0285552203258341
1.0285552203258341
1.0270534728682754
1.0270534728682754
1.0271431555082817
1.0254038932000369
1.0248392375741584
1.0277011935374676
1.0277011935374676
1.0277011935374676
1.0277011935374676
1.0277011935374676
1.0277011935374676
1.028147747622767
1.028147747622767
1.028147747622767
1.028147747622767
1.031625786689011
1.031625786689011
1.0321430082835177
1.0321430082835177
1.0321430082835177
1.0321430082835177
1.0321430082835177
1.0321430082835177
1.0323874941173103
1.0283051345026497
1.0283704522834027
1.0283704522834027
1.0283704522834027
1.0283704522834027
1.0283704522834027
1.0279334342968518
1.0279334342968518
1.028384297027023
1.0291230415103259
1.0291230415103259
1.0288564997839278
1.0297449726223042
1.0300460500184896
1.0300460500184896
1.0300460500184896
1.0288638176589298
1.0288638176589298
1.030388758727861
1.0284669089870422
1.0284669089870422
1.0306361161022073
1.0306361161022073
1.0306361161022073
1.0306361161022073
1.0316731532447407
1.0316826726450112
1.0316826726450112
1.0316826726450112
1.030836834391736
1.030836834391736
1.0329765967788407
1.0329765967788407
1.0329765967788407
1.0329752682042277
1.0329752682042277
1.034395212966542
1.0321810629757415
1.0321810629757415
1.0288343087798375
1.0271131759224066
1.0269614290281601
1.0260946741453787
1.0260946741453787
1.0260946741453787
1.027266144698882
1.027266144698882
1.0247747032556886
1.0247747032556886
1.0252412266793898
1.025085493150322
1.025085493150322
1.025085493150322
1.025999958541771
1.0271880776036422
1.0271880776036422
1.0271880776036422
1.0260099511980139
1.026739512055561
1.0272852841292883
1.0272852841292883
1.027677255676613
1.027677255676613
1.027677255676613
1.0307434574602041
1.0307434574602041
1.030405954106708
1.0302684170514977
1.0331211807370286
1.0331211807370286
1.0331211807370286
1.031848445665596
1.031848445665596
1.0307934951776483
1.0301558313515484
1.0298502024112088
1.0298502024112088
1.0298502024112088
1.0316717499467336
1.0316717499467336
1.0316717499467336
1.0316717499467336
1.0322156968431317
1.032539506717982
1.032248414627931
1.032248414627931
1.0305377845868633
1.0305377845868633
1.0305377845868633
1.0305377845868633
1.031277320953508
1.031277320953508
1.031277320953508
1.031277320953508
1.0305383739355665
1.0305383739355665
1.0305383739355665
1.0329299471779005
1.0326131771925897
1.0326131771925897
1.033677035543457
1.033677035543457
1.033677035543457
1.0333222550712995
1.0333222550712995
1.033506620951294
1.0330053548013334
1.0330053548013334
1.0330053548013334
1.0330053548013334
1.0330053548013334
1.033791585354895
1.033791585354895
1.0331205007039648
1.0331205007039648
1.0331205007039648
1.030139049044431
1.0302249019218435
1.0302249019218435
1.0297826076033234
1.0297826076033234
1.0290825403078976
1.028930843829983
1.0315933286459231
1.0286385059395862
1.0304208888582072
1.0304208888582072
1.0304208888582072
1.0306577709071327
1.0306577709071327
1.0306577709071327
1.0306577709071327
1.0306577709071327
1.0306577709071327
1.0301100762389714
1.0321249637737968
1.0321249637737968
1.0300917184790386
1.0300917184790386
1.0293836190299963
1.029889562984148
1.029889562984148
1.029889562984148
1.0318764450372067
1.0318764450372067
1.0322523709181333
1.0322523709181333
1.0322523709181333
1.0322523709181333
1.0322523709181333
1.0322523709181333
1.0322523709181333
1.0301140251138123
1.0301140251138123
1.0315045176374715
1.0308948226346728
1.0300438310813258
1.0300438310813258
1.0305158585370928
1.0305158585370928
1.0309503024490247
1.0304649439559783
1.0304649439559783
1.0304649439559783
1.0304125437978284
1.0304125437978284
1.0315093671761957
1.0315093671761957
1.0315093671761957
1.0323633849678704
1.032518682388492
1.032518682388492
1.033716197423541
1.033716197423541
1.033716197423541
1.0331128962554679
1.0331128962554679
1.0336881759744152
1.0334874964479077
1.0334874964479077
1.0334874964479077
1.0325090693200563
1.0325090693200563
1.0291065641169015
1.0291065641169015
1.0291065641169015
1.0291065641169015
1.0291065641169015
1.0291065641169015
1.0291065641169015
1.0288486608877092
1.0288486608877092
1.0288486608877092
1.0288486608877092
1.0295720007052618
1.0303606094083666
1.0303606094083666
1.0275768440975535
1.0251551722285628
1.025732567838005
1.0260087103496984
1.0262363938745398
1.0262401014908236
1.0262401014908236
1.0262401014908236
1.0265619010114373
1.0265619010114373
1.0265619010114373
1.0282346850557489
1.0284264067915208
1.0281763246725466
1.0281763246725466
1.0306783778984914
1.0300806165099257
1.0300806165099257
1.0300806165099257
1.0300806165099257
1.029174138468731
1.029174138468731
1.029174138468731
1.0298992044894246
1.0298992044894246
1.0298992044894246
1.0298992044894246
1.0298992044894246
1.0298992044894246
1.0298992044894246
1.0298992044894246
1.0297931201436024
1.0306411318394797
1.029755739719989
1.029755739719989
1.029755739719989
1.029755739719989
1.027915706921831
1.02925175565147
1.0312548088292883
1.0312548088292883
1.0312548088292883
1.030374447579597
1.030374447579597
1.0307929360622197
1.0307929360622197
1.0307929360622197
1.0309624585252748
1.0309624585252748
1.0309624585252748
1.03116063053898
1.0299932366108449
1.0285289269933746
1.0285289269933746
1.0285289269933746
1.0285289269933746
1.0287057670727766
1.028384916058846
1.0299936867389283
1.0299936867389283
1.0269889467665185
1.0313035986519197
1.0313035986519197
1.0317521699625107
1.0323589266975928
1.0323589266975928
1.0323589266975928
1.0323589266975928
1.033635657765183
1.033635657765183
1.033635657765183
1.033635657765183
1.0330198822734125
1.0330198822734125
1.0330198822734125
1.0330198822734125
1.0330198822734125
1.0330198822734125
1.0321974401938476
1.0313801462110805
1.0324762090215647
1.031177219906051
1.031182016916974
1.03372423808461
1.0321514451464244
1.0316435978996992
1.0319644534862378
1.0323309231600977
1.0330235867159718
1.03072002327854
1.03072002327854
1.0303091309272392
1.0336657474509727
1.0336657474509727
1.0336657474509727
1.0336657474509727
1.0345404466941983
1.0345404466941983
1.0353681498370064
1.0353681498370064
1.0349068538922255
1.0349068538922255
1.0349068538922255
1.0349068538922255
1.0349068538922255
1.0349068538922255
1.03435857111961
1.036444409020299
1.036444409020299
1.0353551605318805
1.0353551605318805
1.0353551605318805
1.033982627100178
1.0353915973165488
1.0334366863678925
1.0334366863678925
1.0334366863678925
1.034507555533826
1.034507555533826
1.034507555533826
1.034507555533826
1.034507555533826
1.0338871094497457
1.0338871094497457
1.0338871094497457
1.0335798894142205
1.0335798894142205
1.0335798894142205
1.0335798894142205
1.032170966021537
1.0350437660397909
1.0350437660397909
1.0350437660397909
1.0350437660397909
1.0350437660397909
1.0350437660397909
1.0350437660397909
1.0352818745581451
1.036467347049127
1.0358944786402264
1.0357775139630718
1.0357775139630718
1.0357775139630718
1.0357775139630718
1.0324874640818116
1.0324874640818116
1.0332096969516151
1.0332096969516151
1.0332096969516151
1.0324512334466391
1.0332653678128556
1.0363101503400625
1.0363101503400625
1.0363101503400625
1.0363101503400625
1.0363101503400625
1.034402700648735
1.034402700648735
1.0373371201232635
1.0373371201232635
1.037618446467639
1.037618446467639
1.0359497563099835
1.0368615276787665
1.0387119046101265
1.0387119046101265
1.0387119046101265
1.0387119046101265
1.0387119046101265
1.0387119046101265
1.0392559202785616
1.0342889108373716
1.0342889108373716
1.0361269779210696
1.0361269779210696
1.0361269779210696
1.0361269779210696
1.0361269779210696
1.0361269779210696
1.0351647224680114
1.0351647224680114
1.0370499606535628
1.0352323023315113
1.0361425800623003
1.0361412484897345
1.0361412484897345
1.0361412484897345
1.0388758130419726
1.0388758130419726
1.040051441441741
1.040051441441741
1.0401488970960724
1.0401488970960724
1.0401488970960724
1.0373100132681252
1.0373100132681252
1.0373100132681252
1.0373100132681252
1.0362170310832202
1.0363256524913764
1.0324853848983804
1.0328896352840438
1.034039383774927
1.034039383774927
1.0335016041581828
1.0335016041581828
1.034415379027148
1.034415379027148
1.034415379027148
1.0365560688546798
1.0365560688546798
1.0365560688546798
1.0354573886754552
1.0344711032889544
1.0308558169400435
1.0308558169400435
1.0308558169400435
1.0308558169400435
1.0308558169400435
1.0308558169400435
1.0318488677633124
1.0318488677633124
1.0321003126421602
1.0336904258369173
1.0377822865405215
1.0377822865405215
1.0377822865405215
1.0335681139609822
1.036644340134616
1.0359889989932816
1.0359889989932816
1.0359889989932816
1.0333308150062774
1.0319596444635224
1.0319596444635224
1.0346510407669258
1.0337318660149704
1.033312520136034
1.0361532946741643
1.0350792701392222
1.0350792701392222
1.0350792701392222
1.0350792701392222
1.0350792701392222
1.0351749876816068
1.033414495373186
1.033414495373186
1.0342557626594668
1.0342557626594668
1.0342557626594668
1.0350130276623548
1.035322093798795
1.033868817843504
1.033868817843504
1.033868817843504
1.0347715730066245
1.0347715730066245
1.0369115566471945
1.0369115566471945
1.0355305079166284
1.0355305079166284
1.0355305079166284
1.0344984680099023
1.036600369358744
1.036600369358744
1.0336018188202312
1.0315224276991892
1.0315224276991892
1.0315224276991892
1.0315224276991892
1.0315224276991892
1.0315224276991892
1.0315224276991892
1.0315224276991892
1.034055740382319
1.034055740382319
1.0324607423036403
1.0324607423036403
1.0324607423036403
1.0324607423036403
1.0324607423036403
1.0324607423036403
1.0324607423036403
1.0324607423036403
1.0329544499257197
1.0336735499729992
1.0323105723037005
1.0323105723037005
1.0323105723037005
1.0323105723037005
1.0323105723037005
1.0323105723037005
1.0323105723037005
1.0323105723037005
1.0323105723037005
1.030731977653725
1.030731977653725
1.030731977653725
1.0306069870354475
1.0306069870354475
1.0313173163079556
1.029753468159756
1.0302339744091593
1.0302339744091593
1.0302339744091593
1.0310052193705768
1.0289294905103052
1.0315615665629272
1.032525971547104
1.032525971547104
1.0307788101089437
1.0317438514749961
1.0317438514749961
1.0317438514749961
1.0317438514749961
1.0317438514749961
1.031118877652861
1.032201268400572
1.032201268400572
1.032201268400572
1.0332153507328392
1.0332153507328392
1.0332153507328392
1.0332153507328392
1.0332153507328392
1.0331318171764936
1.0331318171764936
1.0330624246709617
1.033501903005043
1.0312781109584312
1.0312781109584312
1.0286163480133819
1.0286792158879992
1.0286792158879992
1.0300146371178636
1.0300146371178636
1.0300145920172996
1.0304225360187376
1.0304225360187376
1.0304225360187376
1.0324384866259462
1.031354505246109
1.031354505246109
1.032374102117298
1.032374102117298
1.032374102117298
1.0320365537648715
1.0320365537648715
1.0320365537648715
1.0320365537648715
1.0309875070146048
1.0309875070146048
1.0309875070146048
1.0309875070146048
1.0309875070146048
1.0309875070146048
1.0309875070146048
1.0309875070146048
1.0309875070146048
1.0309875070146048
1.0313949535062839
1.0283782039690812
1.0281043331617705
1.0281043331617705
1.0281043331617705
1.0248572691658593
1.0248572691658593
1.0248572691658593
1.0287788287358435
1.0287788287358435
1.0316617831413095
1.0309389545672567
1.0309389545672567
1.0309389545672567
1.0309389545672567
1.0309389545672567
1.0309389545672567
1.0309389545672567
1.0308797939710919
1.0353790873206885
1.0356338126540523
1.0356338126540523
1.0356338126540523
1.0356338126540523
1.0356338126540523
1.0344086093295186
1.0330558947302677
1.0308550413819497
1.0308550413819497
1.0308550413819497
1.0308550413819497
1.0295430368051228
1.0304699945707103
1.0329121142886195
1.0329121142886195
1.0329121142886195
1.0329121142886195
1.0329121142886195
1.0329121142886195
1.0307136685105864
1.0307136685105864
1.0313532196918374
1.0315042138519426
1.0313501360749113
1.0313501360749113
1.0301864777236285
1.0298657441550412
1.0298657441550412
1.0298657441550412
1.0298657441550412
1.0298657441550412
1.0298657441550412
1.0298657441550412
1.0300036851521936
1.0300036851521936
1.0308623429225636
1.030707759346264
1.0293226176435386
1.0325488008323267
1.0333585907715388
1.0333585907715388
1.0334328851838464
1.0332259015132101
1.0322336899002666
1.0322336899002666
1.0322336899002666
1.033584078148906
1.033584078148906
1.033584078148906
1.033584078148906
1.033584078148906
1.033584078148906
1.033584078148906
1.033584078148906
1.0321180560943608
1.0321180560943608
1.0317667186106547
1.0317667186106547
1.032035133978076
1.032646877734571
1.032646877734571
1.0317937000178108
1.0317937000178108
1.0317937000178108
1.0317937000178108
1.0340831970023696
1.0340831970023696
1.0340831970023696
1.0340831970023696
1.0340831970023696
1.0340831970023696
1.0340831970023696
1.0345318299776882
1.0345318299776882
1.0327948237914604
1.0330646587355936
1.0330646587355936
1.0330646587355936
1.0330646587355936
1.0330646587355936
1.033785668267611
1.0327318761875024
1.0355159830986558
1.0355159830986558
1.0347539617348451
1.0337320766211608
1.0337320766211608
1.0337320766211608
1.0337320766211608
1.0337320766211608
1.0342937795452363
1.0366739902377982
1.0366739902377982
1.0366739902377982
1.0366739902377982
1.0367460038728165
1.0367460038728165
1.0367460038728165
1.0382313465361783
1.034091392265034
1.034091392265034
1.034091392265034
1.032887671229477
1.032887671229477
1.0289076240846242
1.0299178312889037
1.0299178312889037
1.0299178312889037
1.0299178312889037
1.0321235664364852
1.032268650192365
1.0365450653700807
1.0365450653700807
1.0340492514361228
1.0340492514361228
1.0340492514361228
1.0327196656231905
1.0327196656231905
1.0327196656231905
1.0310215798058333
1.031464650746163
1.031464650746163
1.031464650746163
1.031464650746163
1.032188156577881
1.0313584250542
1.0313584250542
1.0324430970683334
1.0324430970683334
1.035538044031734
1.0344009478630032
1.0335583133993371
1.0335713164776268
1.0344124228119462
1.0344124228119462
1.0344124228119462
1.0344124228119462
1.0339134900895313
1.0339134900895313
1.0339134900895313
1.0339134900895313
1.0339134900895313
1.0352589891149502
1.0352589891149502
1.0350140517921294
1.0350140517921294
1.0344707457655866
1.0346128488346926
1.0346128488346926
1.0340131081783472
1.0324483694547468
1.0326581856539059
1.0323867875401196
1.0323867875401196
1.035588580291873
1.035588580291873
1.035588580291873
1.034563808888701
1.034563808888701
1.034563808888701
1.034563808888701
1.0365062481297938
1.0375120347361049
1.0375120347361049
1.0365421925476643
1.0365421925476643
1.0367320678296728
1.0381055859339305
1.0381055859339305
1.0398259893898372
1.0356369050081247
1.0356369050081247
1.0364095172875691
1.036040919437304
1.036040919437304
1.036417555534629
1.036417555534629
1.036417555534629
1.036417555534629
1.036417555534629
1.032911469790003
1.0327915990587482
1.0327915990587482
1.0348601752662716
1.035675818111276
1.034582661046038
1.0342977683232242
1.0376708793454528
1.0376708793454528
1.0376708793454528
1.0376708793454528
1.039884341133921
1.0377475263040077
1.0377475263040077
1.0377475263040077
1.0376757608725689
1.04047733560752
1.0392269222896449
1.0389047739799289
1.040316919880431
1.040316919880431
1.0368646597695639
1.0368646597695639
1.0368646597695639
1.0394185055517544
1.0394185055517544
1.0394185055517544
1.0396319655133304
1.0396319655133304
1.0373678538495783
1.0373678538495783
1.0373678538495783
1.0373678538495783
1.0377519973476248
1.0377519973476248
1.040421950492649
1.040421950492649
1.040421950492649
1.0364234413195776
1.0364234413195776
1.0351801414877035
1.0360737098482302
1.033437974288055
1.0382097369368235
1.0343214604088786
1.0343214604088786
1.033237207742634
1.033237207742634
1.031502680033285
1.031502680033285
1.031502680033285
1.031502680033285
1.031886260980228
1.031886260980228
1.031886260980228
1.031886260980228
1.031886260980228
1.0310348856654372
1.0310348856654372
1.0310348856654372
1.0308747082569425
1.0283109050600319
1.0291495726090616
1.0291495726090616
1.0303561910282022
1.0303561910282022
1.0303561910282022
1.0303561910282022
1.0320260851199268
1.0320260851199268
1.0317720462184812
1.0317720462184812
1.0331129920096644
1.0331129920096644
1.033461641702384
1.036274000746447
1.0342526137301224
1.034352504069511
1.034352504069511
1.034352504069511
1.034352504069511
1.0332885100694769
1.0332885100694769
1.0332885100694769
1.0334962493358726
1.0334962493358726
1.0334962493358726
1.0334962493358726
1.0344392105140825
1.0340083763410082
1.0340083763410082
1.0340083763410082
1.0340083763410082
1.0340083763410082
1.0347041891550224
1.0314267617294453
1.0314267617294453
1.0314267617294453
1.032876412774641
1.032876412774641
1.032876412774641
1.032876412774641
1.032876412774641
1.035533000880712
1.035533000880712
1.035533000880712
1.0317856877477136
1.0317284927350712
1.0317284927350712
1.0334051779697369
1.0334051779697369
1.0334051779697369
1.0334051779697369
1.0334051779697369
1.0334051779697369
1.0337669769481488
1.0337669769481488
1.0337669769481488
1.0337669769481488
1.0337669769481488
1.0317535855203768
1.0317535855203768
1.0317535855203768
1.0317535855203768
1.0317535855203768
1.0354159881930427
1.0354159881930427
1.0351550520234574
1.034706990368976
1.034706990368976
1.034706990368976
1.034706990368976
1.034706990368976
1.034706990368976
1.034706990368976
1.0355849337438285
1.0360807247907071
1.0360807247907071
1.0350142749264606
1.0316389731385351
1.0316389731385351
1.0316389731385351
1.032625588821099
1.032625588821099
1.032625588821099
1.032625588821099
1.032625588821099
1.034884015685672
1.0320625823119778
1.0320625823119778
1.0320625823119778
1.0320625823119778
1.0320625823119778
1.0320625823119778
1.0320625823119778
1.0320625823119778
1.0320625823119778
1.0320625823119778
1.0315508485020468
1.0315508485020468
1.0339588383404672
1.0335632780963993
1.0342863462369516
1.0337210842577076
1.0337210842577076
1.0337210842577076
1.0352728709943075
1.0352728709943075
1.0352728709943075
1.0378862517664815
1.0378862517664815
1.0378862517664815
1.0370260028379357
1.0347809683514562
1.0349107638975021
1.038605589328971
1.036852251266022
1.036852251266022
1.0356444060162844
1.0356444060162844
1.0356444060162844
1.0356444060162844
1.0356444060162844
1.0356444060162844
1.0356444060162844
1.0353892329516736
1.038088868023177
1.0376648439895848
1.0376648439895848
1.0376648439895848
1.0376648439895848
1.0370059065403454
1.0370059065403454
1.0370059065403454
1.0376547468293829
1.0376547468293829
1.0376547468293829
1.0376547468293829
1.0365619020857815
1.0365619020857815
1.0375627728507593
1.0375627728507593
1.0365505988110273
1.0365505988110273
1.0342627144373984
1.0347971788360386
1.0392048733538668
1.0401950112112974
1.0401950112112974
1.0401950112112974
1.0395710586909432
1.0395710586909432
1.0395710586909432
1.0397568605963874
1.0397568605963874
1.0397568605963874
1.0400700561658824
1.0391754239995326
1.0389809669459493
1.0389809669459493
1.0389809669459493
1.0389809669459493
1.0389809669459493
1.0389809669459493
1.0364092634193753
1.0371377327120943
1.0373603349489293
1.0347037241053518
1.0347037241053518
1.0347037241053518
1.0371094289840304
1.0369369140420068
1.0385897249156402
1.0385897249156402
1.0385897249156402
1.0385897249156402
1.0384183661700923
1.0384183661700923
1.0366396700575327
1.0366396700575327
1.0366396700575327
1.0366396700575327
1.0354099182296144
1.0354099182296144
1.0363558180035164
1.0358293793622504
1.0358293793622504
1.0358293793622504
1.035899793545402
1.035899793545402
1.035899793545402
1.0351555842345186
1.0351555842345186
1.0376858994906941
1.0376858994906941
1.0376858994906941
1.0376858994906941
1.0371756122547737
1.0372970004319781
1.0359849218135928
1.0375796155113852
1.0375796155113852
1.0367031881156004
1.0359626334324679
1.0359626334324679
1.0379631505669857
1.0375792177147314
1.0375792177147314
1.0375792177147314
1.0375792177147314
1.0375792177147314
1.0363554622427138
1.0371555401873764
1.0371555401873764
1.0371555401873764
1.0371555401873764
1.0317529433287198
1.03150311994358
1.03150311994358
1.03150311994358
1.03150311994358
1.0349085767176223
1.034522262900275
1.034522262900275
1.034522262900275
1.034522262900275
1.034522262900275
1.034522262900275
1.034522262900275
1.034522262900275
1.034522262900275
1.0292004675172146
1.0292004675172146
1.0301084283621307
1.0301084283621307
1.0301084283621307
1.0321247169856478
1.0328091772526222
1.0328091772526222
1.0328091772526222
1.0316709857412327
1.02848971187568
1.02848971187568
1.0264589219588014
1.0264589219588014
1.0264589219588014
1.028667774667527
1.0291952366297181
1.029906748112799
1.029906748112799
1.029906748112799
1.029906748112799
1.029906748112799
1.029906748112799
1.029906748112799
1.028727113763586
1.028727113763586
1.0296311416537127
1.0296311416537127
1.0304398204307506
1.0304398204307506
1.0291170573401438
1.0291170573401438
1.0291170573401438
1.0291170573401438
1.0291170573401438
1.0291170573401438
1.0291170573401438
1.0302262377169766
1.0302262377169766
1.0300823904943444
1.0299410101568867
1.0267036249284687
1.0267036249284687
1.0267036249284687
1.0285224199411889
1.026402474065375
1.026402474065375
1.0258598010198474
1.0258598010198474
1.0258598010198474
1.0258598010198474
1.0258598010198474
1.0252719889538353
1.029175698567749
1.029175698567749
1.03155748382283
1.03155748382283
1.0302244805757734
1.0302244805757734
1.0302244805757734
1.0273138349862954
1.0273138349862954
1.0273138349862954
1.031521170485956
1.0293169976600982
1.0311015370473866
1.0310019847702965
1.0289561872178021
1.0289561872178021
1.0289561872178021
1.0289561872178021
1.0277901890413208
1.0277901890413208
1.0277901890413208
1.0276329509206366
1.0285144304018834
1.0285144304018834
1.0275425505012254
1.0275425505012254
1.027821690824654
1.0306480832898266
1.0306480832898266
1.0286052559342993
1.02966044304809
1.0263491581514832
1.0263491581514832
1.0263491581514832
1.026215097154765
1.0277924780485144
1.0277924780485144
1.0300575394539468
1.0300575394539468
1.0300575394539468
1.0309994755921825
1.0309994755921825
1.028089486458482
1.0285559402427527
1.027293649122144
1.0263655050003824
1.0263655050003824
1.0263655050003824
1.0254577709089128
1.0254577709089128
1.0270323902909235
1.0270323902909235
1.0270323902909235
1.0279762216731552
1.0279762216731552
1.0279762216731552
1.0273201097901468
1.0273201097901468
1.0266206145361887
1.0280256902288363
1.0280256902288363
1.0280256902288363
1.0280256902288363
1.0264473089208495
1.0264473089208495
1.0254320955141696
1.0254320955141696
1.0262278409585248
1.0267726105119708
1.0267816241656487
1.0267816241656487
1.0267816241656487
1.0268853926300705
1.0268853926300705
1.0268853926300705
1.0268853926300705
1.0268853926300705
1.0266320613979816
1.0292359442576977
1.0292359442576977
1.0290382729032075
1.0290382729032075
1.027479383512463
1.027479383512463
1.027479383512463
1.0292063122053248
1.0257560401493782
1.0284965501790901
1.0284965501790901
1.027990262615508
1.029786124492554
1.029786124492554
1.0282789330650612
1.0283803126166173
1.0287228824955905
1.02822370724576
1.0277770015311345
1.027600202076635
1.027600202076635
1.027600202076635
1.027600202076635
1.031019392660102
1.03041281877909
1.03041281877909
1.0315678161326485
1.029878358777378
1.029878358777378
1.029878358777378
1.0290025642699885
1.0290025642699885
1.0290025642699885
1.0290025642699885
1.0290025642699885
1.0290025642699885
1.0294158582213677
1.0294158582213677
1.0294158582213677
1.0294158582213677
1.0294158582213677
1.0294158582213677
1.0294158582213677
1.0294158582213677
1.0290810462149313
1.0290810462149313
1.0290810462149313
1.027130882281111
1.027130882281111
1.027130882281111
1.0281075280704122
1.0281075280704122
1.0281075280704122
1.0281075280704122
1.0281075280704122
1.0281075280704122
1.0281075280704122
1.0281075280704122
1.0281075280704122
1.0281075280704122
1.0286188917714172
1.0286188917714172
1.0249788119763767
1.0249788119763767
1.0249788119763767
1.0249788119763767
1.0278687504695576
1.0278687504695576
1.0265914829442362
1.024430812889259
1.024430812889259
1.0240093076578238
1.0240093076578238
1.0240093076578238
1.0259724016213307
1.025659430628755
1.025659430628755
1.025659430628755
1.025659430628755
1.025659430628755
1.025659430628755
1.025659430628755
1.0293759006425804
1.0328798478355472
1.0328798478355472
1.0331285649051922
1.029832942883823
1.0296857425268546
1.0296857425268546
1.0296857425268546
1.0296857425268546
1.0282760647759495
1.0277382010957872
1.0294955119657572
1.0294955119657572
1.0294955119657572
1.027232604754297
1.027232604754297
1.027232604754297
1.027232604754297
1.027232604754297
1.027232604754297
1.027232604754297
1.0248437408397955
1.0256201060847774
1.0256201060847774
1.0256201060847774
1.0256201060847774
1.0255092724627073
1.0255092724627073
1.0255035514818596
1.0255035514818596
1.0255035514818596
1.0255035514818596
1.0258297791523368
1.025545959277851
1.025545959277851
1.0249315219585888
1.0252145034668891
1.0252145034668891
1.0252145034668891
1.0291777460353488
1.030180967731935
1.030180967731935
1.030180967731935
1.030180967731935
1.0323129339656447
1.030356313677824
1.030356313677824
1.030356313677824
1.030356313677824
1.0305395720046184
1.0305395720046184
1.0314125317343965
1.0309701132088493
1.0309701132088493
1.0309701132088493
1.029747107190026
1.029747107190026
1.029747107190026
1.0293864112158815
1.0293864112158815
1.0291971001427218
1.028849649258859
1.028849649258859
1.028878503907907
1.028878503907907
1.028878503907907
1.029099055583094
1.029099055583094
1.0293581683314197
1.0291217567902249
1.0291217567902249
1.0304407016614452
1.0324116705251396
1.0324116705251396
1.032017050948632
1.0335697705413243
1.0335697705413243
1.0335697705413243
1.033627425089134
1.033627425089134
1.0322349492321696
1.0328371851489997
1.03219367617051
1.03219367617051
1.0329289144874672
1.032079782889009
1.032079782889009
1.032079782889009
1.0314505168982537
1.0314505168982537
1.031423918644151
1.031423918644151
1.031423918644151
1.0294853056756001
1.0317823990962247
1.0317823990962247
1.0317823990962247
1.0315831181476076
1.0315831181476076
1.0314566287517104
1.0314566287517104
1.0298980069011832
1.0298980069011832
1.0298980069011832
1.0298980069011832
1.0298980069011832
1.028808598423805
1.028808598423805
1.0284226583891853
1.0294757435220911
1.0294757435220911
1.0294757435220911
1.0294757435220911
1.0294757435220911
1.0294757435220911
1.025749101342075
1.027526134462152
1.030326577151145
1.030993887983563
1.030993887983563
1.0314871076225456
1.0314871076225456
1.0314871076225456
1.03200741107117
1.030849461464147
1.0274531667635811
1.0274531667635811
1.0285536790522856
1.0308738646086113
1.03448613673557
1.0346929046707585
1.0338094694121829
1.0338094694121829
1.0338094694121829
1.0338094694121829
1.0360791334597157
1.0337411513629207
1.0337411513629207
1.0340474321080289
1.0340474321080289
1.0340474321080289
1.0340474321080289
1.0318066677029722
1.0314521171267819
1.0314521171267819
1.0314521171267819
1.0314521171267819
1.0314521171267819
1.033345584967282
1.0329465575457284
1.0349350745700134
1.0349350745700134
1.035720807993322
1.0352288647174333
1.0352288647174333
1.0332888550261368
1.0332888550261368
1.0332888550261368
1.0332888550261368
1.0332888550261368
1.0317065093216513
1.0296885029775908
1.0296885029775908
1.0299259453254248
1.0299259453254248
1.0293040718452473
1.0285909762794203
1.0245749114911273
1.0245749114911273
1.029747206766113
1.029747206766113
1.0282831463231557
1.0282831463231557
1.0282831463231557
1.0282831463231557
1.0282831463231557
1.0282831463231557
1.0282831463231557
1.0282831463231557
1.0301722513141882
1.0324275181281262
1.0324275181281262
1.0295955674784136
1.0282326925141156
1.0282326925141156
1.0282326925141156
1.0282326925141156
1.0282326925141156
1.0282326925141156
1.0282326925141156
1.0282326925141156
1.0273176967167048
1.0273176967167048
1.0275972845914578
1.0275972845914578
1.0275972845914578
1.0275972845914578
1.0282054409348107
1.0301195861326278
1.0294894948397764
1.0294894948397764
1.0294894948397764
1.0294894948397764
1.0294894948397764
1.0294894948397764
1.0294894948397764
1.0295850819806203
1.0295850819806203
1.0295850819806203
1.028529956258787
1.028529956258787
1.028935046738768
1.028935046738768
1.028935046738768
1.0292176142506857
1.0292176142506857
1.0310635080674415
1.0310635080674415
1.0314694380516145
1.0321322858370638
1.0319109588863622
1.0319109588863622
1.0319109588863622
1.0319109588863622
1.03135708190503
1.03135708190503
1.03135708190503
1.03135708190503
1.03135708190503
1.03135708190503
1.03135708190503
1.03135708190503
1.0343109434532378
1.0343109434532378
1.0343109434532378
1.0343109434532378
1.0343109434532378
1.03423888896609
1.03423888896609
1.0344039479137066
1.0344039479137066
1.0344039479137066
1.0344039479137066
1.0333235811595973
1.033618147392536
1.0332556966731155
1.0332556966731155
1.0332556966731155
1.0332409387322348
1.0332409387322348
1.0332409387322348
1.029664250691265
1.028786838173642
1.0322870990924644
1.0317296930164097
1.0317296930164097
1.0317296930164097
1.0315307180930482
1.0335190145460298
1.031230769110059
1.031230769110059
1.031230769110059
1.0327720881035378
1.0340981836325154
1.0340981836325154
1.0340981836325154
1.0363015444738488
1.0330902785213198
1.0330902785213198
1.0330902785213198
1.0330902785213198
1.0330902785213198
1.0329042790894778
1.0329042790894778
1.0329042790894778
1.0329042790894778
1.0329042790894778
1.0329042790894778
1.0329042790894778
1.0329042790894778
1.0316374003655544
1.0320842541223605
1.0320842541223605
1.032626044852539
1.0336650452290244
1.0336650452290244
1.034178711648505
1.033478201750602
1.0301821129400046
1.0301821129400046
1.0301821129400046
1.0301821129400046
1.0315180819074985
1.0315180819074985
1.0281027478246556
1.0281027478246556
1.0281027478246556
1.0281027478246556
1.0291086878972546
1.0291086878972546
1.0285312480730857
1.0288555847207976
1.0305093591127856
1.0299298835969581
1.0320086096439764
1.0306783453566732
1.0306783453566732
1.0306783453566732
1.0306783453566732
1.030062746392072
1.0316040088818954
1.032265715791162
1.032265715791162
1.032265715791162
1.0325639051098656
1.0325639051098656
1.0325639051098656
1.0325639051098656
1.0325639051098656
1.0319410653177654
1.0319410653177654
1.030444594898029
1.030949265056856
1.0298882263421052
1.0298882263421052
1.031669771783085
1.031669771783085
1.0322419160200509
1.0310540083304744
1.0310540083304744
1.0310540083304744
1.0310540083304744
1.0310540083304744
1.0286200941544952
1.0286200941544952
1.0286200941544952
1.0268955968356708
1.0300686554753338
1.0295226179940875
1.029079461432372
1.029079461432372
1.029079461432372
1.029079461432372
1.029079461432372
1.0306382457187113
1.0306382457187113
1.0334280581943704
1.034288374682357
1.033687164170773
1.0301863759205014
1.0301863759205014
1.031242187283778
1.031242187283778
1.034625933435922
1.034625933435922
1.034625933435922
1.0317733272362268
1.0317733272362268
1.0314134520625835
1.0330607324622998
1.0335927499702782
1.0335927499702782
1.0325567793126396
1.03258426512598
1.033968466274145
1.033968466274145
1.0335254778153673
1.0308926490730101
1.0294477969896039
1.0294477969896039
1.028643519507141
1.0299677101646398
1.0299677101646398
1.0299677101646398
1.0309350326107185
1.03056252492578
1.0275295962942257
1.0266337071492357
1.0266337071492357
1.0266337071492357
1.0266337071492357
1.0266337071492357
1.0266337071492357
1.0266337071492357
1.0266337071492357
1.0266337071492357
1.0266337071492357
1.0266337071492357
1.0266337071492357
1.027951958002383
1.0275724384786424
1.0275724384786424
1.0275724384786424
1.0279938234768267
1.0279938234768267
1.0279938234768267
1.0279938234768267
1.0279938234768267
1.0279938234768267
1.0279938234768267
1.0279938234768267
1.0305994076818519
1.0305994076818519
1.0305994076818519
1.0305994076818519
1.0305994076818519
1.0305994076818519
1.0305994076818519
1.0305994076818519
1.0305994076818519
1.0288170381952118
1.0288170381952118
1.0288170381952118
1.0282270444417723
1.0296269925403991
1.0295357684626547
1.0295357684626547
1.0305784603303214
1.0305784603303214
1.0305784603303214
1.0318145035384052
1.0318145035384052
1.0318145035384052
1.0305240202457495
1.0305240202457495
1.0305240202457495
1.0305240202457495
1.0300942859895261
1.0300942859895261
1.0300942859895261
1.0300942859895261
1.0307575520352803
1.0296810641390097
1.0296810641390097
1.0296810641390097
1.028736103551587
1.028736103551587
1.028736103551587
1.028736103551587
1.0284538989457417
1.0284538989457417
1.0284538989457417
1.0284538989457417
1.026438734402838
1.0265649092721068
1.0273661252287214
1.0249730623340052
1.0273937378370215
1.0273937378370215
1.0273937378370215
1.0273937378370215
1.0273937378370215
1.0276092537624495
1.0276092537624495
1.0276092537624495
1.0321299681777905
1.0299376346341749
1.0299376346341749
1.0299376346341749
1.0299376346341749
1.0299376346341749
1.0303172776991463
1.0303172776991463
1.0303172776991463
1.0303172776991463
1.0303172776991463
1.0303172776991463
1.0284419404450449
1.0290891089247407
1.0290891089247407
1.032116254473816
1.032116254473816
1.032116254473816
1.0322021075415724
1.0307968038919786
1.0307968038919786
1.0309129283722
1.0309129283722
1.0309129283722
1.0298849103769816
1.0298849103769816
1.0319052897165881
1.034151777114791
1.034151777114791
1.034151777114791
1.034151777114791
1.034151777114791
1.034151777114791
1.034151777114791
1.034151777114791
1.0317798469289485
1.0327179848056816
1.0327179848056816
1.0327179848056816
1.030704229701729
1.030704229701729
1.031014469237829
1.031014469237829
1.031014469237829
1.0300682949208297
1.0318786241408917
1.0296499812788862
1.0296499812788862
1.0296499812788862
1.0296499812788862
1.027538731254103
1.0271220217522004
1.029605118119582
1.030474506714234
1.030474506714234
1.030474506714234
1.030474506714234
1.030474506714234
1.030474506714234
1.030873832369121
1.030873832369121
1.030873832369121
1.030339166421615
1.028775632930706
1.0319171098869224
1.0322948281594624
1.030500364321776
1.030500364321776
1.030500364321776
1.030500364321776
1.030500364321776
1.030500364321776
1.0322283240944472
1.0322283240944472
1.0286449411602137
1.0277983680241671
1.0277983680241671
1.0277983680241671
1.0277983680241671
1.0277983680241671
1.0298947294667333
1.0283134631841815
1.0290747613699973
1.0301612455357054
1.0301612455357054
1.0303251188912679
1.0332867723379993
1.0332867723379993
1.0332867723379993
1.0309761965305757
1.0309761965305757
1.0309761965305757
1.0309761965305757
1.0302402452647033
1.0302685807628114
1.0302685807628114
1.0302685807628114
1.0302685807628114
1.0308647299315283
1.0315743850058552
1.0298565686345165
1.0298565686345165
1.0298565686345165
1.0304179560857436
1.0317451717622494
1.0317451717622494
1.0317451717622494
1.0317451717622494
1.0309877723325613
1.0309877723325613
1.0309877723325613
1.0310079204622713
1.0310079204622713
1.031571436909338
1.0320213144667283
1.0320213144667283
1.0320213144667283
1.0320213144667283
1.0320213144667283
1.0320213144667283
1.0320213144667283
1.0320213144667283
1.0331278621337485
1.0331278621337485
1.0331787277954854
1.031000423461018
1.0301685929629518
1.029705611581358
1.02855709478207
1.02855709478207
1.0265900663942644
1.0265900663942644
1.026704301322476
1.026704301322476
1.026206848900875
1.026206848900875
1.026206848900875
1.026206848900875
1.026206848900875
1.0274938389727464
1.0274938389727464
1.0274938389727464
1.0274938389727464
1.0274938389727464
1.0274938389727464
1.0274938389727464
1.0252976970349987
1.0252976970349987
1.0252976970349987
1.027415738801112
1.027415738801112
1.030146748465494
1.0299377105821192
1.0299377105821192
1.0299377105821192
1.0306962339153676
1.0306962339153676
1.0306962339153676
1.0306962339153676
1.0306962339153676
1.0306962339153676
1.0306962339153676
1.0306962339153676
1.0337966629642024
1.0336803050051946
1.032549703754854
1.032623649027619
1.0335005304264828
1.0340929777388053
1.034083129215062
1.034083129215062
1.034083129215062
1.034083129215062
1.034083129215062
1.033179480509944
1.033179480509944
1.033803980865514
1.0316953471037535
1.0324008560493483
1.031769189831674
1.031769189831674
1.031769189831674
1.031769189831674
1.031769189831674
1.031769189831674
1.031769189831674
1.0305513965362385
1.0308794148502054
1.0299708551958802
1.0299708551958802
1.0299708551958802
1.0281357476574977
1.0281357476574977
1.0281357476574977
1.0285959733469767
1.0285959733469767
1.0289305388972347
1.0289305388972347
1.0289305388972347
1.0289305388972347
1.0289305388972347
1.0289305388972347
1.0304218356699588
1.0304218356699588
1.0304218356699588
1.0304218356699588
1.0292932938679562
1.0292932938679562
1.0292932938679562
1.030809051449459
1.030809051449459
1.030809051449459
1.0308038732954314
1.0294018605351762
1.0294018605351762
1.0294018605351762
1.0309930793167672
1.0309930793167672
1.0330613661198016
1.0330613661198016
1.0303186005525609
1.0299932011761923
1.0282173823298084
1.0268281342142345
1.0268281342142345
1.0268281342142345
1.0268281342142345
1.0268281342142345
1.0263144311035215
1.0263144311035215
1.0263144311035215
1.0263144311035215
1.0277039219128365
1.0277039219128365
1.0277039219128365
1.0277039219128365
1.0277039219128365
1.0264167899107413
1.0264167899107413
1.031537729394073
1.027603663930169
1.0276346048855258
1.0275234477456534
1.0275234477456534
1.0275234477456534
1.0293287638614037
1.0293287638614037
1.0293287638614037
1.0293287638614037
1.0293287638614037
1.0293287638614037
1.0293287638614037
1.027805206548114
1.0290152223872768
1.0292074589086402
1.0274941717356851
1.0274941717356851
1.0274941717356851
1.0272756040894795
1.0272756040894795
1.027895546692049
1.027895546692049
1.027895546692049
1.027895546692049
1.0290791091100775
1.029718041497929
1.0296856127824343
1.0296856127824343
1.0297650369338844
1.0297650369338844
1.0297650369338844
1.0291067913959646
1.0291067913959646
1.029712186973605
1.0281392730909413
1.026734787461003
1.0275635972906985
1.0275635972906985
1.0292862845498851
1.0292862845498851
1.0292862845498851
1.0292862845498851
1.0305231905961478
1.0305231905961478
1.0305231905961478
1.0305231905961478
1.032439064206887
1.0326270166604465
1.0325511392138582
1.0326169490535495
1.0326169490535495
1.0326169490535495
1.0326169490535495
1.0326169490535495
1.0326169490535495
1.0326169490535495
1.033849727632608
1.033849727632608
1.033849727632608
1.0343743846486937
1.0340634325653604
1.0352166579954933
1.0348955502662798
1.036587415477778
1.034395269014451
1.034395269014451
1.034395269014451
1.034115332623493
1.034115332623493
1.0346915781690071
1.0338295156368964
1.0334291485947262
1.0342247432812237
1.0333136687164666
1.0333136687164666
1.0345121101105574
1.0345121101105574
1.0330197759459634
1.0319942597077665
1.0319942597077665
1.0334660262625042
1.0334660262625042
1.0334660262625042
1.0308381789702934
1.0308381789702934
1.0308381789702934
1.0306851424154606
1.0312246471433717
1.0308797217571726
1.0326910745955082
1.0326910745955082
1.0326931207223793
1.0326931207223793
1.0326931207223793
1.0326931207223793
1.0326931207223793
1.0326931207223793
1.034146159133949
1.0362593007521574
1.0362593007521574
1.0357660668951572
1.0357660668951572
1.0357660668951572
1.0379390040517815
1.0367368551558467
1.0367368551558467
1.0373511035987206
1.038165861722013
1.0378060428983131
1.0378060428983131
1.0378060428983131
1.0378060428983131
1.0378060428983131
1.0385259811401106
1.0390013373585476
1.0390013373585476
1.0388985732496192
1.0388985732496192
1.0367913266530973
1.0367368559082653
1.0367368559082653
1.0367368559082653
1.0367368559082653
1.0394353559576102
1.04085923483118
1.0401455187890452
1.0401455187890452
1.038194764370579
1.0358468101488505
1.0355493574652002
1.0355493574652002
1.0355493574652002
1.0339289108447804
1.0339289108447804
1.0339289108447804
1.0339289108447804
1.0345797902851486
1.0345797902851486
1.03611935664444
1.03611935664444
1.03611935664444
1.03611935664444
1.0355269276954002
1.0355269276954002
1.0355269276954002
1.0355269276954002
1.0355269276954002
1.0355269276954002
1.0355269276954002
1.0337213428554155
1.035004092021957
1.035004092021957
1.0343655511237988
1.0343655511237988
1.0343655511237988
1.0343655511237988
1.0302516705448372
1.0285045054661603
1.0275283307025382
1.0275283307025382
1.0275283307025382
1.0275283307025382
1.0284363285632996
1.02931473486018
1.0299123933845145
1.0299123933845145
1.0309963934323205
1.0311003417873763
1.0311003417873763
1.0311003417873763
1.0311003417873763
1.0311003417873763
1.0283558367810517
1.0283558367810517
1.0283558367810517
1.0283558367810517
1.0284629146641877
1.0286724797110511
1.0286724797110511
1.0286724797110511
1.0286724797110511
1.0286724797110511
1.0289264181988413
1.0289264181988413
1.0289264181988413
1.0289264181988413
1.0289264181988413
1.028338385022295
1.033282701074434
1.033282701074434
1.033282701074434
1.0270774023822862
1.0300907408619784
1.0300907408619784
1.0300907408619784
1.0300907408619784
1.0300907408619784
1.0300907408619784
1.0277617717060035
1.0277617717060035
1.0277617717060035
1.0277617717060035
1.029748882353438
1.029748882353438
1.029748882353438
1.029748882353438
1.030667590324269
1.030667590324269
1.030667590324269
1.030667590324269
1.030667590324269
1.030667590324269
1.030667590324269
1.030667590324269
1.030667590324269
1.030667590324269
1.030667590324269
1.030667590324269
1.0288325994903624
1.0284457030640644
1.0284457030640644
1.0298820960851829
1.0298820960851829
1.0298820960851829
1.0302223479071408
1.0302223479071408
1.0302223479071408
1.0302223479071408
1.0302223479071408
1.0286087317475954
1.0276890737469329
1.0280448002957139
1.0276122508668208
1.0276122508668208
1.0272612184501415
1.0272612184501415
1.0299399089956203
