0.9399627552110355
0.9399627552110355
0.9399627552110355
0.9399627552110355
0.9399627552110355
0.9399627552110355
0.9399627552110355
0.9399627552110355
0.9399627552110355
0.9399627552110355
0.9399627552110355
0.9399627552110355
0.9399627552110355
0.9399627552110355
0.9399627552110355
0.9399627552110355
0.9399627552110355
0.9399627552110355
0.9399627552110355
0.9399627552110355
0.9399627552110355
0.9399627552110355
0.9399627552110355
0.9399627552110355
0.9399627552110355
0.9399627552110355
0.9399627552110355
0.9399627552110355
0.9399627552110355
0.9399627552110355
0.9399627552110355
0.9399627552110355
0.9399627552110355
0.9399627552110355
0.9399627552110355
0.9399627552110355
0.9399627552110355
0.9399627552110355
0.9399627552110355
0.9399627552110355
0.9399627552110355
0.9399627552110355
0.9399627552110355
0.9399627552110355
0.9399627552110355
0.9399627552110355
0.9399627552110355
0.9399627552110355
0.9399627552110355
0.9399627552110355
0.9399627552110355
0.9399627552110355
0.9399627552110355
0.9399627552110355
0.9399627552110355
0.9399627552110355
0.9399627552110355
0.9399627552110355
0.9399627552110355
0.9399627552110355
0.9399627552110355
0.9399627552110355
0.9399627552110355
0.9399627552110355
0.9399627552110355
0.9399627552110355
0.9399627552110355
0.9399627552110355
0.9399627552110355
0.9399627552110355
0.9399627552110355
0.9399627552110355
0.9399627552110355
0.9399627552110355
0.9399627552110355
0.9399627552110355
0.9399627552110355
0.9399627552110355
0.9399627552110355
0.9399627552110355
0.9399627552110355
0.9399627552110355
0.9399627552110355
0.9399627552110355
0.9399627552110355
0.9399627552110355
0.9399627552110355
0.9399627552110355
0.9399627552110355
0.9399627552110355
0.9399627552110355
0.9399627552110355
0.9399627552110355
0.9399627552110355
0.9399627552110355
0.9399627552110355
0.9399627552110355
0.9399627552110355
0.9399627552110355
0.9375912446299611
0.9375912446299611
0.9361039797259851
0.9384611748495737
0.9391770774134859
0.9412486491569085
0.9412486491569085
0.9412486491569085
0.9412486491569085
0.9412486491569085
0.9417611571817027
0.9417611571817027
0.9417611571817027
0.9417611571817027
0.9417611571817027
0.9417611571817027
0.9417611571817027
0.9417611571817027
0.9417611571817027
0.9417611571817027
0.9417611571817027
0.9417611571817027
0.9433452230178092
0.9463066552829599
0.9463066552829599
0.9463066552829599
0.9477771539200917
0.9457023418379558
0.9457023418379558
0.9457023418379558
0.9457023418379558
0.9457023418379558
0.9447343006924953
0.9447343006924953
0.9447343006924953
0.9447343006924953
0.9459112533302582
0.9462930096894655
0.9459018911913005
0.9459018911913005
0.9505829316248747
0.9518645980619572
0.9518645980619572
0.9518645980619572
0.9518645980619572
0.9518645980619572
0.9518645980619572
0.9522903113258038
0.9522903113258038
0.9524518768975161
0.9524518768975161
0.9503874991015415
0.9503874991015415
0.9494522615093088
0.9490709810706268
0.9501210128932156
0.9496563005441937
0.9496563005441937
0.9496563005441937
0.95083205192041
0.9530657963801058
0.9530657963801058
0.9530657963801058
0.9530657963801058
0.9568241374296304
0.9576841367909096
0.9576841367909096
0.9592624628928927
0.9592624628928927
0.9615684382009276
0.9617842697120762
0.9617842697120762
0.9617842697120762
0.960713135984648
0.960713135984648
0.9625742863093363
0.9638272343771519
0.9634932627772896
0.9624739627470376
0.965279244196896
0.967547862343049
0.9681136487932517
0.9697919674804044
0.9721898705508962
0.9721898705508962
0.970854648056851
0.970854648056851
0.970854648056851
0.9716612565500217
0.9716612565500217
0.9724891104738352
0.9710032184812444
0.9710032184812444
0.9762466870573172
0.9764672258554956
0.9778790710491393
0.9776116896402436
0.9776116896402436
0.9778729541851641
0.9778729541851641
0.9778729541851641
0.979940719100529
0.981315400195191
0.9823844802728016
0.9823844802728016
0.9823844802728016
0.9859453727212316
0.9860655197806446
0.9898922068179379
0.9898922068179379
0.9898922068179379
0.9902185056403877
0.990886705423263
0.990886705423263
0.9935026298326456
0.9935026298326456
0.9966304129886151
0.9966027516004599
1.0013731081497654
1.0025236404618834
1.0025236404618834
1.0025236404618834
1.003694297314778
1.0095994895798701
1.01076128393589
1.011564525124708
1.0091389748589459
1.010055576745804
1.010055576745804
1.010055576745804
1.010055576745804
1.010055576745804
1.0110645119530561
1.0110645119530561
1.0110645119530561
1.014358590934486
1.012458711681031
1.014059862146566
1.014059862146566
1.0140376924164929
1.0174974913843553
1.0170100183278612
1.0170100183278612
1.019549481435372
1.019549481435372
1.019549481435372
1.019549481435372
1.0191732379109366
1.0171042799668835
1.0171042799668835
1.0171042799668835
1.0167467247144495
1.0144288175470826
1.0144288175470826
1.0144288175470826
1.0171501669095424
1.018139169777708
1.018139169777708
1.0171279927162993
1.0171279927162993
1.0181785811440052
1.0181785811440052
1.0209247365404728
1.0209247365404728
1.0209247365404728
1.0209247365404728
1.0209247365404728
1.0209247365404728
1.0204351408788273
1.0204351408788273
1.0197301679237187
1.0197301679237187
1.0161904155675638
1.0174891069964969
1.0153241771747272
1.0153241771747272
1.0153241771747272
1.0153241771747272
1.0153241771747272
1.020230945954669
1.0216207608719345
1.0192941848824257
1.019078495727682
1.020510350458401
1.0219816523401246
1.0219816523401246
1.0219816523401246
1.021170330826131
1.021170330826131
1.021170330826131
1.0211000708125892
1.0211000708125892
1.0211000708125892
1.0250293287202257
1.024698008025059
1.02085720315024
1.02085720315024
1.02085720315024
1.02085720315024
1.0205583585809685
1.0194741755601961
1.0194741755601961
1.0194741755601961
1.0196902734414668
1.019188237529337
1.018695290254325
1.018695290254325
1.018695290254325
1.0207475747030728
1.0207475747030728
1.0207475747030728
1.0203818789334307
1.01991557659519
1.0199795993767071
1.0199795993767071
1.0196390723720368
1.0196390723720368
1.0196390723720368
1.0196390723720368
1.0222523131942491
1.0249827216837384
1.0249827216837384
1.0262318289391599
1.0244057588483888
1.0236331147033448
1.0256973403116316
1.0256973403116316
1.0256973403116316
1.026005378521653
1.026005378521653
1.0271973508225507
1.0274007181249116
1.0274007181249116
1.0272941324770957
1.0273258478765752
1.028014283520225
1.0269353630313656
1.0277763884251883
1.0277763884251883
1.0277763884251883
1.0277763884251883
1.0245809711969311
1.0245809711969311
1.0272934582500381
1.026485018702464
1.026485018702464
1.026485018702464
1.0249799911875004
1.0266045458873383
1.0266045458873383
1.02343317964728
1.0266020456802418
1.0266020456802418
1.0240114693317697
1.0227056840451008
1.0227056840451008
1.0227056840451008
1.0227641175321003
1.0227641175321003
1.0227641175321003
1.0227641175321003
1.0253507516677032
1.0253507516677032
1.0240994482432524
1.023118622826549
1.023118622826549
1.023118622826549
1.023118622826549
1.023118622826549
1.023118622826549
1.023118622826549
1.0221067797484313
1.0240934145187688
1.0242599658278073
1.023517304769085
1.023517304769085
1.023517304769085
1.0256913237820748
1.0251802448339766
1.0266837705397496
1.0266837705397496
1.0266837705397496
1.0266837705397496
1.0266837705397496
1.02568232747524
1.0239944329181072
1.0239944329181072
1.0239944329181072
1.0244567182454984
1.0244567182454984
1.0235418103968519
1.0235418103968519
1.025344359917951
1.0258896796099135
1.0247791590789561
1.0247791590789561
1.0247791590789561
1.02386425794282
1.02386425794282
1.02386425794282
1.0272603465667147
1.0272603465667147
1.0272603465667147
1.0266542619891064
1.027840197377457
1.0245361078238513
1.0245361078238513
1.023713895493457
1.0246211344885632
1.0246211344885632
1.0246211344885632
1.0246211344885632
1.0246211344885632
1.0246211344885632
1.0246211344885632
1.0246211344885632
1.0264149323107814
1.0264149323107814
1.0264149323107814
1.0264149323107814
1.0264149323107814
1.0264149323107814
1.0280804532088985
1.0280804532088985
1.025061704585649
1.025061704585649
1.025061704585649
1.025061704585649
1.025061704585649
1.0252971974881937
1.025549067212109
1.025549067212109
1.025549067212109
1.025549067212109
1.025549067212109
1.025549067212109
1.025549067212109
1.025549067212109
1.025549067212109
1.025549067212109
1.027136734272794
1.027136734272794
1.027136734272794
1.0270484787574528
1.024534285552364
1.0254034013844062
1.0256345828918128
1.0263616538125513
1.027378485930733
1.027378485930733
1.027378485930733
1.027378485930733
1.028442231862162
1.028442231862162
1.0298228138160788
1.0298228138160788
1.0298228138160788
1.027750481442048
1.027750481442048
1.027221539737785
1.027221539737785
1.0301986666466152
1.0301986666466152
1.0309073207998853
1.0309073207998853
1.0314138077694242
1.0309305466364727
1.0321837828703255
1.0293788944496247
1.027538072866478
1.027538072866478
1.027538072866478
1.027168176036978
1.027168176036978
1.027168176036978
1.027168176036978
1.0284326272473956
1.0284326272473956
1.0284326272473956
1.0284326272473956
1.029619683978753
1.029619683978753
1.029619683978753
1.029619683978753
1.029619683978753
1.029619683978753
1.029619683978753
1.029619683978753
1.029816195760525
1.0303180129563552
1.0300360944303122
1.0286889862005602
1.0286889862005602
1.0285058232788504
1.0291735872526098
1.0291735872526098
1.0291735872526098
1.0291735872526098
1.0291988098854332
1.0291988098854332
1.0286785930215996
1.0285334847747238
1.0285334847747238
1.0285334847747238
1.0285334847747238
1.0289715111379778
1.028005538650093
1.0268384007837574
1.0268384007837574
1.0268384007837574
1.0268384007837574
1.0255671652562974
1.0255671652562974
1.0254144868432264
1.0248670302798824
1.0225235026510873
1.02500443033747
1.02500443033747
1.0246325491901787
1.022443716744063
1.022443716744063
1.022443716744063
1.022443716744063
1.023097881676828
1.0215269700494394
1.0215269700494394
1.0215269700494394
1.0215269700494394
1.0215269700494394
1.0215269700494394
1.0215269700494394
1.0215269700494394
1.0209731578585564
1.02455193378851
1.02455193378851
1.022748353049374
1.022748353049374
1.022748353049374
1.022748353049374
1.022748353049374
1.0235751954883496
1.0235751954883496
1.0257311612429583
1.0257311612429583
1.0257311612429583
1.0257311612429583
1.0257311612429583
1.0257311612429583
1.0257311612429583
1.0257311612429583
1.0257311612429583
1.0257311612429583
1.0262137656801107
1.0262137656801107
1.0262137656801107
1.0261402857512727
1.0240708970297892
1.0240708970297892
1.024563770067485
1.024563770067485
1.024563770067485
1.0260045240601958
1.024584884687739
1.0247345569638446
1.0253154046166764
1.0253154046166764
1.0253024495563798
1.0274070573608831
1.0274070573608831
1.027016288437755
1.027016288437755
1.027016288437755
1.027016288437755
1.0279833655676172
1.0279833655676172
1.0300887994999919
1.029818962609125
1.0270149955921115
1.0288600645214172
1.0288600645214172
1.0285355366995796
1.0285355366995796
1.0285355366995796
1.0285355366995796
1.0272340352045843
1.0271252445481946
1.0271252445481946
1.0271252445481946
1.0298454151210565
1.029299862542193
1.029299862542193
1.029299862542193
1.0294252503828238
1.0277059200061107
1.0277059200061107
1.0280839769153134
1.0280839769153134
1.0280839769153134
1.0280839769153134
1.0280839769153134
1.0297827774221242
1.027477022557591
1.0261085315130014
1.0261085315130014
1.0261085315130014
1.0261085315130014
1.0261085315130014
1.0261085315130014
1.024616930595127
1.0248152006631404
1.0255865825176531
1.0279933203591516
1.028255010478383
1.028255010478383
1.028255010478383
1.0277562909446
1.0277562909446
1.0277562909446
1.0277562909446
1.0277562909446
1.0262156011454233
1.0266366486751373
1.0266366486751373
1.0264458573503261
1.0264458573503261
1.026586893003374
1.0259068382527015
1.0236533068182592
1.0236533068182592
1.0236533068182592
1.0222250377755648
1.0219986425696639
1.02435337430082
1.02435337430082
1.0246012578235455
1.0246012578235455
1.0225748422703487
1.0212063053684852
1.0218655692102856
1.0218655692102856
1.0218655692102856
1.022386834471984
1.022386834471984
1.022386834471984
1.022386834471984
1.0245863166529945
1.0245863166529945
1.0245863166529945
1.0232119105450037
1.023384004780536
1.0224575300382295
1.0224575300382295
1.0236412372375232
1.0245042935964364
1.0264954211096058
1.0264954211096058
1.0264954211096058
1.0264954211096058
1.0264954211096058
1.0264954211096058
1.0264954211096058
1.0277622541139286
1.0257995457478404
1.0271898356926967
1.0256714390799688
1.027105792493228
1.0253262357289885
1.0251739870837178
1.0251739870837178
1.0266969842294629
1.0266969842294629
1.0266969842294629
1.0266969842294629
1.0288765879406476
1.0274496807692983
1.0274496807692983
1.0274496807692983
1.0269891553882793
1.0256478494901446
1.0256478494901446
1.025321531188838
1.025321531188838
1.025321531188838
1.0279298127683743
1.028060340595173
1.026498157558832
1.026498157558832
1.0282901591719098
1.0282901591719098
1.0282901591719098
1.0288903644668985
1.0288903644668985
1.0288903644668985
1.027431648456194
1.027431648456194
1.0306074325073253
1.0301024696573482
1.0301024696573482
1.0317101890505018
1.0354842425068076
1.0354842425068076
1.036079793709911
1.036079793709911
1.0355950532479845
1.0355950532479845
1.0354693564947848
1.0354693564947848
1.0354693564947848
1.0354693564947848
1.0354693564947848
1.0354693564947848
1.0354693564947848
1.0317097588475792
1.0317097588475792
1.0317097588475792
1.0303562447905317
1.0303562447905317
1.0304922571251218
1.0304922571251218
1.0304922571251218
1.0304922571251218
1.0304922571251218
1.0327720759749268
1.0327720759749268
1.0321039990982568
1.0313052234682425
1.0313052234682425
1.0313052234682425
1.0313052234682425
1.0313052234682425
1.031977266700375
1.031977266700375
1.031977266700375
1.031977266700375
1.031977266700375
1.0311833936425163
1.0311833936425163
1.0313958107180399
1.0313958107180399
1.034099426429198
1.034099426429198
1.0318925691275063
1.032473733795587
1.032473733795587
1.032473733795587
1.0323984062509137
1.0323984062509137
1.0323984062509137
1.0323984062509137
1.0323984062509137
1.0314241632974288
1.0314241632974288
1.0314241632974288
1.0314241632974288
1.0314054342630854
1.0314054342630854
1.0314054342630854
1.0314054342630854
1.0314054342630854
1.0314054342630854
1.0314054342630854
1.0314054342630854
1.0324501650221334
1.0319511706896778
1.0319511706896778
1.0319511706896778
1.0319511706896778
1.028975775989867
1.028975775989867
1.028975775989867
1.028975775989867
1.0302157297090715
1.0302157297090715
1.0302157297090715
1.0275010264179272
1.0275010264179272
1.0286566417574354
1.0291860387440033
1.0281315130003468
1.0281315130003468
1.0281315130003468
1.0281315130003468
1.0281315130003468
1.0266993133704254
1.0269314630696078
1.029833182247229
1.029833182247229
1.0293040207489221
1.0293040207489221
1.031218865678134
1.0320822686572217
1.0320822686572217
1.0320822686572217
1.0320822686572217
1.0320822686572217
1.0322422352180334
1.03165820630105
1.03165820630105
1.03165820630105
1.0305372302182327
1.0335740324798832
1.0335740324798832
1.0324230124331526
1.0328547818808627
1.0325043505262432
1.0322878050117972
1.0322878050117972
1.0327012794695012
1.0328925559264632
1.0327781291206801
1.0327781291206801
1.0333191447408903
1.0306399181702555
1.0306399181702555
1.029124253599496
1.029124253599496
1.0302767146089236
1.0302767146089236
1.0302767146089236
1.0302767146089236
1.0302767146089236
1.0302767146089236
1.0302767146089236
1.0285181564531016
1.0261682823119256
1.0261682823119256
1.024703581255061
1.026519228311292
1.0270872019849642
1.0231212224052406
1.0231298118618888
1.0231298118618888
1.0231298118618888
1.026102431419469
1.026102431419469
1.026102431419469
1.027500508446374
1.0293312396832683
1.0288137358360543
1.0295857952983292
1.0287507146178891
1.0287507146178891
1.0287507146178891
1.0287507146178891
1.0287507146178891
1.0275083409610455
1.0275083409610455
1.0275317442207528
1.0275317442207528
1.0275317442207528
1.0283070879377514
1.0283070879377514
1.0283070879377514
1.0283070879377514
1.0270420844115697
1.0270420844115697
1.0272452571170283
1.0293655081899258
1.0286611329867805
1.0286611329867805
1.0286611329867805
1.0286611329867805
1.0286611329867805
1.0286611329867805
1.0286611329867805
1.0269414490997801
1.0269414490997801
1.0269414490997801
1.0272938022659128
1.0272938022659128
1.0274436828833269
1.0274436828833269
1.0311664941871341
1.0295984682826809
1.0295984682826809
1.0295984682826809
1.0302037592215239
1.0302037592215239
1.0302037592215239
1.0302037592215239
1.0286638171910598
1.0286638171910598
1.0286638171910598
1.0286638171910598
1.0261928889057153
1.0261928889057153
1.0261928889057153
1.0265988107457427
1.0265988107457427
1.0265988107457427
1.0255303343591033
1.0255303343591033
1.0245283331648867
1.0242798255890797
1.0242798255890797
1.0242798255890797
1.0219254658523191
1.0219254658523191
1.0247583702347893
1.0247583702347893
1.0247583702347893
1.025566631703953
1.025566631703953
1.0256094969018323
1.0256094969018323
1.0256094969018323
1.0256094969018323
1.0258000582400115
1.0270191508517612
1.0268775530604768
1.026270241539096
1.026270241539096
1.0275344120000547
1.027520810665775
1.027520810665775
1.0240587577612157
1.0240587577612157
1.0240587577612157
1.0240587577612157
1.0220982773956642
1.0240607628382719
1.0268275843412815
1.0268275843412815
1.0258797492683895
1.0258797492683895
1.0258797492683895
1.0258797492683895
1.024218093000154
1.0238016272244055
1.0225800600819779
1.0225800600819779
1.0214226949989644
1.0214226949989644
1.0214226949989644
1.0217013850467629
1.0203524781126765
1.020111222283247
1.0181953384404399
1.0181953384404399
1.0181953384404399
1.0181953384404399
1.0164576367179343
1.0164576367179343
1.0189589410475612
1.0189589410475612
1.020409872774483
1.020409872774483
1.0183408191209282
1.018410481953068
1.0189790171994095
1.0189790171994095
1.0215110306049426
1.0210874784894823
1.0217018156011475
1.0217018156011475
1.0217138137515294
1.0180145638366158
1.0173120296282412
1.0151543151966493
1.0151543151966493
1.0172786156891662
1.0172786156891662
1.015563332901431
1.0135450804649007
1.0121811458329755
1.0125529802833753
1.0125529802833753
1.0125529802833753
1.0125529802833753
1.0122327818571335
1.0122327818571335
1.0122327818571335
1.0117703165825878
1.0093967819377252
1.0105131730253019
1.0113921731429096
1.011956526385566
1.011956526385566
1.0144426393035069
1.0165339856371782
1.0144562276660096
1.0140677205928086
1.0140677205928086
1.0150357460961725
1.0150435694424957
1.0150435694424957
1.0150435694424957
1.0123477766160647
1.0123477766160647
1.0123477766160647
1.012363861587074
1.012363861587074
1.0151181987073123
1.0141548664921494
1.0141548664921494
1.0141548664921494
1.0144953561663888
1.01673548974775
1.0182362589408749
1.0172729535442204
1.0172729535442204
1.0172729535442204
1.0172729535442204
1.0172729535442204
1.019193961865551
1.0215196050729132
1.0215196050729132
1.0202779802482789
1.0202779802482789
1.0204325182026317
1.0204325182026317
1.0217383475525867
1.0217383475525867
1.02269532490249
1.02269532490249
1.0216891582179803
1.0203587762871233
1.0226154054583514
1.0226154054583514
1.0216897089039811
1.0216897089039811
1.0216897089039811
1.0216897089039811
1.0216897089039811
1.0216897089039811
1.0213710430940892
1.022416640098586
1.0198130493881445
1.0217075635164103
1.0217075635164103
1.0214790492968049
1.0214790492968049
1.0211892196570744
1.0211892196570744
1.0211892196570744
1.022811675364076
1.021706116567489
1.0216899988400603
1.0214517808227939
1.0214517808227939
1.0214517808227939
1.022211156104596
1.022211156104596
1.0227083431551216
1.0227083431551216
1.0227083431551216
1.0227772113060214
1.0227772113060214
1.0219400394955809
1.0219400394955809
1.0216862946951475
1.02132703899813
1.0247796047758662
1.0248186826275314
1.0248186826275314
1.023372372583436
1.025440481910292
1.025440481910292
1.025440481910292
1.025440481910292
1.0245926174467617
1.023193093228527
1.023193093228527
1.023193093228527
1.0252835312904665
1.0252835312904665
1.022765035381899
1.0233059341261264
1.0233059341261264
1.0251956040065442
1.0251956040065442
1.0251956040065442
1.0256029290502384
1.023327803482981
1.023327803482981
1.023327803482981
1.023327803482981
1.021914535956057
1.021914535956057
1.026845761939295
1.0258696075596547
1.0258696075596547
1.0246130953101595
1.0246130953101595
1.0254167346540222
1.027043058946196
1.0259930810460303
1.0259930810460303
1.0250328600003427
1.0250328600003427
1.0250328600003427
1.0285121491530673
1.028998364014233
1.028998364014233
1.028998364014233
1.028998364014233
1.0271832802545453
1.0271832802545453
1.0271659649741243
1.0271659649741243
1.0271659649741243
1.0291597582306182
1.0291597582306182
1.0307545295278984
1.0307545295278984
1.0307545295278984
1.0307545295278984
1.0307545295278984
1.029783705019985
1.029783705019985
1.025919679101631
1.025482387663119
1.0255498209780876
1.0244512648904187
1.0263227870078222
1.0263227870078222
1.0263227870078222
1.026108376328857
1.026108376328857
1.026108376328857
1.025962923113789
1.025962923113789
1.0263278288839377
1.0252476754325657
1.0252476754325657
1.0252476754325657
1.0252476754325657
1.025276213057173
1.025276213057173
1.025276213057173
1.0253460945194637
1.0253460945194637
1.0253460945194637
1.0253460945194637
1.0253460945194637
1.0253460945194637
1.0253460945194637
1.0259695730483975
1.0259695730483975
1.0259695730483975
1.0259695730483975
1.0235959621637947
1.0235959621637947
1.0229063833533232
1.0229063833533232
1.0243558354151505
1.0247109871457045
1.0247109871457045
1.0247109871457045
1.0283117803392505
1.0260095218575893
1.0260095218575893
1.026424649786325
1.026424649786325
1.0245439010742317
1.024933312675673
1.023925973326875
1.0241091332056484
1.023452757519937
1.021158909973773
1.021158909973773
1.021158909973773
1.021158909973773
1.0207648320744156
1.0239874337648598
1.0239874337648598
1.023566154120083
1.0257422639452685
1.0257422639452685
1.0257422639452685
1.0258478971646035
1.0258478971646035
1.0258478971646035
1.0267576319952367
1.0267576319952367
1.0267576319952367
1.0272893159893164
1.0248917190256563
1.0248917190256563
1.0248917190256563
1.0282137744550657
1.0282137744550657
1.027106248050114
1.0264052627862739
1.0264052627862739
1.0267105236399512
1.0267105236399512
1.0289561876442772
1.0289561876442772
1.0313983741345114
1.0313983741345114
1.0267854151421236
1.0267854151421236
1.0254217147426594
1.0254217147426594
1.0254217147426594
1.0241676947281046
1.0241676947281046
1.024054952833233
1.024054952833233
1.0216082946301375
1.0231642775529066
1.0231642775529066
1.0241699216165634
1.0239437065225343
1.0239437065225343
1.0239437065225343
1.0239437065225343
1.0238142074784276
1.0238142074784276
1.0238142074784276
1.0225435269728733
1.0253976288525328
1.0239134016951275
1.0233769721758164
1.0218808047818946
1.0218808047818946
1.0214439942912148
1.0214439942912148
1.0214439942912148
1.0213312293717904
1.0221268032402835
1.0255485568397795
1.023999723382424
1.023999723382424
1.0227059537806111
1.0227059537806111
1.0227059537806111
1.0227059537806111
1.022974348575454
1.022974348575454
1.0214155274973153
1.0239939777120661
1.025035507508983
1.025035507508983
1.025035507508983
1.025271284755136
1.025271284755136
1.025271284755136
1.024696918631919
1.024696918631919
1.0275383369281887
1.027774921052229
1.0272185161617071
1.0302624332631676
1.0302624332631676
1.0302624332631676
1.0297476325365245
1.0311592992375194
1.0297515807428768
1.0297573676725666
1.0297573676725666
1.0297573676725666
1.0297573676725666
1.027543533508493
1.027543533508493
1.0291385356393852
1.0293075839946972
1.0250933437017318
1.0250933437017318
1.0250933437017318
1.0277067408886076
1.0277067408886076
1.0277067408886076
1.0299595932408954
1.0301947192347314
1.0301947192347314
1.0299375268220816
1.0299375268220816
1.0299375268220816
1.0299375268220816
1.0285016403826128
1.026252239644032
1.026252239644032
1.026252239644032
1.026252239644032
1.026252239644032
1.026252239644032
1.0256330048557472
1.0256330048557472
1.0256330048557472
1.0256330048557472
1.0263737647525653
1.0263737647525653
1.0263737647525653
1.0263737647525653
1.0294964828704471
1.0302833230507784
1.0287408780927048
1.0303294453925598
1.0314803742559688
1.0315221148781966
1.0296205470599187
1.028752973052649
1.028752973052649
1.0280287562695272
1.0292889080782919
1.0292889080782919
1.0284886532113116
1.0284886532113116
1.0284886532113116
1.027257609078184
1.027257609078184
1.029045144318288
1.0295930305418775
1.0295930305418775
1.0295930305418775
1.0295930305418775
1.0290303596449293
1.0290303596449293
1.0290303596449293
1.0290303596449293
1.0277759506108728
1.0277759506108728
1.0271186447352008
1.0271186447352008
1.0272299066120816
1.0276389663612056
1.0286335452115876
1.0286335452115876
1.0286335452115876
1.0273463174183306
1.0273463174183306
1.0273463174183306
1.0256386328419609
1.0256386328419609
1.0256386328419609
1.0260443066017537
1.0262865401042796
1.0262865401042796
1.0262865401042796
1.0262865401042796
1.0262865401042796
1.0262865401042796
1.0262865401042796
1.0297365846550215
1.0297365846550215
1.0299145552018427
1.0299145552018427
1.0299145552018427
1.0299145552018427
1.0299145552018427
1.0299145552018427
1.0299145552018427
1.0295293022311014
1.0295293022311014
1.0295293022311014
1.0295293022311014
1.0295293022311014
1.0295293022311014
1.0294860437329256
1.0294860437329256
1.0282311976990162
1.0282311976990162
1.0282311976990162
1.0292490331869644
1.0292490331869644
1.0282066479819458
1.0286287180062355
1.0292412044235086
1.0292412044235086
1.0286331696760767
1.0286331696760767
1.0286331696760767
1.028363965039708
1.028363965039708
1.0274680717312503
1.0274680717312503
1.027130253789681
1.027130253789681
1.027130253789681
1.027130253789681
1.027130253789681
1.027130253789681
1.027130253789681
1.0237835238824278
1.0237835238824278
1.0265407770498591
1.0273808843841086
1.0273808843841086
1.0273808843841086
1.0273808843841086
1.0273808843841086
1.0273808843841086
1.0279229833929295
1.0279229833929295
1.0279229833929295
1.027988269490507
1.027988269490507
1.027988269490507
1.027988269490507
1.027988269490507
1.027988269490507
1.027988269490507
1.0266683790852067
1.0266683790852067
1.0266683790852067
1.0266683790852067
1.0266683790852067
1.0266683790852067
1.0266683790852067
1.0283545401803118
1.0283545401803118
1.0302121027622735
1.0290742332657223
1.0297500036794844
1.0297500036794844
1.0297500036794844
1.0297500036794844
1.0297500036794844
1.0308036144612307
1.0282961414465872
1.0282961414465872
1.0283017105731604
1.0283017105731604
1.0283017105731604
1.0257455156249795
1.0257455156249795
1.0259755012152756
1.0241279096478968
1.0225080514938152
1.0225080514938152
1.0225080514938152
1.0244401507916847
1.0244401507916847
1.0244401507916847
1.0240402954978878
1.0274646426379064
1.0273356920212964
1.0273356920212964
1.0273356920212964
1.026418683286882
1.026418683286882
1.0265475711751262
1.0265475711751262
1.0266409840071298
1.0266993466819396
1.0236864169471303
1.0234949782288285
1.0234949782288285
1.0234949782288285
1.0234949782288285
1.0234949782288285
1.0234949782288285
1.022909322855325
1.022909322855325
1.0224235847124439
1.0233750496822762
1.0233750496822762
1.0233750496822762
1.022224393441334
1.0219357012681758
1.0219357012681758
1.0246167691295915
1.0245534679084305
1.0245534679084305
1.0245534679084305
1.0245534679084305
1.0245534679084305
1.0245534679084305
1.0245534679084305
1.0245534679084305
1.0245534679084305
1.0240064582527253
1.0240064582527253
1.0240064582527253
1.0248812275492478
1.0248812275492478
1.0248812275492478
1.0252458913297353
1.0266760308047733
1.0266760308047733
1.0266760308047733
1.0266760308047733
1.0245739822896938
1.0245739822896938
1.0259154654262919
1.0259154654262919
1.0239706803413802
1.0239706803413802
1.0250459799937763
1.0250459799937763
1.0244019871856942
1.022622253796927
1.022622253796927
1.0228549158109959
1.0228549158109959
1.0228549158109959
1.0233585274321182
1.0233585274321182
1.0233585274321182
1.0233585274321182
1.0209075300745445
1.0209075300745445
1.0197302471954452
1.0197302471954452
1.0192659337806869
1.0212412701855227
1.021068606874013
1.021068606874013
1.021068606874013
1.021113513608844
1.021113513608844
1.021113513608844
1.021113513608844
1.021113513608844
1.01991199931738
1.020281505270384
1.020281505270384
1.020420425059993
1.0156276647290952
1.0162757121723394
1.0162757121723394
1.0162757121723394
1.0162757121723394
1.0162757121723394
1.0169220874382916
1.0169220874382916
1.018953306673978
1.018953306673978
1.018953306673978
1.018953306673978
1.0214934450172513
1.0214934450172513
1.0214934450172513
1.0214934450172513
1.021806548101563
1.021806548101563
1.021806548101563
1.021806548101563
1.020956474380797
1.0205381742891462
1.021645398243877
1.021645398243877
1.0227217829067317
1.0227217829067317
1.0227217829067317
1.0227217829067317
1.021229852713505
1.021229852713505
1.0241469833519494
1.0241469833519494
1.024738500416909
1.024738500416909
1.0250208005457566
1.0250208005457566
1.0240383506985393
1.02391048974444
1.02391048974444
1.02391048974444
1.0247144571821418
1.0247144571821418
1.0255276783516158
1.0255276783516158
1.0255276783516158
1.0255276783516158
1.0243655147434096
1.0243655147434096
1.0243655147434096
1.022506953124597
1.022506953124597
1.023209006788792
1.023209006788792
1.0234713449243953
1.0234713449243953
1.0234713449243953
1.0234713449243953
1.0285750029749854
1.0285750029749854
1.0285750029749854
1.0285750029749854
1.028784205841636
1.028784205841636
1.0301973227879961
1.0301973227879961
1.0301973227879961
1.0301973227879961
1.0301973227879961
1.0301973227879961
1.0280725139578948
1.0292779324539714
1.0292779324539714
1.0292779324539714
1.0301997421473688
1.0301997421473688
1.0301997421473688
1.0297847080255647
1.0297847080255647
1.0301787992060658
1.0301787992060658
1.0301787992060658
1.0301787992060658
1.0303466434433872
1.0303466434433872
1.0304124407518311
1.0304124407518311
1.0304124407518311
1.0278917391519675
1.0278917391519675
1.0278917391519675
1.0291256728381484
1.0301790455271576
1.0303388798237334
1.0303388798237334
1.0280256963350018
1.0280256963350018
1.0275445790814264
1.026461416950822
1.026461416950822
1.0288308023241808
1.0265559762358194
1.0265559762358194
1.0265559762358194
1.0282253056144428
1.0282253056144428
1.0268617686633636
1.0266287869001287
1.0266287869001287
1.0261066671161327
1.0261066671161327
1.0269881632032256
1.0269881632032256
1.0238920066585069
1.0233367946723932
1.0238388198486654
1.0238388198486654
1.0218721745316337
1.0218721745316337
1.0202228791362766
1.0243968704366286
1.0243968704366286
1.0243968704366286
1.0243968704366286
1.0243968704366286
1.0240534933266459
1.0250298026621656
1.0263128027111048
1.0263128027111048
1.0263128027111048
1.0263128027111048
1.0282061749394245
1.0282061749394245
1.0282061749394245
1.0282061749394245
1.0282061749394245
1.0282061749394245
1.0282061749394245
1.0282061749394245
1.0251084726204465
1.0266891033160974
1.0255639731564465
1.0255639731564465
1.0255639731564465
1.0255639731564465
1.022885370626684
1.022885370626684
1.022885370626684
1.0222605537754998
1.022774970551342
1.022774970551342
1.022774970551342
1.022774970551342
1.022774970551342
1.023814748871913
1.023814748871913
1.023814748871913
1.023814748871913
1.023814748871913
1.0273250539880088
1.0269748720025413
1.0269748720025413
1.0281186130672149
1.0281186130672149
1.0264328039229897
1.0264328039229897
1.0267240672709173
1.0267240672709173
1.026323067867442
1.026323067867442
1.0277696263958558
1.0269439216175509
1.030309048679021
1.0258179862219925
1.026074501990572
1.026074501990572
1.028784213808396
1.0295613239096195
1.0273216860711876
1.027432694521411
1.0255354866112447
1.0255354866112447
1.0254460502134584
1.0244558491125586
1.0244558491125586
1.0244558491125586
1.025536892217517
1.025536892217517
1.0259181976423795
1.0259181976423795
1.0259181976423795
1.026646519739416
1.026646519739416
1.026646519739416
1.026755151350506
1.0248680654140165
1.0229456440816607
1.0245237578148916
1.0245237578148916
1.0245237578148916
1.0245237578148916
1.0255551235334186
1.0273949916410599
1.0273949916410599
1.0272295300036958
1.024804124098948
1.025912809645871
1.0231819994632436
1.0231819994632436
1.0231819994632436
1.0214731140062616
1.0214731140062616
1.0221109710084109
1.0198468776824718
1.0200484905036995
1.0208062304891627
1.0235665069315014
1.0235665069315014
1.021524558752363
1.021524558752363
1.021524558752363
1.0226609252116081
1.0226609252116081
1.0226609252116081
1.0230987169589172
1.0230987169589172
1.0230987169589172
1.0230987169589172
1.0215674508791968
1.0233298646733102
1.0233298646733102
1.0233298646733102
1.0233298646733102
1.0233298646733102
1.0243733850954035
1.02294508718564
1.02294508718564
1.02294508718564
1.0227159787664024
1.0229602012799122
1.0229602012799122
1.0254270953801226
1.0240634900460324
1.0240634900460324
1.0240634900460324
1.0221290093631321
1.0221290093631321
1.0221290093631321
1.0221290093631321
1.0221290093631321
1.0221290093631321
1.024652974573822
1.024652974573822
1.024652974573822
1.024652974573822
1.0259312214625795
1.0259312214625795
1.0259312214625795
1.0259312214625795
1.0294565424049287
1.0294565424049287
1.0294565424049287
1.0254863524852937
1.0254863524852937
1.0254863524852937
1.0242820451655947
1.0242820451655947
1.0253477332459404
1.0253477332459404
1.0253477332459404
1.0274032526592618
1.027157850910897
1.025576937532912
1.025576937532912
1.0240824515646758
1.024149736857564
1.02255654488189
1.02255654488189
1.02255654488189
1.02255654488189
1.0229804927576003
1.0229804927576003
1.0246787572560263
1.0246787572560263
1.0246787572560263
1.0246787572560263
1.0246787572560263
1.0246787572560263
1.0246787572560263
1.0252636225450258
1.0252636225450258
1.0226541624703476
1.0226541624703476
1.0240135487255637
1.0240135487255637
1.0240135487255637
1.0259984461150558
1.0259984461150558
1.024809115754007
1.025915643319801
1.0234487406689234
1.0221189764615608
1.0221189764615608
1.0241669026182285
1.0237326804681934
1.0237326804681934
1.0237326804681934
1.0240515210746526
1.0240515210746526
1.023302950790763
1.0266163446687038
1.0266163446687038
1.0230570582121739
1.0243803471071409
1.0245841594923013
1.0245841594923013
1.0245841594923013
1.0245841594923013
1.0239947063241872
1.0237679135354416
1.0237679135354416
1.023289121781394
1.023289121781394
1.024853656245159
1.0263005304204804
1.0263005304204804
1.0235353577178163
1.0235353577178163
1.0249977695947117
1.0249977695947117
1.0249977695947117
1.0249977695947117
1.0249977695947117
1.026211950956318
1.0251020050405508
1.0251020050405508
1.0245164723713145
1.024577534804293
1.024577534804293
1.024577534804293
1.026784717650566
1.028746549802627
1.0264910062421122
1.0264887058621655
1.0256698539198594
1.0256698539198594
1.0259230524864698
1.0283320858195286
1.0281807921111894
1.0281807921111894
1.0281807921111894
1.0281807921111894
1.0281807921111894
1.0275157554610068
1.0275157554610068
1.0275157554610068
1.0275157554610068
1.02617756224316
1.0275465242517918
1.0275465242517918
1.0275465242517918
1.0279785642169057
1.0279785642169057
1.0279785642169057
1.0279785642169057
1.0279785642169057
1.0279785642169057
1.0279785642169057
1.0268588187159304
1.0261873294502069
1.0261873294502069
1.0261873294502069
1.0261873294502069
1.0225990178363351
1.0225990178363351
1.0225990178363351
1.0234292795017395
1.0234292795017395
1.023109269497458
1.022860312850039
1.0237590491208812
1.0214827932454313
1.0235176226819707
1.0235176226819707
1.0235176226819707
1.0235176226819707
1.0235176226819707
1.023230848592164
1.023230848592164
1.0239084363598006
1.0253627797875011
1.0253627797875011
1.0266660777595833
1.0266660777595833
1.0266660777595833
1.0266660777595833
1.0277328098234415
1.0277328098234415
1.0277328098234415
1.0277328098234415
1.0286923689101664
1.0280657344287072
1.0283963100726177
1.0287904016923133
1.0269694672707745
1.0269694672707745
1.0269694672707745
1.0254655838017386
1.0254655838017386
1.0244853466202846
1.026531748257646
1.026531748257646
1.0251880528451112
1.027221275382045
1.0279594752384467
1.0273628464448317
1.0273628464448317
1.0259894752005185
1.0288936345096955
1.0288936345096955
1.0298187747870085
1.0298187747870085
1.0293856582795158
1.0293856582795158
1.030211954098907
1.0281449275051349
1.0281449275051349
1.0281449275051349
1.0238701437248618
1.0226312403047113
1.0226312403047113
1.0216972646793125
1.0241172048672411
1.0227091653085671
1.0227091653085671
1.0227091653085671
1.0227091653085671
1.0227091653085671
1.0227091653085671
1.0227091653085671
1.0217440996918095
1.0217440996918095
1.0257531546175889
1.0257531546175889
1.0262673613846873
1.0262673613846873
1.0274946112633354
1.0274946112633354
1.0288072615254136
1.0288072615254136
1.0288072615254136
1.0288072615254136
1.026927138256995
1.0256723471968308
1.024703522417361
1.0258355487931423
1.0255192354296114
1.0255192354296114
1.0254613073498744
1.0254613073498744
1.0254613073498744
1.0254399260973481
1.0254399260973481
1.0276559612025533
1.027799169550478
1.028782283979591
1.028782283979591
1.028782283979591
1.0291076211333166
1.028855780255657
1.029070985870023
1.027343636279512
1.027343636279512
1.027343636279512
1.0263656154582277
1.0263656154582277
1.0263656154582277
1.0263656154582277
1.0263860029758776
1.0263860029758776
1.0263860029758776
1.0263860029758776
1.0263860029758776
1.0263860029758776
1.0263860029758776
1.0263860029758776
1.0263860029758776
1.0257162185188637
1.02781761552234
1.02781761552234
1.02781761552234
1.02781761552234
1.02781761552234
1.02781761552234
1.02781761552234
1.02781761552234
1.0274225714385927
1.0274225714385927
1.0274225714385927
1.0274225714385927
1.0274225714385927
1.0250304069659937
1.0242377185153462
1.0223567334224644
1.0223567334224644
1.0238329405885958
1.0238329405885958
1.0270159741646536
1.0270159741646536
1.0270193371123741
1.0256213693615441
1.0247357110896034
1.0237910846719804
1.0237910846719804
1.0237910846719804
1.0237910846719804
1.0237910846719804
1.0237910846719804
1.0237910846719804
1.0276865547929102
1.0276865547929102
1.0276865547929102
1.0276865547929102
1.0244603766217455
1.0244603766217455
1.0242456897269734
1.025909849673787
1.0271216733327575
1.0270707647457598
1.0270707647457598
1.0270707647457598
1.0270707647457598
1.0284930389365918
1.0284930389365918
1.0284930389365918
1.0260654558090152
1.024078538483955
1.024078538483955
1.024078538483955
1.024078538483955
1.024078538483955
1.024078538483955
1.024078538483955
1.024078538483955
1.0265613919737517
1.0265613919737517
1.0267542847923743
1.0262531249031055
1.0262531249031055
1.0262531249031055
1.0267336434510346
1.0245991737205866
1.0245991737205866
1.0245991737205866
1.0253843440488788
1.0253843440488788
1.0253843440488788
1.0253843440488788
1.0235969030939003
1.0236666664440413
1.0236666664440413
1.0230648487239986
1.023354275432965
1.023354275432965
1.023354275432965
1.023354275432965
1.023354275432965
1.023354275432965
1.0240620310441075
1.0240620310441075
1.021318777901983
1.021318777901983
1.021318777901983
1.0213590610140706
1.0223569947691913
1.0234624552117548
1.0235658630452553
1.0235484384095135
1.0267135024659166
1.027688686017418
1.027688686017418
1.027688686017418
1.0265334253051213
1.0265206706254477
1.0256667651060711
1.0256667651060711
1.0250080315541206
1.0235777832867732
1.0235777832867732
1.0235777832867732
1.0235777832867732
1.0222876583750284
1.0214395613032514
1.0212300573297193
1.0212300573297193
1.0212300573297193
1.0212300573297193
1.0212300573297193
1.0207841921282224
1.0207841921282224
1.0211846603222097
1.0211846603222097
1.019669089080292
1.0214484426306736
1.0178650302346977
1.0181667827301304
1.0179969730536342
1.0179969730536342
1.017483119779055
1.0191875549740785
1.0191875549740785
1.0201182041758021
1.019383756844261
1.019383756844261
1.0196098618274487
1.0226646694713473
1.0232259022937953
1.0232259022937953
1.024416647677356
1.024416647677356
1.024416647677356
1.025461006693779
1.025461006693779
1.025461006693779
1.025461006693779
1.0264297635938242
1.0264297635938242
1.0260625307072861
1.0260625307072861
1.024909461021502
1.0237883387756233
1.0237883387756233
1.022348950973676
1.023554766407969
1.0232710213006586
1.0232710213006586
1.0226014639673218
1.0251723422802381
1.025546001873705
1.025546001873705
1.0272292327717705
1.0272292327717705
1.0272292327717705
1.0272292327717705
1.0272292327717705
1.0272292327717705
1.0272292327717705
1.0272292327717705
1.0272292327717705
1.0285129441100278
1.0285129441100278
1.027026320101079
1.027026320101079
1.0284410961779253
1.0284410961779253
1.0284410961779253
1.0284410961779253
1.0274772237035068
1.0274772237035068
1.0274772237035068
1.0274772237035068
1.0275025133423845
1.0275025133423845
1.0275025133423845
1.0261219434689706
1.0261219434689706
1.0259057947016115
1.0259057947016115
1.025505003340851
1.025505003340851
1.025505003340851
1.0262112158644665
1.0258870528139874
1.0258870528139874
1.0258870528139874
1.0258870528139874
1.0271218076180981
1.0304229959595148
1.0304229959595148
1.0304229959595148
1.0289451502142857
1.0289451502142857
1.0289451502142857
1.0289451502142857
1.0289451502142857
1.0329705619333645
1.0329705619333645
1.03298056497326
1.03298056497326
1.03298056497326
1.03298056497326
1.030939239872275
1.0303304297658449
1.0298217629560786
1.0298217629560786
1.0298217629560786
1.0298217629560786
1.0294756291935192
1.0287250899033729
1.0287250899033729
1.03036300992754
1.03036300992754
1.03036300992754
1.03036300992754
1.03036300992754
1.03036300992754
1.0300645159145185
1.0300257398516968
1.0300257398516968
1.0276141594420336
1.0276141594420336
1.030262427222838
1.0286446074821796
1.0286446074821796
1.0286446074821796
1.0286446074821796
1.0290517360164804
1.0290517360164804
1.0290517360164804
1.0290517360164804
1.0290517360164804
1.0290517360164804
1.0290517360164804
1.0286455848887515
1.0275541789158154
1.0275541789158154
1.0275541789158154
1.0275541789158154
1.0275541789158154
1.0275541789158154
1.0275541789158154
1.0246687528625134
1.0240527490252158
1.0240527490252158
1.0240527490252158
1.022055161600352
1.0222853882893743
1.0222853882893743
1.0226828957357859
1.0226828957357859
1.0226828957357859
1.0226828957357859
1.0226828957357859
1.0226828957357859
1.0226828957357859
1.0226828957357859
1.0241728999531843
1.0241728999531843
1.0241728999531843
1.0241728999531843
1.027148275093732
1.027148275093732
1.0269473736455819
1.0261466840657534
1.0261466840657534
1.0261466840657534
1.0261466840657534
1.0261466840657534
1.0267325012472157
1.0267325012472157
1.0259214655938382
1.028258262282728
1.027685406801018
1.027685406801018
1.027685406801018
1.0284297820873383
1.0284297820873383
1.0284297820873383
1.0301310785437816
1.0301310785437816
1.0298025014056236
1.029186991515489
1.029186991515489
1.029186991515489
1.029186991515489
1.029186991515489
1.0282360352297566
1.0282360352297566
1.0282360352297566
1.0282360352297566
1.0282360352297566
1.0282360352297566
1.0293275508042485
1.0293275508042485
1.0289142248054803
1.0289142248054803
1.0289142248054803
1.0289142248054803
1.026752051587829
1.0261360019861023
1.0221849798944567
1.0221849798944567
1.023937948441832
1.023937948441832
1.023937948441832
1.023937948441832
1.023937948441832
1.023937948441832
1.023937948441832
1.0228957330456523
1.023113232605222
1.023113232605222
1.022846205198877
1.0237685859426402
1.0242681498978887
1.0228339390159902
1.021773940569379
1.0218470849112533
1.0218470849112533
1.0218470849112533
1.0218470849112533
1.0218470849112533
1.0218470849112533
1.0213425013840365
1.0213425013840365
1.0222762515417518
1.0222762515417518
1.0216108563796498
1.0237689559730028
1.0235052178873105
1.0235052178873105
1.0235052178873105
1.0235052178873105
1.022010784155698
1.022010784155698
1.022010784155698
1.022010784155698
1.0213899747221986
1.025134409923145
1.025134409923145
1.025134409923145
1.0246227443887268
1.0210715915727608
1.0210715915727608
1.0210715915727608
1.0198273451253836
1.0214431914938533
1.0214431914938533
1.0219244144899466
1.0219244144899466
1.0219244144899466
1.0219244144899466
1.0227052967759322
1.0225947161037396
1.0225947161037396
1.0225947161037396
1.0225757920864087
1.021489093106501
1.0204989557429038
1.0225078252272322
1.0225078252272322
1.0225078252272322
1.0242136349683126
1.0242136349683126
1.0252147084127115
1.0252147084127115
1.0252147084127115
1.0252147084127115
1.0245057766508425
1.0254144520666573
1.026553571246456
1.026553571246456
1.026553571246456
1.024725913899538
1.0225746629893087
1.0225746629893087
1.0220085088507158
1.0258855828477043
1.0272062501550525
1.0274744759994863
1.0274744759994863
1.0274744759994863
1.028788096459602
1.028788096459602
1.028788096459602
1.028788096459602
1.028788096459602
1.0281338753886997
1.0281338753886997
1.0296908083916527
1.0283712541154828
1.0263532558686672
1.0263532558686672
1.0263532558686672
1.0274236359473188
1.0288370274347
1.0288370274347
1.0288370274347
1.0288370274347
1.0288370274347
1.0289372687472689
1.0277819849822252
1.0281220886357563
1.0281220886357563
1.0287975237103038
1.0287975237103038
1.0287975237103038
1.02601620757664
1.026354546412385
1.0311467945790833
1.0308743023493605
1.0308743023493605
1.0293115596966855
1.0293115596966855
1.024611599106712
1.024004853613174
1.024411502073241
1.024411502073241
1.024411502073241
1.022008985514993
1.0194909201531155
1.0191368469791877
1.0186680641611312
1.0180986509746996
1.0165023510791473
1.0165023510791473
1.0193976188841851
1.0197583155056542
1.0197583155056542
1.0216636035110505
1.0216636035110505
1.0223324361490347
1.0223324361490347
1.021696625018948
1.0212048900223887
1.0207477577860387
1.0207477577860387
1.0207477577860387
1.0207477577860387
1.0206152640414519
1.019822320916517
1.0212072643175811
1.0212072643175811
1.0212551014485607
1.0243979835606483
1.0249358261865473
1.0243179759380094
1.0210922444534902
1.0210922444534902
1.0202934457621937
1.0186765399658901
1.0186765399658901
1.0186765399658901
1.0186765399658901
1.0196792389260216
1.0196792389260216
1.0202228700268974
1.0202228700268974
1.0202228700268974
1.0202228700268974
1.0203933888385084
1.022999358650515
1.022999358650515
1.0233539336923578
1.0233539336923578
1.026737570494601
1.02877144550926
1.02877144550926
1.030970802629217
1.027719563614733
1.0277111779786803
1.0243239023253239
1.0226425693055388
1.0224510606517838
1.0237586255230668
1.0237586255230668
1.0237586255230668
1.0237586255230668
1.0237586255230668
1.0266294128221032
1.027197815759251
1.027197815759251
1.0282681578830244
1.026080535129742
1.026080535129742
1.026080535129742
1.026080535129742
1.026080535129742
1.026080535129742
1.0271918514410086
1.0277543298895375
1.0277543298895375
1.0299390823933159
1.0325663721731113
1.0303188786073953
1.0303188786073953
1.0303188786073953
1.0294564440401432
1.0294564440401432
1.0294564440401432
1.0282395339148478
1.0282395339148478
1.0282395339148478
1.0282395339148478
1.0282395339148478
1.0291363726411809
1.0280590109835368
1.0267881935031777
1.0267881935031777
1.0267881935031777
1.0267881935031777
1.0272252922164065
1.0272252922164065
1.0272252922164065
1.0272252922164065
1.0272252922164065
1.0272252922164065
1.0272252922164065
1.0272252922164065
1.0272252922164065
1.0272252922164065
1.0268110104484198
1.0268110104484198
1.0268110104484198
1.0268110104484198
1.024579274622708
1.024579274622708
1.024579274622708
1.024579274622708
1.0245181163358856
1.0245181163358856
1.0245181163358856
1.0251968234072828
1.0258686603275162
1.0259997768652729
1.0247415839339853
1.0247415839339853
1.025555927049827
1.0250394846105313
1.0250394846105313
1.0250394846105313
1.024476211915936
1.0223127931883742
1.021182093339391
1.0192572363989543
1.0192572363989543
1.0227790277322608
1.0202389179577795
1.020829977796983
1.0197013656693672
1.0197013656693672
1.0196597128326035
1.0180986122031186
1.0180986122031186
1.0180986122031186
1.0180986122031186
1.0187725381348878
1.0182636607074258
1.0197415728451917
1.0197415728451917
1.0197415728451917
1.0197415728451917
1.0210636218713443
1.0199469148289662
1.0190190787033018
1.0190190787033018
1.0190190787033018
1.0190190787033018
1.0175647117561004
1.0175647117561004
1.017785292931832
1.0172907856393243
1.0166238568451686
1.0166238568451686
1.0166238568451686
1.0166238568451686
1.0158678448656988
1.0171806797596152
1.0186768456721274
1.0186768456721274
1.0186768456721274
1.0168092743105932
1.0168092743105932
1.0219578857214038
1.0219578857214038
1.0219578857214038
1.0219578857214038
1.0219578857214038
1.0223601592086573
1.0230403824907757
1.0246957375691492
1.0246957375691492
1.0246957375691492
1.0246957375691492
1.0223708656145194
1.0197993225135733
1.0227603358997206
1.0227603358997206
1.0212149422707788
1.0212149422707788
1.0212149422707788
1.0227567063697525
1.0227567063697525
1.0227567063697525
1.0200302791622569
1.021254994802743
1.021254994802743
1.022121280559888
1.0220329353388042
1.0220329353388042
1.0208529293749695
1.0213826838118722
1.0213826838118722
1.0224415359161554
1.020324982172892
1.0233223126124327
1.0233223126124327
1.0248875661773202
1.0248875661773202
1.02322540869247
1.02322540869247
1.023429744634136
1.023429744634136
1.0244044684808975
1.0240290876056308
1.0268467849265224
1.0268467849265224
1.0268467849265224
1.0271107229473544
1.0271107229473544
1.0271107229473544
1.0271107229473544
1.0271107229473544
1.0277305240677654
1.0274019312075306
1.0237050601935211
1.0253958409559498
1.0253958409559498
1.0253958409559498
1.0259342293647558
1.0259342293647558
1.0259342293647558
1.0269574391581917
1.0240842273759294
1.0236149798578202
1.0208494117239655
1.0208494117239655
1.019696573005816
1.0215382216965136
1.0215382216965136
1.0215382216965136
1.0215382216965136
1.0215382216965136
1.0215382216965136
1.0215382216965136
1.0210888917936907
1.0210888917936907
1.0210888917936907
1.021340004158
1.021340004158
1.021340004158
1.021340004158
1.021340004158
1.021340004158
1.0216098706040475
1.0216098706040475
1.0201305753640926
1.0222913824576247
1.0222913824576247
1.0254264167399214
1.0254264167399214
1.0254264167399214
1.0246140063398386
1.0246140063398386
1.0249391132891916
1.0244779547303264
1.0250858650958916
1.0250858650958916
1.0250858650958916
1.0250858650958916
1.0238360323979174
1.0238360323979174
1.0250174958862373
1.027283585159981
1.027283585159981
1.0270634880579306
1.0270634880579306
1.0268576090512274
1.0268576090512274
1.0268576090512274
1.0268576090512274
1.0268576090512274
1.0262756603625676
1.0262756603625676
1.0254589401645193
1.0276307264349562
1.0276307264349562
1.0276307264349562
1.0276307264349562
1.0276307264349562
1.0276307264349562
1.0276307264349562
1.0276307264349562
1.0301907259383105
1.0301907259383105
1.0305778593648434
1.0305778593648434
1.0305778593648434
1.0305778593648434
1.03004636683281
1.0291184813537604
1.0291184813537604
1.0291184813537604
1.0291184813537604
1.0291184813537604
1.0291184813537604
1.0290346518087616
1.028154866282066
1.0299864396047724
1.0299864396047724
1.0299864396047724
1.0294709753299731
1.025336586546113
1.0284897448820356
1.0284897448820356
1.030238598368897
1.027936444210321
1.027936444210321
1.027936444210321
1.027936444210321
1.0315469567910023
1.0315469567910023
1.0331302450868594
1.0331302450868594
1.0331302450868594
1.0311022030255927
1.0305040742379268
1.0303134894648023
1.0303134894648023
1.0303134894648023
1.032025252467035
1.0324185519516564
1.0322893399317008
1.0322893399317008
1.0288271670548954
1.0288271670548954
1.0288901214183779
1.0288901214183779
1.0303373982295814
1.0303373982295814
1.0287396036092638
1.0287396036092638
1.0275135057632627
1.0273945602554642
1.0273945602554642
1.0273945602554642
1.0273945602554642
1.0273945602554642
1.0273945602554642
1.0273945602554642
1.0273945602554642
1.0273945602554642
1.0273945602554642
1.0247962208582302
1.0261588325698665
1.027884209372115
1.027884209372115
1.027973624349318
1.027973624349318
1.027973624349318
1.027973624349318
1.0266899197252553
1.0266899197252553
1.0266899197252553
1.0250089214063052
1.0250089214063052
1.0279058952306666
1.0279058952306666
1.0279058952306666
1.0294249957083421
1.0294249957083421
1.0294249957083421
1.0265689444125417
1.0265689444125417
1.0265689444125417
1.0287396621788563
1.0287396621788563
1.0287396621788563
1.029181762740539
1.0265303776301908
1.0265303776301908
1.0260050368123126
1.024886523283091
1.024886523283091
1.024886523283091
1.0259820942956783
1.0259820942956783
1.0271812998813457
1.0271812998813457
1.0271812998813457
1.0268818140405016
1.026310986121219
1.0246965646349298
1.0246965646349298
1.0246965646349298
1.0218795948673645
1.0246893319266877
1.0257506815319335
1.0257506815319335
1.0257506815319335
1.0257506815319335
1.0257506815319335
1.0262101371797616
1.0266017785264125
1.0266017785264125
1.0266017785264125
1.0286198731157428
1.0286198731157428
1.0290088376492144
1.0280710164270703
1.0259952460997526
1.0259952460997526
1.0259952460997526
1.0259952460997526
1.026051181226009
1.026051181226009
1.026051181226009
1.0256469696777384
1.0266043096540765
1.0266043096540765
1.0288243998240596
1.0298104761858125
1.0278875871220476
1.0264559621132971
1.0271880202618422
1.0271880202618422
1.0271880202618422
1.0271880202618422
1.0271880202618422
1.0271880202618422
1.0271880202618422
1.0288290512703664
1.0288290512703664
1.0271688434042336
1.0271688434042336
1.0271688434042336
1.0271688434042336
1.0271688434042336
1.0271688434042336
1.0271688434042336
1.0271688434042336
1.0271688434042336
1.0263506214211575
1.026220079099407
1.026220079099407
1.0250064030347261
1.0250064030347261
1.0250064030347261
1.0250064030347261
1.02726751729589
1.0271613022102057
1.0256419258449119
1.0256419258449119
1.0256419258449119
1.0263322988411485
1.0263322988411485
1.0263322988411485
1.0272030343131309
1.0305662029802625
1.0305662029802625
1.0305662029802625
1.029799588101164
1.0311913345930368
1.0311913345930368
1.0311913345930368
1.0311913345930368
1.0311913345930368
1.0311913345930368
1.02977794031509
1.0276122384137552
1.0276122384137552
1.0277654948707362
1.0277654948707362
1.0258304348491003
1.0258304348491003
1.027072851952136
1.027072851952136
1.027072851952136
1.027072851952136
1.025191941811616
1.026200049634448
1.0279728933206773
1.0279728933206773
1.0279728933206773
1.0279728933206773
1.0279728933206773
1.0299510647434593
1.0299510647434593
1.0299510647434593
1.0292986095864554
1.0292986095864554
1.0292986095864554
1.0296555324647632
1.0296555324647632
1.0296555324647632
1.0299915424586485
1.0279626881451103
1.0268873435064456
1.0268873435064456
1.0282329632972078
1.0284349053377084
1.0238850500061571
1.0238850500061571
1.0238850500061571
1.0238850500061571
1.0238850500061571
1.0240705255415155
1.0240705255415155
1.0240705255415155
1.0247812292453786
1.0247812292453786
1.0241935468871277
1.0241935468871277
1.0231055249927046
1.0231055249927046
1.025526893349168
1.02616597509349
1.02616597509349
1.02616597509349
1.02616597509349
1.02616597509349
1.02616597509349
1.02616597509349
1.02616597509349
1.02616597509349
1.02616597509349
1.0265730939878008
1.0265730939878008
1.0265730939878008
1.0265730939878008
1.0265730939878008
1.0265730939878008
1.0289362374839743
1.0289362374839743
1.0289362374839743
1.0289362374839743
1.0304440231726684
1.0304440231726684
1.0283212730856501
1.0276954586034228
1.027136728501085
1.027136728501085
1.0272017508480338
1.0248026091076687
1.0248026091076687
1.0276773842377762
1.0279530942439379
1.0279530942439379
1.0279530942439379
1.0279530942439379
1.0279530942439379
1.0279530942439379
1.0279530942439379
1.0279530942439379
1.0267482781189414
1.0267482781189414
1.0267482781189414
1.0267482781189414
1.0269727256250218
1.0269727256250218
1.0269727256250218
1.0239624495253765
1.0239624495253765
1.0239624495253765
1.0251857879926327
1.0232518947915497
1.0232518947915497
1.0232518947915497
1.0239775673417937
1.026609731608056
1.026609731608056
1.0298510251740378
1.0300444138450484
1.0300444138450484
1.0300444138450484
1.0300444138450484
1.0269895702033214
1.0265124268889216
1.0288126702481797
1.0288126702481797
1.032363801771651
1.032363801771651
1.0320327617736986
1.0308964466295478
1.02959227827827
1.02959227827827
1.0306590505023392
1.0306590505023392
1.0306590505023392
1.0306590505023392
1.0306590505023392
1.0306590505023392
1.0294605834827504
1.0303845974729418
1.0303845974729418
1.0303845974729418
1.0308952479559432
1.0303775198919265
1.0286440512531423
1.0267330915898367
1.0267330915898367
1.0267330915898367
1.0267330915898367
1.0267330915898367
1.0267330915898367
1.0267330915898367
1.0267330915898367
1.0267330915898367
1.0267330915898367
1.0269521439485192
1.0269521439485192
1.0264113323934314
1.0264113323934314
1.024809730482172
1.025110349699838
1.0260008593154137
1.0260991984267351
1.0264678313996296
1.0264678313996296
1.0264678313996296
1.0264678313996296
1.0264678313996296
1.0264678313996296
1.0245502523005083
1.0245502523005083
1.0245502523005083
1.0257848898586817
1.0257848898586817
1.0257848898586817
1.0257848898586817
1.0267805501905676
1.0267805501905676
1.0267805501905676
1.0272412867303493
1.0272412867303493
1.0288076695472632
1.0288076695472632
1.0295802525221847
1.0295802525221847
1.0320282154875766
1.0320282154875766
1.0310767206873097
1.0310767206873097
1.0310767206873097
1.031686113954169
1.0315575931248946
1.0315575931248946
1.0315575931248946
1.0315575931248946
1.0334270148233138
1.0334270148233138
1.0334270148233138
1.0337690249971898
1.0337690249971898
1.0337690249971898
1.0337690249971898
1.0337690249971898
1.0337690249971898
1.031157752362601
1.0295045076675982
1.0295045076675982
1.0295045076675982
1.0295045076675982
1.0295045076675982
1.0295045076675982
1.0295045076675982
1.0295045076675982
1.0290786672903567
1.0290786672903567
1.0290786672903567
1.0290786672903567
1.0290786672903567
1.0288967815100363
1.0302588521023606
1.0302588521023606
1.0302588521023606
1.0302588521023606
1.028694342502837
1.029585579156401
1.0312419524933738
1.0312419524933738
1.0329476810011808
1.0329476810011808
1.0348217957432873
1.0348217957432873
1.0330820376471204
1.0330820376471204
1.031241248517927
1.031464926956227
1.031464926956227
1.0310737658318054
1.0304924893796217
1.0304924893796217
1.0298488630511617
1.0298488630511617
1.0298488630511617
1.0321047831295203
1.0306724660361914
1.0298341833554032
1.0307561544950314
1.0307561544950314
1.0311419248954226
1.0332820494835018
1.0332820494835018
1.0325526430274676
1.0325526430274676
1.0325526430274676
1.0327228365485859
1.0327228365485859
1.0327228365485859
1.0315534644525255
1.0315534644525255
1.0315534644525255
1.0315534644525255
1.0317878454109968
1.0317878454109968
1.0317878454109968
1.0317878454109968
1.0317878454109968
1.0283092756748304
1.0247429130065708
1.0256816184300117
1.023988992758738
1.023988992758738
1.023988992758738
1.023988992758738
1.0225497451287597
1.0227561159324683
1.020435524656735
1.0217608816015848
1.0217608816015848
1.0217608816015848
1.0221029863290771
1.0221029863290771
1.0217949774040813
1.0217949774040813
1.0244629652964636
1.0244629652964636
1.0244629652964636
1.0244629652964636
1.0244629652964636
1.0280384412494463
1.0280384412494463
1.0280384412494463
1.0280384412494463
1.0277109230038421
1.0277109230038421
1.0277109230038421
1.0277109230038421
1.0277109230038421
1.0259076345681624
1.0259076345681624
1.0237866213728783
1.0252967267927589
1.0252967267927589
1.0251955994534878
1.0235336991298274
1.0235336991298274
1.0235336991298274
1.0235336991298274
1.0235336991298274
1.0235336991298274
1.0235336991298274
1.0235336991298274
1.0230773915643412
1.0230773915643412
1.0230773915643412
1.0230773915643412
1.0230773915643412
1.0238723277501633
1.0238723277501633
1.0248228917558548
1.0268353259615504
1.0268353259615504
1.0268353259615504
1.0272441226903695
1.0261044291921273
1.0261044291921273
1.0280794465770724
1.0280794465770724
1.0280794465770724
1.0306029192543364
1.0317938316857207
1.0317938316857207
1.0317938316857207
1.0293170158835914
1.0293170158835914
1.0295654286777818
1.0295654286777818
1.0295654286777818
1.0295654286777818
1.030485261761132
1.030485261761132
1.030485261761132
1.0271906729150588
1.0271906729150588
1.0297369470414441
1.0297369470414441
1.028327022025225
1.028327022025225
1.028327022025225
1.026063091092231
1.026063091092231
1.0254442919306863
1.0254442919306863
1.0254442919306863
1.0237538979150862
1.0229220495620401
1.0264843851787275
1.0246537467631993
1.0246537467631993
1.0252307617363787
1.0252307617363787
1.0234155055750256
1.0234155055750256
1.0234155055750256
1.0234155055750256
1.0234155055750256
1.0239626943574816
1.0239626943574816
1.0220876149524702
1.022479882853225
1.0229606786432583
1.0229606786432583
1.0237266611460127
1.0237266611460127
1.0237266611460127
1.0274445739111115
1.0274445739111115
1.0274445739111115
1.0274445739111115
1.026685339896101
1.0271935440140918
1.0271935440140918
1.0271935440140918
1.0271935440140918
1.0271935440140918
1.0271935440140918
1.0271935440140918
1.0271935440140918
1.0271935440140918
1.0271935440140918
1.0264472150615225
1.0264472150615225
1.0264472150615225
1.0264472150615225
1.0237958583228068
1.0237958583228068
1.0237958583228068
1.0237958583228068
1.0238863178276267
1.0236260156587913
1.0236260156587913
1.0236260156587913
1.0240055208539744
1.0240055208539744
1.0240055208539744
1.0240055208539744
1.0240055208539744
1.0233608217909385
1.0233608217909385
1.0233608217909385
1.0233535868798334
1.0233535868798334
1.0233535868798334
1.0225728522351771
1.0225728522351771
1.0225728522351771
1.0239624157915088
1.027206286467671
1.0296000002629944
1.0296000002629944
1.0296000002629944
1.0296000002629944
1.0287036005134087
1.0287036005134087
1.0287036005134087
1.0287036005134087
1.0287036005134087
1.0301982995681547
1.0301982995681547
1.0317519859963848
1.0317519859963848
1.0317519859963848
1.0314065322932149
1.0314065322932149
1.0302736888929764
1.0302736888929764
1.0302736888929764
1.0308668040890738
1.029721782958562
1.029721782958562
1.029721782958562
1.029721782958562
1.0280053460715888
1.0291199650209284
1.0263092913383647
1.0260997254703834
1.0260997254703834
1.0260997254703834
1.0260997254703834
1.0260997254703834
1.0260997254703834
1.0260997254703834
1.0253818449112704
1.0259687210851485
1.0260875611752096
1.0260875611752096
1.0260875611752096
1.028080660000077
1.028080660000077
1.0303046497768285
1.0314891261292618
1.0314891261292618
1.0314891261292618
1.0303829266022535
1.0303829266022535
1.0303829266022535
1.0296181013608143
1.0296181013608143
1.0296181013608143
1.0292756820369606
1.0292756820369606
1.0292756820369606
1.0275465191408122
1.0249859851535967
1.027129325781952
1.0291052582063434
1.0291052582063434
1.0291052582063434
1.0289215652402524
1.0289215652402524
1.0289215652402524
1.028580946776471
1.026144884324032
1.029112597362017
1.0296404993510921
1.0296404993510921
1.0296404993510921
1.0296404993510921
1.0296404993510921
1.0296404993510921
1.0296404993510921
1.0282904905009975
1.0282904905009975
1.0282904905009975
1.0282904905009975
1.0278018102757085
1.0278018102757085
1.0258671209227415
1.0258671209227415
1.0258671209227415
1.0258671209227415
1.0258671209227415
1.0258671209227415
1.0258671209227415
1.0259102406724718
1.0272860565906528
1.0272860565906528
1.026703939215094
1.026703939215094
1.0267746122967967
1.0268793461890922
1.0265034185160686
1.0265034185160686
1.0265034185160686
1.0265034185160686
1.0265034185160686
1.0265034185160686
1.0264187338979514
1.028123242624975
1.028123242624975
1.0273104241367184
1.0269369861661994
1.0269369861661994
1.0283834903614584
1.0283834903614584
1.0283834903614584
1.0278168314680018
1.0278168314680018
1.0278168314680018
1.0286765376058828
1.0290547313401492
1.0285701742588347
1.032501850116979
1.03422018919605
1.03422018919605
1.03422018919605
1.03422018919605
1.032569249316297
1.032569249316297
1.032569249316297
1.032569249316297
1.032569249316297
1.032868544985806
1.0323592451545418
1.0299747626799758
1.030889776242388
1.030889776242388
1.030889776242388
1.030889776242388
1.030889776242388
1.0302374506277785
1.0289580534474385
1.0289580534474385
1.029687550772698
1.029687550772698
1.0296705134340691
1.0296705134340691
1.0296705134340691
1.0284360850744463
1.0284360850744463
1.0308411410665934
1.0320230587945955
1.0320230587945955
1.0320230587945955
1.0308054427348992
1.031760729505351
1.031760729505351
1.0333376276804336
1.0333376276804336
1.0333376276804336
1.0334594220562414
1.0353837165769368
1.034738275748868
1.034579947424935
1.031943641226894
1.0330074695473632
1.0330074695473632
1.0353983438640955
1.035314178824925
1.035314178824925
1.0345124368974612
1.0345124368974612
1.0345124368974612
1.0345124368974612
1.0346573389016873
1.0346573389016873
1.0346573389016873
1.0346573389016873
1.0319894439117163
1.0319894439117163
1.0322242373382933
1.0322242373382933
1.0322242373382933
1.0322242373382933
1.0322242373382933
1.0322242373382933
1.0322242373382933
1.0322242373382933
1.0321088288794482
1.0321088288794482
1.0283506480459572
1.0283506480459572
1.0283506480459572
1.0283506480459572
1.0283506480459572
1.0283506480459572
1.0272779888138166
1.0272779888138166
1.0272779888138166
1.0287026109077673
1.0287026109077673
1.0287026109077673
1.0287026109077673
1.0287026109077673
1.030129083860543
1.030129083860543
1.0294830752707533
1.0294830752707533
1.029063274180132
1.029063274180132
1.0291055402933837
1.0300151855886766
1.029063165745035
1.028706417850925
1.0295451973905256
1.0295451973905256
1.0295451973905256
1.0295451973905256
1.0295451973905256
1.0295451973905256
1.0295451973905256
1.0295451973905256
1.0295451973905256
1.0278027468325088
1.0278027468325088
1.0278027468325088
1.0278027468325088
1.0278027468325088
1.0278027468325088
1.0261883183887426
1.0255892582333417
1.0255892582333417
1.0255892582333417
1.0292959109806525
1.0304405209592284
1.0304405209592284
1.0299668385025482
1.0276371645695879
1.0276371645695879
1.0276371645695879
1.0276371645695879
1.027389064001522
1.027389064001522
1.027389064001522
1.027389064001522
1.027389064001522
1.0293758467453724
1.0293758467453724
1.0293758467453724
1.0293758467453724
1.0293758467453724
1.026737782950018
1.0256281191037682
1.0256281191037682
1.0256281191037682
1.0256281191037682
1.0255937018296264
1.0255937018296264
1.0255937018296264
1.0255937018296264
1.0255937018296264
1.0255937018296264
1.0255937018296264
1.0285055603922066
1.0285055603922066
1.0277552839555457
1.027751032798002
1.0298798574839296
1.0298798574839296
1.0272555129483294
1.02647461093353
1.02647461093353
1.02647461093353
1.0262041717689248
1.0262041717689248
1.025901892474141
1.0246335148375518
1.0246335148375518
1.026987229146505
1.026987229146505
1.026987229146505
1.0285287837277874
1.0259002109676554
1.0259002109676554
1.0259002109676554
1.0259002109676554
1.0271162260168287
1.0271162260168287
1.0271162260168287
1.0247040393367124
1.0247040393367124
1.0247040393367124
1.0247040393367124
1.022358200972796
1.0235771796519475
1.0209138897319718
1.0203033711786793
1.0203033711786793
1.0203033711786793
1.0194115341003673
1.0208175767043577
1.0220176876205231
1.0222389372310177
1.020346038431358
1.023639626725086
1.0271923391250777
1.0257554668940572
1.0257554668940572
1.0257554668940572
1.0257554668940572
1.0257554668940572
1.0257554668940572
1.025472557865736
1.025472557865736
1.0250400241092041
1.0242150913745962
1.0242150913745962
1.0253939462602646
1.0244681599724759
1.0244681599724759
1.0244681599724759
1.023591973108489
1.023591973108489
1.023591973108489
1.023591973108489
1.023591973108489
1.0229973175352287
1.0251486133634196
1.0243211746924794
1.0244312041641803
1.0244312041641803
1.0244312041641803
1.0244312041641803
1.0237888655185758
1.0221626746230226
1.0221626746230226
1.0221626746230226
1.0227436574472122
1.0221520696689586
1.0221520696689586
1.0221520696689586
1.0221520696689586
1.0221520696689586
1.0221520696689586
1.0217733657199684
1.0219646335345864
1.0208062117885603
1.0208062117885603
1.0208062117885603
1.0208062117885603
1.0221739545680657
1.0221739545680657
1.0226802057021789
1.0214918239932858
1.021704038017323
1.0233441258316263
1.0233441258316263
1.023722513886854
1.0252504764835935
1.0231111944223066
1.0216310455098319
1.0216310455098319
1.0216310455098319
1.0216310455098319
1.0227668926572995
1.0227668926572995
1.0227668926572995
1.0227668926572995
1.0227668926572995
1.0227668926572995
1.0227668926572995
1.0227668926572995
1.023407539887539
1.0226858605782372
1.0226858605782372
1.0226858605782372
1.0236908282459691
1.0236908282459691
1.0236908282459691
1.0236908282459691
1.0236908282459691
1.0236908282459691
1.023697298719658
1.023697298719658
1.0233652663043924
1.0233652663043924
1.0201263816184178
1.0209456320818755
1.0209456320818755
1.0209456320818755
1.0209456320818755
1.0212887845318812
1.0212887845318812
1.0212887845318812
1.0212887845318812
1.0212887845318812
1.0212887845318812
1.0219142014267981
1.0219142014267981
1.0219142014267981
1.0241931770532393
1.0255488704165303
1.0243619774223016
1.0243619774223016
1.0243619774223016
1.0243619774223016
1.0233973963457066
1.0233973963457066
1.0233973963457066
1.0248864245180296
1.0248864245180296
1.0254983825006574
1.0254983825006574
1.025783921493559
1.025783921493559
1.025783921493559
1.0263820894370876
1.0253720703545626
1.0268037149383418
1.0268037149383418
1.0268037149383418
1.0268037149383418
1.0268037149383418
1.0268037149383418
1.0268037149383418
1.0268037149383418
1.0264108014150397
1.0264108014150397
1.0264108014150397
1.0264108014150397
1.0249132151799742
1.0249132151799742
1.0249132151799742
1.0249132151799742
1.0249841921012988
1.026199289040053
1.0249983753898622
1.0240702036558118
1.0255422689742915
1.0270715618074586
1.0270715618074586
1.0270715618074586
1.0273644134634525
1.0273644134634525
1.0273644134634525
1.0264258901475882
1.027618804037175
1.0278115552021787
1.0278115552021787
1.0274738212386283
1.0274738212386283
1.0268995271075083
1.0268995271075083
1.0268995271075083
1.0267364511117394
1.0267364511117394
1.0258366868808428
1.0258366868808428
1.0258366868808428
1.0258366868808428
1.0258366868808428
1.0241653834982494
1.0241653834982494
1.0241653834982494
1.0224697840050365
1.0224697840050365
1.0214294469303002
1.021559608049557
1.021559608049557
1.021559608049557
1.020258439728931
1.020258439728931
1.0238703607458155
1.0216074325909976
1.0232315155228109
1.0232315155228109
1.0232315155228109
1.0229705282393307
1.0264407136628833
1.029215166820983
1.029215166820983
1.029215166820983
1.029538512524953
1.029538512524953
1.029538512524953
1.0273532360589566
1.0273532360589566
1.0267538904056877
1.0267538904056877
1.0267538904056877
1.0258620202776185
1.0258620202776185
1.0258750462032669
1.0258750462032669
1.025152856344463
1.025152856344463
1.025152856344463
1.025152856344463
1.0216892917479776
1.0216892917479776
1.0235671473306898
1.0253354689047978
1.0253354689047978
1.0253354689047978
1.0253354689047978
1.0253354689047978
1.023603883134546
1.023603883134546
1.023603883134546
1.023603883134546
1.0235456542612178
1.0262286781750891
1.0262286781750891
1.0262286781750891
1.0262286781750891
1.02750003030671
1.0251131673347738
1.02448259768727
1.02448259768727
1.0251579420731143
1.0252071884731857
1.0252071884731857
1.0256909881701826
1.0256909881701826
1.0256909881701826
1.0262887657693092
1.026001033395947
1.026001033395947
1.0244355499163647
1.0239744438946659
1.0270685332953051
1.0270685332953051
1.0261424268255055
1.0216123846953862
1.0216123846953862
1.0216123846953862
1.0216123846953862
1.0216123846953862
1.0216123846953862
1.0216123846953862
1.0216123846953862
1.0216408403743005
1.0257723851147897
1.0257723851147897
1.0257723851147897
1.0257723851147897
1.0257723851147897
1.0257723851147897
1.0257723851147897
1.0276838878921735
1.0276838878921735
1.0276838878921735
1.0276838878921735
1.0255896750369846
1.0255896750369846
1.0255896750369846
1.0255896750369846
1.0255896750369846
1.025274255738164
1.025712809199359
1.025712809199359
1.025712809199359
1.0255558877240307
1.0255558877240307
1.0278360770064905
1.0254719928171898
1.0245154548026891
1.0254086041340664
1.025246677562207
1.025246677562207
1.0283087303261784
1.0283087303261784
1.0283087303261784
1.0283087303261784
1.0283087303261784
1.0283087303261784
1.0277356022492958
1.0277356022492958
1.0277356022492958
1.0281977987135584
1.0281977987135584
1.031926743319952
1.032252124608423
1.032252124608423
1.032252124608423
1.033820648599283
1.0313039861678448
1.0300924680800487
1.0300924680800487
1.0300924680800487
1.0284369757533565
1.0285958368458952
1.0286740223882456
1.0286740223882456
1.0286740223882456
1.0286740223882456
1.0263007023206032
1.0263007023206032
1.0263007023206032
1.0263007023206032
1.0263007023206032
1.0263007023206032
1.0263007023206032
1.0227445795295351
1.0217069544720787
1.022592214082796
1.0225479398562278
1.0250786960743188
1.0237481285599959
1.0237481285599959
1.0237481285599959
1.0238665382052747
1.023943432289373
1.023943432289373
1.023943432289373
1.0215876890208384
1.0215876890208384
1.0215876890208384
1.0201651411990513
1.0215278147255928
1.0214681558107528
1.0214681558107528
1.0214681558107528
1.0214681558107528
1.0227053832008242
1.021976486636913
1.021976486636913
1.0210898737056697
1.0205821746502466
1.0205821746502466
1.023474160083225
1.0217117039983517
1.0245441817225882
1.021091667377977
1.021091667377977
1.021091667377977
1.021091667377977
1.021091667377977
1.021091667377977
1.021091667377977
1.023417577536695
1.02340041153375
1.02340041153375
1.021954902244349
1.021954902244349
1.0200016209196132
1.0205262168494558
1.0205262168494558
1.0205262168494558
1.025718567046722
1.0256229633358387
1.0256229633358387
1.0244372472128993
1.0259083580599095
1.0256788933442778
1.0256788933442778
1.0258939571821506
1.0258939571821506
1.0258939571821506
1.0256235783313201
1.0256235783313201
1.0256235783313201
1.0256235783313201
1.0250151468835405
1.0250151468835405
1.0234224334707998
1.0217630390984027
1.0197127774969241
1.0185158694067245
1.0185158694067245
1.0202223737971905
1.0203273930774173
1.0218767731730314
1.0218767731730314
1.0218767731730314
1.0218767731730314
1.0224696905515815
1.0224696905515815
1.023888403343995
1.023888403343995
1.023888403343995
1.0247169844230974
1.0247169844230974
1.0247169844230974
1.0247169844230974
1.0247169844230974
1.0247169844230974
1.0247169844230974
1.0247169844230974
1.0247169844230974
1.0247169844230974
1.0247169844230974
1.0258093617573782
1.0260870538418352
1.0260870538418352
1.0233412929922292
1.023047427944891
1.0226782419420575
1.0226782419420575
1.0243354722691393
1.0243354722691393
1.0236720047343681
1.0236720047343681
1.0236720047343681
1.0236720047343681
1.0219873148310203
1.0219873148310203
1.0279079078046447
1.0279079078046447
1.0279079078046447
1.0279079078046447
1.024750841089722
1.024750841089722
1.024750841089722
1.024750841089722
1.024750841089722
1.024750841089722
1.024750841089722
1.024750841089722
1.024750841089722
1.0279150799397918
1.0279150799397918
1.0279150799397918
1.0272443984848112
1.0247284557512641
1.0263675955078513
1.0263675955078513
1.0263675955078513
1.0263675955078513
1.0263675955078513
1.0263675955078513
1.0256584634696013
1.0256584634696013
1.0259243988979683
1.0259243988979683
1.0244811266013576
1.0244811266013576
1.0244811266013576
1.0244811266013576
1.0229310498830464
1.0213164677018
1.020576077394689
1.020576077394689
1.0209560098193995
1.0209560098193995
1.019735980504135
1.019735980504135
1.019735980504135
1.019735980504135
1.019735980504135
1.019735980504135
1.0230781849629242
1.0202817725539541
1.0202817725539541
1.0216011341344187
1.0211396551914858
1.024722181127034
1.0249228086043551
1.0207935636053662
1.0207935636053662
1.021714142359168
1.021714142359168
1.022363915017435
1.022363915017435
1.0219584477431898
1.0219584477431898
1.0218010750064896
1.0218010750064896
1.0218010750064896
1.0207261724793006
1.0207261724793006
1.0221718586426258
1.0236091002133407
1.0248155233087477
1.0241611373854012
1.0241611373854012
1.0253532626999806
1.0253532626999806
1.026502958182327
1.028331312245057
1.028331312245057
1.028331312245057
1.0290324567549831
1.0305278746247113
1.0305278746247113
1.0305278746247113
1.0305278746247113
1.0270738466584997
1.0270738466584997
1.0274467423461486
1.0258848606424384
1.0258848606424384
1.0242695638753625
1.024682808631401
1.024682808631401
1.0240332530800094
1.0217948895592308
1.0218900066674605
1.0218900066674605
1.0204918294173186
1.0204918294173186
1.0204918294173186
1.0204918294173186
1.0204918294173186
1.0186333127453717
1.0195453274909037
1.0188697758245269
1.0188697758245269
1.019661621965128
1.019661621965128
1.019661621965128
1.019661621965128
1.018673891763705
1.018673891763705
1.018673891763705
1.0162809646134128
1.016297635948307
1.0195285345070337
1.0205092025867353
1.0214077327576465
1.0224393343150424
1.0224393343150424
1.0227386709294213
1.0227386709294213
1.0213053367859384
1.0213053367859384
1.0213053367859384
1.0213053367859384
1.0232948316416488
1.0232948316416488
1.0189844286770064
1.0189844286770064
1.0189844286770064
1.022434109619959
1.0240146021613865
1.0240146021613865
1.0240146021613865
1.0240146021613865
1.0218831977093679
1.0218831977093679
1.0218831977093679
1.0223319573191494
1.0223319573191494
1.0243000405146065
1.0243000405146065
1.0243000405146065
1.0243000405146065
1.0243000405146065
1.0243000405146065
1.0249302800729614
1.0247558408151618
1.0247558408151618
1.0247558408151618
1.0237516486277727
1.0237516486277727
1.0237516486277727
1.0246310455605414
1.0221716336627176
1.0221716336627176
1.0221716336627176
1.0221716336627176
1.0164283195070918
1.0164283195070918
1.0186222816028074
1.0186222816028074
1.0186222816028074
1.0201202561726561
1.0201202561726561
1.0201202561726561
1.0229873903803253
1.022450273757403
1.0229066742153345
1.0232534073272077
1.0221227686664986
1.0221227686664986
1.022051186304249
1.0224680379193625
1.0224680379193625
1.0241035699982828
1.0233348413932566
1.0233348413932566
1.0202838926860105
1.0229768306511102
1.0194775922500154
1.0194775922500154
1.0194775922500154
1.0194775922500154
1.0194775922500154
1.0194775922500154
1.022911823612628
1.022911823612628
1.0238837743113627
1.024063336615911
1.024063336615911
1.026155425601028
1.0261521001977307
1.0240426330462404
1.0240426330462404
1.025084747766528
1.025084747766528
1.025084747766528
1.0253150879383204
1.026015723466278
1.0262307570352227
1.0262307570352227
1.0262307570352227
1.0262307570352227
1.0262307570352227
1.0303522402421805
1.0303522402421805
1.0303522402421805
1.0303522402421805
1.0303522402421805
1.0315060189937704
1.0315060189937704
1.0315060189937704
1.0315060189937704
1.0315060189937704
1.0315060189937704
1.0315060189937704
1.0296471641633331
1.0296471641633331
1.0296471641633331
1.0296471641633331
1.0296471641633331
1.030071909770838
1.0300575678665775
1.0268226740768398
1.0268226740768398
1.029238177949998
1.0319353551734416
1.0322069460248566
1.0322069460248566
1.0322069460248566
1.0297909651351569
1.0297909651351569
1.0301288541538822
1.0301288541538822
1.0301288541538822
1.0301288541538822
1.027400677478568
1.024986539393568
1.0252977568169181
1.0252977568169181
1.0252977568169181
1.026042136545211
1.0240870544527076
1.0240870544527076
1.0240870544527076
1.0240870544527076
1.0240870544527076
1.023351858044473
1.0231913727779185
1.0231913727779185
1.0231913727779185
1.0250406369684049
1.0266916418997005
1.0266916418997005
1.0260681889167478
1.0260681889167478
1.0283506097876154
1.0283506097876154
1.0283506097876154
1.0283506097876154
1.0283506097876154
1.0283506097876154
1.0283506097876154
1.0283506097876154
1.0283506097876154
1.0283506097876154
1.0279486811128895
1.0279486811128895
1.0279486811128895
1.0293292060427064
1.0293292060427064
1.0297932905093299
1.0294184111127758
1.0294184111127758
1.0294184111127758
1.0311716913600288
1.0311716913600288
1.0342329800587635
1.0342329800587635
1.0342329800587635
1.0342329800587635
1.0342329800587635
1.0331903432706533
1.0325007227706937
1.0308836037385505
1.0307113310152898
1.0308219536256795
1.0299853836192683
1.0303730553465238
1.0308862274968467
1.0285773931361006
1.0268661251454259
1.0268661251454259
1.02635993326219
1.027689043389138
1.0287733633369123
1.0268172641718862
1.0268172641718862
1.0268172641718862
1.0268172641718862
1.0268172641718862
1.026821494464891
1.026821494464891
1.026821494464891
1.0248913947737812
1.0248913947737812
1.0248913947737812
1.0256740166026923
1.0255254302796537
1.0255254302796537
1.0272210433237308
1.028172030464547
1.028172030464547
1.028172030464547
1.028172030464547
1.028172030464547
1.028172030464547
1.0277344496521634
1.0277344496521634
1.0277344496521634
1.0292511091640653
1.0292511091640653
1.0292511091640653
1.0292511091640653
1.029431180964718
1.0293479539872317
1.0293479539872317
1.0293479539872317
1.029486048566969
1.029486048566969
1.029486048566969
1.029486048566969
1.0297172386728717
1.0309570572931637
1.0309570572931637
1.0309570572931637
1.0309570572931637
1.0295498070303915
1.0295498070303915
1.0290390251395594
1.029217349314365
1.0289909828165744
1.0289909828165744
1.0289909828165744
1.0289909828165744
1.029182003880597
1.029182003880597
1.0293572170611034
1.0280012573568185
1.0252749828847372
1.0252749828847372
1.0252749828847372
1.0291348336894466
1.0291348336894466
1.0291348336894466
1.0267257030898438
1.025528144156546
1.025528144156546
1.025528144156546
1.0275186504357563
1.0275186504357563
1.0257836546830266
1.0258743237021433
1.0249855695754815
1.0249855695754815
1.0249855695754815
1.0249855695754815
1.0249855695754815
1.0242094166205595
1.0242094166205595
1.0242094166205595
1.0242094166205595
1.0242094166205595
1.024212630064027
1.0259271886862171
1.0259271886862171
1.0259271886862171
1.0259271886862171
1.0259271886862171
1.0290898803626494
1.0290898803626494
1.0290898803626494
1.0286464207629595
1.0286464207629595
1.0286464207629595
1.0286376757972624
1.0286376757972624
1.0286376757972624
1.0276142977913638
1.0283720066614617
1.0267065669359083
1.0276729886784701
1.0287217007149267
1.0264900431472346
1.0289360413598814
1.0289360413598814
1.0278867151999544
1.0269539616618788
1.0269539616618788
1.0269539616618788
1.0278897688860205
1.028896514424188
1.024793938316064
1.0262711470712205
1.0251217598225126
1.0251217598225126
1.0224789438795387
1.020438176827774
1.0214937164865103
1.0214937164865103
1.0215494854167504
1.0222681783722227
1.0212615445970172
1.0222484105215561
1.0222484105215561
1.0219156415455217
1.0219156415455217
1.0219156415455217
1.0227722260494694
1.0256220488861336
1.0256220488861336
1.0256220488861336
1.0256220488861336
1.0252729533612097
1.0252729533612097
1.0252729533612097
1.0252729533612097
1.0252729533612097
1.0263571824587752
1.0264343240028602
1.0264343240028602
1.0264343240028602
1.0241205976251435
1.027636688863955
1.0262199797974543
1.0269408162696412
1.0272967406471825
1.0272894866815403
1.0272894866815403
1.0262745019763344
1.0262745019763344
1.0294161845766534
1.0294161845766534
1.0294161845766534
1.028371457273113
1.028371457273113
1.028371457273113
1.028371457273113
1.0284508382429962
1.0284508382429962
1.0284508382429962
1.0284508382429962
1.0284508382429962
1.0284508382429962
1.0284508382429962
1.0284508382429962
1.030386756640065
1.0308064572312767
1.0308064572312767
1.0308064572312767
1.0313055994459859
1.0317239832180258
1.0297842462320592
1.0297842462320592
1.0297842462320592
1.0301074575258056
1.0301074575258056
1.0301074575258056
1.0301074575258056
1.0301074575258056
1.0301074575258056
1.026228540099574
1.0274855149683524
1.0274855149683524
1.0257484929278635
1.0257484929278635
1.0257484929278635
1.0238533678567692
1.0248845576543857
1.024764754793543
1.024764754793543
1.024764754793543
1.024764754793543
1.024764754793543
1.0245421172967415
1.0245421172967415
1.0264450167286576
1.023368254224581
1.0255437512777585
1.0280561971829782
1.0280561971829782
1.0280561971829782
1.0297817643706864
1.0297817643706864
1.0295357295541165
1.0290563155456547
1.0290563155456547
1.0290563155456547
1.0290563155456547
1.0290563155456547
1.0290563155456547
1.0290563155456547
1.0290563155456547
1.0290563155456547
1.0290563155456547
1.0290563155456547
1.0312280667272067
1.0312280667272067
1.0281149944039103
1.0281149944039103
1.0285565494715807
1.0278001718611591
1.0287725595699697
1.0299106948418382
1.0299106948418382
1.0299106948418382
1.0296783717542175
1.0296783717542175
1.0296783717542175
1.0296783717542175
1.0300731105433085
1.0300731105433085
1.0300731105433085
1.0300998922589888
1.0284916999815557
1.0284916999815557
1.0284916999815557
1.0300179978151967
1.0301633981020988
1.0301633981020988
1.0301633981020988
1.030047918512886
1.032425421810989
1.032425421810989
1.032425421810989
1.0323549851895093
1.0323549851895093
1.0323549851895093
1.0282763638350383
1.027632709839652
1.027632709839652
1.0288606322458047
1.0288606322458047
1.0288606322458047
1.0288606322458047
1.0288606322458047
1.0288606322458047
1.0288606322458047
1.0288606322458047
1.0286221989651414
1.0271064828371992
1.0271064828371992
1.0271064828371992
1.0271064828371992
1.0271064828371992
1.0271064828371992
1.0271064828371992
1.0271064828371992
1.0275590101386152
1.0259184540779314
