1.0634214300973541
1.0634214300973541
1.0634214300973541
1.0634214300973541
1.0634214300973541
1.0634214300973541
1.0634214300973541
1.0634214300973541
1.0634214300973541
1.0634214300973541
1.0634214300973541
1.0634214300973541
1.0634214300973541
1.0634214300973541
1.0634214300973541
1.0634214300973541
1.0634214300973541
1.0634214300973541
1.0634214300973541
1.0634214300973541
1.0634214300973541
1.0634214300973541
1.0634214300973541
1.0634214300973541
1.0634214300973541
1.0634214300973541
1.0634214300973541
1.0634214300973541
1.0634214300973541
1.0634214300973541
1.0634214300973541
1.0634214300973541
1.0634214300973541
1.0634214300973541
1.0634214300973541
1.0634214300973541
1.0634214300973541
1.0634214300973541
1.0634214300973541
1.0634214300973541
1.0634214300973541
1.0634214300973541
1.0634214300973541
1.0634214300973541
1.0634214300973541
1.0634214300973541
1.0634214300973541
1.0634214300973541
1.0634214300973541
1.0634214300973541
1.0634214300973541
1.0634214300973541
1.0634214300973541
1.0634214300973541
1.0634214300973541
1.0634214300973541
1.0634214300973541
1.0634214300973541
1.0634214300973541
1.0634214300973541
1.0634214300973541
1.0634214300973541
1.0634214300973541
1.0634214300973541
1.0634214300973541
1.0634214300973541
1.0634214300973541
1.0634214300973541
1.0634214300973541
1.0634214300973541
1.0634214300973541
1.0634214300973541
1.0634214300973541
1.0634214300973541
1.0634214300973541
1.0634214300973541
1.0634214300973541
1.0634214300973541
1.0634214300973541
1.0634214300973541
1.0634214300973541
1.0634214300973541
1.0634214300973541
1.0634214300973541
1.0634214300973541
1.0634214300973541
1.0634214300973541
1.0634214300973541
1.0634214300973541
1.0634214300973541
1.0634214300973541
1.0634214300973541
1.0634214300973541
1.0634214300973541
1.0634214300973541
1.0634214300973541
1.0634214300973541
1.0634214300973541
1.0634214300973541
1.0634214300973541
1.0641085134354697
1.0641085134354697
1.0641085134354697
1.0641085134354697
1.0657317808547242
1.0664432339640333
1.0668093116405177
1.066814266452204
1.0696886934966652
1.071084959479102
1.0745817285871462
1.0745817285871462
1.0745817285871462
1.0745817285871462
1.074817869209319
1.0751436506996437
1.0751436506996437
1.0751436506996437
1.0751436506996437
1.0751436506996437
1.0769368684625622
1.0770512839621014
1.07834329259744
1.07834329259744
1.07834329259744
1.07834329259744
1.07834329259744
1.0793380269073711
1.076806926485844
1.0780442162948323
1.0780844612995946
1.0780844612995946
1.0780844612995946
1.0749474110208646
1.0749872571686612
1.0749872571686612
1.073000769138489
1.073000769138489
1.0734587119431773
1.070049019652557
1.0750844186696147
1.0744948024966183
1.0701500077647441
1.0685103511931089
1.0722286005083141
1.0714140600225526
1.0685458764500178
1.0685458764500178
1.068607680106029
1.068607680106029
1.0675984089260468
1.0675984089260468
1.0675984089260468
1.0696914461215332
1.0696914461215332
1.0665652294061336
1.0665652294061336
1.0665652294061336
1.0630365119634848
1.0630365119634848
1.0618575698694652
1.0618575698694652
1.0590791483190203
1.0566442327536998
1.0566442327536998
1.0566442327536998
1.0566442327536998
1.0566442327536998
1.0566442327536998
1.0566442327536998
1.0566442327536998
1.0553063887697822
1.0509327497885288
1.0510619021743022
1.0510619021743022
1.0510619021743022
1.0510619021743022
1.0486299492230489
1.0475098779341765
1.0471068214788986
1.0460832517913157
1.0460832517913157
1.0460832517913157
1.0460832517913157
1.0464562015427303
1.0451503113867233
1.0451503113867233
1.0450202154985917
1.0462472745175848
1.0468317917944696
1.047312970736293
1.047312970736293
1.0469088261818533
1.0469088261818533
1.0469088261818533
1.0469088261818533
1.0469088261818533
1.0436746997192945
1.0436746997192945
1.0436746997192945
1.0436746997192945
1.0436746997192945
1.0436378573917788
1.0435969446180875
1.0435969446180875
1.0439531190535778
1.0464440829915627
1.0456184760779
1.0474680449773925
1.0424134714821658
1.0443214527528908
1.0443214527528908
1.0443958104240572
1.044651775332595
1.044651775332595
1.044651775332595
1.044651775332595
1.044651775332595
1.0421099761985166
1.0421099761985166
1.0421099761985166
1.0421099761985166
1.0421099761985166
1.0421099761985166
1.0411582380897417
1.0411582380897417
1.0429513983162988
1.0429513983162988
1.0429513983162988
1.041226605241381
1.041226605241381
1.041226605241381
1.041226605241381
1.0396150162385436
1.0396150162385436
1.0396150162385436
1.0396150162385436
1.0389119426841291
1.0389119426841291
1.0389119426841291
1.0389119426841291
1.0389119426841291
1.0389119426841291
1.0389119426841291
1.0389119426841291
1.0394324387120562
1.0394324387120562
1.0407533111570981
1.040377536929103
1.038686635230702
1.038686635230702
1.0363676576810696
1.0363676576810696
1.0380245947495785
1.0380245947495785
1.0376985910227245
1.0376985910227245
1.0371515024302598
1.0371515024302598
1.0366944770881508
1.0351228137701087
1.0351228137701087
1.0351228137701087
1.0351228137701087
1.0368891378773584
1.0353178060290522
1.0361183538327279
1.0361183538327279
1.0361183538327279
1.035721590316142
1.035721590316142
1.035721590316142
1.035721590316142
1.0343516185328119
1.032354930168357
1.032354930168357
1.031411318144367
1.0315681681437814
1.0315681681437814
1.0315681681437814
1.0316616378728949
1.0316616378728949
1.0316616378728949
1.0316616378728949
1.0294653844432806
1.0294653844432806
1.0301358518458912
1.0301358518458912
1.0322231754414881
1.0315811170843248
1.0315811170843248
1.0315811170843248
1.0316897845080804
1.0317730898803226
1.0304054771482358
1.0304054771482358
1.0304054771482358
1.0304054771482358
1.0304054771482358
1.0304054771482358
1.029651794590776
1.029651794590776
1.029651794590776
1.029651794590776
1.029651794590776
1.0308211544297063
1.0325829952675962
1.0325829952675962
1.0325829952675962
1.033681508551548
1.0340341159595483
1.0336046754467632
1.0336046754467632
1.0336046754467632
1.0349685320468152
1.0339240007588437
1.0350113707766972
1.0357103846439117
1.0367796359421346
1.0352757670146768
1.0364724833239107
1.0373125292693082
1.036784154040704
1.032314695659566
1.032314695659566
1.032314695659566
1.032314695659566
1.032314695659566
1.032314695659566
1.032314695659566
1.0336209755444956
1.0336209755444956
1.0336209755444956
1.0336209755444956
1.0336209755444956
1.0336209755444956
1.0325696240501205
1.0325696240501205
1.0325696240501205
1.0325696240501205
1.0311469829215676
1.0311469829215676
1.0311469829215676
1.0290728747007447
1.0290728747007447
1.0324946325429483
1.0324946325429483
1.032781276889811
1.0313869901748547
1.0313869901748547
1.0313869901748547
1.0313869901748547
1.0313869901748547
1.0313869901748547
1.0313869901748547
1.0318277148987278
1.0318277148987278
1.0318277148987278
1.0312756508264846
1.0319830250809872
1.0319830250809872
1.0319830250809872
1.0319830250809872
1.0331240728319928
1.0331240728319928
1.0331240728319928
1.032435585600595
1.0300202744082712
1.0300202744082712
1.0300202744082712
1.0282370572272979
1.0282370572272979
1.0270312280503748
1.0256759515771974
1.0270111171092329
1.0270111171092329
1.028950255520821
1.028950255520821
1.028950255520821
1.0283327042698585
1.0287322076010925
1.027363057105461
1.027363057105461
1.0311371932817321
1.0311371932817321
1.0311371932817321
1.0311371932817321
1.030606364439123
1.030606364439123
1.0306656497577205
1.0319333860434559
1.0319333860434559
1.0319333860434559
1.03093151610568
1.03093151610568
1.0314926622365708
1.0314926622365708
1.0314926622365708
1.0312061241874495
1.0312061241874495
1.0312061241874495
1.0320632589027956
1.0320632589027956
1.0294085144503986
1.0294085144503986
1.0294085144503986
1.0350659194676868
1.035323167858927
1.0356695881750588
1.030267084366902
1.0303017675526098
1.0296935799814697
1.0296935799814697
1.0296935799814697
1.0296935799814697
1.0296935799814697
1.0294373897050246
1.0294373897050246
1.0294373897050246
1.0316923170206433
1.0316923170206433
1.0316923170206433
1.0307267597721328
1.0307267597721328
1.030835733636174
1.030835733636174
1.0309261397492415
1.0309261397492415
1.0303831014161944
1.0303831014161944
1.0295122355626356
1.0295122355626356
1.0295122355626356
1.0293858092120352
1.0296862822152832
1.0296862822152832
1.0296862822152832
1.0296854685005228
1.0296854685005228
1.0296854685005228
1.0272344944321274
1.0299963416978912
1.0284790355415268
1.029391090461283
1.029391090461283
1.0301626462599733
1.0299052372387976
1.03070787189298
1.03070787189298
1.0280415204230442
1.0280415204230442
1.0280415204230442
1.0280415204230442
1.0276060343771527
1.0297861179447128
1.0297861179447128
1.0312976571271637
1.0312976571271637
1.0312976571271637
1.0312976571271637
1.0308492369749558
1.0308492369749558
1.0308492369749558
1.0331042860050212
1.0331042860050212
1.0312653654640955
1.0312653654640955
1.0317627863550265
1.0328686817963766
1.029631956735799
1.029631956735799
1.0299879860941255
1.030179465374926
1.0318174777906959
1.0322529143324093
1.0322529143324093
1.0322529143324093
1.0359571801741063
1.0359571801741063
1.0359571801741063
1.0359571801741063
1.036054619114628
1.0359209730758834
1.0359014790166685
1.0357690868931402
1.0351301893441487
1.0351301893441487
1.0351301893441487
1.0348116071120497
1.0348116071120497
1.0348116071120497
1.0338415906817675
1.0338415906817675
1.0338415906817675
1.0311862369757547
1.0317938132546227
1.0317938132546227
1.0317938132546227
1.0317938132546227
1.0308494892921045
1.0308494892921045
1.030341838181532
1.030341838181532
1.0298381274039643
1.0298381274039643
1.0298381274039643
1.0293380981210463
1.0293380981210463
1.0293380981210463
1.0293380981210463
1.029486651181469
1.029486651181469
1.0317038021199048
1.0317038021199048
1.0317038021199048
1.032731252464687
1.033933667909754
1.033933667909754
1.0347821982511856
1.0347821982511856
1.0348616671048132
1.035058853411731
1.035058853411731
1.035058853411731
1.0342814381370538
1.0347231352811053
1.0348636536472953
1.0341956976282312
1.0343603896064857
1.0343603896064857
1.0318664989059243
1.0341452509565776
1.0341452509565776
1.0341452509565776
1.0340140856095343
1.0340140856095343
1.0340140856095343
1.031824892705267
1.031824892705267
1.032882530777581
1.032882530777581
1.032882530777581
1.032882530777581
1.032882530777581
1.032882530777581
1.032882530777581
1.032882530777581
1.033582168498728
1.033644731901107
1.033644731901107
1.0327605345734292
1.0327605345734292
1.0327605345734292
1.0340961132890223
1.0340961132890223
1.0340961132890223
1.0318541269764165
1.0299989583612392
1.0299989583612392
1.0299989583612392
1.0299989583612392
1.0299989583612392
1.0323334020959554
1.0323334020959554
1.032436778318137
1.032436778318137
1.0372809089367048
1.0368253988048515
1.0368253988048515
1.0368253988048515
1.0368253988048515
1.0368253988048515
1.0368253988048515
1.0368253988048515
1.0368253988048515
1.0368253988048515
1.0368253988048515
1.0347060398678751
1.0345380979568741
1.0345380979568741
1.0345380979568741
1.0345380979568741
1.0345380979568741
1.0355407016830427
1.0337557490915017
1.0337557490915017
1.036857628506282
1.036857628506282
1.0363544199560188
1.0363544199560188
1.0319639702021692
1.0319639702021692
1.031555129696455
1.031555129696455
1.031555129696455
1.031555129696455
1.031555129696455
1.029855607379913
1.029855607379913
1.028641814245312
1.0281079379909142
1.028199361328381
1.028199361328381
1.028199361328381
1.0302624615460718
1.0302624615460718
1.0302624615460718
1.0302624615460718
1.0302624615460718
1.0302624615460718
1.0302624615460718
1.0302624615460718
1.0302624615460718
1.0303426823578166
1.0303426823578166
1.0303426823578166
1.0293890269048165
1.0285113535379047
1.0285113535379047
1.0285113535379047
1.0287213927311447
1.027579252022093
1.0288752690250524
1.0281193318963748
1.0294162307511696
1.0294162307511696
1.0293660599775774
1.029622043485928
1.029622043485928
1.029622043485928
1.029622043485928
1.029622043485928
1.029622043485928
1.029622043485928
1.029622043485928
1.029622043485928
1.029622043485928
1.0306718376240689
1.0304738036563255
1.0304738036563255
1.0311387582988165
1.0311387582988165
1.0311387582988165
1.0323174971368911
1.0323174971368911
1.0323174971368911
1.0334474151653938
1.0341590973657637
1.0341590973657637
1.0341590973657637
1.0341590973657637
1.0376173324886435
1.039492944024001
1.0385800006825576
1.0385800006825576
1.0385800006825576
1.0385800006825576
1.0384828352718163
1.0364374657364865
1.0364374657364865
1.0361021595658344
1.0361021595658344
1.0346128807138828
1.0346128807138828
1.0346128807138828
1.0382080811776218
1.0382080811776218
1.0360852030710528
1.0333186328587292
1.0333186328587292
1.0333186328587292
1.0333186328587292
1.0332548093840548
1.0335337384730456
1.0335337384730456
1.0335337384730456
1.0335337384730456
1.0349593610608532
1.0349593610608532
1.0349593610608532
1.0346954822057477
1.0359533672483012
1.0359533672483012
1.0359533672483012
1.0359533672483012
1.0359954248308243
1.0397012510740034
1.0376079343713491
1.0376079343713491
1.0376079343713491
1.0376079343713491
1.0372385589448487
1.0372385589448487
1.0382302129467127
1.0382302129467127
1.0382302129467127
1.0382302129467127
1.0364753446075528
1.0387450114469186
1.0403137312175519
1.0403137312175519
1.040748160650753
1.040748160650753
1.040748160650753
1.040748160650753
1.040748160650753
1.040748160650753
1.041742791552231
1.041742791552231
1.041945215988822
1.041945215988822
1.041945215988822
1.040625091987189
1.038246227543115
1.0402549003910178
1.0378420787480875
1.0412554682360502
1.0404650390332022
1.0404650390332022
1.0386020675902667
1.0386020675902667
1.0395351946066782
1.0395351946066782
1.0395351946066782
1.0395351946066782
1.0395351946066782
1.0395351946066782
1.0398200376398286
1.0398200376398286
1.038971142250485
1.038971142250485
1.038971142250485
1.038971142250485
1.0391199896568144
1.03583362143071
1.03583362143071
1.0372037522582833
1.0357623869798354
1.033501400669261
1.033501400669261
1.033501400669261
1.033501400669261
1.033501400669261
1.033501400669261
1.033501400669261
1.033501400669261
1.033501400669261
1.0326011285406747
1.0326011285406747
1.035929729346363
1.0356720243622106
1.0356720243622106
1.0356720243622106
1.0356720243622106
1.0337048503717536
1.0337048503717536
1.0337048503717536
1.0311782414071085
1.0334592219472785
1.0334592219472785
1.0334592219472785
1.0368619733330682
1.0344784253253425
1.0344784253253425
1.0344784253253425
1.0344784253253425
1.0344784253253425
1.0344784253253425
1.033888247656692
1.033888247656692
1.033888247656692
1.034504674903111
1.0334995971658218
1.0334241448557677
1.0334241448557677
1.0330662815039853
1.0330662815039853
1.0351493811350698
1.0351493811350698
1.0351493811350698
1.036744856388625
1.036744856388625
1.036744856388625
1.0331847026419096
1.0331193339206348
1.0328221136489053
1.0328221136489053
1.0328221136489053
1.0328221136489053
1.0328221136489053
1.0321165008188653
1.0321165008188653
1.0321165008188653
1.0332052216882814
1.0291944705284826
1.0291944705284826
1.0291944705284826
1.0291944705284826
1.0303089565494523
1.030346371389937
1.030346371389937
1.030346371389937
1.030346371389937
1.030346371389937
1.030346371389937
1.030346371389937
1.03042205142858
1.03042205142858
1.03042205142858
1.03042205142858
1.03042205142858
1.0290795839019242
1.0290795839019242
1.0291745336452187
1.0284012901791986
1.0316789477737236
1.03177094648234
1.03177094648234
1.03177094648234
1.0306159375754358
1.0299402618495086
1.030686355557538
1.0301270766953778
1.0313121989437235
1.0313121989437235
1.0319680761740755
1.0307209859321083
1.0302601312930912
1.0302601312930912
1.0310047226422692
1.0310047226422692
1.0318766279608425
1.0318766279608425
1.0323155992486661
1.0317468361582651
1.032340586683457
1.0337907532987278
1.030159667775294
1.030159667775294
1.031721858524087
1.0314387299862284
1.0314387299862284
1.0280924819180013
1.0280924819180013
1.0280924819180013
1.0280924819180013
1.0280924819180013
1.0283348623515587
1.0269799353395408
1.027089223874974
1.0272748472156565
1.0273434174460525
1.0288027357061102
1.0288027357061102
1.0298844685832864
1.0298844685832864
1.0303719841331513
1.0303719841331513
1.031389952862728
1.031389952862728
1.031389952862728
1.031389952862728
1.031389952862728
1.031389952862728
1.0312713368281166
1.0327219062902886
1.0327219062902886
1.0327219062902886
1.0274118028343622
1.0274118028343622
1.0274118028343622
1.0255903775700013
1.0255903775700013
1.0264552515315668
1.0264552515315668
1.0264552515315668
1.0264552515315668
1.0247920150555827
1.0247920150555827
1.0247920150555827
1.0273208338875865
1.0281245233611622
1.028305829048346
1.0316576518824532
1.0317026222170698
1.0317026222170698
1.0291427336849177
1.0291427336849177
1.0290812773072844
1.0290812773072844
1.0290812773072844
1.0274743134567865
1.0276253049428936
1.0263647038384751
1.0282935669731277
1.0268228210016113
1.0258911526642724
1.0264052827779473
1.0265031446048885
1.0265031446048885
1.0265031446048885
1.029050014936405
1.0296590832789216
1.0296590832789216
1.0296590832789216
1.0291435969201594
1.0291435969201594
1.0291435969201594
1.0291435969201594
1.0291435969201594
1.0291435969201594
1.029186520984969
1.033467972179909
1.033467972179909
1.033467972179909
1.033467972179909
1.033467972179909
1.033340504172623
1.033340504172623
1.033340504172623
1.033340504172623
1.033340504172623
1.033340504172623
1.033340504172623
1.033340504172623
1.0326936009562384
1.0304999278511344
1.0304999278511344
1.0304999278511344
1.0305883954273103
1.0305883954273103
1.0305883954273103
1.0305883954273103
1.0305883954273103
1.0308413487115957
1.0314473133826856
1.0293639058855402
1.0293639058855402
1.0268472086859994
1.0268472086859994
1.0253577986620435
1.0253577986620435
1.0253577986620435
1.0251906976962164
1.0251906976962164
1.0253524370893012
1.0238823722313704
1.0238823722313704
1.0238823722313704
1.0238823722313704
1.0238823722313704
1.0238823722313704
1.0251438057022795
1.0251438057022795
1.0251438057022795
1.024147860156269
1.0275651810644533
1.0275651810644533
1.0269863941163477
1.0269863941163477
1.0269863941163477
1.0269863941163477
1.0269863941163477
1.0248393982074966
1.0248393982074966
1.0264712216460017
1.0264712216460017
1.0264712216460017
1.0263582156319244
1.02687534321599
1.02687534321599
1.030996516663939
1.030996516663939
1.031757504388991
1.031757504388991
1.031757504388991
1.031757504388991
1.031757504388991
1.031757504388991
1.0322999884842428
1.0322999884842428
1.0308779688206295
1.0308779688206295
1.0308779688206295
1.0308779688206295
1.0308779688206295
1.0308779688206295
1.0271997779423658
1.0271997779423658
1.0295432295150297
1.0295432295150297
1.0295432295150297
1.0295432295150297
1.0295432295150297
1.029023703189386
1.029023703189386
1.030184786231066
1.030184786231066
1.0305956320404124
1.0295036584306196
1.0295036584306196
1.0295036584306196
1.027611975510963
1.0266434255572945
1.0264691725080977
1.0264691725080977
1.0264691725080977
1.0264691725080977
1.0264691725080977
1.0264691725080977
1.0264691725080977
1.0256368446587414
1.0254994428454036
1.0254994428454036
1.0250916606278175
1.0251733295170071
1.0253337988961515
1.0253337988961515
1.0253337988961515
1.0253733739920445
1.0253733739920445
1.0253733739920445
1.0253733739920445
1.0253733739920445
1.0253733739920445
1.026373869079195
1.026586555352662
1.0232279748209818
1.0232279748209818
1.0232279748209818
1.0232279748209818
1.0233136042655704
1.0233136042655704
1.0233136042655704
1.0239352900851322
1.0239352900851322
1.0248857087664445
1.0248857087664445
1.025817150439453
1.025817150439453
1.0268797641873042
1.0269415490293106
1.0269415490293106
1.0269415490293106
1.0273334665315406
1.0294604331262711
1.0276113375008018
1.0276113375008018
1.028353231513324
1.0295876390674463
1.0269246960479452
1.0269246960479452
1.0272702189409777
1.0303381868574366
1.0303381868574366
1.026784711281423
1.026784711281423
1.026784711281423
1.029747136816368
1.0304986806430319
1.032305702508092
1.032126985048982
1.032126985048982
1.032126985048982
1.032126985048982
1.032126985048982
1.032126985048982
1.0317632735949605
1.0299434771804714
1.0267786436144948
1.0246548054202114
1.0254013516573028
1.0271346031944817
1.0271346031944817
1.0281098506870667
1.0235442036782505
1.0235662592642751
1.0249050550477816
1.0249050550477816
1.0249050550477816
1.0249050550477816
1.0276138124995198
1.0266365214891229
1.0291019609711722
1.0289818225118694
1.0253660374077396
1.0270097502119084
1.0270097502119084
1.0270097502119084
1.0270097502119084
1.0299804753752313
1.0294050205159142
1.0294050205159142
1.0294050205159142
1.0294050205159142
1.0303564172444417
1.0303564172444417
1.0319392023463465
1.0299660256838714
1.0299660256838714
1.0299660256838714
1.0299660256838714
1.0293566346469214
1.0293566346469214
1.0295275011537124
1.0295275011537124
1.0295275011537124
1.0281624024047797
1.0281624024047797
1.0281624024047797
1.0281624024047797
1.0276573292784725
1.0276573292784725
1.0276573292784725
1.0276573292784725
1.0276639788829542
1.0276639788829542
1.029070836493877
1.029070836493877
1.0287817525489416
1.0287817525489416
1.0288887321039468
1.0293554820936817
1.0293554820936817
1.030198181608868
1.030198181608868
1.030198181608868
1.030198181608868
1.0334050532013022
1.0334050532013022
1.0335169516039793
1.0335169516039793
1.0338119638573295
1.0338119638573295
1.0324716511461538
1.0324716511461538
1.0324716511461538
1.0328604442001592
1.0328604442001592
1.0328604442001592
1.0314759427236346
1.0314759427236346
1.031263623085318
1.0284726295566866
1.0284726295566866
1.0284726295566866
1.0284726295566866
1.0284726295566866
1.0284726295566866
1.0284726295566866
1.0284726295566866
1.0284726295566866
1.0284726295566866
1.0284726295566866
1.0284726295566866
1.0271206694535253
1.0271206694535253
1.0271206694535253
1.025594124930546
1.0261573957034267
1.0257825225203698
1.0257825225203698
1.0241542933452223
1.0241542933452223
1.026802000747286
1.026802000747286
1.026802000747286
1.026802000747286
1.0266449309123362
1.0260134941359935
1.0293589080186338
1.0312245657716304
1.0312245657716304
1.0312245657716304
1.0312245657716304
1.0313127892344993
1.0332404844819298
1.0331341479785088
1.0331341479785088
1.0331341479785088
1.0331341479785088
1.0331341479785088
1.0331341479785088
1.0331341479785088
1.031662224613215
1.0319554852692776
1.0319554852692776
1.0319554852692776
1.0319554852692776
1.0300534223281228
1.0300534223281228
1.0300534223281228
1.0300534223281228
1.0300534223281228
1.0303958271687805
1.0298381282858682
1.0277333750057356
1.0290624550742002
1.0290624550742002
1.0290624550742002
1.0293989251961173
1.0292999580308764
1.0330882789058615
1.0330882789058615
1.0330882789058615
1.0330882789058615
1.0340207107521195
1.0340207107521195
1.0340207107521195
1.0340207107521195
1.029224778086102
1.029224778086102
1.029224778086102
1.029224778086102
1.029224778086102
1.029224778086102
1.031269594595314
1.031269594595314
1.0316620750763161
1.030721646772164
1.030721646772164
1.030721646772164
1.030721646772164
1.030721646772164
1.0304125926345593
1.0304125926345593
1.0304125926345593
1.0295621333566025
1.0295621333566025
1.0295621333566025
1.0286443100087113
1.0286443100087113
1.0286443100087113
1.0286443100087113
1.0286443100087113
1.0278842875741903
1.0278842875741903
1.0276852712408877
1.0276876340317214
1.0276876340317214
1.0276876340317214
1.0276876340317214
1.0276876340317214
1.0276876340317214
1.0276876340317214
1.0276876340317214
1.0288725031550634
1.0280034167587786
1.0280034167587786
1.0281529376533196
1.0267591060918049
1.0267591060918049
1.0267591060918049
1.0284770445827212
1.0284770445827212
1.0306159637293513
1.0306159637293513
1.0302057301235505
1.0302057301235505
1.0296393994647106
1.0310243540397421
1.0310243540397421
1.0310243540397421
1.0310243540397421
1.030152800268827
1.030152800268827
1.0291593286350993
1.0291593286350993
1.0291593286350993
1.0343893635451291
1.0343893635451291
1.0328067185684036
1.034493878568425
1.034493878568425
1.0393510046295842
1.0393510046295842
1.0393510046295842
1.0393510046295842
1.0378545298268507
1.0378545298268507
1.0378545298268507
1.0370908394679688
1.0370908394679688
1.0366560671442626
1.0366560671442626
1.0366560671442626
1.0366968493912088
1.0347994606708888
1.0347994606708888
1.0347994606708888
1.0347994606708888
1.0347994606708888
1.0351408956459989
1.0351408956459989
1.0351408956459989
1.0355792408338165
1.0355792408338165
1.0355792408338165
1.0355792408338165
1.0355792408338165
1.0356378361616
1.0356378361616
1.0359676208085091
1.0330169899320683
1.0330169899320683
1.0330169899320683
1.0325836783524243
1.0358709871500626
1.0358709871500626
1.0358709871500626
1.0358709871500626
1.0370974408736637
1.0370974408736637
1.0370974408736637
1.0370974408736637
1.0370974408736637
1.0316941878389365
1.0325061713559223
1.034480423290301
1.034480423290301
1.0362364626059068
1.0362364626059068
1.0362364626059068
1.033895168977912
1.0339737123150343
1.0339737123150343
1.0331705826885458
1.0331705826885458
1.0315602895240674
1.0315602895240674
1.0317275367086252
1.0317275367086252
1.0317275367086252
1.031580362637538
1.031580362637538
1.031580362637538
1.0313776728644193
1.0313776728644193
1.0313776728644193
1.0313776728644193
1.0313776728644193
1.0313776728644193
1.029693178971763
1.029693178971763
1.0317446968840869
1.0317446968840869
1.0300030903213924
1.0300030903213924
1.0300030903213924
1.0300030903213924
1.0334079063932176
1.03314515798227
1.03314515798227
1.03314515798227
1.033491507993589
1.033491507993589
1.033491507993589
1.033491507993589
1.0332551981758369
1.0332551981758369
1.0321036670271992
1.0351984068839541
1.0351984068839541
1.0351984068839541
1.0363084324587444
1.0364197134469695
1.0364197134469695
1.0346161736861033
1.0346161736861033
1.0347237048266793
1.0347237048266793
1.0347237048266793
1.0347237048266793
1.0338537850301164
1.0318436926856538
1.0318436926856538
1.0318436926856538
1.0318436926856538
1.0318436926856538
1.0318436926856538
1.0332663300045986
1.0332663300045986
1.0332663300045986
1.0330190321637145
1.0319041083439788
1.0314992295025103
1.0314992295025103
1.0306361467714737
1.0306361467714737
1.0306361467714737
1.0306361467714737
1.0298436057210543
1.0298436057210543
1.0303391771077541
1.033377833629396
1.033377833629396
1.033377833629396
1.033377833629396
1.033377833629396
1.0337879264304592
1.0337879264304592
1.0337879264304592
1.0337879264304592
1.0338616745452105
1.0325336700414152
1.0325336700414152
1.0325336700414152
1.0325336700414152
1.0325336700414152
1.0325336700414152
1.0325336700414152
1.0325336700414152
1.0325336700414152
1.0325336700414152
1.0325336700414152
1.0325336700414152
1.0325336700414152
1.0325336700414152
1.0325336700414152
1.0325336700414152
1.032029346650119
1.032029346650119
1.032029346650119
1.0311338671364318
1.0321642935349202
1.0321642935349202
1.032855169530645
1.0317001352431046
1.0317001352431046
1.0317001352431046
1.0317001352431046
1.0340267971669685
1.0340267971669685
1.0340267971669685
1.0337963064094542
1.0344859511037576
1.0344859511037576
1.0344859511037576
1.034250346341271
1.034250346341271
1.034250346341271
1.034250346341271
1.0340415808001695
1.0334229474664598
1.0334229474664598
1.0334229474664598
1.0334229474664598
1.0334229474664598
1.0334229474664598
1.031214556829352
1.031214556829352
1.0324755068784963
1.0324755068784963
1.0318285935310643
1.0318285935310643
1.0318285935310643
1.0320593865270642
1.0320593865270642
1.0320593865270642
1.0320593865270642
1.0320593865270642
1.0331312798186458
1.0328835113895196
1.0328835113895196
1.0328835113895196
1.0328811688745596
1.0324780346020068
1.0324780346020068
1.0324780346020068
1.0308343104873887
1.0308343104873887
1.0309906350718931
1.0309906350718931
1.0300065491632593
1.032238770749423
1.033879825986876
1.033879825986876
1.033879825986876
1.0350323358088707
1.0350323358088707
1.0357550706106546
1.0357550706106546
1.0335469309549767
1.0350689176168002
1.0350689176168002
1.0350689176168002
1.0350689176168002
1.0350689176168002
1.0341607522833391
1.0348531958268197
1.0348531958268197
1.0348531958268197
1.0348531958268197
1.0348531958268197
1.035806304486657
1.0349857479836415
1.0349857479836415
1.0349857479836415
1.03621914711083
1.0378342848867983
1.0395306760727054
1.0398029086605678
1.036424074208215
1.036424074208215
1.036381502551422
1.036381502551422
1.036381502551422
1.036381502551422
1.0373665785528656
1.0373665785528656
1.0373665785528656
1.0373665785528656
1.0374905365343097
1.0376123087120013
1.0376123087120013
1.0373329250386554
1.0373329250386554
1.0373329250386554
1.035943967787659
1.035943967787659
1.0360383274706475
1.0360383274706475
1.0360383274706475
1.0345405116070958
1.0345405116070958
1.0345405116070958
1.0320303907222124
1.0343591168173516
1.0343591168173516
1.0337535578506338
1.0339266888235974
1.0339266888235974
1.0339266888235974
1.0363518740031827
1.0363518740031827
1.0365298918237784
1.0365298918237784
1.0347706087808628
1.036643854838913
1.0378029220488427
1.0378029220488427
1.0378029220488427
1.0375127918836702
1.0375127918836702
1.0375127918836702
1.0375127918836702
1.0368793213432344
1.0368793213432344
1.0358251124064042
1.0352740099880506
1.0352740099880506
1.0352740099880506
1.0352740099880506
1.0352740099880506
1.033468347527761
1.0336361436409305
1.0345203327656833
1.0345546826118976
1.0338115108265624
1.0338115108265624
1.0346136107361819
1.0346136107361819
1.0348848486122102
1.0348848486122102
1.0372364187417222
1.0368534650040815
1.0368534650040815
1.0370694530546505
1.0372743789761767
1.0372743789761767
1.0372743789761767
1.035995289026282
1.035995289026282
1.035995289026282
1.035995289026282
1.035995289026282
1.035995289026282
1.0344785984337554
1.0344785984337554
1.0344785984337554
1.0342472593197962
1.0361495476911302
1.0370285227811995
1.0370285227811995
1.0370285227811995
1.0370285227811995
1.036871977446513
1.036871977446513
1.036871977446513
1.036871977446513
1.036871977446513
1.036871977446513
1.0352714304090662
1.0355375622478862
1.0355375622478862
1.0355375622478862
1.0355375622478862
1.0355375622478862
1.0355375622478862
1.0355375622478862
1.0355375622478862
1.0353537012487335
1.0353537012487335
1.0353537012487335
1.0353537012487335
1.0344469273563726
1.0341439741959189
1.0341439741959189
1.0341439741959189
1.0341439741959189
1.0341439741959189
1.032477448190124
1.032477448190124
1.032412264399248
1.032412264399248
1.0291360547142534
1.0291360547142534
1.0291360547142534
1.0299376237832119
1.0299376237832119
1.028149081292654
1.0277945468306033
1.028704508130532
1.028704508130532
1.028704508130532
1.0270433717488407
1.0270433717488407
1.0288231833047234
1.0288567634231542
1.0286800086675565
1.0286800086675565
1.0257958505590004
1.0271864568270375
1.0232409328703687
1.0232409328703687
1.024254609344174
1.024254609344174
1.024254609344174
1.022571446238876
1.0233336406379574
1.0233336406379574
1.0233336406379574
1.0233336406379574
1.0259555094185842
1.0254664767741832
1.0249067345090639
1.0235434957684344
1.0238549894392173
1.0238549894392173
1.0242195902952416
1.0242195902952416
1.0239440168571767
1.0239440168571767
1.0239440168571767
1.0239440168571767
1.0247713550909472
1.0274479585103555
1.0283286997069863
1.0283286997069863
1.0283286997069863
1.0283286997069863
1.0302711667602147
1.029210874491232
1.029210874491232
1.029210874491232
1.0287200034118966
1.0273968598677923
1.0305258274492404
1.028608260782551
1.028608260782551
1.028608260782551
1.0297785582731342
1.030965883315033
1.030965883315033
1.0308215762230275
1.0308215762230275
1.0308215762230275
1.0308215762230275
1.0308215762230275
1.0308215762230275
1.0308215762230275
1.0308164934483222
1.0307039077059206
1.0307039077059206
1.0311946091530635
1.0311946091530635
1.0311946091530635
1.0311946091530635
1.0294117051095228
1.0313464225232876
1.0319161138379154
1.0318967427947456
1.0318967427947456
1.0293717735263643
1.0293717735263643
1.0293717735263643
1.0287005366690727
1.0287005366690727
1.0287005366690727
1.0287005366690727
1.0287005366690727
1.0287005366690727
1.0287005366690727
1.0287005366690727
1.0287005366690727
1.0287005366690727
1.0287005366690727
1.0294527796175441
1.0294527796175441
1.0294527796175441
1.0305562338386862
1.0305562338386862
1.0305562338386862
1.030929338705314
1.0296193051601934
1.0296193051601934
1.0297266838613142
1.0297266838613142
1.030650996570235
1.0300251626428472
1.0284323170255634
1.0284323170255634
1.0284323170255634
1.0295447064412346
1.0295447064412346
1.0273136503295812
1.0273136503295812
1.0280782079096262
1.0305505689493075
1.0307456142929345
1.0307456142929345
1.0301118266825475
1.030070260330717
1.0298623189085523
1.0298623189085523
1.0298623189085523
1.0309682384911971
1.0309682384911971
1.0309682384911971
1.0309682384911971
1.0336686588114083
1.0336686588114083
1.0336686588114083
1.034966197448832
1.034966197448832
1.034966197448832
1.034966197448832
1.034966197448832
1.0374133357772382
1.0374133357772382
1.0374133357772382
1.0358954007625203
1.0358954007625203
1.0366896673852906
1.0348055327146757
1.0348055327146757
1.035398044555045
1.0361318510287558
1.0361318510287558
1.0361318510287558
1.0359424246356796
1.0359424246356796
1.0357892461305718
1.0356980763115546
1.0356980763115546
1.0356980763115546
1.0341468080852756
1.0341468080852756
1.0341468080852756
1.0308739589022988
1.0308739589022988
1.0353992046797444
1.0347218012018566
1.0347218012018566
1.0367565612033387
1.0343914223318502
1.0343914223318502
1.0375269219106955
1.038474932349964
1.0376949257421118
1.039147879787219
1.039147879787219
1.0380436521872625
1.0380436521872625
1.040615915857632
1.040615915857632
1.040615915857632
1.0405399341454853
1.0405399341454853
1.0405399341454853
1.0368150638426405
1.0368150638426405
1.0368150638426405
1.0367175868189007
1.036336169627096
1.036336169627096
1.0383044174973133
1.0364445532373485
1.0364445532373485
1.0344531266082568
1.0362857268762946
1.0362857268762946
1.0328791433242852
1.0328791433242852
1.0328791433242852
1.0328791433242852
1.0296273080657494
1.028808069468692
1.028808069468692
1.029889540321309
1.029889540321309
1.029889540321309
1.029889540321309
1.029889540321309
1.029889540321309
1.029889540321309
1.0260452288193411
1.0250304282006442
1.0250304282006442
1.0250304282006442
1.0250304282006442
1.0265758581751983
1.0310980141536266
1.0305735889282817
1.0302364126775214
1.0302364126775214
1.0302364126775214
1.0293554018915843
1.0293554018915843
1.0293554018915843
1.0293554018915843
1.0307337398319447
1.0308029797559417
1.03166232995528
1.031210913726703
1.031210913726703
1.031210913726703
1.0298283329479627
1.0298283329479627
1.0298283329479627
1.026793301995623
1.026793301995623
1.03030692262421
1.031959570648824
1.031959570648824
1.0291650218937314
1.0283895358672732
1.0283895358672732
1.0283895358672732
1.0283895358672732
1.0283895358672732
1.030706308664654
1.030706308664654
1.030706308664654
1.0318949492268839
1.0318949492268839
1.0318949492268839
1.031816506111093
1.031816506111093
1.031816506111093
1.031816506111093
1.031816506111093
1.031816506111093
1.031816506111093
1.031816506111093
1.0308319993315371
1.0308319993315371
1.0308319993315371
1.0308319993315371
1.0308319993315371
1.0300804016514986
1.0300804016514986
1.0291183775308315
1.0291183775308315
1.0291183775308315
1.0289381132255198
1.029965336966389
1.0291981714584728
1.0278154793914056
1.0281813323923996
1.0282366499590907
1.031459416607268
1.031459416607268
1.031459416607268
1.028909769973585
1.028523120021809
1.0279639277347896
1.0298392397717064
1.0301973137545206
1.0309901090411429
1.031742122541801
1.031742122541801
1.0318115951049143
1.0331906141104987
1.0333282447440122
1.0333282447440122
1.0307734651466354
1.0307734651466354
1.0307734651466354
1.0307734651466354
1.0307205854996178
1.0307205854996178
1.0315550253838963
1.0315550253838963
1.0315550253838963
1.0311633650454155
1.0325030576853698
1.0325030576853698
1.0308741144803248
1.0308741144803248
1.0308741144803248
1.0324293275501581
1.0332944623621516
1.0336712626765234
1.0336712626765234
1.0336712626765234
1.0336712626765234
1.0326057270314237
1.0305640194736478
1.031324735874642
1.0315824584577156
1.0311208393804483
1.0311208393804483
1.0311208393804483
1.0337122590467518
1.0337122590467518
1.0340703641485876
1.0340907492978433
1.0361957129256363
1.0359275139660333
1.036028662245451
1.036028662245451
1.036693359230928
1.036693359230928
1.036693359230928
1.036693359230928
1.0373589807453798
1.0373589807453798
1.0373589807453798
1.0373589807453798
1.0376834815488958
1.0376834815488958
1.0376834815488958
1.0376834815488958
1.0376834815488958
1.0376834815488958
1.0376834815488958
1.0376834815488958
1.03556402954774
1.03556402954774
1.0349376359881708
1.0349376359881708
1.03330066710034
1.0326341801105838
1.0324363157157803
1.031623871836841
1.0294011433490804
1.0294011433490804
1.0294011433490804
1.0294011433490804
1.0294011433490804
1.0294011433490804
1.0284468411938394
1.0284468411938394
1.0284468411938394
1.0284468411938394
1.0284468411938394
1.0300340178546132
1.0280074290662724
1.0280074290662724
1.0265650723371895
1.0258391257549155
1.0258391257549155
1.0258391257549155
1.0237846951309026
1.0250961761315271
1.0268675990474825
1.0268675990474825
1.02745716204495
1.02745716204495
1.02745716204495
1.02745716204495
1.02745716204495
1.0278536791015425
1.0271309837671545
1.0271309837671545
1.0271309837671545
1.0271309837671545
1.0271309837671545
1.0277880247204823
1.0281021131126957
1.0281959112789563
1.0281959112789563
1.0281959112789563
1.0281959112789563
1.0281959112789563
1.0289747180057778
1.0289747180057778
1.0289747180057778
1.0289747180057778
1.0309325022134488
1.0306025263831815
1.0306025263831815
1.0306025263831815
1.0306025263831815
1.0308497616003702
1.0308497616003702
1.0307344326683994
1.0328027838912097
1.0328027838912097
1.0327933044174498
1.0318170071885904
1.031435936448407
1.031435936448407
1.0315573037550458
1.0311681049347556
1.0311681049347556
1.0311681049347556
1.0289603073707358
1.0289603073707358
1.0271233996859157
1.0271233996859157
1.0266023637850548
1.0266023637850548
1.0266023637850548
1.0266023637850548
1.0266023637850548
1.0266023637850548
1.026440487555665
1.0240732089156903
1.0267418437702112
1.0267418437702112
1.025257630449555
1.025848248884084
1.0243963739835
1.0243963739835
1.0258473211068735
1.026102904973351
1.026102904973351
1.0261719005686747
1.029036858370329
1.030869676918561
1.0285257779202577
1.02746584071525
1.0259409110296465
1.0259409110296465
1.0284652256147886
1.0284331038654109
1.0284331038654109
1.0284331038654109
1.0284331038654109
1.0284331038654109
1.0292124955185409
1.0292124955185409
1.0292124955185409
1.0292124955185409
1.0292124955185409
1.0292124955185409
1.0292124955185409
1.0292124955185409
1.0287834942230778
1.02971726226191
1.02971726226191
1.02971726226191
1.02971726226191
1.0296672004484175
1.0302331469293682
1.0310447275525818
1.0310447275525818
1.0310447275525818
1.0310447275525818
1.0329176173088959
1.0329176173088959
1.0329176173088959
1.0331490908519816
1.0319670345497511
1.0311054219579365
1.03250894077189
1.0348876916484342
1.0361586522465722
1.0363864557057967
1.0346743595437444
1.0346761909681523
1.0346761909681523
1.0346761909681523
1.0346761909681523
1.0346761909681523
1.0348901520677052
1.0370652892926133
1.0374126196737485
1.0374126196737485
1.0374126196737485
1.0363034924064531
1.0360696151309092
1.0331431396021158
1.0331431396021158
1.0331431396021158
1.0331431396021158
1.0331431396021158
1.0337490625590895
1.0337490625590895
1.0323280933763788
1.0323280933763788
1.0323280933763788
1.0338732914746047
1.0316610855709591
1.0329504564569
1.0329504564569
1.0329504564569
1.0329504564569
1.0329504564569
1.0303109707018319
1.0296942888364782
1.0296942888364782
1.029781444008731
1.029781444008731
1.0288682009227292
1.0311014510104668
1.0309220693210683
1.0309220693210683
1.0309220693210683
1.0309220693210683
1.0288284293230978
1.0283978836860224
1.0283978836860224
1.0283978836860224
1.0283978836860224
1.0283978836860224
1.0283978836860224
1.0283978836860224
1.0283978836860224
1.0279992289421709
1.0279992289421709
1.0279992289421709
1.0279992289421709
1.0279992289421709
1.0323017498308027
1.0323017498308027
1.0323017498308027
1.0323017498308027
1.0323017498308027
1.0339147773723265
1.0332406863080323
1.0332406863080323
1.0334542200128645
1.0334542200128645
1.0333062662586736
1.033396472547969
1.0331435115311096
1.0331435115311096
1.0322543255888568
1.030966754257628
1.030966754257628
1.0340068758413936
1.0340068758413936
1.0340068758413936
1.0340068758413936
1.034075005896099
1.0316857981770886
1.0316857981770886
1.0316857981770886
1.0322166444461969
1.031192968109238
1.028594344768551
1.028594344768551
1.0320281831237739
1.031963009777037
1.0286968099163638
1.0291621529701471
1.0291621529701471
1.0290024804687457
1.0292382643222813
1.0291112250438164
1.0291112250438164
1.0288643253406593
1.0288643253406593
1.0288415979309682
1.0288415979309682
1.0288415979309682
1.028329544697983
1.028329544697983
1.028329544697983
1.028329544697983
1.0278544199187905
1.0278544199187905
1.0302103808791194
1.0285665042512626
1.0305648729960424
1.0290692193700446
1.0292806428855366
1.0305218752017022
1.0314956982206624
1.0314956982206624
1.0314956982206624
1.0314956982206624
1.0314956982206624
1.0305654900500154
1.0309345743758793
1.0309345743758793
1.0309345743758793
1.0309345743758793
1.0309345743758793
1.0309345743758793
1.0309345743758793
1.0305269724259312
1.0291621646344802
1.0291621646344802
1.0291621646344802
1.0291621646344802
1.030112971821753
1.030112971821753
1.030112971821753
1.030112971821753
1.030112971821753
1.030112971821753
1.030112971821753
1.0304640672971999
1.0304640672971999
1.0304640672971999
1.0308835127860585
1.0300596703317664
1.0300596703317664
1.0300596703317664
1.030460741156916
1.030460741156916
1.030460741156916
1.0309145875728665
1.0309145875728665
1.0309145875728665
1.0309145875728665
1.031437000360047
1.0320604004966647
1.0320604004966647
1.0320604004966647
1.032351965112184
1.032351965112184
1.0311514124937589
1.0311514124937589
1.0302554935163517
1.0330011425599803
1.0330011425599803
1.029170843658018
1.030548291976138
1.030548291976138
1.030548291976138
1.030548291976138
1.0295314998454326
1.0317614170287799
1.0317614170287799
1.0326444687512175
1.0319917400891452
1.0300676642873736
1.0296481095739747
1.0321279667818501
1.0321279667818501
1.0321279667818501
1.0308392553293222
1.0308392553293222
1.0308392553293222
1.0308392553293222
1.0321061900603477
1.0321061900603477
1.0300517959240156
1.0291108367669533
1.0265019409025498
1.0265019409025498
1.0265019409025498
1.0265019409025498
1.0263442607901083
1.0269166055460086
1.0264641120444407
1.0264641120444407
1.0264641120444407
1.0264641120444407
1.0286165088515955
1.0286165088515955
1.0300027218982888
1.0314091550941902
1.0314091550941902
1.0314091550941902
1.0325128783740165
1.0331604613780037
1.0331604613780037
1.0314834196180183
1.0314834196180183
1.03378871750531
1.03378871750531
1.03378871750531
1.03378871750531
1.03378871750531
1.03378871750531
1.03378871750531
1.0338359852392855
1.0338359852392855
1.0323107294465155
1.0323107294465155
1.0323107294465155
1.035042597962742
1.035042597962742
1.0357309090299887
1.0357309090299887
1.0357309090299887
1.0346531675720485
1.0346531675720485
1.0346531675720485
1.0346531675720485
1.0346531675720485
1.0346531675720485
1.0346531675720485
1.0323981096291146
1.0326964984393854
1.0326964984393854
1.0325175369338246
1.0325175369338246
1.0325175369338246
1.0325175369338246
1.0342490587132867
1.0329051066998298
1.0332089995396507
1.0332089995396507
1.0332089995396507
1.0323554771291228
1.0323554771291228
1.0327460937687039
1.0327460937687039
1.0342000486956864
1.0342000486956864
1.0330344419239497
1.0330344419239497
1.0330344419239497
1.0330344419239497
1.0330344419239497
1.035343349227508
1.035343349227508
1.0355993485108554
1.0350780009723772
1.034949395090122
1.0372609527410683
1.0372609527410683
1.0372609527410683
1.0372609527410683
1.0372609527410683
1.0372609527410683
1.0372609527410683
1.0364998364063942
1.0362069014730158
1.0358267192110187
1.0349399120451683
1.0350667658969779
1.0346749028894149
1.0346749028894149
1.0346749028894149
1.0346749028894149
1.0316247195461883
1.0316247195461883
1.0355090625043397
1.0333566024638825
1.0325568252362871
1.0325568252362871
1.0325568252362871
1.031485254553078
1.0345815370268423
1.0327408188215452
1.032064829152154
1.0323301464035277
1.0323301464035277
1.0323301464035277
1.0323301464035277
1.0323301464035277
1.0323301464035277
1.0323301464035277
1.0312417880944045
1.0312417880944045
1.0312417880944045
1.0312417880944045
1.0312417880944045
1.0312417880944045
1.0312417880944045
1.0312417880944045
1.0312417880944045
1.0317390013231007
1.0317390013231007
1.0317390013231007
1.0329320252510632
1.0341516423592763
1.0344510656998265
1.035026456369847
1.0337437885774894
1.0338998753952875
1.0337664865636889
1.0337664865636889
1.0337664865636889
1.0353038352186408
1.0353038352186408
1.0345888513313226
1.0328876127889368
1.033545591832729
1.033545591832729
1.033545591832729
1.033545591832729
1.033545591832729
1.0319588522613958
1.0319588522613958
1.0319588522613958
1.0312042579899203
1.030670398577222
1.030670398577222
1.0298939291867553
1.0270614615595455
1.0270614615595455
1.0270614615595455
1.0270614615595455
1.0270614615595455
1.0265288091968205
1.0257146997280027
1.0257146997280027
1.0279334200738615
1.026848485579879
1.026848485579879
1.030364483414732
1.0277104535535293
1.025776107614428
1.025776107614428
1.025776107614428
1.025776107614428
1.0261874468836587
1.0268863701140267
1.0268863701140267
1.0244871511463012
1.0254860871911569
1.0257024948662303
1.0262520644475002
1.0257806932513764
1.0253854803891935
1.0260623499725365
1.0260623499725365
1.0260623499725365
1.0252452089847048
1.0238000703241843
1.0238000703241843
1.0250153936167832
1.0250153936167832
1.0250153936167832
1.0250153936167832
1.027985704518576
1.027985704518576
1.027985704518576
1.0282593265692719
1.0282593265692719
1.0282593265692719
1.0282593265692719
1.0282593265692719
1.0286257563355818
1.0286257563355818
1.0286257563355818
1.0286257563355818
1.0293305589099386
1.0293305589099386
1.0271858422646352
1.0272802566359318
1.027524143078411
1.027524143078411
1.027524143078411
1.0285298015642987
1.0294951946859647
1.0277076499673157
1.0277076499673157
1.025034572511857
1.025034572511857
1.025034572511857
1.024912456368998
1.0270097499749444
1.0270097499749444
1.0270097499749444
1.0264711545586778
1.0264711545586778
1.0264711545586778
1.0248929087416792
1.022983053959671
1.0249596808134107
1.025386944343745
1.025386944343745
1.025386944343745
1.025386944343745
1.0255370419391139
1.0255370419391139
1.026378419889763
1.026378419889763
1.026378419889763
1.0271180492452896
1.0272757479862797
1.0263124149032026
1.0263124149032026
1.0263124149032026
1.0259993304275672
1.0259993304275672
1.0259993304275672
1.0260148392179056
1.0260148392179056
1.0260148392179056
1.0260148392179056
1.0260148392179056
1.0260148392179056
1.0270016311451007
1.0270016311451007
1.0270016311451007
1.0270016311451007
1.0300540028511331
1.0300540028511331
1.0319295083963305
1.0319295083963305
1.0319295083963305
1.0319295083963305
1.0319295083963305
1.0319295083963305
1.0319295083963305
1.031206919280457
1.031206919280457
1.031206919280457
1.0326764193400946
1.0326764193400946
1.0326764193400946
1.0314334231835494
1.0314334231835494
1.0314334231835494
1.033480080339177
1.033480080339177
1.033534212566431
1.0345032018099918
1.0345032018099918
1.0345032018099918
1.0359993338273035
1.0362019702162693
1.0362019702162693
1.0362019702162693
1.0362019702162693
1.0362019702162693
1.0362019702162693
1.0321070820200762
1.0321070820200762
1.0304591747547327
1.0304591747547327
1.031898864074721
1.031898864074721
1.031898864074721
1.0304676056652138
1.0295714283029662
1.0324133921246732
1.0324133921246732
1.0324133921246732
1.0344195636888187
1.0344195636888187
1.0344195636888187
1.0357910193699638
1.0357910193699638
1.03572640359816
1.03572640359816
1.0358033866856162
1.0346142624590953
1.0364495056120746
1.0340451383366396
1.0336423533449475
1.0337390531486472
1.0337390531486472
1.0321875389727624
1.0321875389727624
1.032106327083511
1.032106327083511
1.032106327083511
1.032106327083511
1.032106327083511
1.0305948429778071
1.0305948429778071
1.0317830004046267
1.0302770127807546
1.0320192885268584
1.0320192885268584
1.0320192885268584
1.0319750450120089
1.0319750450120089
1.0317252565861406
1.0301183915585577
1.0301183915585577
1.0301183915585577
1.0301183915585577
1.0303052796220575
1.0306850230630535
1.0306850230630535
1.0316588505747222
1.032359833685871
1.032359833685871
1.032359833685871
1.030862689717666
1.030862689717666
1.030862689717666
1.0315904071840238
1.0307070688638544
1.0307070688638544
1.0307070688638544
1.0307070688638544
1.0307070688638544
1.0315705698368576
1.0339493008444332
1.0339493008444332
1.0339493008444332
1.0339493008444332
1.0339493008444332
1.0339493008444332
1.0339300765997383
1.0339300765997383
1.0350964893642094
1.0350964893642094
1.0350964893642094
1.0350964893642094
1.0350964893642094
1.033132490040208
1.033132490040208
1.033132490040208
1.033132490040208
1.032780887971513
1.0326371070050313
1.0301285781717087
1.0301285781717087
1.0301285781717087
1.0301285781717087
1.0301285781717087
1.0301285781717087
1.0292228419703202
1.0292228419703202
1.0292228419703202
1.0292228419703202
1.0292228419703202
1.0302962741570176
1.0302962741570176
1.0302962741570176
1.0302962741570176
1.0302962741570176
1.0302962741570176
1.0267038297827582
1.0267038297827582
1.0267038297827582
1.0298921409427522
1.0298921409427522
1.0302282590556633
1.0281758469340103
1.0281758469340103
1.0281758469340103
1.0281758469340103
1.0272232986777707
1.0280310577696299
1.0280310577696299
1.0280310577696299
1.0300253248477937
1.0289620417915644
1.0289620417915644
1.0289620417915644
1.0319343251017732
1.0319343251017732
1.0329615486917647
1.0333044249999241
1.0333044249999241
1.0333814349304902
1.0333814349304902
1.0333814349304902
1.030966972353561
1.030966972353561
1.030966972353561
1.030966972353561
1.0319677007300512
1.0319677007300512
1.0319677007300512
1.0319677007300512
1.0295804965921023
1.0295804965921023
1.028388552022425
1.028388552022425
1.0311328658674244
1.0311328658674244
1.0322000730331102
1.0306177312864317
1.0306177312864317
1.0306177312864317
1.0306177312864317
1.0279771006388907
1.0279771006388907
1.0279771006388907
1.0279771006388907
1.0279771006388907
1.0285935410671398
1.0285935410671398
1.02932679917903
1.02932679917903
1.02932679917903
1.03029204637613
1.0301158733273164
1.0343988928550498
1.0321080745570854
1.0321080745570854
1.0321080745570854
1.033750825705492
1.033750825705492
1.033750825705492
1.0307822618033178
1.0307822618033178
1.0307822618033178
1.0299419262872769
1.0321874418803856
1.031828932701266
1.0315774712664456
1.0315774712664456
1.033388195942783
1.0330283301602055
1.0321688850332167
1.0321688850332167
1.0325795939603577
1.0325795939603577
1.0325795939603577
1.0325795939603577
1.0325795939603577
1.0325795939603577
1.0325795939603577
1.032082067911572
1.032082067911572
1.0317838328209348
1.0292353665284422
1.0292353665284422
1.0292353665284422
1.0292353665284422
1.0292353665284422
1.0282973106484705
1.0282973106484705
1.0279522194321498
1.031326288844369
1.031326288844369
1.0311703699945587
1.0302504727123996
1.031568538610023
1.031094515084162
1.031094515084162
1.030736165785331
1.0277270114509283
1.0281242622211888
1.0281242622211888
1.0281242622211888
1.0287800742736195
1.0285901731686393
1.0285901731686393
1.0276485466697156
1.0276485466697156
1.0276485466697156
1.027543377073712
1.027543377073712
1.031177192478412
1.031177192478412
1.0332363099276936
1.0332363099276936
1.0321653109826772
1.032327468238295
1.033425125996659
1.0332547897021847
1.0336979043926642
1.0336979043926642
1.0336979043926642
1.0336979043926642
1.0336979043926642
1.0336979043926642
1.0336979043926642
1.0336979043926642
1.0336979043926642
1.0336979043926642
1.0340379831358706
1.0340379831358706
1.0345020735819812
1.0339388502471458
1.0339388502471458
1.0339388502471458
1.0339388502471458
1.0339388502471458
1.0339388502471458
1.0361007704637926
1.035368314636791
1.0333704327748423
1.0333704327748423
1.0333704327748423
1.0333704327748423
1.0305402170976163
1.0305402170976163
1.0305402170976163
1.0305402170976163
1.0305402170976163
1.0305402170976163
1.031404965876315
1.0303929933880565
1.0305896842122206
1.034572462189596
1.0314494168511046
1.0314494168511046
1.0314494168511046
1.0307684179701777
1.0319373376235252
1.0319373376235252
1.0338345656040746
1.0338345656040746
1.0338345656040746
1.0338345656040746
1.0338345656040746
1.0338345656040746
1.0338345656040746
1.0325542754845836
1.0318401117034925
1.0318401117034925
1.0344295612328671
1.0344295612328671
1.0344295612328671
1.0344295612328671
1.033886657023825
1.033886657023825
1.033886657023825
1.033886657023825
1.0342884624949211
1.0336577263958613
1.0339363393408247
1.0339363393408247
1.0339363393408247
1.033434620728371
1.033434620728371
1.0338766510662454
1.0375249359716054
1.0375249359716054
1.0375249359716054
1.0375249359716054
1.0375249359716054
1.0375249359716054
1.0363607880038603
1.0358616106947667
1.0359490291693958
1.0359490291693958
1.034535137431667
1.0335117427130238
1.033784677089994
1.0342934062105584
1.0324613189903937
1.0324613189903937
1.0324613189903937
1.0289004217624853
1.028971020811181
1.029825947213729
1.029825947213729
1.029825947213729
1.029825947213729
1.029825947213729
1.0305400124049249
1.0333494865789166
1.0333494865789166
1.033851816603429
1.032997070896876
1.032997070896876
1.032997070896876
1.032997070896876
1.032997070896876
1.0327043689873754
1.0312200130922153
1.0312200130922153
1.0312200130922153
1.0312200130922153
1.0312200130922153
1.0312200130922153
1.0312200130922153
1.0313563252153817
1.0313563252153817
1.031738231365222
1.0314612177943479
1.0314612177943479
1.0314612177943479
1.0314612177943479
1.0363406631632193
1.0363406631632193
1.0363406631632193
1.0363406631632193
1.037560234153184
1.037560234153184
1.037560234153184
1.037560234153184
1.0391647493821243
1.0371883684289847
1.0371883684289847
1.038257397949249
1.038257397949249
1.0385758240974967
1.0385758240974967
1.036775428283895
1.036775428283895
1.036775428283895
1.0371809206635936
1.0360925401379695
1.039852241222348
1.0397669658256052
1.0373297379038333
1.0372414643341945
1.03666249642387
1.03666249642387
1.03666249642387
1.0347284432913217
1.036573541949457
1.036573541949457
1.036573541949457
1.035771203917337
1.035771203917337
1.0369574327925222
1.0369574327925222
1.0365251308224182
1.0365251308224182
1.0366844688837742
1.0366844688837742
1.0366844688837742
1.0366844688837742
1.0366844688837742
1.0366844688837742
1.0366844688837742
1.0392134648364164
1.03566504890898
1.0354501798829778
1.0353919042466513
1.0353919042466513
1.0353919042466513
1.0353919042466513
1.0357423204281284
1.0354540082834442
1.0354540082834442
1.035394389211851
1.0374831987682174
1.0374831987682174
1.037223151746008
1.037223151746008
1.037223151746008
1.0356246096905968
1.034981117865278
1.034981117865278
1.0365015470543961
1.0365015470543961
1.0365015470543961
1.037211528987529
1.0357810338843352
1.0357810338843352
1.0357810338843352
1.0357810338843352
1.034313113296802
1.0315306328881468
1.035919410917459
1.0370746180370563
1.0372090790163164
1.0367347500357607
1.0373559891594522
1.0373559891594522
1.0373559891594522
1.0375368646764505
1.0375368646764505
1.0375368646764505
1.0375368646764505
1.0375368646764505
1.0364214138128394
1.0364214138128394
1.0348333493524602
1.0348333493524602
1.0348333493524602
1.0348333493524602
1.0348333493524602
1.0318577558456767
1.0317389370528973
1.0317389370528973
1.0304736034136235
1.0304736034136235
1.0304736034136235
1.0304736034136235
1.0304736034136235
1.0304736034136235
1.0304736034136235
1.0304736034136235
1.0295456236635345
1.0295456236635345
1.0295456236635345
1.0295456236635345
1.0295456236635345
1.0299280084142253
1.0305736595699724
1.0299396419834959
1.0300179771184161
1.0295251322179881
1.0295251322179881
1.0295251322179881
1.031993073464501
1.0277795254433013
1.0277795254433013
1.0277795254433013
1.0288084378308011
1.0324344090866115
1.0324344090866115
1.0324344090866115
1.0288989973301446
1.0288989973301446
1.0307582131515713
1.0322453583941598
1.0322453583941598
1.0329640595625862
1.0329640595625862
1.0321987043510397
1.0321987043510397
1.0322809351438473
1.0322809351438473
1.0311410375675452
1.0311410375675452
1.0311410375675452
1.0311410375675452
1.0311410375675452
1.0312477179124908
1.031295186755033
1.031295186755033
1.030843683206271
1.030843683206271
1.0303600236065293
1.0319781162948323
1.0319781162948323
1.033591966724955
1.033724357255628
1.0334260997529818
1.0334260997529818
1.0282397860033625
1.0282397860033625
1.0282397860033625
1.028703618927614
1.0284700027951923
1.0301677133082638
1.030931942455869
1.031191997910642
1.0294073288799683
1.030834520072949
1.030834520072949
1.0308532296806694
1.0308532296806694
1.0308532296806694
1.0328279702303524
1.0328279702303524
1.0328279702303524
1.0330154437685564
1.0330154437685564
1.0330154437685564
1.0330154437685564
1.0330154437685564
1.033278970555107
1.033278970555107
1.033278970555107
1.0335255384806343
1.0332832244322256
1.0332832244322256
1.0332832244322256
1.0332832244322256
1.0305842009886483
1.0302063526051695
1.0325021969984252
1.0325021969984252
1.0295109302678391
1.0314716220396463
1.029384925280948
1.029384925280948
1.029384925280948
1.029384925280948
1.029384925280948
1.032007018967426
1.032007018967426
1.0337586680162556
1.0327032670177159
1.0329713861711352
1.0329713861711352
1.0329713861711352
1.0342762378421237
1.0342762378421237
1.0342762378421237
1.034058363493839
1.031930587451267
1.0336733356823393
1.035105813729528
1.0360933001958557
1.0360933001958557
1.0313048140128098
1.0313048140128098
1.0313048140128098
1.03015758091453
1.0302431150660254
1.0302431150660254
1.0302431150660254
1.0319811118525877
1.0319811118525877
1.0319811118525877
1.029216526172174
1.029216526172174
1.028245090249372
1.028245090249372
1.0290957134653584
1.0290957134653584
1.0290957134653584
1.0290957134653584
1.0282707665962671
1.0285393301289227
1.0295328551709175
1.0291567691989925
1.0291567691989925
1.0291567691989925
1.0291567691989925
1.0291567691989925
1.0291567691989925
1.0291567691989925
1.0303841708825625
1.0303841708825625
1.0303841708825625
1.0304652051286247
1.0288515801770814
1.0279788828676948
1.0281382259568665
1.0271424620654577
1.0271424620654577
1.0273474088337398
1.0273474088337398
1.0273474088337398
1.0273474088337398
1.030214687094733
1.0268973736512024
1.0288986431424152
1.0288986431424152
1.0288986431424152
1.0288986431424152
1.0288986431424152
1.0301724967901111
1.0301724967901111
1.0301724967901111
1.0305224726740163
1.0292832931315867
1.029467211850309
1.0291842500924424
1.0291842500924424
1.0291842500924424
1.029730285184901
1.029730285184901
1.0298713109503304
1.0298713109503304
1.0298713109503304
1.0298713109503304
1.0298713109503304
1.0298713109503304
1.0298713109503304
1.0298713109503304
1.0298713109503304
1.0298713109503304
1.0299345440747576
1.0299345440747576
1.0299345440747576
1.0290540625699178
1.0290540625699178
1.0290540625699178
1.0290540625699178
1.0290540625699178
1.028009608975523
1.028009608975523
1.028009608975523
1.0296653033847973
1.0296653033847973
1.0296653033847973
1.0256779723554863
1.0256283906588644
1.0256283906588644
1.0256283906588644
1.028192696593816
1.028192696593816
1.028192696593816
1.026375848923172
1.026375848923172
1.026375848923172
1.0271079143173156
1.0271079143173156
1.0271079143173156
1.0264288590477726
1.0264288590477726
1.0267874510060822
1.0267874510060822
1.0273241442342054
1.0235820314004611
1.024846589409384
1.024846589409384
1.024846589409384
1.024846589409384
1.0244587124720368
1.024523990857189
1.0266385342989786
1.027079102172154
1.027079102172154
1.027079102172154
1.027079102172154
1.027079102172154
1.0288428636586882
1.0273719987390926
1.029887255145004
1.0290727268711795
1.0290727268711795
1.0290727268711795
1.0290727268711795
1.0290727268711795
1.0290727268711795
1.0333304670449341
1.0345016760002745
1.0345016760002745
1.0345016760002745
1.0320696295276914
1.0320696295276914
1.0320696295276914
1.0320696295276914
1.0320696295276914
1.0320696295276914
1.0320696295276914
1.0320442802153118
1.0320442802153118
1.0321989530137958
1.0326825213357018
1.0326825213357018
1.0343826711359307
1.0343826711359307
1.037919360904153
1.0369717980420232
1.0369717980420232
1.0369717980420232
1.0395855300003154
1.0395855300003154
1.0395855300003154
1.0395855300003154
1.0395855300003154
1.0363456303701328
1.0363456303701328
1.0363963548476722
1.0363963548476722
1.03389438340157
1.0323512428804442
1.0323512428804442
1.0306113926506504
1.02987296551859
1.028968746671424
1.028968746671424
1.028968746671424
1.028968746671424
1.0285602599259256
1.0292961898202542
1.0292961898202542
1.0290233919136083
1.0292622488102432
1.0305794586692902
1.0305794586692902
1.0305794586692902
1.0305794586692902
1.0277114821041384
1.0307396175152737
1.0303719675607117
1.0303719675607117
1.0303719675607117
1.0302965311335937
1.0305895139736452
1.031423992226794
1.031423992226794
1.031488466607362
1.031488466607362
1.0276155448284943
1.0298555428884455
1.0298555428884455
1.0298555428884455
1.0296610333884602
1.0319151872478098
1.0319151872478098
1.0324598016542057
1.0308785028843792
1.0299064569410477
1.0299064569410477
1.0299064569410477
1.0296096697596577
1.0296096697596577
1.0299521522374628
1.0303102893952583
1.0274281618013472
1.0282487478864284
1.0282487478864284
1.0282487478864284
1.0282487478864284
1.0282487478864284
1.0282487478864284
1.0271673656924982
1.0271673656924982
1.0308458030205745
1.0308458030205745
1.0293599321593072
1.029789797937585
1.029789797937585
1.032954691901375
1.0344587052783571
1.0344587052783571
1.033213988446884
1.0324736193415744
1.0324736193415744
1.0324736193415744
1.0324736193415744
1.0324736193415744
1.0324736193415744
1.0324736193415744
1.0324736193415744
1.0321466826968761
1.0325953425710446
1.0325953425710446
1.0325953425710446
1.0310572453660574
1.0310572453660574
1.0308995626212036
1.0308995626212036
1.0308995626212036
1.0310136795852363
1.030142537347198
1.0311469507288318
1.0311469507288318
1.0311469507288318
1.0325315707962262
1.0315984534694564
1.0315984534694564
1.0315984534694564
1.0298165748074872
1.0298863233148983
1.0301219035506337
1.0301219035506337
1.028071611866778
1.028071611866778
1.028071611866778
1.030441091644162
1.026997511384237
1.026997511384237
1.0273315269711578
1.0288103039715681
1.0288103039715681
1.030075161726329
1.0297738620956303
1.0297738620956303
1.0297738620956303
1.0297738620956303
1.0297738620956303
1.0297738620956303
1.0297738620956303
1.0297738620956303
1.0297738620956303
1.0297738620956303
1.0297738620956303
1.028637359040427
1.028637359040427
1.028637359040427
1.028637359040427
1.0308190252043408
1.0308190252043408
1.0307148069613807
1.0307148069613807
1.0299787384049222
1.0299787384049222
1.0299787384049222
1.0320826856763718
1.0323424271913124
1.0285978353482188
1.028714638946383
1.030807676186077
1.030807676186077
1.030807676186077
1.02879227050147
1.0278879216036885
1.0278879216036885
1.029028364293268
1.029028364293268
1.029509985075078
1.03010801479543
1.03010801479543
1.0308801483204069
1.031902741126284
1.0317378321320767
1.0311534168685965
1.0311534168685965
1.0310612679034803
1.0310612679034803
1.032095913591103
1.0345678092880426
1.0333070309808037
1.033716966412445
1.0316646041740238
1.0337645786366625
1.0337645786366625
1.0337645786366625
1.0337645786366625
1.0337645786366625
1.032972580971357
1.032972580971357
1.032972580971357
1.032972580971357
1.032972580971357
1.032972580971357
1.032972580971357
1.032972580971357
1.032972580971357
1.032972580971357
1.032972580971357
1.032972580971357
1.0330872708895447
1.0332489122506259
1.0332489122506259
1.0332489122506259
1.0332489122506259
1.0332489122506259
1.0332489122506259
1.0332489122506259
1.0311904452173584
1.031304394090761
1.031304394090761
1.031304394090761
1.0308347002788727
1.0314996735932642
1.0303916103655213
1.0303916103655213
1.0318080506743617
1.0318080506743617
1.0318080506743617
1.0306760256166885
1.0295130607477976
1.0295130607477976
1.028854086888409
1.0302337434045885
1.031237770701262
1.031237770701262
1.031237770701262
1.0297720723321417
1.0297720723321417
1.0296727187619479
1.0296727187619479
1.0296727187619479
1.0296727187619479
1.0326497746785583
1.0326497746785583
1.0326106542263576
1.0324080652668186
1.0324080652668186
1.0333150577089376
1.0333150577089376
1.0333150577089376
1.0306072181658315
1.0318499338243559
1.0318499338243559
1.0333813872530069
1.032889860899198
1.032889860899198
1.032687023590651
1.032687023590651
1.032687023590651
1.032687023590651
1.0312476151319943
1.0312476151319943
1.0312476151319943
1.0312476151319943
1.0317464238640308
1.0317464238640308
1.0324519638324743
1.0324519638324743
1.0306057500052304
1.028972535518178
1.0289377292159947
1.0289377292159947
1.0289377292159947
1.0302233032096062
1.0306232024399529
1.0306232024399529
1.0306232024399529
1.0306232024399529
1.0306232024399529
1.0303643591800682
1.0303643591800682
1.031323940304315
1.032189397966668
1.032189397966668
1.032189397966668
1.032189397966668
1.032189397966668
1.032189397966668
1.032189397966668
1.032189397966668
1.032189397966668
1.032189397966668
1.032189397966668
1.0344052057331603
1.0330121462938158
1.0322494125476784
1.0308261731587458
1.031763686682501
1.031763686682501
1.031763686682501
1.031763686682501
1.0351512018258797
1.0351512018258797
1.0351512018258797
1.0351512018258797
1.0351512018258797
1.033040843099566
1.033040843099566
1.0347642633273102
1.0347642633273102
1.0347642633273102
1.0347642633273102
1.0347642633273102
1.0352502051083137
1.0352502051083137
1.0352667163546678
1.0352667163546678
1.0352667163546678
1.0352667163546678
1.0352667163546678
1.0352667163546678
1.036849573834967
1.036849573834967
1.036849573834967
1.0357475697999226
1.0339818106031486
1.0316030372308622
1.0294299206939568
1.034148238765812
1.0334027043255147
1.0334027043255147
1.0334027043255147
1.0334027043255147
1.0326301139061114
1.0326301139061114
1.0326301139061114
1.0326301139061114
1.0321600679620835
1.0321600679620835
1.0321600679620835
1.0321600679620835
1.0306503010731873
1.0306503010731873
1.0311402536825645
1.0311402536825645
1.0311402536825645
1.0332044443053157
1.0312730623547914
1.0310853088145095
1.0310853088145095
1.0320457999005384
1.0320457999005384
1.0308532824140928
1.0308532824140928
1.0282976965687487
1.0282976965687487
1.0287162383541162
1.0296770056011442
1.0317240611213725
1.0317240611213725
1.0317240611213725
1.0317240611213725
1.0317240611213725
1.0317240611213725
1.0317240611213725
1.0317240611213725
1.0317240611213725
1.0317240611213725
1.0317240611213725
1.0324645131579664
1.0324645131579664
1.0324645131579664
1.0324645131579664
1.0324645131579664
1.0324645131579664
1.0324645131579664
1.0324645131579664
1.0324645131579664
1.0309688189951818
1.0319964766091831
1.0327847667537031
1.0317036957201182
1.0317036957201182
1.0305435326776147
1.0305435326776147
1.0305435326776147
1.0315743911323934
1.0290954495781441
1.0309968257629931
1.0309968257629931
1.0309968257629931
1.032394120552561
1.031379419090776
1.032110176203252
1.032110176203252
1.032110176203252
1.032110176203252
1.0305402090939257
1.0305402090939257
1.0305402090939257
1.0297012389868823
1.0293755764805617
1.0293755764805617
1.0305178494971405
1.0305178494971405
1.0305178494971405
1.0290000084608988
1.0299884707859104
1.0299203670944144
1.0314100107490114
1.0314100107490114
1.0314100107490114
1.0304808712265126
1.0289932989898496
1.0289932989898496
1.0281735694877887
1.0281735694877887
1.0295536109330918
1.0295536109330918
1.0295589483603336
1.0295589483603336
1.0295589483603336
1.0295589483603336
1.0299863184447573
1.0299863184447573
1.0299863184447573
1.0291560379392337
1.0291560379392337
1.0291560379392337
1.0295696009554332
1.0295696009554332
1.0295696009554332
1.0321959555041775
1.0320037603303749
1.032386080643948
1.032993042256305
1.032993042256305
1.033910732644787
1.0329160936072088
1.0329160936072088
1.03202672479771
1.03202672479771
1.03202672479771
1.0326641658997675
1.0326641658997675
1.0326641658997675
1.0326641658997675
1.034535908101706
1.033641692932206
1.0345470724332329
1.0345470724332329
1.0306764386606557
1.0306764386606557
1.0306764386606557
1.0306764386606557
1.031443625696227
1.0311424079318605
1.028398676191909
1.028398676191909
1.0300475240680822
1.0300475240680822
1.0300475240680822
1.0300475240680822
1.0300475240680822
1.0300475240680822
1.0300475240680822
1.029069603567885
1.029069603567885
1.029069603567885
1.029069603567885
1.029069603567885
1.029069603567885
1.029069603567885
1.029069603567885
1.029069603567885
1.029069603567885
1.029069603567885
1.029069603567885
1.0285339533384206
1.027533577368012
1.027533577368012
1.0274206536445036
1.0274206536445036
1.0301937903573908
1.0301937903573908
1.0301937903573908
1.0297821601313162
1.0297821601313162
1.0281713700898756
1.0281713700898756
1.0293288055617067
1.0293288055617067
1.0301907293053412
1.0301907293053412
1.0301907293053412
1.0269416573762888
1.0257172039283395
1.0273814188219794
1.0254577913637424
1.0254577913637424
1.0262212781157136
1.0262212781157136
1.028175415946254
1.0283678618438354
1.0301782159902733
1.0301782159902733
1.0295221285122715
1.0295221285122715
1.0312511317789468
1.0312511317789468
1.0312511317789468
1.0328545028036857
1.0322777313666676
1.0322777313666676
1.03345329336803
1.0326550073724992
1.0326550073724992
1.0326550073724992
1.0337218180803631
1.0330383305156254
1.0330039396030688
1.0330039396030688
1.0330039396030688
1.0330039396030688
1.0330039396030688
1.031362019142908
1.031362019142908
1.0321306265260275
1.0321306265260275
1.0321306265260275
1.0324328869613688
1.0334845267138937
1.0334845267138937
1.0334845267138937
1.03274741203084
1.0338815261139946
1.0338815261139946
1.0330675636891302
1.0330675636891302
1.0330675636891302
1.0330675636891302
1.0330675636891302
1.0335766130498307
1.0335766130498307
1.0335766130498307
1.0335766130498307
1.0335766130498307
1.0335766130498307
1.0335766130498307
1.0335766130498307
1.0335766130498307
1.0335766130498307
1.0335766130498307
1.0335766130498307
1.0335766130498307
1.0335766130498307
1.0335766130498307
1.0335766130498307
1.0357117910434275
1.0362394823176564
1.0362394823176564
1.0362394823176564
1.0362394823176564
1.0365154281701727
1.0365154281701727
1.0354048069270463
1.0352779768451574
1.0352779768451574
1.034779704096306
1.034779704096306
1.032362568657654
1.032362568657654
1.032652159209245
1.0300413326562514
1.0303221124947626
1.0303221124947626
1.0319238049957349
1.0328000594320754
1.0328000594320754
1.0328000594320754
1.0328000594320754
1.0328000594320754
1.0337680615532334
1.0337680615532334
1.032230184090893
1.0319707561216611
1.0319707561216611
1.0319707561216611
1.0319707561216611
1.0319707561216611
1.0342445449542728
1.0342445449542728
1.0342445449542728
1.032439794016585
1.0349979353715455
1.0372067866258425
1.0372067866258425
1.0335961339383881
1.0335961339383881
1.0367502549927343
1.0367502549927343
1.0367502549927343
1.0393130755086457
1.0393130755086457
1.0393130755086457
1.037018875125618
1.037018875125618
1.0372385810739098
1.0372385810739098
1.0372385810739098
1.0372385810739098
1.0372385810739098
1.0372385810739098
1.0372385810739098
1.0372385810739098
1.0372385810739098
1.0372385810739098
1.0372385810739098
1.0372385810739098
1.038719216075248
1.039446238919962
1.0377022226467183
1.0369093850121844
1.0369093850121844
1.0369093850121844
1.0369093850121844
1.0369093850121844
1.0373373707643592
1.0365353530681178
1.0333731832332855
1.0333731832332855
1.0333731832332855
1.0363062547721982
1.0363062547721982
1.0363062547721982
1.0356386228983965
1.0356386228983965
1.0356386228983965
1.0347213557549086
1.0347213557549086
1.033680278226688
1.033680278226688
1.033680278226688
1.0342277600824326
1.033497723853009
1.033497723853009
1.0343013402890429
1.0343013402890429
1.0343013402890429
1.0343013402890429
1.0343013402890429
1.0343013402890429
1.0343013402890429
1.0343013402890429
1.0356569642263194
1.0363961716409922
1.0363483541399443
1.0363483541399443
1.0367264217678798
1.035988929937782
1.0376045659786102
1.0372134984890515
1.0362450174669136
1.0354080437534334
1.0324642388528034
1.0324642388528034
1.0324642388528034
1.0324642388528034
1.0324642388528034
1.0326072050326824
1.0326072050326824
1.0326072050326824
1.0326072050326824
1.0326072050326824
1.0326072050326824
1.0326072050326824
1.0326072050326824
1.0326072050326824
1.0326072050326824
1.031345579079495
1.031345579079495
1.032229499452358
1.032229499452358
1.032229499452358
1.032229499452358
1.032229499452358
1.032229499452358
1.0323471925260879
1.0323471925260879
1.0323471925260879
1.0323471925260879
1.0323471925260879
1.0323471925260879
1.031320864214271
1.031320864214271
1.0326014571206548
1.0326014571206548
1.0326014571206548
1.0326014571206548
1.0326014571206548
1.031363001658503
1.031134780185893
1.031134780185893
1.0316489901724528
1.0310186844501226
1.0310186844501226
1.0310186844501226
1.0308961920504907
1.0305501132074115
1.0305501132074115
1.0305501132074115
1.0305501132074115
1.0305501132074115
1.0305501132074115
1.0305501132074115
1.0305501132074115
1.0305501132074115
1.0305501132074115
1.0305501132074115
1.0305501132074115
1.0305501132074115
1.0305501132074115
1.0305501132074115
1.0305501132074115
1.0309156010438614
1.0309156010438614
1.0309156010438614
1.0333663550396253
1.0333663550396253
1.0323678735927424
1.0320904366805004
1.0331888070288153
1.0324163375293849
1.03082442381673
1.03082442381673
1.0288242606824096
1.0288242606824096
1.031819007981557
1.0321645217418174
1.0321645217418174
1.0319784680057584
1.0319784680057584
1.0306864288914315
1.0306864288914315
1.029222063244509
1.0305356254979408
1.030746728862249
1.0332209775531764
1.0332209775531764
1.0332209775531764
1.0315969823205258
1.0289117492126918
1.0289117492126918
1.0282203606674167
1.028538870595234
1.029502039860826
1.029502039860826
1.029502039860826
1.0289768953283356
1.0289768953283356
1.0289768953283356
1.0307663121200537
1.0307663121200537
1.033733276529875
1.0326425072385486
1.0326425072385486
1.0344533710871187
1.0344533710871187
1.0313755991189018
1.0313755991189018
1.0313755991189018
1.0313755991189018
1.0313755991189018
1.030784040005599
1.030784040005599
1.030784040005599
1.030784040005599
1.030784040005599
1.030784040005599
1.030784040005599
1.030784040005599
1.030784040005599
1.030784040005599
1.030784040005599
1.030784040005599
1.030784040005599
1.030784040005599
1.031062864470945
1.031062864470945
1.031062864470945
1.031062864470945
1.031062864470945
1.031062864470945
1.031062864470945
1.031062864470945
1.031062864470945
1.031062864470945
1.0309257965492395
1.0309257965492395
1.0309257965492395
1.0336667774451767
1.0318031815687732
1.0318031815687732
1.0318031815687732
1.0304045544169003
1.0304045544169003
1.0304045544169003
1.0304045544169003
1.0304045544169003
1.0304045544169003
1.0325629383399804
1.0320176834716488
1.0320176834716488
1.0318391033232948
1.0318391033232948
1.0318391033232948
1.0318391033232948
1.0318391033232948
1.0331144572342739
1.0328051158899363
1.0328051158899363
1.0359436050941246
1.0359436050941246
1.035945910907507
1.0352855715099563
1.0352855715099563
1.0352855715099563
1.0352855715099563
1.0352855715099563
1.0352855715099563
1.0344695937953188
1.0344695937953188
1.0344695937953188
1.0356753735848934
1.036972572368568
1.0378167514209464
1.0378167514209464
1.0378167514209464
1.036843567105794
1.036843567105794
1.0396956256608454
1.0396956256608454
1.0396956256608454
1.0396956256608454
1.0396956256608454
1.0396956256608454
1.0387811326319245
1.0358841146537676
1.0390356934920542
1.0390356934920542
1.0390356934920542
1.0367018265999193
1.037989104753709
1.0364658279298262
1.0379622150625238
1.0379622150625238
1.0360830606073252
1.0360830606073252
1.0374920895392743
1.0374920895392743
1.0374920895392743
1.0374920895392743
1.0377304036630568
1.0390797237001739
1.035910650049313
1.035910650049313
1.035910650049313
1.035910650049313
1.035910650049313
1.0346945357506354
1.0365803876846702
1.0365803876846702
1.0352209210274064
1.0352209210274064
