1.1271537461470382
1.1271537461470382
1.1271537461470382
1.1271537461470382
1.1271537461470382
1.1271537461470382
1.1271537461470382
1.1271537461470382
1.1271537461470382
1.1271537461470382
1.1271537461470382
1.1271537461470382
1.1271537461470382
1.1271537461470382
1.1271537461470382
1.1271537461470382
1.1271537461470382
1.1271537461470382
1.1271537461470382
1.1271537461470382
1.1271537461470382
1.1271537461470382
1.1271537461470382
1.1271537461470382
1.1271537461470382
1.1271537461470382
1.1271537461470382
1.1271537461470382
1.1271537461470382
1.1271537461470382
1.1271537461470382
1.1271537461470382
1.1271537461470382
1.1271537461470382
1.1271537461470382
1.1271537461470382
1.1271537461470382
1.1271537461470382
1.1271537461470382
1.1271537461470382
1.1271537461470382
1.1271537461470382
1.1271537461470382
1.1271537461470382
1.1271537461470382
1.1271537461470382
1.1271537461470382
1.1271537461470382
1.1271537461470382
1.1271537461470382
1.1271537461470382
1.1271537461470382
1.1271537461470382
1.1271537461470382
1.1271537461470382
1.1271537461470382
1.1271537461470382
1.1271537461470382
1.1271537461470382
1.1271537461470382
1.1271537461470382
1.1271537461470382
1.1271537461470382
1.1271537461470382
1.1271537461470382
1.1271537461470382
1.1271537461470382
1.1271537461470382
1.1271537461470382
1.1271537461470382
1.1271537461470382
1.1271537461470382
1.1271537461470382
1.1271537461470382
1.1271537461470382
1.1271537461470382
1.1271537461470382
1.1271537461470382
1.1271537461470382
1.1271537461470382
1.1271537461470382
1.1271537461470382
1.1271537461470382
1.1271537461470382
1.1271537461470382
1.1271537461470382
1.1271537461470382
1.1271537461470382
1.1271537461470382
1.1271537461470382
1.1271537461470382
1.1271537461470382
1.1271537461470382
1.1271537461470382
1.1271537461470382
1.1271537461470382
1.1271537461470382
1.1271537461470382
1.1271537461470382
1.1271537461470382
1.1262467088544554
1.124811376064203
1.124811376064203
1.1203957719865107
1.1153140427431212
1.1153140427431212
1.1150957930425796
1.1141871142543114
1.111971540137322
1.111971540137322
1.110519948819869
1.110519948819869
1.1101273477962403
1.1101273477962403
1.1088328403028769
1.108060306672424
1.108060306672424
1.108060306672424
1.108060306672424
1.1066400562886862
1.1053392935617725
1.1052016655255832
1.1052016655255832
1.1019625750209145
1.1001548031896264
1.1001548031896264
1.0978183728261746
1.09277981812801
1.09277981812801
1.09277981812801
1.0927782504491141
1.0927798663593584
1.0927798663593584
1.088845371801019
1.088845371801019
1.088845371801019
1.0855264497505388
1.085061450826972
1.085061450826972
1.085061450826972
1.084584209326183
1.084584209326183
1.084584209326183
1.0820241913456767
1.0782561234042767
1.0779314734582233
1.0779314734582233
1.0779314734582233
1.0779314734582233
1.0779314734582233
1.0779314734582233
1.0779314734582233
1.0779314734582233
1.072108763339894
1.072108763339894
1.072108763339894
1.0688596146556162
1.0660333711281875
1.0660333711281875
1.0660333711281875
1.064117347107775
1.0597028377629498
1.0597028377629498
1.0597028377629498
1.0557573662982174
1.0557573662982174
1.0557573662982174
1.0521610320199701
1.0521610320199701
1.0503547915451183
1.0483349936063742
1.0472368263932343
1.0472368263932343
1.0472368263932343
1.0472368263932343
1.0443641684241625
1.0435586348197174
1.0435586348197174
1.0411729108017156
1.0411729108017156
1.0374155493634751
1.0374155493634751
1.0374155493634751
1.0374155493634751
1.0346326963263675
1.0320361505497437
1.0320361505497437
1.0320361505497437
1.0320361505497437
1.0320361505497437
1.0312810073856866
1.0312810073856866
1.0296466460090536
1.0296466460090536
1.028916501364625
1.028916501364625
1.028916501364625
1.0268632240963687
1.0261828442508802
1.0261828442508802
1.0270100418297496
1.0270100418297496
1.0270100418297496
1.0270100418297496
1.025897175153028
1.0273446102642558
1.0273446102642558
1.027579690931997
1.0238481184052415
1.0238481184052415
1.0250946705349828
1.0247215885414525
1.0237327516626007
1.0238643751909826
1.0238643751909826
1.0241262425110322
1.0273735528740708
1.0273735528740708
1.0273735528740708
1.0273735528740708
1.0273735528740708
1.0273735528740708
1.0270603759518548
1.0270603759518548
1.0270603759518548
1.0257950334919597
1.0282643839974779
1.026757463007356
1.026757463007356
1.026757463007356
1.026757463007356
1.026757463007356
1.026757463007356
1.0278303960246113
1.0274810999631683
1.027740144355624
1.0269267601167915
1.0269267601167915
1.0245204089146474
1.0245204089146474
1.0245204089146474
1.0245204089146474
1.0223563361776558
1.0223563361776558
1.0223563361776558
1.0225862349488553
1.0225862349488553
1.0225862349488553
1.0224245114108328
1.024407615944713
1.024407615944713
1.024407615944713
1.0256258148767603
1.0256258148767603
1.0256258148767603
1.0256258148767603
1.0256258148767603
1.0256258148767603
1.025439711773798
1.025439711773798
1.025439711773798
1.0237598662578578
1.0237598662578578
1.0237598662578578
1.0243107406587835
1.0243107406587835
1.0216359290963266
1.0216359290963266
1.0212804680249086
1.0240685878193185
1.025560268117712
1.025560268117712
1.025560268117712
1.025560268117712
1.0243383827122468
1.0243383827122468
1.0230621706123804
1.0230621706123804
1.0241083752272968
1.0241083752272968
1.0237031111543684
1.0237031111543684
1.0237031111543684
1.0237031111543684
1.0233858319049325
1.0233858319049325
1.0233858319049325
1.0233858319049325
1.0233858319049325
1.0223086580329572
1.0224760837236855
1.0224760837236855
1.0232842763212433
1.0232842763212433
1.0244031382406251
1.0242234188207757
1.0242234188207757
1.0242234188207757
1.0242234188207757
1.0242234188207757
1.0239685382651016
1.0239685382651016
1.0232554022629532
1.0237489730125373
1.0232322375329552
1.0250232852400774
1.0250232852400774
1.0250232852400774
1.025895174213854
1.025895174213854
1.025895174213854
1.0225875424476476
1.0225875424476476
1.0225875424476476
1.0225875424476476
1.0220229382280024
1.0220229382280024
1.0179829113414383
1.0179829113414383
1.0179829113414383
1.018791344108241
1.018791344108241
1.019540071702555
1.0215569018953725
1.025071971018911
1.025071971018911
1.025825864028373
1.026101572433437
1.023559081379745
1.023559081379745
1.023559081379745
1.023559081379745
1.023559081379745
1.023559081379745
1.023559081379745
1.023559081379745
1.0232753401796528
1.0220042814411754
1.0198541829255912
1.0198541829255912
1.0187912828486811
1.0187912828486811
1.0210554638601652
1.0210554638601652
1.0214437310081605
1.0237298953340657
1.0229071140730288
1.0219247193586647
1.0264695204237022
1.0219622250613285
1.0222347799242242
1.0222347799242242
1.0224809122034189
1.0217584677410194
1.0217584677410194
1.0217584677410194
1.0217584677410194
1.0228066464970675
1.0215882604640565
1.0215882604640565
1.0215882604640565
1.019835051843925
1.019835051843925
1.019835051843925
1.0224045324022908
1.0224045324022908
1.0224045324022908
1.0224045324022908
1.023070381930032
1.023630590206438
1.0240154264484491
1.022919056170012
1.022919056170012
1.022919056170012
1.022919056170012
1.022919056170012
1.02443653096269
1.024268445537399
1.024268445537399
1.024268445537399
1.0224915283872233
1.0228448697939885
1.0244846902444387
1.0256311345069444
1.0256311345069444
1.0242887391148203
1.0242887391148203
1.0242887391148203
1.0244837139188168
1.0244837139188168
1.0273344708933372
1.025225426259896
1.025225426259896
1.025225426259896
1.0256719034102941
1.0257795920092252
1.0257795920092252
1.0252271468667653
1.0252271468667653
1.0252271468667653
1.0252271468667653
1.0252271468667653
1.0252271468667653
1.0252271468667653
1.0252271468667653
1.022601278721607
1.0238108288452579
1.0238108288452579
1.024805479113454
1.024805479113454
1.024805479113454
1.0260027763911124
1.025614004634718
1.025614004634718
1.0264046636074637
1.02586461016289
1.02586461016289
1.02586461016289
1.0244575662590591
1.0244575662590591
1.0244575662590591
1.026023607635464
1.026023607635464
1.026023607635464
1.026023607635464
1.0252124148994497
1.0252124148994497
1.0252124148994497
1.0252124148994497
1.0252124148994497
1.0252124148994497
1.0245807223049126
1.0245807223049126
1.0245807223049126
1.0247448418998857
1.022225564360249
1.022225564360249
1.0251309740948396
1.0251309740948396
1.0251309740948396
1.0261114216774696
1.0261114216774696
1.0261114216774696
1.0259250202985517
1.0259250202985517
1.027717289683397
1.027717289683397
1.027717289683397
1.027717289683397
1.0281662513802432
1.028496372200782
1.028496372200782
1.029027123893604
1.0291952045614368
1.0291952045614368
1.0291952045614368
1.0291952045614368
1.0296289543732924
1.0273705220003921
1.0256607223753187
1.0249800922798897
1.0249800922798897
1.0249800922798897
1.0249800922798897
1.0249800922798897
1.0245082381115227
1.0243197827653103
1.0243197827653103
1.0243197827653103
1.0243197827653103
1.0243197827653103
1.0243197827653103
1.0243197827653103
1.0250896044494073
1.0258138237143706
1.0258138237143706
1.024172734137233
1.024172734137233
1.024172734137233
1.024172734137233
1.023371123599868
1.022710629966347
1.022710629966347
1.022710629966347
1.0234544686787523
1.0234544686787523
1.023660871558115
1.023660871558115
1.023660871558115
1.023660871558115
1.023660871558115
1.023660871558115
1.023660871558115
1.023660871558115
1.023660871558115
1.023660871558115
1.023660871558115
1.023660871558115
1.023660871558115
1.023660871558115
1.0230500661394977
1.0230500661394977
1.0230500661394977
1.0230558760183968
1.023373072667696
1.023373072667696
1.0252277544067645
1.0252277544067645
1.0252277544067645
1.0252277544067645
1.0252277544067645
1.0239217201129531
1.022241562450815
1.0250148145862878
1.0250148145862878
1.023562560168228
1.023562560168228
1.0224479097187387
1.0224479097187387
1.0224479097187387
1.0224479097187387
1.0224479097187387
1.0224479097187387
1.0221204961877721
1.0221204961877721
1.0221204961877721
1.0221677792374977
1.0221677792374977
1.021213012958962
1.021213012958962
1.021213012958962
1.024984655136969
1.0244854904106235
1.0244854904106235
1.024897707841627
1.024565560508605
1.024565560508605
1.0234971119707044
1.0262625524586009
1.0262625524586009
1.023642459816475
1.023642459816475
1.023642459816475
1.023642459816475
1.023642459816475
1.025697254188221
1.025697254188221
1.025697254188221
1.025697254188221
1.025697254188221
1.025697254188221
1.025697254188221
1.025697254188221
1.026409514428767
1.026409514428767
1.026409514428767
1.026409514428767
1.026409514428767
1.026409514428767
1.026409514428767
1.026409514428767
1.026409514428767
1.026409514428767
1.0273571195849438
1.0273571195849438
1.0273571195849438
1.0273571195849438
1.0273571195849438
1.0273571195849438
1.0281778841141913
1.0281778841141913
1.0281778841141913
1.0281778841141913
1.0285057768263834
1.0314388249865782
1.0314388249865782
1.0314388249865782
1.0314388249865782
1.0325962373280348
1.0325962373280348
1.0329535240980312
1.0329535240980312
1.0329535240980312
1.0329535240980312
1.0329535240980312
1.032924130632078
1.029881891305644
1.029881891305644
1.029881891305644
1.0302442931431768
1.0302442931431768
1.0302442931431768
1.0287365464350915
1.0293251451724765
1.0295246723074412
1.0295246723074412
1.0275736125837476
1.0275736125837476
1.0286518588781353
1.0286518588781353
1.0314891121795557
1.030788085467193
1.030788085467193
1.0305691251976248
1.0288491162562483
1.0288491162562483
1.0288491162562483
1.0288491162562483
1.0288491162562483
1.0298233412911153
1.0298233412911153
1.0298233412911153
1.02617529650549
1.02617529650549
1.02617529650549
1.02617529650549
1.02617529650549
1.02617529650549
1.02617529650549
1.02617529650549
1.0292651321262074
1.0278507493158284
1.0272643338441743
1.0272643338441743
1.0268683181558935
1.0268683181558935
1.0268683181558935
1.0282558900127372
1.0282558900127372
1.0282558900127372
1.0282558900127372
1.027275514085035
1.02757466492864
1.0298816605124905
1.0290551451576064
1.0290367466695598
1.0284225649331724
1.025616520209075
1.027590610221636
1.0270083335711202
1.0270083335711202
1.0270083335711202
1.0273918045403003
1.0273918045403003
1.0273918045403003
1.0276369463866177
1.0279523070098493
1.0292095175588045
1.0292095175588045
1.0279041817292816
1.0279041817292816
1.0279041817292816
1.0279041817292816
1.0279041817292816
1.0279041817292816
1.0297073533479413
1.0297073533479413
1.0297073533479413
1.0297073533479413
1.0301364330208904
1.0301364330208904
1.0301364330208904
1.0301364330208904
1.0301364330208904
1.0296530149159009
1.0296530149159009
1.0298920851583795
1.0277512146122378
1.0288276209080847
1.0288276209080847
1.0270501517825217
1.0285831071662197
1.0285831071662197
1.0285831071662197
1.0285831071662197
1.0287490679479252
1.0287490679479252
1.0287490679479252
1.0287490679479252
1.0287490679479252
1.0300537824091813
1.0300537824091813
1.0315951078771168
1.0312694659508765
1.0312694659508765
1.0297607168282967
1.0297607168282967
1.0297451990688105
1.0297451990688105
1.0310678900699797
1.0310678900699797
1.0310678900699797
1.0310678900699797
1.0321939005722378
1.0322117645124385
1.0298907436947642
1.0298907436947642
1.0298907436947642
1.0298907436947642
1.0296780998954294
1.0296780998954294
1.0296780998954294
1.0285014089597708
1.0288784622605895
1.0288784622605895
1.0288784622605895
1.0300821626193688
1.0300821626193688
1.0300821626193688
1.0301056092812366
1.0301056092812366
1.030275859898884
1.0327271146036199
1.0327271146036199
1.0330029176139708
1.0330029176139708
1.0330029176139708
1.0330029176139708
1.030879844307593
1.0323638626772997
1.0325547394488541
1.0283847559639887
1.0283847559639887
1.0283847559639887
1.0283847559639887
1.0283847559639887
1.0283847559639887
1.0268965628462425
1.0267336757529617
1.02792047766586
1.02792047766586
1.02792047766586
1.02792047766586
1.0274200532219264
1.027866510964037
1.0284570279211216
1.0284570279211216
1.028265297246222
1.0305508362376328
1.027772316945507
1.0255437884461498
1.0255437884461498
1.0255437884461498
1.0255437884461498
1.0255437884461498
1.025771645811712
1.025771645811712
1.0252599938683393
1.0252599938683393
1.0256611411252987
1.0267439418887783
1.0263961516294118
1.0277587785558548
1.0277587785558548
1.0277587785558548
1.0270555719993302
1.0274416272819442
1.0274416272819442
1.0274416272819442
1.0284047198782547
1.0284047198782547
1.0284047198782547
1.0284047198782547
1.0284047198782547
1.0286773803646012
1.0307954195600408
1.0307954195600408
1.0307954195600408
1.0307954195600408
1.0307954195600408
1.0318522420717693
1.031155777230793
1.031505214501164
1.031505214501164
1.031505214501164
1.031505214501164
1.031505214501164
1.031505214501164
1.0320047709870426
1.0320047709870426
1.0320047709870426
1.0314214656780036
1.0314214656780036
1.0315160792749556
1.0315160792749556
1.0315160792749556
1.0315160792749556
1.0315160792749556
1.0315160792749556
1.0315160792749556
1.0315160792749556
1.0313475737556967
1.0313475737556967
1.0306123443536814
1.0306123443536814
1.029423528942461
1.029423528942461
1.029423528942461
1.0271242819641735
1.0271242819641735
1.026860676784039
1.026860676784039
1.026860676784039
1.026860676784039
1.026860676784039
1.026860676784039
1.026860676784039
1.0272638006188024
1.0272638006188024
1.0291728278928378
1.0291728278928378
1.0291728278928378
1.029105019474518
1.02878860608868
1.02878860608868
1.0294315931836
1.0294315931836
1.027585732497448
1.027585732497448
1.027585732497448
1.0259538988189219
1.0259538988189219
1.0259538988189219
1.0259538988189219
1.0259538988189219
1.0259538988189219
1.0259538988189219
1.0276642423857505
1.0276642423857505
1.0276642423857505
1.0262755387127231
1.0260068474391522
1.0260068474391522
1.0260068474391522
1.0272998955962631
1.0272998955962631
1.0272998955962631
1.0272998955962631
1.0272998955962631
1.0272998955962631
1.0272998955962631
1.0294266424204663
1.0294266424204663
1.0283987643883223
1.0281661483965618
1.0281661483965618
1.0281661483965618
1.0292273264413447
1.0292273264413447
1.0292273264413447
1.0271410352715318
1.0271410352715318
1.0271410352715318
1.0263203936287275
1.0263203936287275
1.0263203936287275
1.0263203936287275
1.0263203936287275
1.0250138412715384
1.0250138412715384
1.0250138412715384
1.0250138412715384
1.0250138412715384
1.026797351738948
1.026797351738948
1.026234295277982
1.026234295277982
1.026234295277982
1.026234295277982
1.0253669015081486
1.024019464523603
1.0265495658935304
1.0257498831169027
1.0257498831169027
1.026364321619283
1.0277100439098634
1.0277100439098634
1.0277100439098634
1.0277100439098634
1.0250408815242076
1.026007085973386
1.0275551760808326
1.0275551760808326
1.0275551760808326
1.0275551760808326
1.0294952386588938
1.0294952386588938
1.029288170211862
1.029288170211862
1.029288170211862
1.029288170211862
1.029288170211862
1.029288170211862
1.0299342271512275
1.0299342271512275
1.0299342271512275
1.0295243255744364
1.0298962175514925
1.0298962175514925
1.0298962175514925
1.0298962175514925
1.0298962175514925
1.0288851800965528
1.0288851800965528
1.029105822763469
1.029105822763469
1.029105822763469
1.029105822763469
1.029105822763469
1.029105822763469
1.029105822763469
1.029105822763469
1.028621583330091
1.028621583330091
1.028621583330091
1.0292628725265551
1.0296223830326159
1.0296223830326159
1.0296223830326159
1.0287501831138701
1.0274907112833627
1.0259883971419035
1.0245633017558577
1.024207683929434
1.0226615064091753
1.0226615064091753
1.0209348580315925
1.0213902630615095
1.0223402017911298
1.0223402017911298
1.0236447325710674
1.0250721386969166
1.0250721386969166
1.0250584858713465
1.0251760563667267
1.0251760563667267
1.0251760563667267
1.0248985578796685
1.0248985578796685
1.0248985578796685
1.0248985578796685
1.0246320698045073
1.0257429257612465
1.0249278446042802
1.0249278446042802
1.0256842612230876
1.0256842612230876
1.0264371052942076
1.0264371052942076
1.0264371052942076
1.0255190396391725
1.027549851262329
1.027549851262329
1.027549851262329
1.028288362326697
1.027662311586487
1.027662311586487
1.027662311586487
1.027662311586487
1.027662311586487
1.0301590625843124
1.0301590625843124
1.0301590625843124
1.0265138591053513
1.0265138591053513
1.0295708298190345
1.0295708298190345
1.0295708298190345
1.0291684563107204
1.0291684563107204
1.0292039259558345
1.0292039259558345
1.0292039259558345
1.0292039259558345
1.0292039259558345
1.0292039259558345
1.0292039259558345
1.0301555991032012
1.0301555991032012
1.032309253667889
1.032309253667889
1.031261663809862
1.0285674819821038
1.0285674819821038
1.0285674819821038
1.0285674819821038
1.0294350275595232
1.0294350275595232
1.027423807987887
1.029121313126423
1.029121313126423
1.029121313126423
1.0301346866140584
1.0301346866140584
1.0301346866140584
1.0301346866140584
1.0301346866140584
1.0301346866140584
1.0301346866140584
1.031830677417532
1.0297984667564213
1.0281958315695825
1.0281958315695825
1.0281958315695825
1.0281958315695825
1.0301354303904775
1.0279090548294048
1.0279090548294048
1.0279090548294048
1.0279090548294048
1.0244637132994985
1.0244637132994985
1.0244637132994985
1.0229248575154204
1.020239668090075
1.0223422579568606
1.0223422579568606
1.0231195236797952
1.0208967736752004
1.0221563428555012
1.0221563428555012
1.0220768736110086
1.0220768736110086
1.0220768736110086
1.0220768736110086
1.0207200972690553
1.023034143704486
1.023034143704486
1.0226205568254028
1.0226205568254028
1.0226205568254028
1.0226205568254028
1.0226205568254028
1.0226205568254028
1.0226205568254028
1.0227852359827592
1.0243640496674944
1.023461146110043
1.023461146110043
1.0232944332232545
1.0232944332232545
1.0211866101760525
1.0211866101760525
1.0218088733404016
1.0221717283605107
1.0225071888896273
1.0225071888896273
1.0225071888896273
1.0242271623256587
1.0272585495711088
1.0272712497372727
1.0271712790977372
1.0261941556671297
1.0261941556671297
1.0261941556671297
1.0261941556671297
1.022888278797556
1.0219169329101987
1.0227599494431314
1.0227599494431314
1.0227599494431314
1.0227599494431314
1.0227599494431314
1.0227599494431314
1.0212328026581838
1.0212328026581838
1.0212328026581838
1.0221018114920295
1.0221018114920295
1.0221018114920295
1.0216021972129203
1.020274109865106
1.020274109865106
1.020274109865106
1.020274109865106
1.020274109865106
1.019596580377986
1.019596580377986
1.019596580377986
1.019596580377986
1.0184109374422134
1.0184109374422134
1.0192653733393733
1.0192653733393733
1.0192653733393733
1.0221216401591975
1.0221216401591975
1.0221216401591975
1.0228268955848525
1.0228268955848525
1.0228268955848525
1.0247984258179215
1.0247984258179215
1.023871889436632
1.023871889436632
1.023871889436632
1.023871889436632
1.0261144098216195
1.0261144098216195
1.0261144098216195
1.0255831028602584
1.0261778617349862
1.0261778617349862
1.0261778617349862
1.024908932902983
1.0281266285403974
1.025948858961768
1.025948858961768
1.025948858961768
1.027192279688336
1.027192279688336
1.027192279688336
1.027192279688336
1.027192279688336
1.027192279688336
1.027192279688336
1.027192279688336
1.027192279688336
1.027192279688336
1.027192279688336
1.0276417449779904
1.0281587702423853
1.0281587702423853
1.0258530665088983
1.0258530665088983
1.0258530665088983
1.0258530665088983
1.0249453996590248
1.025337936145927
1.0267359372788867
1.0267359372788867
1.0267359372788867
1.0267359372788867
1.0267359372788867
1.0279735329473123
1.0312682607184382
1.0312682607184382
1.0286991666714855
1.0277811586372754
1.0271470935997116
1.0271470935997116
1.0290382057313234
1.0288744266286125
1.0288744266286125
1.0303704923334986
1.0303704923334986
1.0303704923334986
1.0299704338837776
1.0299704338837776
1.0299704338837776
1.0299704338837776
1.0299704338837776
1.03018266711261
1.03018266711261
1.03018266711261
1.0331524741385962
1.0331524741385962
1.0331524741385962
1.0331524741385962
1.0328113414658415
1.0328113414658415
1.0328113414658415
1.0328113414658415
1.0340826337159248
1.0340826337159248
1.0346782746864867
1.0346782746864867
1.0346782746864867
1.0355814258657239
1.0352220454291907
1.0339133463098211
1.0339133463098211
1.0339133463098211
1.0339133463098211
1.0339133463098211
1.0374412407141456
1.030283480750065
1.0306384193276117
1.0306384193276117
1.0306384193276117
1.029621135964914
1.0291137275230828
1.0291137275230828
1.0291137275230828
1.0291137275230828
1.0291137275230828
1.0291137275230828
1.0302623602909409
1.0295283868826264
1.0282743192285777
1.028194131005563
1.0308022153386007
1.0308022153386007
1.0308022153386007
1.0308022153386007
1.0327620023254604
1.034231467586047
1.034231467586047
1.0290824287719504
1.0312080134845085
1.031998395407275
1.0321588724440318
1.0321588724440318
1.0328563941110207
1.0328563941110207
1.0286770695877512
1.0286447463135233
1.0286447463135233
1.0286447463135233
1.0300508418575012
1.0300508418575012
1.0301250871378484
1.0288484084988845
1.0277803342441547
1.0277803342441547
1.0277803342441547
1.0277803342441547
1.0277803342441547
1.0277803342441547
1.0277803342441547
1.0277803342441547
1.028547876772802
1.028547876772802
1.028547876772802
1.028547876772802
1.0293532064676336
1.0294857270438469
1.0294857270438469
1.0294857270438469
1.02938591834419
1.02938591834419
1.0285683045748581
1.0285683045748581
1.0261602986833938
1.0258103515835746
1.0258103515835746
1.0258103515835746
1.028756327869539
1.0278633432743483
1.0278633432743483
1.0278633432743483
1.0278633432743483
1.0293062486312718
1.0293062486312718
1.0293062486312718
1.0300852741319932
1.0300852741319932
1.0304668545245494
1.0304668545245494
1.031129769025238
1.031129769025238
1.031129769025238
1.031129769025238
1.031129769025238
1.031129769025238
1.0280111565044685
1.0280111565044685
1.027641310258214
1.0275526720134136
1.027240121525706
1.0292177672832115
1.0300515822086735
1.029429207022457
1.029429207022457
1.029429207022457
1.0269413859138052
1.0269413859138052
1.0270723707181362
1.0270723707181362
1.0301955123865851
1.0301955123865851
1.029831840577567
1.029831840577567
1.029831840577567
1.029831840577567
1.029831840577567
1.029831840577567
1.0306953502594152
1.0324002074406202
1.0324002074406202
1.0324002074406202
1.0324002074406202
1.0324002074406202
1.0324002074406202
1.0324002074406202
1.0324002074406202
1.0324002074406202
1.0324002074406202
1.0324002074406202
1.0324002074406202
1.0339831182009758
1.0339831182009758
1.0339831182009758
1.0357778274504694
1.0335100101148027
1.030876351640544
1.030876351640544
1.0299246995382614
1.030196677042783
1.0303635541075602
1.0303635541075602
1.0313430020346632
1.0313430020346632
1.0313430020346632
1.0304144203928183
1.0282792239860148
1.0282792239860148
1.0316166986010489
1.030465349261737
1.030465349261737
1.0273630435562884
1.0262534460384587
1.0262534460384587
1.0256071197767427
1.028619992144021
1.028619992144021
1.0260424083023836
1.0261275777849126
1.0261275777849126
1.0282399822545514
1.0282399822545514
1.0282399822545514
1.027506850584318
1.0265709272561567
1.0265709272561567
1.0284649712426535
1.025987688429451
1.0260316485136505
1.0260316485136505
1.0260316485136505
1.0260316485136505
1.0260316485136505
1.0251948324808065
1.0251948324808065
1.027682257363515
1.029543331940091
1.029543331940091
1.0307278092571954
1.0307278092571954
1.0307278092571954
1.0307278092571954
1.0297245270174333
1.0297245270174333
1.0299795310773041
1.0299795310773041
1.0299795310773041
1.0299795310773041
1.0299795310773041
1.0299795310773041
1.029547012088417
1.029547012088417
1.0317544181490275
1.0317544181490275
1.0317544181490275
1.0317544181490275
1.0317544181490275
1.0317544181490275
1.0317544181490275
1.0317544181490275
1.0319787394096092
1.0343862884094799
1.0343862884094799
1.0338046785364055
1.0338046785364055
1.0338046785364055
1.0338046785364055
1.0335247335639046
1.0335247335639046
1.032836536755881
1.032836536755881
1.0340057887681455
1.0335037720486857
1.0335037720486857
1.0322989301050487
1.033275609259396
1.033275609259396
1.033275609259396
1.033275609259396
1.033275609259396
1.033275609259396
1.0330709246713978
1.0323489846948088
1.0325106980405638
1.0325106980405638
1.0325106980405638
1.0325106980405638
1.0325106980405638
1.0311733324206942
1.0306428889703547
1.0291046562405122
1.031439321595258
1.031439321595258
1.0321691373033286
1.0321691373033286
1.0321691373033286
1.032356187430504
1.0321073646300807
1.031458544838283
1.031458544838283
1.031458544838283
1.031361579593462
1.0324987247102553
1.033951641838905
1.033951641838905
1.033951641838905
1.0337648678916227
1.0337648678916227
1.0337648678916227
1.0337648678916227
1.0337648678916227
1.0330616250052895
1.0330616250052895
1.036889927406957
1.036889927406957
1.036889927406957
1.036889927406957
1.036889927406957
1.0369899301081973
1.0369899301081973
1.0369899301081973
1.0369899301081973
1.0369899301081973
1.0338733127409359
1.0338733127409359
1.0338733127409359
1.0338733127409359
1.0338733127409359
1.0338733127409359
1.0343108902508371
1.0339338244230623
1.0339338244230623
1.0330285030213369
1.0330285030213369
1.0319997161239796
1.0319997161239796
1.0318970110479346
1.0318970110479346
1.032917789724781
1.032917789724781
1.032917789724781
1.032917789724781
1.032917789724781
1.032917789724781
1.0321345295610318
1.0321345295610318
1.0321345295610318
1.0321345295610318
1.0321395150050052
1.0342282412553563
1.0342282412553563
1.0350966620021327
1.0350966620021327
1.0350966620021327
1.0310160905930157
1.0314711985882128
1.0314711985882128
1.0314711985882128
1.0314711985882128
1.0321744012031981
1.0321744012031981
1.0321744012031981
1.0321744012031981
1.0310597911294066
1.0310597911294066
1.0324948636079352
1.0337079604621353
1.0327215683654773
1.0327215683654773
1.0327215683654773
1.0327215683654773
1.0325574643804405
1.0325574643804405
1.0320562525755832
1.0320562525755832
1.0333912674891619
1.0333912674891619
1.0333912674891619
1.0333912674891619
1.0336091200747233
1.0328977586651098
1.0328977586651098
1.0324538675539399
1.0324538675539399
1.0324538675539399
1.034129742565421
1.034129742565421
1.034129742565421
1.034129742565421
1.0336982399515817
1.0336982399515817
1.0336982399515817
1.0333491315170693
1.0316517482001857
1.0309457519360403
1.0309457519360403
1.0309457519360403
1.0309457519360403
1.0309457519360403
1.0309457519360403
1.0313388735337135
1.0325357797036294
1.0325357797036294
1.0325357797036294
1.0342084078872267
1.0342084078872267
1.0342084078872267
1.0342084078872267
1.0342084078872267
1.0358963269954933
1.0358963269954933
1.0389807153524988
1.0388828793263714
1.038563799185845
1.038563799185845
1.038563799185845
1.038563799185845
1.0387956281507453
1.0368117756002473
1.0368117756002473
1.0368117756002473
1.0368117756002473
1.0368117756002473
1.0368117756002473
1.0360518418911788
1.0360518418911788
1.0351556595948483
1.0351556595948483
1.0351556595948483
1.035972815031397
1.0353141579948748
1.036027245359664
1.0333018202713269
1.0339700686939137
1.0340969558174702
1.0377104191721003
1.0377104191721003
1.0377104191721003
1.0370983178143034
1.0370983178143034
1.0370983178143034
1.0370983178143034
1.0370983178143034
1.0370983178143034
1.0370983178143034
1.0370983178143034
1.0362856185148412
1.0370136983587104
1.0370136983587104
1.0370136983587104
1.037901410448493
1.036409210524377
1.036409210524377
1.036409210524377
1.036409210524377
1.036409210524377
1.036409210524377
1.0364057391940864
1.039022244392452
1.0377066133336827
1.0377066133336827
1.0377066133336827
1.0377066133336827
1.0377066133336827
1.0363634227760377
1.0363634227760377
1.0363634227760377
1.0363634227760377
1.0363634227760377
1.0363634227760377
1.0363634227760377
1.0363634227760377
1.0363634227760377
1.0363634227760377
1.0363634227760377
1.0374349621296395
1.0389163799732695
1.0389163799732695
1.0385152819258983
1.0385152819258983
1.0372225498567376
1.0372225498567376
1.0372225498567376
1.0372225498567376
1.0364638254920115
1.0356919357693397
1.0356919357693397
1.0366555956888808
1.0366555956888808
1.0366555956888808
1.0366555956888808
1.0366555956888808
1.0358987337870704
1.0357854085334857
1.0357854085334857
1.0357854085334857
1.0357854085334857
1.0357854085334857
1.036335223187839
1.037050598534329
1.037050598534329
1.037050598534329
1.038426619648957
1.038426619648957
1.0367809245809896
1.0367809245809896
1.0367809245809896
1.0365735854703524
1.0365735854703524
1.0365735854703524
1.0361371684640808
1.0361371684640808
1.0351216807988033
1.0351216807988033
1.0351216807988033
1.0353802268694006
1.0353802268694006
1.0342710910395665
1.034295430946891
1.034295430946891
1.034295430946891
1.0343529735273889
1.0343529735273889
1.0343529735273889
1.036074610318006
1.036074610318006
1.0350046424619317
1.0347586969473845
1.0347586969473845
1.0347586969473845
1.0340776532736924
1.0340776532736924
1.0340776532736924
1.0340776532736924
1.0340776532736924
1.03459745324293
1.03459745324293
1.03459745324293
1.03445287741757
1.0348895415082415
1.0375232329371575
1.0375232329371575
1.0388051575058368
1.0388051575058368
1.0388051575058368
1.0374854587688513
1.0374854587688513
1.0365819659003777
1.0365819659003777
1.0373334680286854
1.0373334680286854
1.037786286628597
1.037786286628597
1.038167579416553
1.038167579416553
1.038167579416553
1.038167579416553
1.038167579416553
1.0397109516057583
1.0397109516057583
1.0397109516057583
1.0397109516057583
1.0397109516057583
1.0373890019658165
1.0373890019658165
1.0399588615467872
1.0399588615467872
1.0399588615467872
1.0399588615467872
1.0385019647467972
1.0385019647467972
1.0393582277924578
1.0393582277924578
1.0392183644258672
1.0392183644258672
1.03574039980315
1.03574039980315
1.0365109412441011
1.037188280974565
1.037188280974565
1.0366674973681242
1.0362571754639218
1.0380212213572622
1.0380212213572622
1.0380212213572622
1.0380212213572622
1.038416399483885
1.0404933904020313
1.0382082051781478
1.0382082051781478
1.0382082051781478
1.0382082051781478
1.0382082051781478
1.0382082051781478
1.0382082051781478
1.0357375992467985
1.0377471237088536
1.0377471237088536
1.039370150818024
1.038228668131425
1.038708572625795
1.038708572625795
1.0403290366337012
1.0403290366337012
1.0410715608791226
1.0384202993081277
1.0384202993081277
1.0384202993081277
1.0398760396198772
1.0398760396198772
1.0383563796006454
1.0383563796006454
1.0383563796006454
1.0383563796006454
1.0361190037759656
1.0361426513778493
1.0337528081716578
1.0338259030083874
1.0338280468441632
1.0348495768978774
1.0360029810432536
1.0360029810432536
1.0360029810432536
1.0360029810432536
1.0360029810432536
1.035243512169267
1.035243512169267
1.035243512169267
1.033378025946829
1.033378025946829
1.033378025946829
1.0321386387891311
1.0298248876485117
1.0320072316351276
1.0320072316351276
1.0320072316351276
1.0320072316351276
1.0344989876090842
1.0344989876090842
1.0344989876090842
1.0344989876090842
1.0344989876090842
1.0344989876090842
1.0344989876090842
1.0344989876090842
1.0344989876090842
1.0355235726558596
1.0339733910944309
1.0339733910944309
1.0339733910944309
1.0356809648402912
1.0356809648402912
1.0337821025181027
1.0312253040330277
1.0312253040330277
1.0317593314224334
1.0317593314224334
1.0320778504420416
1.0320778504420416
1.0320778504420416
1.0320778504420416
1.0320778504420416
1.0320778504420416
1.0320778504420416
1.0320778504420416
1.0320778504420416
1.0320778504420416
1.0320778504420416
1.0320778504420416
1.0320778504420416
1.0320778504420416
1.0320778504420416
1.0320778504420416
1.0331306092098147
1.0331306092098147
1.0326602495522297
1.0326602495522297
1.0326602495522297
1.0326602495522297
1.0326602495522297
1.0326602495522297
1.0326602495522297
1.0326602495522297
1.0341434520118107
1.0341434520118107
1.035902829081863
1.0337439907574346
1.0337439907574346
1.0337439907574346
1.0337439907574346
1.0338566716611848
1.0320956389942633
1.0320956389942633
1.0338973389280632
1.0338973389280632
1.0338973389280632
1.0338973389280632
1.0357107765480957
1.0357107765480957
1.0357107765480957
1.0373259043884593
1.0373259043884593
1.0395156479669236
1.0395156479669236
1.038348575678202
1.038348575678202
1.036919222441592
1.0387658762232044
1.0387658762232044
1.0387658762232044
1.0387658762232044
1.0387658762232044
1.0382846574460074
1.0382846574460074
1.0382846574460074
1.0382846574460074
1.0364118570917673
1.036942371601405
1.036942371601405
1.0362279307334852
1.0362279307334852
1.0362279307334852
1.0362279307334852
1.0362279307334852
1.0332893657873035
1.0332893657873035
1.0332893657873035
1.0332893657873035
1.0332893657873035
1.0332893657873035
1.0332893657873035
1.033773427093388
1.0323399270252653
1.0323399270252653
1.0323399270252653
1.0323399270252653
1.0323399270252653
1.0349273238039416
1.0336269281903407
1.0336269281903407
1.0336269281903407
1.0336269281903407
1.0336269281903407
1.0336269281903407
1.0336269281903407
1.0336269281903407
1.0336269281903407
1.0320010710143988
1.0320010710143988
1.0320010710143988
1.0320010710143988
1.0325111087224192
1.0325955111994027
1.0325955111994027
1.0325611726999073
1.0351731769249435
1.0351731769249435
1.0344921514354561
1.0344921514354561
1.0344921514354561
1.0344921514354561
1.0344921514354561
1.0344921514354561
1.0344921514354561
1.0344921514354561
1.0371695561768044
1.0371695561768044
1.0371695561768044
1.0362529201223643
1.0355861389160965
1.0355861389160965
1.036610023766995
1.0363408486102301
1.0363408486102301
1.037214336647035
1.0393740921464925
1.0393740921464925
1.0393740921464925
1.0393740921464925
1.0364529969678504
1.0364529969678504
1.0369026072451477
1.036016237765882
1.0363192745995202
1.0375466510433335
1.0374078189262879
1.0374078189262879
1.0374078189262879
1.0374078189262879
1.0380220026386886
1.0380220026386886
1.0380220026386886
1.0380220026386886
1.0380220026386886
1.0380220026386886
1.0380220026386886
1.0380220026386886
1.0380220026386886
1.0380220026386886
1.0380220026386886
1.0380220026386886
1.0380220026386886
1.0380220026386886
1.0400090326915359
1.0401156482696476
1.0401156482696476
1.0385836886256261
1.0381647408588495
1.0381647408588495
1.0381647408588495
1.0381647408588495
1.0381647408588495
1.0388559521815917
1.0375532732324402
1.0375532732324402
1.0375532732324402
1.0375532732324402
1.038391052383028
1.0387149719212054
1.0387149719212054
1.0387149719212054
1.0417293688396803
1.0417293688396803
1.0417293688396803
1.0417293688396803
1.0417293688396803
1.0417293688396803
1.0417293688396803
1.0413701844093386
1.0403727051583131
1.0403727051583131
1.0403727051583131
1.0403727051583131
1.0422386684775442
1.0432693288361483
1.0424241096238092
1.0369459775855439
1.0389242874357696
1.0389242874357696
1.0389242874357696
1.0389242874357696
1.0384014363227765
1.0384014363227765
1.0384014363227765
1.0384014363227765
1.0369230548294714
1.0369230548294714
1.0369230548294714
1.0369230548294714
1.0369230548294714
1.0369230548294714
1.0369230548294714
1.0369230548294714
1.0369230548294714
1.0369230548294714
1.0369230548294714
1.0369230548294714
1.038936474363495
1.038936474363495
1.038936474363495
1.038936474363495
1.0389921525211487
1.0395897428831167
1.0395897428831167
1.0395897428831167
1.0395897428831167
1.0399180990205628
1.0399180990205628
1.0399180990205628
1.0399180990205628
1.041934516525275
1.0414991614174973
1.0431274781616733
1.0431274781616733
1.0421067599581553
1.0421067599581553
1.0421067599581553
1.0421067599581553
1.040705679221575
1.038534129506949
1.036029083240702
1.036029083240702
1.0403426029822953
1.0403426029822953
1.0403426029822953
1.0403426029822953
1.0403426029822953
1.0403426029822953
1.0403426029822953
1.0379307505692124
1.037034030345118
1.037034030345118
1.037034030345118
1.037034030345118
1.037034030345118
1.0370716373885966
1.0370716373885966
1.0370716373885966
1.0370716373885966
1.0370716373885966
1.038388150754936
1.038388150754936
1.038388150754936
1.038388150754936
1.038388150754936
1.038388150754936
1.038388150754936
1.038388150754936
1.0378753247314203
1.0378753247314203
1.0366844559147836
1.0366844559147836
1.0366844559147836
1.0366844559147836
1.0366844559147836
1.033041786562251
1.0315476730563333
1.0315476730563333
1.0315476730563333
1.0315476730563333
1.0324454543183121
1.0327651458126732
1.0327651458126732
1.0327651458126732
1.0327651458126732
1.0327651458126732
1.0327651458126732
1.0327651458126732
1.0327651458126732
1.0327651458126732
1.0327651458126732
1.0327651458126732
1.0327651458126732
1.0327651458126732
1.0327651458126732
1.032806769656029
1.0339242254915815
1.0339242254915815
1.0336315126611684
1.0336315126611684
1.0336315126611684
1.0336315126611684
1.0324781342587956
1.0331535483807148
1.0331535483807148
1.0340664968471611
1.0340664968471611
1.0340664968471611
1.0340664968471611
1.0340664968471611
1.0340664968471611
1.0340664968471611
1.0338281370483209
1.0338281370483209
1.0338281370483209
1.0338281370483209
1.033906139296167
1.033906139296167
1.033906139296167
1.033906139296167
1.033906139296167
1.033056637400605
1.0320543561294417
1.033293401227761
1.0348232327407707
1.0348232327407707
1.0348232327407707
1.0340191125553402
1.0340191125553402
1.035511284041135
1.035926444371268
1.035926444371268
1.035926444371268
1.035926444371268
1.0348659889069363
1.0348659889069363
1.033762401491564
1.033306917763225
1.033306917763225
1.033306917763225
1.034717496131618
1.034717496131618
1.034717496131618
1.034717496131618
1.034717496131618
1.034717496131618
1.034717496131618
1.034717496131618
1.034717496131618
1.033987778773955
1.033987778773955
1.0356739073469405
1.0324346105845887
1.0324346105845887
1.0337143791004528
1.0337143791004528
1.0337143791004528
1.0337143791004528
1.034627531904886
1.0341103374724492
1.0341103374724492
1.0341103374724492
1.0341103374724492
1.0341103374724492
1.0341103374724492
1.0341103374724492
1.0346063695493144
1.0346063695493144
1.0346063695493144
1.0346063695493144
1.0356562281680928
1.0356562281680928
1.0356562281680928
1.0360014248675902
1.0350466270769743
1.0354142375782664
1.0355310147200096
1.0355310147200096
1.0324125724603888
1.0324125724603888
1.0324125724603888
1.0324125724603888
1.0328465482016156
1.0327705989267362
1.0327705989267362
1.0327705989267362
1.0345483751283169
1.0345483751283169
1.0345483751283169
1.0345483751283169
1.0345483751283169
1.0346327249068665
1.0346327249068665
1.0370896438661492
1.0362182253133048
1.0369423346070268
1.0369423346070268
1.034632808253882
1.0381040764853153
1.0381040764853153
1.0400940289225025
1.0400940289225025
1.0400940289225025
1.0400940289225025
1.04035756353413
1.040997057230594
1.0377923665553248
1.0382144591822642
1.0382144591822642
1.0382144591822642
1.0382144591822642
1.0378595596766973
1.0378595596766973
1.0378595596766973
1.0378595596766973
1.0388992245194941
1.0376104803462662
1.0376104803462662
1.036622715118233
1.036622715118233
1.036622715118233
1.0390904179014038
1.0390904179014038
1.0390904179014038
1.0368094977846927
1.0368094977846927
1.0368094977846927
1.0369775422696126
1.0369775422696126
1.0369775422696126
1.0358428724470274
1.0358428724470274
1.0358428724470274
1.0358428724470274
1.0353076660358398
1.0347709150015698
1.0347709150015698
1.0347709150015698
1.0343343872373505
1.0343343872373505
1.0343343872373505
1.0343343872373505
1.0343343872373505
1.0355086069219146
1.0345310906373688
1.0345310906373688
1.0345310906373688
1.036413904806983
1.036413904806983
1.036413904806983
1.0383605667511562
1.038326053041036
1.038326053041036
1.038326053041036
1.0388813151417007
1.037272670356952
1.037272670356952
1.037272670356952
1.037272670356952
1.0383388234016373
1.0383388234016373
1.0383388234016373
1.0383388234016373
1.0383388234016373
1.0360386348005788
1.0360386348005788
1.0338596026324356
1.0338596026324356
1.0338596026324356
1.0338596026324356
1.0350501357761106
1.0350501357761106
1.0350501357761106
1.0350501357761106
1.0362163166390315
1.034502994748528
1.0357697458619173
1.033680069881254
1.033680069881254
1.033680069881254
1.033680069881254
1.033838660574096
1.033838660574096
1.033838660574096
1.033838660574096
1.0324384798468011
1.0324384798468011
1.0324384798468011
1.0324384798468011
1.0316108630935918
1.0331392480692128
1.029968218652352
1.0325083386516918
1.0316429630738184
1.0316429630738184
1.0316429630738184
1.0316429630738184
1.0316429630738184
1.0316429630738184
1.0316429630738184
1.032168920670961
1.032168920670961
1.0326964511020251
1.0298747401012198
1.0298747401012198
1.0298747401012198
1.0312566805692325
1.0310909062532343
1.0333019904655176
1.0333019904655176
1.0333019904655176
1.0333019904655176
1.0333019904655176
1.0333019904655176
1.0329394049061238
1.0329394049061238
1.0346458534062115
1.0346458534062115
1.0346458534062115
1.0346458534062115
1.0346458534062115
1.0354156418413978
1.0354156418413978
1.0360022928281447
1.0336896281074772
1.0336896281074772
1.0336896281074772
1.0353392964588954
1.0353392964588954
1.0353392964588954
1.0353392964588954
1.0371829003959172
1.0390068682774762
1.0390068682774762
1.0390068682774762
1.0374758159162172
1.0374758159162172
1.0374758159162172
1.0355826215405306
1.0355826215405306
1.0355826215405306
1.0355826215405306
1.0353336360678282
1.0353336360678282
1.0355713387936016
1.0355713387936016
1.0368544279887693
1.0375143594183802
1.0375143594183802
1.0387754589708413
1.037360947877018
1.0378716937372483
1.0378716937372483
1.0373105310258826
1.0373105310258826
1.0373105310258826
1.0373105310258826
1.0373105310258826
1.0369405136256689
1.0369405136256689
1.0369405136256689
1.037707632031622
1.0377591234054881
1.0377591234054881
1.0377591234054881
1.0377591234054881
1.0377003542428647
1.0356778861578053
1.0356778861578053
1.0356778861578053
1.0344995142175504
1.0344995142175504
1.0344995142175504
1.0363494550672678
1.0363494550672678
1.0354408925569014
1.0354408925569014
1.0354408925569014
1.0354408925569014
1.0370687499059295
1.0364983939613344
1.0364983939613344
1.036050072329579
1.0359070566286006
1.0359070566286006
1.0364381583890838
1.0364381583890838
1.036517011421832
1.0375636020890788
1.0375636020890788
1.0364511767827895
1.0364511767827895
1.0364511767827895
1.0364511767827895
1.0364511767827895
1.0364511767827895
1.0364511767827895
1.0364511767827895
1.0364494842809882
1.0359698126153796
1.0359698126153796
1.0343641092660794
1.0343641092660794
1.0343641092660794
1.0343641092660794
1.0343641092660794
1.0343641092660794
1.033547910341002
1.033547910341002
1.035007680824731
1.0324224876502839
1.0335481898400833
1.0350525965099537
1.0346725798182415
1.0334345471277013
1.0334345471277013
1.0334345471277013
1.0334345471277013
1.0334345471277013
1.0334345471277013
1.0334345471277013
1.0347365214855095
1.0347365214855095
1.0347365214855095
1.0347365214855095
1.0347365214855095
1.0347365214855095
1.0330025516455492
1.0330025516455492
1.0321364799791946
1.0325176271326804
1.0325176271326804
1.0325176271326804
1.0350278996104083
1.0350278996104083
1.0350278996104083
1.0350278996104083
1.0350278996104083
1.0350278996104083
1.0350278996104083
1.0350278996104083
1.0350278996104083
1.0350278996104083
1.0350278996104083
1.0350278996104083
1.0343118074779658
1.0320882397437738
1.0320882397437738
1.0320882397437738
1.032520747604958
1.032520747604958
1.032520747604958
1.0326110461393432
1.0326110461393432
1.0326110461393432
1.0326110461393432
1.0326110461393432
1.0326110461393432
1.0308975996318692
1.0299546468164
1.0299546468164
1.0285581197263307
1.0285581197263307
1.0285581197263307
1.0285581197263307
1.0272440922606014
1.0302190196926628
1.0302190196926628
1.0292726328769313
1.0308618222804338
1.027577810690993
1.028470229995694
1.028470229995694
1.028470229995694
1.0315696218998052
1.0315696218998052
1.0310473679154513
1.0321898972317594
1.0327075828981325
1.0327075828981325
1.0327075828981325
1.0321665141184018
1.0321665141184018
1.0321665141184018
1.0321665141184018
1.032896872027384
1.0286648167301315
1.0286648167301315
1.0286648167301315
1.0286648167301315
1.0281078695096766
1.0274448850010993
1.0308180486882081
1.0306858889050907
1.0299092058831996
1.0299092058831996
1.0299092058831996
1.0278765425118985
1.0278765425118985
1.0285400309508679
1.028166055552973
1.0277229659430887
1.0277229659430887
1.0252591808394496
1.0254319723782725
1.0254319723782725
1.0254319723782725
1.0244872384214356
1.0247818276527014
1.0247818276527014
1.0247874872679539
1.0247874872679539
1.0247874872679539
1.0249039011682388
1.0249039011682388
1.0249039011682388
1.0261940690561995
1.0261940690561995
1.0267026274406423
1.0267026274406423
1.0267026274406423
1.0227441312805894
1.0230859034198079
1.0240604178067754
1.0241480068024151
1.0241480068024151
1.0228286195260339
1.0228286195260339
1.0228286195260339
1.0228286195260339
1.0222119040457638
1.0222119040457638
1.024990679613693
1.0256156228133015
1.0256156228133015
1.0249703630042015
1.0273018153172728
1.0248716889069425
1.024253462928229
1.024253462928229
1.024721485566835
1.024721485566835
1.024721485566835
1.024721485566835
1.025931501146223
1.025931501146223
1.025931501146223
1.025931501146223
1.025931501146223
1.0261551224967806
1.027217928079673
1.028737914243052
1.0287237665420155
1.0287237665420155
1.0287237665420155
1.0298364336492456
1.0298364336492456
1.0287149424820268
1.027506545476216
1.0291892550922053
1.0291892550922053
1.0291892550922053
1.0291892550922053
1.0287647158711588
1.0287647158711588
1.0287647158711588
1.0287647158711588
1.0287647158711588
1.0287647158711588
1.0287647158711588
1.0285370371150384
1.0286183814533543
1.0331308450711505
1.0331308450711505
1.0331308450711505
1.0331308450711505
1.0334521977287734
1.0314112429443743
1.029345173341293
1.0301551030148814
1.0316106596657177
1.0316106596657177
1.0316106596657177
1.0323223741335943
1.0323223741335943
1.0323223741335943
1.0341473683783264
1.031688475487906
1.031688475487906
1.031688475487906
1.031688475487906
1.0329491802181903
1.0329491802181903
1.0329491802181903
1.0339590697441932
1.0339590697441932
1.0307509723856063
1.0307509723856063
1.0307509723856063
1.0307509723856063
1.0275789540645537
1.0275789540645537
1.0275789540645537
1.0275789540645537
1.0275789540645537
1.0275789540645537
1.0275789540645537
1.0275789540645537
1.0275789540645537
1.0275789540645537
1.0275789540645537
1.0279600719475817
1.022327987399838
1.022327987399838
1.0225248205703494
1.0225248205703494
1.0239385326401866
1.0239385326401866
1.0237082311062937
1.0249657249593698
1.0249657249593698
1.0254162337364012
1.022530487160342
1.022530487160342
1.022530487160342
1.0242734794593378
1.0242734794593378
1.0242734794593378
1.0282873593492003
1.0263617968941932
1.0263617968941932
1.0255175432483161
1.0255175432483161
1.0233017664364896
1.0221003643287225
1.0263227884366652
1.0230521573514484
1.026717979537266
1.02813911683151
1.02813911683151
1.0273352750244784
1.0273352750244784
1.0243342740772796
1.025462888092182
1.024755831604551
1.0249722526482408
1.025983576924615
1.025983576924615
1.027720001118527
1.0279586656328539
1.0279586656328539
1.0279586656328539
1.0279586656328539
1.0279586656328539
1.0279586656328539
1.028234976964313
1.028234976964313
1.028234976964313
1.030349288672726
1.0314317772971116
1.0298876973566207
1.0314639837515958
1.0320193626344327
1.0308548048793778
1.0308548048793778
1.0308548048793778
1.0308548048793778
1.0314508926572448
1.0322961455412267
1.0314466930374655
1.0314466930374655
1.0314887450765482
1.0323355455540575
1.0326091132298496
1.0298687543194962
1.027621839721824
1.0275060381364824
1.0275060381364824
1.0275060381364824
1.0275060381364824
1.0284740363864924
1.0284740363864924
1.0284740363864924
1.028283745907873
1.028283745907873
1.028283745907873
1.028283745907873
1.028283745907873
1.028857627762865
1.028857627762865
1.028857627762865
1.029029640903733
1.0282132790882463
1.0282132790882463
1.027149332278806
1.027149332278806
1.027149332278806
1.025670759929539
1.025670759929539
1.025670759929539
1.025670759929539
1.025670759929539
1.025670759929539
1.0268665385328037
1.0268665385328037
1.0268665385328037
1.0278177674391336
1.029677894093874
1.030540356273187
1.030540356273187
1.0312322728323113
1.0295754919779698
1.0295754919779698
1.0295754919779698
1.0288940722145046
1.0288940722145046
1.0288940722145046
1.0288940722145046
1.029176958669619
1.029176958669619
1.029176958669619
1.029176958669619
1.029176958669619
1.029176958669619
1.0302466646974358
1.0302466646974358
1.0296438534444539
1.0296438534444539
1.0293824999973067
1.030809829401377
1.030809829401377
1.030809829401377
1.030809829401377
1.030809829401377
1.030809829401377
1.030809829401377
1.030809829401377
1.030332703039562
1.028020158533109
1.033927689110256
1.033927689110256
1.0329210993925773
1.0324516393917735
1.0333727386835596
1.0333727386835596
1.0333727386835596
1.0331731454067659
1.0331731454067659
1.0331731454067659
1.0331731454067659
1.0340912207891948
1.0340912207891948
1.0340912207891948
1.0340912207891948
1.0325265204549583
1.0325265204549583
1.0318921813683304
1.0318921813683304
1.0318921813683304
1.0318921813683304
1.032321429642165
1.032321429642165
1.032321429642165
1.032321429642165
1.032321429642165
1.032321429642165
1.032321429642165
1.0297678077598094
1.0297678077598094
1.0297678077598094
1.0297678077598094
1.0297678077598094
1.0297678077598094
1.0297678077598094
1.0297678077598094
1.0297678077598094
1.0297678077598094
1.0291320742962469
1.0291320742962469
1.0291320742962469
1.0291320742962469
1.0264514101827131
1.0264514101827131
1.026258523969438
1.024878129861217
1.024878129861217
1.024878129861217
1.024878129861217
1.024878129861217
1.024878129861217
1.0256365582017275
1.0271702402883898
1.028934553408039
1.0282160201102752
1.0282160201102752
1.0282160201102752
1.0282160201102752
1.0282160201102752
1.0282160201102752
1.0282160201102752
1.0297767870894314
1.0297767870894314
1.0297767870894314
1.0296470303691316
1.0296470303691316
1.0296470303691316
1.0296470303691316
1.0262188597044373
1.0262188597044373
1.0262188597044373
1.0276112769532568
1.0276112769532568
1.0276112769532568
1.0276112769532568
1.0276112769532568
1.0276112769532568
1.0276112769532568
1.0299795184236975
1.0299795184236975
1.0299795184236975
1.0299795184236975
1.0299795184236975
1.027370413256162
1.0273486140709736
1.0273486140709736
1.0298413512248046
1.0287456833055821
1.0258739649046713
1.0258739649046713
1.0258739649046713
1.0258739649046713
1.0258739649046713
1.025950852597871
1.025994602029318
1.025994602029318
1.025994602029318
1.025994602029318
1.0262980082994764
1.0286760505635921
1.0295569880081823
1.0295569880081823
1.0295569880081823
1.0295569880081823
1.0306294858974308
1.0322906559224172
1.0314683647757166
1.0305987646304386
1.0295014763074568
1.0295014763074568
1.0294049926378392
1.0294049926378392
1.0286414988436334
1.0286414988436334
1.0286414988436334
1.0286414988436334
1.0286414988436334
1.0286414988436334
1.0290533173111283
1.0290533173111283
1.0263269471238534
1.0290484035773932
1.0290484035773932
1.0290484035773932
1.0290484035773932
1.0290484035773932
1.0291501967687224
1.029401825982159
1.0295073212082393
1.0295073212082393
1.0295073212082393
1.0255684845670896
1.0274340014487706
1.0293287347200297
1.0293287347200297
1.0293287347200297
1.0293287347200297
1.0293287347200297
1.0293287347200297
1.0287266756722189
1.0285500129471408
1.0282003716608976
1.0282003716608976
1.0282003716608976
1.0292806183046126
1.0303539225848548
1.0303539225848548
1.0303539225848548
1.0303539225848548
1.0302057606567991
1.0290698158519305
1.0302395691627049
1.0302395691627049
1.0302395691627049
1.02840165508308
1.0288382692015334
1.0290059824814883
1.0273774937821751
1.0294332869679008
1.0293839178515094
1.0290951654569953
1.0290951654569953
1.0290951654569953
1.0290951654569953
1.0299433683460897
1.032898182297333
1.0296835648710476
1.0300194063939936
1.0300194063939936
1.0296804077633368
1.0296804077633368
1.0296804077633368
1.0296804077633368
1.0289356471129125
1.0289356471129125
1.0289356471129125
1.0289356471129125
1.0289356471129125
1.0289356471129125
1.0289356471129125
1.0327565203383868
1.0327565203383868
1.0327565203383868
1.0327855196831985
1.0327855196831985
1.033173134426002
1.033173134426002
1.033173134426002
1.033173134426002
1.033173134426002
1.033173134426002
1.033173134426002
1.0327726476258943
1.0327726476258943
1.0328259240800173
1.0333286414054512
1.0335549733166867
1.0335549733166867
1.034234154948429
1.034234154948429
1.034234154948429
1.0362952690929057
1.0362990448541818
1.0362990448541818
1.0363720777532106
1.0363720777532106
1.0363720777532106
1.037074467665196
1.0368908617646608
1.0368908617646608
1.0377242779363849
1.037655626001598
1.0378881699971352
1.0382301123583892
1.039461441164559
1.0411439815474168
1.0411439815474168
1.0411439815474168
1.0411439815474168
1.0411439815474168
1.0411439815474168
1.0411439815474168
1.0398604800497886
1.0398604800497886
1.0418002392264518
1.0410764065779614
1.0411221028097553
1.0405755172519564
1.0412855413789375
1.0412855413789375
1.0412855413789375
1.0412855413789375
1.0412855413789375
1.0414266027216723
1.0406967752732326
1.0406967752732326
1.0406967752732326
1.0411212439507347
1.0411212439507347
1.0380578700089056
1.0374443685632162
1.0374443685632162
1.036819574775848
1.036332267512228
1.0378932809753587
1.0378932809753587
1.0377831404612408
1.0377831404612408
1.0382368556863137
1.0382368556863137
1.0385286573521184
1.0385286573521184
1.0385286573521184
1.0359909221503885
1.0359909221503885
1.0360206029738568
1.0360206029738568
1.0360206029738568
1.0403168649020635
1.0373264700995168
1.03835923624728
1.0402752522793521
1.0387948807283247
1.0373197450658809
1.0373197450658809
1.0387409223213644
1.0372454207717645
1.0372454207717645
1.0372454207717645
1.0359846838279856
1.0359846838279856
1.0359846838279856
1.0359846838279856
1.0359846838279856
1.0359846838279856
1.0369771881593965
1.0369771881593965
1.0369771881593965
1.0369771881593965
1.0369771881593965
1.0369771881593965
1.0377650054246674
1.0377650054246674
1.0377650054246674
1.035283341571502
1.035283341571502
1.0319799861406571
1.0287725857866006
1.0287725857866006
1.0285738917395162
1.0285377934440638
1.0291367917280938
1.0291367917280938
1.0287221891291536
1.0287221891291536
1.027094380204087
1.030971088696942
1.030971088696942
1.027678901535918
1.0311437590043455
1.030417200340522
1.030417200340522
1.0303628568476533
1.0303875773084976
1.0305545854317308
1.0305545854317308
1.0325138477821907
1.0325138477821907
1.0321224245973775
1.0321224245973775
1.034238117711201
1.034238117711201
1.034238117711201
1.034310345308413
1.0337185263852602
1.0337185263852602
1.0337185263852602
1.0337185263852602
1.0337185263852602
1.0352509361504223
1.0355365101089387
1.0338514906735397
1.0334188266772737
1.0334188266772737
1.0334188266772737
1.0315445931745295
1.0315445931745295
1.0316065984824885
1.0316065984824885
1.0317231829764428
1.028717928778054
1.028717928778054
1.028717928778054
1.030362223552386
1.0290321169951802
1.0290321169951802
1.0289335488214049
1.0289335488214049
1.0289335488214049
1.0280952662852592
1.029114784340281
1.029114784340281
1.029114784340281
1.029114784340281
1.02945118830926
1.02945118830926
1.02945118830926
1.02945118830926
1.02945118830926
1.0311973770766574
1.0311973770766574
1.0311973770766574
1.0311973770766574
1.0293122472849892
1.0337532496444333
1.0337532496444333
1.0337532496444333
1.0337532496444333
1.0337532496444333
1.0337532496444333
1.034209057444266
1.0332824699502174
1.0332824699502174
1.0332824699502174
1.0297398742250115
1.0304805837390165
1.032433228848124
1.0324885840442513
1.0321384357363383
1.0321384357363383
1.0321384357363383
1.0309984832878207
1.0309984832878207
1.0322858487395117
1.0322858487395117
1.0322858487395117
1.0322858487395117
1.0322858487395117
1.0322858487395117
1.0322858487395117
1.0306452656073903
1.0306452656073903
1.0306452656073903
1.0306452656073903
1.0306452656073903
1.031059447351944
1.0314620681704993
1.0306071561183394
1.0293062619796487
1.0293062619796487
1.0293062619796487
1.0293062619796487
1.0293062619796487
1.0293062619796487
1.0293062619796487
1.0295367315753952
1.0306131949036401
1.0306131949036401
1.0306131949036401
1.031445018415434
1.0329002125740336
1.0329002125740336
1.0330296419550986
1.033907436910712
1.033907436910712
1.0341253172729492
1.0341253172729492
1.0341253172729492
1.034720656053373
1.034720656053373
1.0327024055484415
1.0322590343753724
1.033164896830383
1.033164896830383
1.033164896830383
1.033164896830383
1.033164896830383
1.033164896830383
1.0323558906619503
1.0323558906619503
1.0313470216834686
1.0301991832713047
1.0301991832713047
1.0304094237089585
1.0304094237089585
1.0334379288355953
1.0334379288355953
1.030931276823824
1.030931276823824
1.030931276823824
1.030931276823824
1.0321715101095295
1.0317174167664327
1.0313562034071586
1.0313562034071586
1.0329211825094395
1.0329211825094395
1.0329211825094395
1.0327283293821032
1.0327283293821032
1.0316629835780062
1.0315445239736292
1.0316079195628887
1.031024781892281
1.031024781892281
1.031024781892281
1.031024781892281
1.031024781892281
1.031024781892281
1.031024781892281
1.031024781892281
1.031024781892281
1.0297924299428078
1.0289207547046826
1.0289207547046826
1.0289207547046826
1.0289207547046826
1.0289207547046826
1.0289207547046826
1.0289207547046826
1.0289207547046826
1.0290299927880588
1.0290299927880588
1.0296549976938898
1.0342596960202382
1.0342596960202382
1.0342596960202382
1.0345773020805236
1.0345773020805236
1.0353742653175086
1.0353742653175086
1.037835610542726
1.037835610542726
1.036070601741231
1.0331763620163255
1.0331763620163255
1.0331763620163255
1.0331763620163255
1.0337065835403736
1.0337065835403736
1.0337065835403736
1.0337065835403736
1.0337065835403736
1.0354563270665642
1.035614902395544
1.0347059302463257
1.0347059302463257
1.0352994587424251
1.0350427060858494
1.0350427060858494
1.0350427060858494
1.0350427060858494
1.0350427060858494
1.0350427060858494
1.0322026425112545
1.033015974375791
1.033015974375791
1.033015974375791
1.033015974375791
1.033015974375791
1.032037638638452
1.032037638638452
1.032037638638452
1.032037638638452
1.032037638638452
1.0349734826098795
1.0349734826098795
1.0356713420776331
1.0341993935632865
1.0322193696772561
1.0322193696772561
1.0315844061894093
1.0308826626246554
1.0308826626246554
1.0308826626246554
1.0308826626246554
1.0308826626246554
1.0308826626246554
1.0308826626246554
1.0297858671545943
1.0297858671545943
1.0336892471996066
1.0336892471996066
1.0336892471996066
1.0336892471996066
1.033427473736687
1.033427473736687
1.033427473736687
1.033427473736687
1.033427473736687
1.0335757508993013
1.0335757508993013
1.0335757508993013
1.0335757508993013
1.033750439394608
1.035220943719327
1.035220943719327
1.0352763788513633
1.033627616017715
1.033627616017715
1.033627616017715
1.033627616017715
1.033627616017715
1.033627616017715
1.033627616017715
1.0345830167798424
1.0344839373936068
1.0344839373936068
1.0334993613845334
1.0334993613845334
1.0331438976504077
1.0331438976504077
1.033635324565631
1.033635324565631
1.0324753213490159
1.0341346058244132
1.0341346058244132
1.0327413166055024
1.0327413166055024
1.0351551805126669
1.0351551805126669
1.0351551805126669
1.0351551805126669
1.0342669017341073
1.0342669017341073
1.0342669017341073
1.0342669017341073
1.0342669017341073
1.0342669017341073
1.0342669017341073
1.0331243078389267
1.031173886420483
1.031173886420483
1.031180453979913
1.031180453979913
1.031180453979913
1.0316602599509184
1.0316602599509184
1.0316602599509184
1.0316602599509184
1.0316602599509184
1.0316602599509184
1.0316602599509184
1.0316602599509184
1.0316602599509184
1.0316602599509184
1.0316602599509184
1.0319765677100605
1.0319765677100605
1.0312731474130097
1.0312731474130097
1.0312731474130097
1.0312731474130097
1.0312731474130097
1.0312731474130097
1.0312731474130097
1.0312731474130097
1.0318019251985373
1.0302989476400726
1.0319423072961387
1.0319423072961387
1.0319423072961387
1.0319423072961387
1.0319423072961387
1.0342845928000188
1.0342845928000188
1.0342845928000188
1.0342845928000188
1.0342845928000188
1.0342845928000188
1.0342845928000188
1.0342845928000188
1.0330307663419729
1.0330307663419729
1.0322478566112243
1.0322478566112243
1.0322478566112243
1.0322478566112243
1.0322478566112243
1.0322478566112243
1.0322478566112243
1.0322478566112243
1.0322478566112243
1.0322478566112243
1.0322478566112243
1.0320241411668993
1.0343861920871347
1.0317321679759213
1.0335464390572986
1.0335464390572986
1.0344879678141254
1.0325180409589354
1.0325180409589354
1.0325180409589354
1.0328740274849395
1.0319317873170517
1.031542017670676
1.031542017670676
1.031542017670676
1.033762108853417
1.033762108853417
1.0321912568071605
1.0321912568071605
1.0321912568071605
1.0321912568071605
1.0321912568071605
1.031227896657424
1.031227896657424
1.0299971539761545
1.0305032985604554
1.0305032985604554
1.0305032985604554
1.0307521589815913
1.0307521589815913
1.0321760973774798
1.0321760973774798
1.0321760973774798
1.0335613155362091
1.0314074210209905
1.0321505524600334
1.0321505524600334
1.0314272581049082
1.0314272581049082
1.0319979982497662
1.030849349017438
1.030849349017438
1.032574990896666
1.032574990896666
1.032574990896666
1.032574990896666
1.032574990896666
1.031012272406948
1.0321573968680842
1.0321573968680842
1.0312292815628057
1.0333716864513163
1.0333716864513163
1.0333716864513163
1.0333716864513163
1.0333716864513163
1.0336861636437855
1.0336861636437855
1.0336845322098898
1.0336845322098898
1.0313364025794376
1.0330736916869785
1.0334168738822318
1.0334168738822318
1.0334168738822318
1.03339822327838
1.03339822327838
1.034728150786934
1.0350170270905037
1.0350170270905037
1.0337648684813687
1.035651973224196
1.035651973224196
1.035651973224196
1.0322770392481238
1.0318405378243023
1.0318405378243023
1.0318405378243023
1.032571315435915
1.0326810272101694
1.0329344408120222
1.035765966594405
1.035765966594405
1.035765966594405
1.0371135454367935
1.0371135454367935
1.0365518499803925
1.0365518499803925
1.0365518499803925
1.0365518499803925
1.0365518499803925
1.0365451204908886
1.0365451204908886
1.0355316503396121
1.0355316503396121
1.0355316503396121
1.0347057085292772
1.034849950428574
1.034849950428574
1.034849950428574
1.034849950428574
1.0361885920774023
1.0346670770387245
1.0346670770387245
1.0357952643395865
1.0352142954882813
1.0352142954882813
1.0352142954882813
1.0364333206160374
1.0364333206160374
1.0356765516691515
1.0356765516691515
1.0356765516691515
1.0356765516691515
1.0370669658302507
1.0370669658302507
1.0363729218579105
1.0360642301094785
1.0360642301094785
1.0360642301094785
1.03632959182121
1.0370657695717063
1.0370657695717063
1.0370657695717063
1.0370657695717063
1.0370657695717063
1.0370657695717063
1.0370657695717063
1.0370657695717063
1.0370657695717063
1.0395602384517564
1.0395602384517564
1.0395602384517564
1.0395602384517564
1.0395602384517564
1.0392805253529882
1.0392805253529882
1.0384927195574756
1.0384927195574756
1.0384927195574756
1.0373683796672069
1.0383472283921564
1.0375477237830044
1.0382607761934117
1.0382607761934117
1.037364194183845
1.037364194183845
1.037364194183845
1.0363202547121275
1.0363202547121275
1.0363202547121275
1.0361880997586979
1.0361880997586979
1.038502842327564
1.0379679044247783
1.0379679044247783
1.039369465373321
1.0392555209960048
1.0406910804326566
1.0415164553028349
1.0418973895688792
1.0416335819232494
1.0416335819232494
1.0416335819232494
1.0412876064518481
1.0415668332319719
1.0415668332319719
1.0405961751522652
1.0405961751522652
1.0405961751522652
1.0407377807119214
1.0420006044899928
1.0420006044899928
1.0420006044899928
1.0420006044899928
1.0420006044899928
1.03815845150735
1.03815845150735
1.03815845150735
1.0355540967449193
1.0355540967449193
1.0355540967449193
1.0355540967449193
1.0355540967449193
1.0355540967449193
1.0355540967449193
1.0355540967449193
1.0372094327369155
1.0374191031149191
1.0374191031149191
1.0374191031149191
1.03762645050789
1.03762645050789
1.0365292190629867
1.0365292190629867
1.0365292190629867
1.0375564033081865
1.0375564033081865
1.0375564033081865
1.0375564033081865
1.0375564033081865
1.0375564033081865
1.0375564033081865
1.0375564033081865
1.038635163051229
1.038635163051229
1.038635163051229
1.038635163051229
1.038635163051229
1.037741833549509
1.037741833549509
1.0382366373088212
1.0382366373088212
1.0384906750588236
1.038326703563489
1.0403757305395744
1.041179127282633
1.041179127282633
1.040565367665654
1.041750392506282
1.041663147976383
1.0402741554863761
1.0402741554863761
1.0402741554863761
1.0406700112720269
1.038404507773254
1.0384601332358898
1.0353369876947456
1.034910818524704
1.0342755912289552
1.0342755912289552
1.0342755912289552
1.0338990077439265
1.0338990077439265
1.0310818285954118
1.0310818285954118
1.0340892786980984
1.032996911101919
1.032996911101919
1.0328502654885106
1.0328502654885106
1.0328502654885106
1.0325507564158858
1.0325507564158858
1.0325507564158858
1.0325507564158858
1.0325507564158858
1.0325507564158858
1.0325507564158858
1.0332128850928959
1.0332128850928959
1.0332128850928959
1.0332128850928959
1.0333244570657254
1.0333244570657254
1.032963410742991
1.032963410742991
1.0339385566625647
1.0339385566625647
1.0339385566625647
1.0341724974300301
1.0341724974300301
1.0341724974300301
1.0341724974300301
1.0341724974300301
1.0365384985773718
1.0365384985773718
1.035950723768293
1.035950723768293
1.035950723768293
1.0350697901338253
1.0350697901338253
1.0349227959727874
1.0349240717627195
1.0349240717627195
1.0349240717627195
1.0349240717627195
1.0349240717627195
1.0344763984722176
1.0344763984722176
1.0313657579402729
1.030880273239895
1.030880273239895
1.0335785158056687
1.0335785158056687
1.0339489549351422
1.0349486724013397
1.0349486724013397
1.0349486724013397
1.0382474826518124
1.0377402608375625
1.0377402608375625
1.0377402608375625
1.0377402608375625
1.0379006506503476
1.038605291989562
1.0379370803680121
1.0379370803680121
1.0379370803680121
1.0380849016171867
1.0380849016171867
1.0380849016171867
1.0380849016171867
1.0387190544483427
1.0381129587029199
1.0381129587029199
1.0381129587029199
1.0381129587029199
1.0385212788252511
1.0377351847693737
1.0377351847693737
1.0377351847693737
1.0398824352852878
1.0398824352852878
1.0398824352852878
1.0409083940436497
1.040168927775716
1.040168927775716
1.040168927775716
1.040168927775716
1.037968885270695
1.037968885270695
1.037968885270695
1.0378569907078974
1.0378569907078974
1.0378569907078974
1.0378569907078974
1.0378569907078974
1.0361716997764503
1.036772510377707
1.036772510377707
1.0358766102366321
1.037565567512754
1.0391294126452535
1.0398144974155512
1.0398144974155512
1.040854313541861
1.040854313541861
1.0419775792411328
1.0419775792411328
1.0419775792411328
1.0419775792411328
1.0419775792411328
1.0400869222433011
1.0407208430299313
1.040513468828408
1.0418720627718678
1.0418720627718678
1.0406691479831904
1.042714065399309
1.042714065399309
1.0423717782169872
1.0423717782169872
1.0423717782169872
1.0423717782169872
1.0423717782169872
1.042218480481798
1.0415374048488688
1.0415374048488688
1.0415374048488688
1.0415374048488688
1.0415374048488688
1.043846488806752
1.042949788958268
1.0412016460580593
1.041898020476598
1.041898020476598
1.041898020476598
1.041597149061713
1.041597149061713
1.041597149061713
1.0417799183336982
1.0417799183336982
1.0417799183336982
1.0420135403067818
1.0420135403067818
1.0418983808415712
1.0423347179715672
1.0423347179715672
1.0416352818381593
1.040541667650144
1.0398899366909886
1.0412271320050546
1.0412271320050546
1.0412271320050546
1.0412271320050546
1.0412271320050546
1.042997283598817
1.042997283598817
1.042997283598817
1.042997283598817
1.042997283598817
1.042997283598817
1.042997283598817
1.0440373135113539
1.0445079605339547
1.0445079605339547
1.0445079605339547
1.0445079605339547
1.0445079605339547
1.041121864864311
1.041121864864311
1.041121864864311
1.041121864864311
1.041121864864311
1.041121864864311
1.041121864864311
1.0384044797885856
1.0384044797885856
1.0384044797885856
1.0390764994059825
1.0390764994059825
1.038341309261799
1.038341309261799
1.0373977056454913
1.0373977056454913
1.0373977056454913
1.0373977056454913
1.0373977056454913
1.0372865270621157
1.0372865270621157
1.0372865270621157
1.0388842586501306
1.0388842586501306
1.0388842586501306
1.0388842586501306
1.0388842586501306
1.0388842586501306
1.0376434798419547
1.0376434798419547
1.0376434798419547
1.0376434798419547
1.0376434798419547
1.0408695850379923
1.0368888736725874
1.0368888736725874
1.0368888736725874
1.0368888736725874
1.0368888736725874
1.0354195703222373
1.0354195703222373
1.0337974587650227
1.036900217638479
1.036900217638479
1.037893109814078
1.0357004552353726
1.0359581922140138
1.0347505844891425
1.0347505844891425
1.033615246565604
1.0329329047028954
1.0329329047028954
1.0330080528824788
1.0331702857321194
1.0321623525230121
1.0335830717301069
1.0356775727199283
1.0366999554948935
1.037642579896341
1.039272932380917
1.039272932380917
1.0391295882091311
1.0391295882091311
1.038320388441919
1.0393167746583691
1.0393167746583691
1.0393167746583691
1.0393167746583691
1.0398504801832567
1.0390521546495475
1.0390521546495475
1.0390521546495475
1.0380237784224888
1.0380237784224888
1.0380237784224888
1.0380237784224888
1.0380237784224888
1.0380237784224888
1.0371389703070661
1.0355010071927278
1.0341298752331598
1.0314898032297133
1.0314898032297133
1.0314898032297133
1.0316502895903312
1.0316502895903312
1.0316502895903312
1.0316502895903312
1.0335057941337256
1.0334763143472194
1.0334763143472194
1.0334763143472194
1.0334763143472194
1.0334763143472194
1.0334763143472194
1.0333339727875006
1.0333339727875006
1.0333339727875006
1.0333339727875006
1.0337068262384914
1.0337068262384914
1.0337068262384914
1.0337068262384914
1.033498329455691
1.033498329455691
1.033498329455691
1.0337368777105875
1.0337368777105875
1.0346370529551097
1.0346370529551097
1.0396781745531642
1.0396781745531642
1.0376957047254514
1.0376957047254514
1.0387720194825145
1.0387720194825145
1.0368365940129063
1.036513092724804
1.036513092724804
1.036513092724804
1.03461574809275
1.0330052483782188
1.0355781151630572
1.0355781151630572
1.0355781151630572
1.0355781151630572
1.036113613735364
1.036113613735364
1.036113613735364
1.0357285354432582
