1.1258443556016724
1.1258443556016724
1.1258443556016724
1.1258443556016724
1.1258443556016724
1.1258443556016724
1.1258443556016724
1.1258443556016724
1.1258443556016724
1.1258443556016724
1.1258443556016724
1.1258443556016724
1.1258443556016724
1.1258443556016724
1.1258443556016724
1.1258443556016724
1.1258443556016724
1.1258443556016724
1.1258443556016724
1.1258443556016724
1.1258443556016724
1.1258443556016724
1.1258443556016724
1.1258443556016724
1.1258443556016724
1.1258443556016724
1.1258443556016724
1.1258443556016724
1.1258443556016724
1.1258443556016724
1.1258443556016724
1.1258443556016724
1.1258443556016724
1.1258443556016724
1.1258443556016724
1.1258443556016724
1.1258443556016724
1.1258443556016724
1.1258443556016724
1.1258443556016724
1.1258443556016724
1.1258443556016724
1.1258443556016724
1.1258443556016724
1.1258443556016724
1.1258443556016724
1.1258443556016724
1.1258443556016724
1.1258443556016724
1.1258443556016724
1.1258443556016724
1.1258443556016724
1.1258443556016724
1.1258443556016724
1.1258443556016724
1.1258443556016724
1.1258443556016724
1.1258443556016724
1.1258443556016724
1.1258443556016724
1.1258443556016724
1.1258443556016724
1.1258443556016724
1.1258443556016724
1.1258443556016724
1.1258443556016724
1.1258443556016724
1.1258443556016724
1.1258443556016724
1.1258443556016724
1.1258443556016724
1.1258443556016724
1.1258443556016724
1.1258443556016724
1.1258443556016724
1.1258443556016724
1.1258443556016724
1.1258443556016724
1.1258443556016724
1.1258443556016724
1.1258443556016724
1.1258443556016724
1.1258443556016724
1.1258443556016724
1.1258443556016724
1.1258443556016724
1.1258443556016724
1.1258443556016724
1.1258443556016724
1.1258443556016724
1.1258443556016724
1.1258443556016724
1.1258443556016724
1.1258443556016724
1.1258443556016724
1.1258443556016724
1.1258443556016724
1.1258443556016724
1.1258443556016724
1.1258443556016724
1.1233271239047549
1.1233271239047549
1.122905589614473
1.120971411031861
1.120971411031861
1.1190472565441694
1.1190472565441694
1.1190472565441694
1.1159581871899915
1.1149853430058903
1.114865154285972
1.1093640118297878
1.1069302326727632
1.1069302326727632
1.1069302326727632
1.1060152932290144
1.1080311864040113
1.1082448616669796
1.107013398094909
1.107013398094909
1.107013398094909
1.1024064114821093
1.1024064114821093
1.1048113344444646
1.1048113344444646
1.1063560253777343
1.1063560253777343
1.1060760414875097
1.1060760414875097
1.1060760414875097
1.1060760414875097
1.1048243400972557
1.1048243400972557
1.103918268369627
1.1007374617501486
1.1011607182429668
1.1030710327861426
1.1026158240227688
1.1046351755231223
1.1059600913315488
1.1043635101137732
1.1043635101137732
1.1043635101137732
1.0996436857295087
1.0996436857295087
1.0996436857295087
1.0996436857295087
1.0992867173471974
1.0992867173471974
1.094490135731485
1.094490135731485
1.094490135731485
1.091698948374963
1.0910814308433538
1.0880353474394573
1.0880353474394573
1.0906389336448883
1.092378123403127
1.092378123403127
1.092378123403127
1.092378123403127
1.092378123403127
1.0930255414512393
1.0930255414512393
1.0919449940693222
1.0871739182362299
1.0871739182362299
1.0873339824400048
1.0903369664607816
1.0903369664607816
1.0865610397917085
1.0897585649314285
1.0882393941355908
1.0852135591918806
1.085236183452978
1.0865384264769677
1.0857263981244443
1.0829178739321097
1.0829178739321097
1.0825672717377317
1.0853339363305061
1.0853339363305061
1.084725733826929
1.0848629824373204
1.0881359019857968
1.0831456664186596
1.0831456664186596
1.0825363603313958
1.0827908964816375
1.0827908964816375
1.0820821257626427
1.0798429729474637
1.0798826609602188
1.0788000596468619
1.0770496537511274
1.0749577856246675
1.0749577856246675
1.0749577856246675
1.0736803848318879
1.0758839462295122
1.0765447440176332
1.075281931781581
1.0744133753587004
1.0744133753587004
1.0744133753587004
1.0729793664126566
1.0724137317293965
1.0724137317293965
1.0711042830498776
1.0700293052515413
1.0700293052515413
1.0716855767784663
1.0698662422944332
1.0662634020077093
1.0662634020077093
1.0653070709408985
1.067681715994932
1.067681715994932
1.0654211235828417
1.0627459458680193
1.0632644687728503
1.0630650827236634
1.0630650827236634
1.0645400293656935
1.0642193486607918
1.0642432812803615
1.0606501858028246
1.0606501858028246
1.0601619357640086
1.0601619357640086
1.0601619357640086
1.0583419222210741
1.0529178008893618
1.0560981292786518
1.0536845995118578
1.0536845995118578
1.0514185174032773
1.0482819356437707
1.0482819356437707
1.0476984085410297
1.0476984085410297
1.0502061330210413
1.0517376621901529
1.0520385094745421
1.0484961427776451
1.0484961427776451
1.0484961427776451
1.0489420527993258
1.0484779563455267
1.047921156376347
1.0469230237232467
1.0481599599999847
1.0484791789688952
1.0469642199702178
1.0469642199702178
1.0469642199702178
1.0447883073491948
1.0427665857242212
1.0427665857242212
1.041329051162871
1.0407393765662947
1.0401375575942282
1.0403971314732312
1.037507007154049
1.037507007154049
1.037507007154049
1.0368978406221137
1.0368978406221137
1.0368978406221137
1.0368978406221137
1.0368978406221137
1.0368978406221137
1.0389122568183278
1.0402741204575912
1.0402741204575912
1.0402741204575912
1.0404261660769112
1.0385995893644957
1.0385995893644957
1.0385995893644957
1.0385995893644957
1.038142665102659
1.038142665102659
1.038142665102659
1.037685610880059
1.037685610880059
1.0347385473001165
1.0347385473001165
1.0390700327385558
1.037088934966178
1.0364180663538778
1.0369504527694868
1.0369504527694868
1.0369504527694868
1.0369504527694868
1.0361204762810956
1.0362339286382483
1.0362339286382483
1.0362339286382483
1.0335844174510875
1.033676079706202
1.033676079706202
1.0330437440122184
1.0330437440122184
1.037163586962496
1.037163586962496
1.034539152647121
1.0342148058238247
1.0338365561053025
1.0338365561053025
1.0352815795329853
1.0364967536666831
1.0364967536666831
1.0345491263695867
1.0345491263695867
1.0339581742344592
1.0339581742344592
1.0339581742344592
1.0324284454428605
1.0326600469243952
1.0326600469243952
1.0326600469243952
1.0326600469243952
1.034223367721686
1.0365805280414813
1.0365805280414813
1.0365805280414813
1.0365805280414813
1.0360561663504702
1.0360561663504702
1.0384261100489578
1.0384261100489578
1.037491152235736
1.0382607372904569
1.0379745050778808
1.0379745050778808
1.0368185318192562
1.0368185318192562
1.0368185318192562
1.0374668797590028
1.0337212201982509
1.0337212201982509
1.0337212201982509
1.032396203016042
1.032396203016042
1.032396203016042
1.032396203016042
1.0309576377075773
1.0324150122047757
1.0326568686350364
1.0321650008614627
1.0321650008614627
1.0321650008614627
1.0322974289284046
1.0322974289284046
1.0311119060378118
1.0311119060378118
1.0301555076795617
1.0301555076795617
1.0295557427925242
1.0295557427925242
1.0295557427925242
1.0310535019925564
1.0319632093971485
1.0289496327972594
1.0300453147896025
1.0300453147896025
1.0300453147896025
1.0300453147896025
1.03220131838023
1.0329222055117333
1.0327872717174953
1.0327872717174953
1.0327872717174953
1.034339222530347
1.034339222530347
1.0355060472252318
1.0355060472252318
1.0355060472252318
1.035226771887315
1.035226771887315
1.035226771887315
1.035226771887315
1.0367921392521895
1.0367921392521895
1.0367921392521895
1.0383142901657714
1.0383142901657714
1.0392370276259644
1.0392370276259644
1.0392370276259644
1.0392370276259644
1.0367054397806625
1.0367054397806625
1.0367054397806625
1.0368026225614604
1.0368026225614604
1.0362189175210392
1.0365145891112644
1.0365145891112644
1.0365145891112644
1.0365145891112644
1.0365145891112644
1.0365145891112644
1.0351274519732125
1.0351274519732125
1.0351274519732125
1.0360528441257997
1.0360528441257997
1.0360528441257997
1.0360528441257997
1.0355351332378995
1.0355351332378995
1.0353771588013243
1.0353771588013243
1.0335892892399934
1.0335892892399934
1.0335892892399934
1.033281436347934
1.0311685959095807
1.0307933795190156
1.0307933795190156
1.0293421209032898
1.0293421209032898
1.0293421209032898
1.0293421209032898
1.0293421209032898
1.0308511827442703
1.031231136760036
1.031231136760036
1.031231136760036
1.0328654416921177
1.0312841048029242
1.0331014018245044
1.0331014018245044
1.0331014018245044
1.0331014018245044
1.0331014018245044
1.0331014018245044
1.0331014018245044
1.0331014018245044
1.0331014018245044
1.0320774243391988
1.031006984727861
1.031006984727861
1.031006984727861
1.031006984727861
1.031006984727861
1.0319190342033
1.0319190342033
1.0319190342033
1.0319190342033
1.0307782352954042
1.0307782352954042
1.0307782352954042
1.0320260280542537
1.0320260280542537
1.0320260280542537
1.0320260280542537
1.0315719551624916
1.035694717884812
1.035694717884812
1.0358107283151101
1.033119970657608
1.033119970657608
1.033119970657608
1.032215509416173
1.032792070737751
1.0322695447460515
1.0299619086771512
1.0334343676524058
1.0339263195906454
1.0334268604289116
1.033166398716265
1.033166398716265
1.033166398716265
1.033166398716265
1.034520483728838
1.0351613354662124
1.0360566309820929
1.0360566309820929
1.035565327639651
1.0341405429200616
1.0339344019679841
1.0339344019679841
1.034092547876585
1.0349855063990598
1.0339481372281432
1.0339481372281432
1.034740656956656
1.0318588334938534
1.0318588334938534
1.0318588334938534
1.0318588334938534
1.0318588334938534
1.0318588334938534
1.033678534023948
1.033678534023948
1.033678534023948
1.033678534023948
1.033678534023948
1.0306930200726454
1.0306930200726454
1.030365734756691
1.030368029622609
1.0330442091301675
1.0330442091301675
1.031486142933991
1.0306873788038882
1.0294663180050718
1.0294663180050718
1.0294663180050718
1.0294663180050718
1.0298889968454756
1.0328961940725234
1.0328961940725234
1.0324943624920848
1.0299766558784524
1.028878045528236
1.028878045528236
1.028878045528236
1.0300152694730051
1.0300152694730051
1.0293415659491343
1.0293415659491343
1.0316185580017216
1.0316185580017216
1.0301457406612766
1.033055981612359
1.033055981612359
1.033055981612359
1.033055981612359
1.033653843015632
1.033653843015632
1.033653843015632
1.0337500837515177
1.0322585789251146
1.0356321434312257
1.0349354893294622
1.0329346045986239
1.0301880249551563
1.0305757683674657
1.0312564254550365
1.0311016516029312
1.0311016516029312
1.0311016516029312
1.0311016516029312
1.0287949452158218
1.0270301411970302
1.0270301411970302
1.0270301411970302
1.0270301411970302
1.027960354099548
1.025967339875424
1.025967339875424
1.025967339875424
1.025653603015319
1.025653603015319
1.025653603015319
1.0253225749578392
1.0249575680526388
1.0250547692894698
1.0255745653507626
1.0255745653507626
1.0255745653507626
1.026032586312149
1.026032586312149
1.026032586312149
1.026032586312149
1.02594999628445
1.0261824338666201
1.0261824338666201
1.0287577143234115
1.0287577143234115
1.0278855769915385
1.0278855769915385
1.0278855769915385
1.029101271533221
1.0285649186307928
1.0285649186307928
1.0285649186307928
1.029044287547639
1.029044287547639
1.029044287547639
1.0260519311593703
1.0288073456701816
1.026670721244658
1.026670721244658
1.026670721244658
1.026670721244658
1.026670721244658
1.0259302313123102
1.0259302313123102
1.0259302313123102
1.0281084694304483
1.0281084694304483
1.0311391987196625
1.0311391987196625
1.0311391987196625
1.0311391987196625
1.0299001531682517
1.0299001531682517
1.03009412678953
1.03009412678953
1.0312532126550504
1.0312532126550504
1.0312532126550504
1.0302173187859582
1.0302173187859582
1.0302173187859582
1.0302173187859582
1.0308359151141806
1.0308359151141806
1.0308359151141806
1.0304229213190637
1.0290152600129785
1.0290152600129785
1.0299552895389996
1.0315669352797534
1.0315669352797534
1.0315669352797534
1.0269570415868348
1.0275690199950027
1.0275690199950027
1.0275690199950027
1.0275690199950027
1.0271513296497141
1.0271513296497141
1.02816051849271
1.02816051849271
1.0281365247683596
1.0281365247683596
1.0281365247683596
1.0272615004000791
1.026678484599866
1.0261896144938176
1.0261896144938176
1.0261896144938176
1.0275133364459847
1.0275133364459847
1.0273915876806845
1.0285006503235765
1.0275685721703325
1.0275685721703325
1.027119289776445
1.027119289776445
1.027119289776445
1.0276958313028086
1.0276958313028086
1.0276958313028086
1.0276958313028086
1.0276958313028086
1.0276958313028086
1.0316763530987345
1.0308698593262184
1.0308698593262184
1.0308698593262184
1.0308698593262184
1.0308698593262184
1.0315904399306124
1.0315904399306124
1.0355100082546722
1.0353008692011836
1.0329689597147265
1.0334913340918228
1.0334913340918228
1.0334913340918228
1.0334913340918228
1.0338663093228742
1.0338663093228742
1.0339560021590264
1.0339560021590264
1.0332613775089714
1.0332613775089714
1.0332613775089714
1.0315990788893465
1.0315990788893465
1.0315990788893465
1.0315990788893465
1.0285095291543538
1.0285095291543538
1.0285095291543538
1.0285095291543538
1.0304569070268086
1.0292898261287722
1.0292898261287722
1.030908767363279
1.030908767363279
1.030908767363279
1.030908767363279
1.030908767363279
1.02993433785629
1.0291874112108006
1.0291874112108006
1.0291874112108006
1.0280205043195012
1.0280205043195012
1.0286536148398064
1.0271702046453555
1.0271702046453555
1.0271702046453555
1.027732199514491
1.0276378572536657
1.0285412847110873
1.0285412847110873
1.0285412847110873
1.0293582227017497
1.0293582227017497
1.0293582227017497
1.0315774126543884
1.0315774126543884
1.0315774126543884
1.0338459556042816
1.0338459556042816
1.0338459556042816
1.0338459556042816
1.0338459556042816
1.0338459556042816
1.0338459556042816
1.0326194391168628
1.0293388712518394
1.0293388712518394
1.0293388712518394
1.0293388712518394
1.0293388712518394
1.0293388712518394
1.028770373195794
1.028770373195794
1.028770373195794
1.0301794993117963
1.03136000759948
1.03136000759948
1.0323486596011078
1.0320054299885257
1.0320054299885257
1.032059978064478
1.0326651863006373
1.0311548638542203
1.0311548638542203
1.0311548638542203
1.031328069246731
1.031328069246731
1.031328069246731
1.031328069246731
1.031328069246731
1.031328069246731
1.031328069246731
1.0312423919872322
1.0312423919872322
1.0312423919872322
1.0321659950327846
1.0321659950327846
1.0321659950327846
1.0321659950327846
1.0321659950327846
1.0316369850899914
1.0316369850899914
1.0316369850899914
1.0316369850899914
1.0316369850899914
1.0316369850899914
1.029928664184542
1.029928664184542
1.029928664184542
1.0295729605029178
1.0295729605029178
1.0295729605029178
1.0295729605029178
1.0295729605029178
1.0295729605029178
1.0295729605029178
1.0295729605029178
1.0312638268494403
1.0302109523989955
1.0304170412986098
1.0304170412986098
1.0304170412986098
1.031404286559369
1.031404286559369
1.0318262999610626
1.0306369500148886
1.0308813839023072
1.0308813839023072
1.0308993001924702
1.0308993001924702
1.0308993001924702
1.0308993001924702
1.0305452252077834
1.0305452252077834
1.0310142399655169
1.0310142399655169
1.0310142399655169
1.0310142399655169
1.0310142399655169
1.0310142399655169
1.0308495473575647
1.0305647276991512
1.032214256547174
1.0342601801961184
1.0342601801961184
1.033754955975044
1.032410185922052
1.0323393701685757
1.0323393701685757
1.0327719331367071
1.0327719331367071
1.0333218978435026
1.0332382138166667
1.0333482182630356
1.0333482182630356
1.0333482182630356
1.0333482182630356
1.0333482182630356
1.0333482182630356
1.0333482182630356
1.032345107614139
1.032345107614139
1.0321441801152025
1.0374075332974166
1.0332532134431263
1.0332532134431263
1.0332532134431263
1.0332532134431263
1.0332532134431263
1.0332532134431263
1.0331186978446727
1.0307355436236527
1.0307355436236527
1.0323696369038162
1.0327006639007363
1.0327006639007363
1.0327006639007363
1.032775068126067
1.0315729827239648
1.0301266557316189
1.0301266557316189
1.0301266557316189
1.0301266557316189
1.029459787354102
1.0294091633868137
1.031366096369358
1.031366096369358
1.0314647521428928
1.0317709805667277
1.0317709805667277
1.0317709805667277
1.0315452326913017
1.0315452326913017
1.0315452326913017
1.0311341605758395
1.033166556211836
1.033166556211836
1.033166556211836
1.033166556211836
1.0351329115897072
1.038167998067499
1.038167998067499
1.0375355049663437
1.0375355049663437
1.0375355049663437
1.0361502850500328
1.0361502850500328
1.0358376204905628
1.0358376204905628
1.0381102395734372
1.0381102395734372
1.0381102395734372
1.035515013654637
1.035515013654637
1.035515013654637
1.035515013654637
1.035515013654637
1.035975342613068
1.035975342613068
1.0341856182732065
1.0353883124494496
1.0353883124494496
1.0347849871030532
1.0347849871030532
1.037114343342545
1.0339388469877453
1.0353975734959657
1.0353975734959657
1.034940699675314
1.034940699675314
1.034940699675314
1.0359128240348674
1.0359128240348674
1.0367221591327123
1.0361059701902817
1.0361059701902817
1.0361059701902817
1.0361059701902817
1.0361059701902817
1.0376245916157798
1.0375782894527215
1.0375782894527215
1.0345020154202418
1.034314445615824
1.034314445615824
1.033841433225795
1.033841433225795
1.0352781773827275
1.0352781773827275
1.034800725729408
1.0353315698717982
1.0353315698717982
1.0353315698717982
1.0353315698717982
1.0353315698717982
1.0353315698717982
1.0362720416839015
1.0362720416839015
1.0362720416839015
1.0362720416839015
1.0362720416839015
1.0362720416839015
1.0367125007201938
1.0374103303103597
1.0341850103336598
1.0341850103336598
1.031568114409361
1.031568114409361
1.032505329662164
1.032505329662164
1.0354420257309649
1.0330628469072218
1.0330628469072218
1.0330628469072218
1.0361799657255946
1.0363811074371951
1.0363811074371951
1.0329964255143718
1.0317221912405787
1.0317221912405787
1.032086729821542
1.032086729821542
1.032086729821542
1.032086729821542
1.036423090252468
1.035661407999365
1.034969519779235
1.034969519779235
1.0354472912148782
1.034439978153597
1.034439978153597
1.032438265634304
1.0321538685681406
1.0337195837074913
1.0329337381914756
1.0329337381914756
1.0346599213073175
1.035883973951473
1.035883973951473
1.0353695594188117
1.034933569807918
1.034933569807918
1.034933569807918
1.0359073556558622
1.035045979978454
1.034168107806506
1.034168107806506
1.0335831376872975
1.0335831376872975
1.0363408372315943
1.0347458923598338
1.0347458923598338
1.034681662198869
1.034681662198869
1.0357713336352752
1.0339765665973633
1.032592243209684
1.0313563036182425
1.0335546529948516
1.0334417720010283
1.0334417720010283
1.0325380140693694
1.0315661931640239
1.0315661931640239
1.0318159782658571
1.0318159782658571
1.0318159782658571
1.0329356940153482
1.0329356940153482
1.0329356940153482
1.0329356940153482
1.0340398463034286
1.034286627690067
1.030880949481852
1.0312344545319088
1.0312344545319088
1.0312344545319088
1.0329453985270485
1.031299467630375
1.031299467630375
1.031299467630375
1.0344546816240516
1.0344546816240516
1.0344546816240516
1.0344546816240516
1.0344546816240516
1.0344546816240516
1.0344546816240516
1.0344546816240516
1.0344546816240516
1.0344546816240516
1.0342711596126473
1.0331864289756865
1.0331864289756865
1.0331864289756865
1.0331864289756865
1.0331864289756865
1.033249523335618
1.033249523335618
1.0332603892878125
1.0332603892878125
1.0332603892878125
1.0332603892878125
1.0358252886697699
1.0323556333845871
1.0336215208747022
1.0336472405940127
1.0354184897657357
1.0354184897657357
1.0354184897657357
1.0333238182417233
1.0328346353274582
1.0328346353274582
1.0328346353274582
1.0328346353274582
1.0341371968330644
1.0341371968330644
1.0341371968330644
1.0336303313599744
1.0336303313599744
1.0336303313599744
1.0336303313599744
1.0355533959310468
1.0355533959310468
1.0355533959310468
1.0355533959310468
1.0355533959310468
1.0355533959310468
1.0335979347796707
1.0335979347796707
1.0335979347796707
1.0335979347796707
1.0335979347796707
1.0335979347796707
1.0335979347796707
1.0335979347796707
1.0322726838118779
1.0338884740773895
1.0341673228341932
1.0333383680626782
1.0344663607379005
1.0343981156642676
1.0343981156642676
1.0343981156642676
1.0343981156642676
1.033736619872572
1.0340488837523765
1.0356257500793717
1.0340274071764681
1.0340274071764681
1.0337675644917157
1.0334244184107981
1.0350631074381702
1.0343454787917608
1.0347095303877432
1.0347095303877432
1.0355980029161482
1.0355980029161482
1.0355980029161482
1.0377072001875782
1.0377072001875782
1.0377072001875782
1.0377072001875782
1.0368302858485308
1.0368302858485308
1.0368302858485308
1.0368302858485308
1.0368302858485308
1.0354110991799168
1.0354110991799168
1.0354110991799168
1.0373109639403204
1.0373109639403204
1.0373109639403204
1.0373109639403204
1.0413011383465833
1.0413011383465833
1.0384834944694494
1.0364977395131736
1.0364977395131736
1.0364977395131736
1.0364977395131736
1.0331069363963041
1.0349376017377365
1.0349376017377365
1.0353210159583515
1.0353210159583515
1.0353210159583515
1.0353210159583515
1.0353210159583515
1.0353210159583515
1.0333452860475927
1.0310889989446388
1.0310889989446388
1.0310889989446388
1.0310889989446388
1.0305707139081681
1.0305707139081681
1.0301401151451262
1.0301401151451262
1.0290212495877757
1.0290212495877757
1.0290212495877757
1.0261171439625492
1.0265024695292906
1.0263240142204042
1.0263240142204042
1.026665399536785
1.0242652567349848
1.0242652567349848
1.0245753416451855
1.0253320070189007
1.0253320070189007
1.027542429462086
1.027542429462086
1.027542429462086
1.027542429462086
1.029001959132972
1.029001959132972
1.029001959132972
1.0274274991789847
1.0258352473557828
1.0315605302875708
1.034265717090097
1.0350647747096084
1.038435635383883
1.038435635383883
1.036309738923882
1.036309738923882
1.036439389569022
1.036439389569022
1.036439389569022
1.036439389569022
1.036439389569022
1.0363687509772392
1.0381048037017988
1.0381048037017988
1.0381048037017988
1.0381048037017988
1.038153877723524
1.038153877723524
1.038163826096829
1.038163826096829
1.038163826096829
1.038163826096829
1.0395915052593017
1.0395915052593017
1.0395915052593017
1.037080925168403
1.037080925168403
1.037080925168403
1.037080925168403
1.037080925168403
1.037080925168403
1.0377409226261312
1.0377409226261312
1.0377409226261312
1.0380000505792122
1.0358259031796462
1.0358259031796462
1.0358259031796462
1.0358259031796462
1.0370127203460717
1.0370127203460717
1.0370127203460717
1.0370127203460717
1.0380388079598568
1.0372792358136866
1.0372792358136866
1.0372792358136866
1.0372792358136866
1.0372792358136866
1.0372792358136866
1.0372792358136866
1.0372792358136866
1.0372792358136866
1.0372792358136866
1.0372792358136866
1.0372792358136866
1.0369192681198565
1.0366478939560242
1.0342472555560271
1.0366330023128723
1.0366330023128723
1.0366330023128723
1.0366330023128723
1.0366330023128723
1.0344218791296353
1.0339357342813904
1.0339357342813904
1.0339357342813904
1.0339357342813904
1.035010019592729
1.036704186135406
1.036704186135406
1.036704186135406
1.036704186135406
1.036704186135406
1.036704186135406
1.0367138806323706
1.0367138806323706
1.0367138806323706
1.032827120027328
1.032827120027328
1.032827120027328
1.032827120027328
1.0351541989172781
1.0351541989172781
1.0350561333322186
1.0359296068240456
1.0371982827314838
1.0374411773430041
1.0366922037521866
1.0353519140990823
1.0353519140990823
1.0353519140990823
1.0353519140990823
1.0354166677564027
1.038093206849744
1.0382094521614451
1.0382094521614451
1.0374539159264684
1.0374539159264684
1.0374539159264684
1.0374539159264684
1.0355599930985016
1.0355599930985016
1.0355599930985016
1.034313370445067
1.034313370445067
1.034313370445067
1.034542863782029
1.034542863782029
1.0346456373019588
1.0346456373019588
1.0346456373019588
1.0346456373019588
1.0342289907819557
1.0330061395664023
1.0333284750691618
1.035632338407217
1.035844445646629
1.0356470315965125
1.0330466933722184
1.0330466933722184
1.0347972372770056
1.039344833230198
1.039344833230198
1.0399025142669025
1.037586638402413
1.037586638402413
1.037586638402413
1.037586638402413
1.0375309916983282
1.0387755757985013
1.0367813241925012
1.0367813241925012
1.0367813241925012
1.0367813241925012
1.0375805259519997
1.0375805259519997
1.0375805259519997
1.0375805259519997
1.0375805259519997
1.0375805259519997
1.0349227692168208
1.0349227692168208
1.0349227692168208
1.0377595444307441
1.0370122084323432
1.0373770583101811
1.0373770583101811
1.0365994353873516
1.0365994353873516
1.0365994353873516
1.0352752723176983
1.0353868309631342
1.0341129691938575
1.0326827544979493
1.0338222198267104
1.0338222198267104
1.0361366589509236
1.0349344643436487
1.0349344643436487
1.031958645091487
1.031958645091487
1.031958645091487
1.0328243857034785
1.0319356381052338
1.0313398111150216
1.0339986100310306
1.0339986100310306
1.0333532775090561
1.0333532775090561
1.0304819922039192
1.0304819922039192
1.029852920576161
1.029852920576161
1.029852920576161
1.029852920576161
1.0290304995203854
1.0290304995203854
1.0290304995203854
1.0295841462157358
1.0276460490248909
1.028426586025951
1.0288202437450604
1.0278817472133872
1.031808159754845
1.0340270456811103
1.0340270456811103
1.0328522405663705
1.0340464979013553
1.0333946240049057
1.0344597256367174
1.0347540799357673
1.0347540799357673
1.0347540799357673
1.035798473265214
1.0339907496503318
1.0339907496503318
1.03093101730782
1.0306240820862225
1.0306240820862225
1.0297023605817353
1.0297023605817353
1.031540957897753
1.031540957897753
1.030117068234911
1.030117068234911
1.030117068234911
1.030117068234911
1.0311214621926286
1.0311214621926286
1.0312497379591055
1.0278201641587636
1.0278201641587636
1.0278201641587636
1.0278201641587636
1.0278201641587636
1.0278201641587636
1.0278201641587636
1.0278201641587636
1.0271624288403334
1.026306610439337
1.0290081374320947
1.0290081374320947
1.0290081374320947
1.0290081374320947
1.0290081374320947
1.028657167861922
1.028657167861922
1.028657167861922
1.028657167861922
1.028657167861922
1.0289273762782902
1.0289273762782902
1.0289273762782902
1.0289273762782902
1.0289447972344665
1.0289447972344665
1.0289447972344665
1.0260616923034969
1.0277254783708092
1.0277254783708092
1.0277254783708092
1.0277254783708092
1.0277254783708092
1.0277254783708092
1.0277254783708092
1.0277254783708092
1.0277254783708092
1.0261555300650103
1.0261555300650103
1.0257851965284015
1.0257851965284015
1.0257851965284015
1.0270592518711816
1.0270592518711816
1.0270592518711816
1.0270592518711816
1.0270592518711816
1.0270592518711816
1.0274172743117225
1.0280580143310591
1.030222959599966
1.0287189394687593
1.0285026894813967
1.0285026894813967
1.0285026894813967
1.0292565854759357
1.030869958802137
1.030869958802137
1.030869958802137
1.030869958802137
1.030869958802137
1.0296057736108837
1.0296057736108837
1.0296057736108837
1.0296057736108837
1.0295804876662793
1.0297260542293778
1.0297260542293778
1.0297260542293778
1.0310557702119354
1.0302175261961075
1.0302175261961075
1.029966351459747
1.029966351459747
1.029966351459747
1.0326349590395794
1.0324226574593853
1.0324226574593853
1.0324226574593853
1.0324226574593853
1.0324226574593853
1.0313976594063083
1.0313976594063083
1.0313976594063083
1.0313976594063083
1.0313976594063083
1.032041387950553
1.032041387950553
1.0317559624552708
1.0317559624552708
1.0305916733781209
1.0305916733781209
1.029332988368526
1.029332988368526
1.029332988368526
1.0284404182069242
1.0284404182069242
1.0303498504165944
1.0303498504165944
1.0300076697325111
1.0300076697325111
1.0300076697325111
1.0300076697325111
1.0300076697325111
1.0300076697325111
1.0316110718599838
1.0316110718599838
1.0316110718599838
1.0316110718599838
1.0316110718599838
1.0316110718599838
1.0316110718599838
1.0316110718599838
1.0316110718599838
1.03148767318899
1.0295381777156607
1.0295381777156607
1.0295381777156607
1.0295381777156607
1.029066128029788
1.029066128029788
1.029066128029788
1.0268524810723825
1.0268524810723825
1.026353611902274
1.026353611902274
1.026353611902274
1.0290630124231381
1.0286605167465037
1.0292516704169494
1.0268422706133196
1.0268422706133196
1.0264317876687072
1.0264317876687072
1.0264317876687072
1.0286572145705246
1.0275401055234696
1.0275401055234696
1.0275401055234696
1.0271117399967593
1.0282232291728564
1.0293084854652372
1.028785893111636
1.028785893111636
1.028785893111636
1.028967841264815
1.0285052176831322
1.027763812317615
1.027763812317615
1.027763812317615
1.027763812317615
1.0258709300466768
1.0258709300466768
1.0258709300466768
1.0258709300466768
1.0267550795425269
1.0267550795425269
1.0297118910200231
1.0297118910200231
1.0297118910200231
1.0260331932822302
1.0260331932822302
1.0267504179105493
1.026898514030053
1.0283252478633138
1.0283252478633138
1.0283252478633138
1.0283252478633138
1.0273490639518101
1.0310106863379926
1.030364091247631
1.030364091247631
1.030364091247631
1.030364091247631
1.030364091247631
1.030364091247631
1.030364091247631
1.030364091247631
1.030364091247631
1.030364091247631
1.0311641199931296
1.0297081679275042
1.0339853374610615
1.0339853374610615
1.0334517381782269
1.0349947208354962
1.0349947208354962
1.0358237803801846
1.0341143613066863
1.0326015723233477
1.0326015723233477
1.0335542230510095
1.0347412885755116
1.0347412885755116
1.0347412885755116
1.0321799670339817
1.0321799670339817
1.0321799670339817
1.0321799670339817
1.0321799670339817
1.0328478692853302
1.034348335083215
1.0302258168777643
1.0302258168777643
1.0302258168777643
1.0302258168777643
1.0308599393953926
1.031303647635469
1.0326559245761604
1.0326559245761604
1.0304826480255544
1.0305027086019976
1.0305027086019976
1.0305027086019976
1.0310928694614514
1.0310928694614514
1.0307090705709336
1.0333372523612987
1.0333372523612987
1.0333372523612987
1.0333372523612987
1.0314248334402476
1.0314248334402476
1.0314248334402476
1.0314248334402476
1.0314248334402476
1.0314248334402476
1.0312696544109268
1.0312696544109268
1.0315875607121974
1.0315875607121974
1.0315875607121974
1.0335083512532846
1.0335083512532846
1.0348580530632505
1.0348580530632505
1.0342682330501611
1.0357856309442808
1.0357856309442808
1.0357856309442808
1.034512506307371
1.034512506307371
1.0357390084435574
1.0357390084435574
1.0360858845805152
1.034382033146723
1.0343818304304153
1.0343818304304153
1.0342784627259616
1.0340391787131336
1.0340391787131336
1.0346672046491057
1.0346672046491057
1.0346672046491057
1.0339582753285677
1.0324503379103716
1.0296560385685343
1.0327348507630463
1.0323240758330037
1.0325162042646152
1.0325162042646152
1.0325162042646152
1.0325162042646152
1.03046468765651
1.03046468765651
1.03046468765651
1.03046468765651
1.03046468765651
1.0298027859305974
1.0298027859305974
1.0298027859305974
1.0297678081090251
1.0297678081090251
1.0300211377601023
1.0300211377601023
1.0300211377601023
1.0300211377601023
1.0300211377601023
1.0326724034901822
1.0326724034901822
1.0301332019627643
1.0301332019627643
1.0301332019627643
1.0301332019627643
1.0301332019627643
1.0301332019627643
1.0287728411758112
1.0276212124654909
1.028668780787678
1.028668780787678
1.028668780787678
1.028668780787678
1.028668780787678
1.027910457771775
1.027846987611443
1.027846987611443
1.030210222661452
1.030210222661452
1.0323896631116105
1.0318028294280337
1.0312297019977223
1.0312297019977223
1.0312297019977223
1.0312297019977223
1.0312297019977223
1.0312297019977223
1.0312297019977223
1.0312297019977223
1.0312297019977223
1.0308756569135613
1.0308756569135613
1.0300048102870476
1.0307790088758948
1.0307790088758948
1.0307790088758948
1.0307790088758948
1.0319708581073503
1.0319708581073503
1.0319708581073503
1.031745312358267
1.031505304275769
1.031505304275769
1.031505304275769
1.031505304275769
1.031505304275769
1.031505304275769
1.031505304275769
1.031505304275769
1.0304567547095438
1.0304567547095438
1.0304567547095438
1.0304567547095438
1.0302699623288143
1.0302699623288143
1.0302699623288143
1.0302829931750104
1.0297144515576626
1.0297144515576626
1.0297144515576626
1.0297144515576626
1.032188365390686
1.0319797555955068
1.0311870208099805
1.0311870208099805
1.0311870208099805
1.0311870208099805
1.0311870208099805
1.0315597354477082
1.0332412763739822
1.0333895440538299
1.0333895440538299
1.0343315619425653
1.0341431725892087
1.0341431725892087
1.0361565007695508
1.0325331997883833
1.0322420370143808
1.0322420370143808
1.0322420370143808
1.0322420370143808
1.0322420370143808
1.0310454665007371
1.0310454665007371
1.0310454665007371
1.0310454665007371
1.0310454665007371
1.0305401895570812
1.0321609170290553
1.0321609170290553
1.0321609170290553
1.0321609170290553
1.032882862205096
1.032882862205096
1.032882862205096
1.032882862205096
1.0275598423262828
1.0275598423262828
1.027722874527844
1.027722874527844
1.0277417023454203
1.0276494828607388
1.0276494828607388
1.0265384160079651
1.0265384160079651
1.026946577559021
1.0276744283141064
1.0276744283141064
1.0276744283141064
1.0256764366128974
1.0256764366128974
1.0256764366128974
1.0256764366128974
1.0261805606269594
1.0271110700104389
1.0271110700104389
1.0271110700104389
1.028217041837309
1.028217041837309
1.0267793905711229
1.0287883306547274
1.029577438225232
1.0284694583000633
1.0303695502609975
1.0303695502609975
1.0303695502609975
1.0303695502609975
1.0320629754322466
1.030759629859336
1.030759629859336
1.0308885780858206
1.0308885780858206
1.0308885780858206
1.0308885780858206
1.0326532632910088
1.0326532632910088
1.0313857819648315
1.0313857819648315
1.0313857819648315
1.032010450500119
1.032998541339865
1.032998541339865
1.0327783955588348
1.0316689004751096
1.0316689004751096
1.03176150153237
1.03176150153237
1.03176150153237
1.03176150153237
1.03176150153237
1.03176150153237
1.0348486467963207
1.0344262769474053
1.0332044599255226
1.0332044599255226
1.03279571308171
1.03279571308171
1.03279571308171
1.03279571308171
1.03279571308171
1.03279571308171
1.0334312738402824
1.0314991224929646
1.0315941319760382
1.0320171885551048
1.0320171885551048
1.032567564118374
1.0311529558538182
1.031540141023408
1.031540141023408
1.031540141023408
1.031540141023408
1.031540141023408
1.0298519420730632
1.0296028309344438
1.0296028309344438
1.0296028309344438
1.0296028309344438
1.0296028309344438
1.027798350688377
1.027798350688377
1.0283100513545036
1.0284200189759491
1.028338507502796
1.028338507502796
1.028620089486029
1.028620089486029
1.028620089486029
1.0276550074955222
1.0276550074955222
1.0276550074955222
1.0272300509236632
1.02597232267204
1.02597232267204
1.027169586233918
1.027169586233918
1.0297786068164783
1.029450941572774
1.0293301140969557
1.0293301140969557
1.0293301140969557
1.0307556059120768
1.0307556059120768
1.0307556059120768
1.0307556059120768
1.0307556059120768
1.0321888199509115
1.0321888199509115
1.0324502260436221
1.0316103617109382
1.0316103617109382
1.0303242465994762
1.0322329423137033
1.030439156704201
1.0309620048815393
1.0300571980223492
1.0321211707282065
1.0309829295005375
1.0309829295005375
1.0309829295005375
1.0354990605483676
1.0354990605483676
1.0354990605483676
1.0390590595898197
1.0390590595898197
1.0390590595898197
1.037212549016212
1.037212549016212
1.037212549016212
1.0388935765104526
1.0388935765104526
1.038685164370206
1.038685164370206
1.0369960567926841
1.0346228242684588
1.0346228242684588
1.0346228242684588
1.0346228242684588
1.0320760423514799
1.0320760423514799
1.0333931622150252
1.0333931622150252
1.0333931622150252
1.030485199267724
1.0322318030400568
1.0322318030400568
1.0322662548449069
1.0340287177542322
1.0340393628206792
1.0347377780213662
1.0347377780213662
1.0347377780213662
1.0346408634128181
1.0346408634128181
1.0346408634128181
1.0346408634128181
1.0362162544605305
1.0362576073228866
1.0369644840281065
1.0369644840281065
1.0369644840281065
1.033600298958997
1.033600298958997
1.033600298958997
1.0331483376857917
1.0331483376857917
1.0331483376857917
1.0331483376857917
1.033075645620179
1.0307919745582714
1.0307919745582714
1.0302083293021445
1.0298243225807386
1.0298243225807386
1.0298243225807386
1.0319719619913008
1.0319719619913008
1.0327917493549281
1.0327917493549281
1.0327917493549281
1.0325945691567682
1.0328665857914037
1.0320675260387797
1.0320675260387797
1.0320675260387797
1.0320675260387797
1.0314945400935733
1.0314945400935733
1.0307550536106074
1.0307550536106074
1.0307550536106074
1.0307550536106074
1.0307550536106074
1.0307550536106074
1.0307550536106074
1.0307550536106074
1.0307550536106074
1.0307550536106074
1.0307550536106074
1.0329471404379642
1.0292234615528955
1.027757424646906
1.0301974173880188
1.0301974173880188
1.0301974173880188
1.0301974173880188
1.0301974173880188
1.0326805702404838
1.0326805702404838
1.030713060245711
1.030713060245711
1.0292149978630303
1.0288684816731646
1.0288684816731646
1.0288684816731646
1.0288684816731646
1.0288684816731646
1.0280303412008673
1.0301185294432382
1.0300848078936973
1.030870896699007
1.0305187378931384
1.0305187378931384
1.0305187378931384
1.0305187378931384
1.0302316768349147
1.0314834790681433
1.0314834790681433
1.0314834790681433
1.0314834790681433
1.0314834790681433
1.0304253516802693
1.0304253516802693
1.0304253516802693
1.0304253516802693
1.0335118271874633
1.034310186178668
1.035579502494919
1.035579502494919
1.035579502494919
1.035579502494919
1.038866157136026
1.038866157136026
1.038866157136026
1.038866157136026
1.038866157136026
1.0396530461417544
1.0396530461417544
1.0396530461417544
1.037767411961732
1.0381739190751282
1.0381739190751282
1.0368183140366825
1.0360127170431945
1.0357055493041687
1.0357055493041687
1.0357055493041687
1.0361385532660012
1.033085640959462
1.033085640959462
1.0336127088557792
1.0336127088557792
1.0307713872498672
1.0307713872498672
1.0329805143090252
1.0329805143090252
1.0329805143090252
1.032726104978417
1.032726104978417
1.032726104978417
1.032862790603592
1.03175374028606
1.03175374028606
1.03175374028606
1.03175374028606
1.03175374028606
1.03175374028606
1.0345986031655214
1.0338178417805306
1.0349294774066224
1.0349294774066224
1.0349294774066224
1.0349294774066224
1.0373182376572836
1.0373182376572836
1.0372107444019962
1.0372107444019962
1.036174752651445
1.036174752651445
1.036174752651445
1.036174752651445
1.0343458952674824
1.035667683697934
1.035667683697934
1.0366644638338323
1.0366644638338323
1.0396522968112039
1.0391785025812423
1.0391785025812423
1.0391785025812423
1.0389913567813822
1.0389913567813822
1.0389913567813822
1.03861429119327
1.03861429119327
1.0379500483338442
1.0379500483338442
1.038558620766387
1.0387162412212287
1.0398281650835357
1.0385182715437713
1.0385182715437713
1.03872192319243
1.03872192319243
1.03872192319243
1.03872192319243
1.0376037552524382
1.0353134496873901
1.0353134496873901
1.0353134496873901
1.0353134496873901
1.0356993199658564
1.0354007547428346
1.0369424624020172
1.0359732457269701
1.036555788357075
1.0354631113883594
1.0354631113883594
1.0354631113883594
1.0354631113883594
1.0354631113883594
1.0354631113883594
1.0346935766899512
1.036612259209148
1.037203534290763
1.0322756238494897
1.0322756238494897
1.0322756238494897
1.0332573364141964
1.0332573364141964
1.0332573364141964
1.0332573364141964
1.0332573364141964
1.0332573364141964
1.0332573364141964
1.0332573364141964
1.0332573364141964
1.0332573364141964
1.0332573364141964
1.0332573364141964
1.0331111088425973
1.0331111088425973
1.0331111088425973
1.0331111088425973
1.0329170668657244
1.0329170668657244
1.0329170668657244
1.0371358273874922
1.0371358273874922
1.0370713174310318
1.0386926584274208
1.0386926584274208
1.0378198598261434
1.0359563571507007
1.0359563571507007
1.0358694122859944
1.0358694122859944
1.0360043386189348
1.0360043386189348
1.036761926712471
1.0376699942386711
1.0355383681272914
1.0345591506665441
1.0345591506665441
1.0346460923257976
1.0346460923257976
1.0346460923257976
1.0349654117335125
1.0350097849690223
1.0350097849690223
1.0350097849690223
1.0350097849690223
1.0350097849690223
1.0324414082390874
1.0315722417257813
1.0315722417257813
1.0296056619223035
1.0296056619223035
1.0296056619223035
1.0296056619223035
1.0296056619223035
1.0296056619223035
1.0303850456930523
1.0303850456930523
1.0303850456930523
1.0307099134116637
1.0307099134116637
1.029144498884231
1.0331155815227864
1.033066573751574
1.033066573751574
1.0311651622802072
1.0311651622802072
1.0317290798892287
1.0317290798892287
1.0317290798892287
1.0317290798892287
1.0305260307474506
1.0305260307474506
1.0304509288267458
1.0303078340085452
1.029010637497716
1.0271837217386885
1.0279952623731683
1.0279952623731683
1.0279952623731683
1.029638611067391
1.0290394894590957
1.0264056157022232
1.0264056157022232
1.0254926166487002
1.0268729764840157
1.0268729764840157
1.0257443229831074
1.0266483992934912
1.026477109251621
1.027517300069198
1.0267636242120302
1.0287664624652757
1.0287664624652757
1.0287664624652757
1.0287664624652757
1.0287664624652757
1.0287664624652757
1.027204706905354
1.0287469115528656
1.0287469115528656
1.0287469115528656
1.0287469115528656
1.0272367312290749
1.0288234127472957
1.0271543645622265
1.0271543645622265
1.0266781394228153
1.0266781394228153
1.028981209477589
1.025823134994839
1.025823134994839
1.025823134994839
1.0274934397947917
1.0292806278812536
1.0292806278812536
1.0292806278812536
1.0292806278812536
1.028490014930211
1.0289755851529545
1.0299004188727097
1.0299004188727097
1.0299004188727097
1.0299004188727097
1.0304386406244297
1.0304386406244297
1.0304386406244297
1.0304386406244297
1.0304386406244297
1.0304386406244297
1.0304386406244297
1.0304386406244297
1.0322842176392917
1.0322842176392917
1.0322842176392917
1.0322842176392917
1.0322842176392917
1.0304823635737632
1.0304823635737632
1.0304823635737632
1.0304823635737632
1.0307978833338565
1.0318898097520472
1.0318898097520472
1.0320157101540641
1.0320157101540641
1.0320157101540641
1.0320157101540641
1.0309205836220785
1.0309205836220785
1.0309205836220785
1.0309205836220785
1.0305454759585277
1.0305454759585277
1.0305454759585277
1.0315427502920123
1.0315427502920123
1.0315427502920123
1.0315427502920123
1.0291205088247786
1.0291205088247786
1.0281515402403316
1.0305737194762894
1.0305737194762894
1.0275508006347494
1.0275508006347494
1.0277539666586122
1.0275637170175682
1.0275637170175682
1.0275637170175682
1.0279080288548827
1.0279080288548827
1.0279080288548827
1.0279080288548827
1.0279080288548827
1.0279080288548827
1.0279080288548827
1.0278171114262706
1.0291908023085854
1.0291908023085854
1.0291908023085854
1.030392357863651
1.030392357863651
1.030392357863651
1.030392357863651
1.0307489157649719
1.0307489157649719
1.0307489157649719
1.0307489157649719
1.0307489157649719
1.0307489157649719
1.0307489157649719
1.0307489157649719
1.0307489157649719
1.0289591895854588
1.029536587292669
1.029536587292669
1.029536587292669
1.0300657502147994
1.0300657502147994
1.0300657502147994
1.0300657502147994
1.0300657502147994
1.0300657502147994
1.0314347067679988
1.0314347067679988
1.0314347067679988
1.0314347067679988
1.0341697209269787
1.0341697209269787
1.032532983733041
1.0320980147778576
1.0324216366656684
1.0324216366656684
1.0324216366656684
1.0322179712492414
1.0322084425418934
1.0322084425418934
1.0294137106102714
1.0301714190482971
1.0301714190482971
1.0300937893936917
1.0300937893936917
1.0288318795481368
1.0288318795481368
1.0288318795481368
1.0309321532190623
1.0309321532190623
1.0309321532190623
1.0312714709475808
1.0268957538369752
1.0268957538369752
1.0288373365342456
1.0288373365342456
1.0288373365342456
1.0274246228445325
1.0274246228445325
1.031333191722578
1.0285477385438844
1.0285477385438844
1.02868750710674
1.02868750710674
1.02868750710674
1.02968488060117
1.0306758617396272
1.0306758617396272
1.0306758617396272
1.0306758617396272
1.0304416115326613
1.0320986773127487
1.0320986773127487
1.0318836138405758
1.0318836138405758
1.0320719371531613
1.0320719371531613
1.0320719371531613
1.0320719371531613
1.030008010395532
1.0281644191609445
1.0281644191609445
1.0281644191609445
1.0281644191609445
1.0284591073474272
1.0317307579682085
1.0317307579682085
1.0333244741831589
1.0333244741831589
1.0323730709880632
1.0323730709880632
1.0323730709880632
1.0323730709880632
1.0323730709880632
1.032978037810444
1.032978037810444
1.0313803452457446
1.0321004309015374
1.0321004309015374
1.031533260136917
1.0314413693514262
1.028417379580246
1.028417379580246
1.028417379580246
1.028417379580246
1.028417379580246
1.028417379580246
1.0278841225660966
1.0278841225660966
1.0278699115075107
1.0299297718469156
1.032143869565351
1.032143869565351
1.0315427372484627
1.0333925790280836
1.0333925790280836
1.0322727800146698
1.0298083000688962
1.0298083000688962
1.0297251633503444
1.0297251633503444
1.030952943885107
1.030952943885107
1.030952943885107
1.0318425395172495
1.0318425395172495
1.0318425395172495
1.0318425395172495
1.0318425395172495
1.0315266788405903
1.0315266788405903
1.0323433284801826
1.0323433284801826
1.0323433284801826
1.0323433284801826
1.0323433284801826
1.0330731757728364
1.0330731757728364
1.031898683315709
1.0340731760888575
1.0340731760888575
1.0340731760888575
1.0339802850214763
1.0339802850214763
1.033859359498739
1.033859359498739
1.0383845673853287
1.0383845673853287
1.0383845673853287
1.034372814483166
1.034372814483166
1.034372814483166
1.034372814483166
1.034372814483166
1.034372814483166
1.034372814483166
1.0346934226530973
1.0346934226530973
1.0346934226530973
1.0346934226530973
1.034223830747917
1.034223830747917
1.034223830747917
1.034223830747917
1.034223830747917
1.034223830747917
1.034223830747917
1.0351568307390953
1.0351568307390953
1.0351568307390953
1.036593824698932
1.0372079712143072
1.0372079712143072
1.0372079712143072
1.0372079712143072
1.0372079712143072
1.0372079712143072
1.0372079712143072
1.0372079712143072
1.0372079712143072
1.0372079712143072
1.0372079712143072
1.037462344525343
1.037462344525343
1.038311588773295
1.038311588773295
1.038311588773295
1.0384065361299049
1.0384065361299049
1.0366712847507846
1.0356641658919101
1.0337989198321642
1.0344596017818255
1.0331777742260486
1.0331777742260486
1.0331777742260486
1.0331777742260486
1.0330375949266164
1.0330375949266164
1.0320789775934562
1.033437707676656
1.0355324570875775
1.0332261714684832
1.0332261714684832
1.0332261714684832
1.0332261714684832
1.0332261714684832
1.0332261714684832
1.0332261714684832
1.033313030771579
1.0368371219529633
1.0368861757796501
1.0368861757796501
1.0368861757796501
1.0361960188237767
1.0361960188237767
1.0361960188237767
1.0361960188237767
1.0361960188237767
1.036793218188425
1.036793218188425
1.036793218188425
1.03593572890737
1.03593572890737
1.0355938143360108
1.0367482376752937
1.0367482376752937
1.0369163522948115
1.034149581367448
1.034149581367448
1.034149581367448
1.0335446844052123
1.0335446844052123
1.0335446844052123
1.0335446844052123
1.0335446844052123
1.034038394163565
1.034038394163565
1.034038394163565
1.034038394163565
1.0346380025820112
1.0346380025820112
1.0346380025820112
1.0346380025820112
1.0346380025820112
1.0346380025820112
1.0344492989122835
1.0344492989122835
1.034483185496748
1.034483185496748
1.0336674990410146
1.0336674990410146
1.0336555756478114
1.0340171366195268
1.0366437550321816
1.0366437550321816
1.0366437550321816
1.0366437550321816
1.0363203598075998
1.0363203598075998
1.0363203598075998
1.0363203598075998
1.0363203598075998
1.036179956988677
1.037043377913184
1.037043377913184
1.037043377913184
1.0364958660803203
1.0364958660803203
1.0364958660803203
1.0337352707719485
1.0337352707719485
1.0365631339695582
1.0350399409964983
1.0350399409964983
1.0355131876487962
1.0350056291660872
1.0350056291660872
1.0350056291660872
1.0350056291660872
1.0371258142493922
1.0356120859026816
1.0356120859026816
1.0356120859026816
1.0356120859026816
1.034316106190908
1.034430160111186
1.033633855047952
1.0323133462736374
1.0323133462736374
1.0323133462736374
1.034194978153018
1.0329053081452813
1.032137780346011
1.032137780346011
1.032137780346011
1.032137780346011
1.032137780346011
1.0327602149731385
1.0327602149731385
1.0326766522311648
1.0337444534625673
1.0337444534625673
1.0337444534625673
1.0337444534625673
1.0337444534625673
1.0337444534625673
1.0362021829309853
1.0362021829309853
1.0362021829309853
1.036167090412094
1.0360540475203335
1.0360540475203335
1.0360540475203335
1.0360540475203335
1.0360540475203335
1.0360540475203335
1.0360540475203335
1.0360540475203335
1.0360540475203335
1.038343712157534
1.038779132514412
1.0380814063050656
1.0364532844771426
1.0372368008134576
1.037608917730748
1.037608917730748
1.037608917730748
1.037608917730748
1.037608917730748
1.037608917730748
1.038054960185528
1.038054960185528
1.0392605509795405
1.03815439942875
1.03815439942875
1.03815439942875
1.03815439942875
1.0378192513034903
1.0378192513034903
1.037933974511936
1.0371895107876938
1.0371895107876938
1.0371895107876938
1.0371743801031146
1.03822573442106
1.03822573442106
1.0374375935600904
1.0374375935600904
1.0357960805231228
1.0376933886448658
1.040493330132197
1.040493330132197
1.040493330132197
1.0412695618112924
1.0365267677300627
1.0365267677300627
1.0385549362208397
1.0385549362208397
1.0389854117224127
1.0389854117224127
1.0389854117224127
1.0389854117224127
1.0381907883519998
1.0356154211789514
1.0357911070295547
1.035155406809376
1.0365068108811264
1.0365068108811264
1.0370379642110972
1.0370379642110972
1.0370379642110972
1.0357434390322118
1.0327796010759742
1.0327796010759742
1.034843206518103
1.034843206518103
1.0345877745747456
1.0345877745747456
1.0345877745747456
1.0346503067861246
1.035543202472384
1.035543202472384
1.035543202472384
1.035543202472384
1.0335322120118067
1.0335322120118067
1.0335322120118067
1.0335322120118067
1.033288208032393
1.0365528354390827
1.0365528354390827
1.035318873705996
1.0381476541829777
1.0379851670523554
1.0379851670523554
1.0379851670523554
1.0378266971028554
1.0378266971028554
1.0368407266749746
1.0385115528982083
1.0392902110040765
1.0392902110040765
1.0392902110040765
1.0392212176375881
1.037413854065683
1.0371449197235485
1.0371449197235485
1.0371449197235485
1.0371449197235485
1.0409820593654437
1.0386262582409236
1.0386262582409236
1.0386262582409236
1.0388443328702521
1.038402480989432
1.038402480989432
1.0362181178591763
1.0377772051591598
1.0377772051591598
1.0377772051591598
1.0358050762357551
1.0358050762357551
1.0344604138885947
1.0344604138885947
1.0366369387439653
1.0366369387439653
1.0335266978913156
1.0343695423770245
1.0343695423770245
1.0343695423770245
1.0343695423770245
1.0343695423770245
1.0340124045593446
1.0340124045593446
1.0340124045593446
1.0354817957385098
1.0335492316411374
1.0335492316411374
1.0335492316411374
1.0345042091280132
1.0330171904252268
1.0330171904252268
1.0330171904252268
1.0330171904252268
1.0330171904252268
1.0330171904252268
1.0330171904252268
1.0330171904252268
1.0330171904252268
1.0330171904252268
1.0330171904252268
1.0333188808914757
1.0305528147157683
1.0305528147157683
1.0305528147157683
1.0305528147157683
1.0305528147157683
1.0308669292296968
1.0308669292296968
1.0289129491393625
1.0289129491393625
1.0291460774269108
1.0267923522794813
1.0267923522794813
1.0267923522794813
1.0282809928382242
1.027567946743633
1.027567946743633
1.027567946743633
1.027567946743633
1.027567946743633
1.0277698129806798
1.0302624675067988
1.0291072684600318
1.026522577497172
1.026522577497172
1.0260885844728125
1.0260885844728125
1.028298837054578
1.028298837054578
1.0295333347630107
1.0301938446935959
1.027964898270156
1.027964898270156
1.027964898270156
1.027964898270156
1.027964898270156
1.027964898270156
1.027964898270156
1.0265529562084201
1.0265529562084201
1.0265529562084201
1.0265529562084201
1.0265529562084201
1.0265529562084201
1.0276185718034336
1.0276185718034336
1.0276185718034336
1.0276185718034336
1.0276185718034336
1.0276185718034336
1.0276185718034336
1.0276185718034336
1.027552221093542
1.027552221093542
1.027552221093542
1.0281678854675411
1.0266244703431098
1.0266244703431098
1.0266244703431098
1.0266244703431098
1.0266244703431098
1.0284101596542161
1.0284101596542161
1.0284101596542161
1.0284101596542161
1.0284101596542161
1.0284101596542161
1.0293779332097333
1.0293779332097333
1.029251689073057
1.029251689073057
1.030825376508305
1.030825376508305
1.030825376508305
1.030825376508305
1.030825376508305
1.0296276274307579
1.0300793114125146
1.0300793114125146
1.0329323337821747
1.0329323337821747
1.0329323337821747
1.0329323337821747
1.0329323337821747
1.0329323337821747
1.0329323337821747
1.0329323337821747
1.0361598232932216
1.0351533897366823
1.0351533897366823
1.0351533897366823
1.0356464702869537
1.036904104937212
1.0323732061994746
1.0316680279261565
1.0307851383566389
1.0337905711697841
1.0337905711697841
1.0342139211374637
1.0339984455262843
1.0339984455262843
1.0350349326781847
1.0350349326781847
1.0350349326781847
1.034307769289319
1.034307769289319
1.0346317744628233
1.0346317744628233
1.0346317744628233
1.0346317744628233
1.0346317744628233
1.0336526230852927
1.0345312532710387
1.0345312532710387
1.0341786301028615
1.0341786301028615
1.0341786301028615
1.0340506062801127
1.0340506062801127
1.0340506062801127
1.0340506062801127
1.0327083927309648
1.0327083927309648
1.0327083927309648
1.0327083927309648
1.0327083927309648
1.0327083927309648
1.035924596215694
1.035924596215694
1.035924596215694
1.0318619655429064
1.0318619655429064
1.0332564441335539
1.0332564441335539
1.0326253801712995
1.0326253801712995
1.0339942206244674
1.0339942206244674
1.0369381528255985
1.0369381528255985
1.0369381528255985
1.035469732074641
1.035469732074641
1.035469732074641
1.036149286352027
1.036149286352027
1.036149286352027
1.036149286352027
1.036149286352027
1.035543238483474
1.035543238483474
1.035543238483474
1.034507280957345
1.034507280957345
1.034507280957345
1.0335021723300917
1.0335021723300917
1.032830752184818
1.0326498757109719
1.032124523540174
1.0308380032120958
1.0308380032120958
1.0308380032120958
1.0308380032120958
1.0308380032120958
1.0308380032120958
1.0308380032120958
1.0308380032120958
1.0308380032120958
1.0316805370383622
1.0329135582012925
1.0334878188111056
1.0334878188111056
1.0326359265138914
1.0315254830898744
1.0315254830898744
1.030728732151837
1.0319060442246248
1.0319060442246248
1.0314916750280072
1.0313840557687068
1.0313840557687068
1.0318896030652147
1.0318896030652147
1.0318896030652147
1.0318896030652147
1.029279402390132
1.029279402390132
1.029279402390132
1.029279402390132
1.029279402390132
1.029279402390132
1.029279402390132
1.029279402390132
1.029279402390132
1.0317177215271338
1.0317177215271338
1.0323857844597544
1.0323857844597544
1.0323857844597544
1.033165656412348
1.033165656412348
1.033165656412348
1.033165656412348
1.0319021665243033
1.0319021665243033
1.0319021665243033
1.0319021665243033
1.0309980595276456
1.0309980595276456
1.0315552429153132
1.0315552429153132
1.0315552429153132
1.0315552429153132
1.0315552429153132
1.0315552429153132
1.0345186321634359
1.0347186352392583
1.0331291860672196
1.0331291860672196
1.0331291860672196
1.0331291860672196
1.0331291860672196
1.0331291860672196
1.0331291860672196
1.0305350670460651
1.0305350670460651
1.0305350670460651
1.0305350670460651
1.0305350670460651
1.0305350670460651
1.0305350670460651
1.0305350670460651
1.0305350670460651
1.0305350670460651
1.0305350670460651
1.0283080608138644
1.0283080608138644
1.0285630028375126
1.0295161160660045
1.0295161160660045
1.0295161160660045
1.0295161160660045
1.03072204132128
1.03072204132128
1.0306006624013355
1.0311999540579295
1.0311999540579295
1.0311999540579295
1.0311999540579295
1.0311999540579295
1.0311999540579295
1.0311999540579295
1.0311999540579295
1.0311999540579295
1.0310336116588639
1.0310336116588639
1.032090415656366
1.0313796024695658
1.0313796024695658
1.0313796024695658
1.0321575729897388
1.0321575729897388
1.0321575729897388
1.0321575729897388
1.0329668900442806
1.0329668900442806
1.0329668900442806
1.0329990241842373
1.0329990241842373
1.0329990241842373
1.0345971269326812
1.0345971269326812
1.0328859208294792
1.0328859208294792
1.0343813755938702
1.0343813755938702
1.034330901999671
1.0336327615239127
1.0336327615239127
1.0336327615239127
1.0336327615239127
1.0336327615239127
1.0336327615239127
1.0327401338473834
1.0327401338473834
1.0327401338473834
1.0327401338473834
1.0327401338473834
1.0327401338473834
1.0330807903708115
1.0330807903708115
1.0330807903708115
1.0330807903708115
1.0330807903708115
1.0330283632932498
1.0332577155069955
1.0332577155069955
1.0332415298501199
1.0332415298501199
1.0316341706236387
1.0329988040200226
1.0330022084019626
1.0338659062360152
1.0357837454409273
1.0357837454409273
1.0342795878594553
1.0342795878594553
1.0340933622043929
1.0340933622043929
1.0340933622043929
1.0340933622043929
1.0340933622043929
1.0340933622043929
1.0340933622043929
1.0340933622043929
1.0340933622043929
1.0340933622043929
1.0340933622043929
1.0342401024996566
1.0366808630192739
1.0366808630192739
1.0366808630192739
1.0357260754205995
1.0357260754205995
1.0357260754205995
1.0381027152553948
1.0381027152553948
1.0381027152553948
1.0384106985402164
1.0384106985402164
1.0384106985402164
1.0366838383897186
1.0357226673177806
1.033894496600651
1.0334697812938773
1.0334697812938773
1.0334697812938773
1.0346834067362345
1.0346834067362345
1.0346834067362345
1.0340473500649796
1.0339697583844363
1.0339697583844363
1.0339697583844363
1.0339697583844363
1.0344718777482749
1.0344718777482749
1.0344718777482749
1.0344718777482749
1.035098701520633
1.033895402501557
1.034854757797755
1.034854757797755
1.0327946151581127
1.0330905120208558
1.0330905120208558
1.0330905120208558
1.0329609790463037
1.0329609790463037
1.0329609790463037
1.0329609790463037
1.0329609790463037
1.0329609790463037
1.0329609790463037
1.031723709693075
1.031723709693075
1.031723709693075
1.0295012533516659
1.0295012533516659
1.0328616123434051
1.0348050680218361
1.0348050680218361
1.0348050680218361
1.0348050680218361
1.0348050680218361
1.0354354017676222
1.0338660084504219
1.0338660084504219
1.0338660084504219
1.0338660084504219
1.0325405792379558
1.0319471901355195
1.031485091269047
1.031485091269047
1.0290970091885827
1.0290970091885827
1.0290970091885827
1.0324764896564078
1.0327889133190082
1.033708022571541
1.033654152174003
1.0329077873951815
1.0329077873951815
1.0328821916717856
1.0328821916717856
1.0333690081753861
1.0368974507454165
1.0368974507454165
1.0349108400012363
1.0330202054514166
1.0309772490190952
1.0276983785467961
1.0276983785467961
1.029733198639408
1.029733198639408
1.029733198639408
1.029733198639408
1.029733198639408
1.029733198639408
1.029733198639408
1.029733198639408
1.0301995537448299
1.0301995537448299
1.0301995537448299
1.0301995537448299
1.0301995537448299
1.0301995537448299
1.0301995537448299
1.0301995537448299
1.0267071167809416
1.0267071167809416
1.0246838342007536
1.0246838342007536
1.0246838342007536
1.0246838342007536
1.0260893343275947
1.0260893343275947
1.0260893343275947
1.0260893343275947
1.0260893343275947
1.0260893343275947
1.0260893343275947
1.0265777961104625
1.0302016493580255
1.0302016493580255
1.0304617981443929
1.0296189749578106
1.0296189749578106
1.0296189749578106
1.0293033614655154
1.0293033614655154
1.0293033614655154
1.0293033614655154
1.0293033614655154
1.0293033614655154
1.027577800162556
1.0270478530864535
1.0271666201884198
1.0248586692242887
1.025083135665538
1.025083135665538
1.025083135665538
1.025083135665538
1.025083135665538
1.025083135665538
1.0266942668446115
1.0266942668446115
1.0266942668446115
1.0267545290959097
1.0267545290959097
1.0267180702869574
1.027140031700732
1.027140031700732
1.027140031700732
1.027140031700732
1.0263470541278958
1.0263470541278958
1.0263470541278958
1.0285469267965879
1.0267318990909187
1.0267318990909187
1.0248937639820892
1.0248937639820892
1.0242639971310972
1.0267530890237
1.0267530890237
1.0311244807547073
1.0311244807547073
1.0298701242446038
1.0303025612442158
1.0303025612442158
1.0303025612442158
1.0303025612442158
1.0303025612442158
1.0303025612442158
1.029541128065615
1.029541128065615
1.031452670705419
1.031452670705419
1.030712516995656
1.030712516995656
1.030920012707037
1.030585495448141
1.030585495448141
1.030585495448141
1.030585495448141
1.0303384674179974
1.0303384674179974
1.0303384674179974
1.0303384674179974
1.0303384674179974
1.0303384674179974
1.0304175828329436
1.0304175828329436
1.0304175828329436
1.0269937959530897
1.0269937959530897
1.0263679245698707
1.0263679245698707
1.0263679245698707
1.0238271867915256
1.0238271867915256
1.0238271867915256
1.026920605565993
1.026920605565993
1.0263775978203638
1.0281345674032878
1.0270449826957178
1.0292059070748467
1.0292059070748467
1.0320590059174761
1.0320590059174761
1.0344904966144315
1.0344904966144315
1.0344904966144315
1.0344904966144315
1.0344904966144315
1.0344904966144315
1.0344904966144315
1.0344904966144315
1.0344904966144315
1.0343970718640019
1.0340063397795747
1.0340063397795747
1.0340063397795747
1.0357924225971369
1.0357924225971369
1.0357924225971369
1.033904712488881
1.033904712488881
1.033808650501799
1.033808650501799
1.0356482603052137
1.0356482603052137
1.0356482603052137
1.0356482603052137
1.0356482603052137
1.0351508816699975
1.03516604085726
1.03516604085726
1.03516604085726
1.0336019684206421
1.0336019684206421
1.0301853082174772
1.0308289975862497
1.0301745947431113
1.0301745947431113
1.0316542636324113
1.0316542636324113
1.0316542636324113
1.0319304379334588
1.0319304379334588
1.0319304379334588
1.0322879677818395
1.0322879677818395
1.0322879677818395
1.0322879677818395
1.0322879677818395
1.0359205311373973
1.0349955422358963
1.0359965274242855
1.0359965274242855
1.0359965274242855
1.0359965274242855
1.0359965274242855
1.0329446375826214
1.0329446375826214
1.0329446375826214
1.0329446375826214
1.0329446375826214
1.0329446375826214
1.0329446375826214
1.0352331877422838
1.0348346924347762
1.0348346924347762
1.034270078210163
1.0337349742673738
1.0337349742673738
1.0337349742673738
1.0317667363244836
1.0317667363244836
1.0307679333056494
1.03052115672697
1.03052115672697
1.03052115672697
1.029733338755112
1.029733338755112
1.0289294452223758
1.0289294452223758
1.0289294452223758
1.0289294452223758
1.0289294452223758
1.028153442907035
1.028153442907035
1.028153442907035
1.028153442907035
1.028153442907035
1.028153442907035
1.028153442907035
1.028153442907035
1.0283477198059532
1.0283477198059532
1.0283477198059532
1.028589840637207
1.028915113881432
1.028915113881432
1.028915113881432
1.0299657695807247
1.0299657695807247
1.0299657695807247
1.0319175640342826
1.0299228087568846
1.0299228087568846
1.0299228087568846
1.0299228087568846
1.0299228087568846
1.0299228087568846
1.0299228087568846
1.0299228087568846
1.0318023586857668
1.0318023586857668
1.032124743053829
1.0317894688954043
1.0317894688954043
1.0317894688954043
1.0319663970854205
1.0319663970854205
1.031163670675423
1.031163670675423
1.0322790460996034
1.0322790460996034
1.0322790460996034
1.0322790460996034
1.0322790460996034
1.0322790460996034
1.0322790460996034
1.0322790460996034
1.03171109983863
1.0310765379739557
1.0310765379739557
1.0310765379739557
1.0310765379739557
1.0310765379739557
1.0310765379739557
1.0310765379739557
1.030302924805567
1.030302924805567
1.030302924805567
1.030302924805567
1.030302924805567
1.030302924805567
1.030302924805567
1.030302924805567
1.0343242031724997
1.0343242031724997
1.0307769376218816
1.0310043969528875
1.0308175646982503
1.0308175646982503
1.0321206146867064
1.0321206146867064
1.034696656770365
1.034696656770365
1.034807770733818
1.0361601167108403
1.0361601167108403
1.0361601167108403
1.0322822415415365
1.0317118432328747
1.0278449337899165
1.0283029104885681
1.0310632648221805
1.0310632648221805
1.0310632648221805
1.0321211208460772
1.0321211208460772
1.0321211208460772
1.0325539891351134
1.0335094336048367
1.0335094336048367
1.0335094336048367
1.0335094336048367
1.032312479201291
1.032312479201291
1.0326256462096197
1.0333373141046953
1.0310220209080965
1.0310220209080965
1.0297363913129007
1.0297363913129007
1.0297363913129007
1.0297363913129007
1.0297363913129007
1.0297363913129007
1.0297363913129007
1.0317321561362625
1.031480069311304
1.0302276179903624
1.0302276179903624
1.0302276179903624
1.030434114222313
1.0319628507812904
1.0319628507812904
1.0319628507812904
1.0319628507812904
1.0319628507812904
1.031584100026203
1.031584100026203
1.0318094966108906
1.030922299201167
1.0332491283809169
1.0332491283809169
1.0338826483210453
1.0353468391136986
1.0351486701251884
1.0325019014980894
1.0325019014980894
1.0319993925217257
1.0303835105869157
1.0299314079440054
1.0317525841154003
1.0317525841154003
1.0317525841154003
1.0301871407876875
1.0307386141354946
1.0307386141354946
1.0313029540500616
1.0313029540500616
1.0315525242114316
1.0315525242114316
1.0305226054921686
1.0305226054921686
1.0319025701974103
1.0319025701974103
1.0311814718286774
1.0311814718286774
1.032813936577471
1.032813936577471
1.032813936577471
1.032813936577471
1.032813936577471
1.032813936577471
1.030608333409574
1.0287933059305783
1.0287933059305783
1.026918223410316
1.026918223410316
1.0272476808323532
1.0271393361500682
1.0271393361500682
1.027576602222634
1.027576602222634
1.027576602222634
1.0291898974573257
1.031956525391251
1.0303513979614423
1.0267826617453721
1.028689934204061
1.028689934204061
1.028689934204061
1.0304785861581474
1.0304785861581474
1.0317370495199891
1.0324233476328561
1.0324233476328561
1.0324233476328561
1.0301303220180054
1.0301303220180054
1.0301303220180054
1.0301303220180054
1.0301303220180054
1.0310385047089077
1.0315434101430412
1.03161446570019
1.03161446570019
1.0338768427127583
1.0338768427127583
1.0315491950959237
1.0326779071321541
1.0339816064644864
1.0356112135155657
1.0336449683722007
1.0331562837665265
1.0331562837665265
1.0302047169799011
1.0302047169799011
1.029703822913423
1.029703822913423
1.0284269215471282
1.0272243045144174
1.0300012042420457
1.0297758444362688
1.0278752434139016
1.0278752434139016
1.0302540778329954
1.0302540778329954
1.0302540778329954
1.0306230840808797
1.0306230840808797
1.0310946098150426
1.0310946098150426
1.0310946098150426
1.0323672170240479
1.0323672170240479
1.0328342324535724
1.0328342324535724
1.0328342324535724
1.0348354840063605
1.0348354840063605
1.0348354840063605
1.0357463911006168
1.0337641248293818
1.0337641248293818
1.0337641248293818
1.0309560082952818
1.0309560082952818
1.0309560082952818
1.0309560082952818
1.0319772139587655
1.0319772139587655
1.032078868239977
1.032078868239977
1.032078868239977
1.032078868239977
1.0335259532136631
1.0320106075561166
1.0323543099523609
1.0319215577589314
1.0319215577589314
1.0319215577589314
1.0319215577589314
1.0314746310485674
1.0314746310485674
1.029875848052119
1.0317770883706745
1.0317770883706745
1.0317770883706745
1.0317770883706745
1.0317770883706745
1.0299902341036127
1.0285240218088927
1.0308821083737183
1.0310063787840413
1.0310063787840413
1.0310063787840413
1.0310063787840413
1.0310063787840413
1.0311426118636025
1.0320496775798185
1.0320496775798185
1.0318920327183594
1.0318920327183594
1.02687825644101
1.0275507334202745
1.0275507334202745
1.0276982812009456
1.0268419775116162
1.0268419775116162
1.0268910829136992
1.0270257093212385
1.0269801609827836
1.0302643766478494
1.0302643766478494
1.0302643766478494
1.0302643766478494
1.0309617637935682
1.0312197156736207
1.0312197156736207
1.0344176071620486
1.0344176071620486
1.0338120063693241
1.0338120063693241
1.0338120063693241
1.0338120063693241
1.0338120063693241
1.0338120063693241
1.0338120063693241
1.0332468892545543
1.0332468892545543
1.0332468892545543
1.0332468892545543
1.0348643615987434
1.031993073384982
1.0334164464780948
1.0334164464780948
1.0319488294009158
1.0319488294009158
1.0319488294009158
1.0313936680308715
1.0313936680308715
1.0313936680308715
1.0321764302220275
1.0321764302220275
1.032847823015751
1.032847823015751
1.032847823015751
1.0344128672311044
1.0344128672311044
1.0344128672311044
1.0361057821499067
1.0361057821499067
1.0361057821499067
1.0361057821499067
1.0371754282927823
1.0371754282927823
1.0371754282927823
1.0371754282927823
1.0348008584521902
1.032545484007436
1.032545484007436
1.032545484007436
1.031494376230978
1.031494376230978
1.033245059573389
1.033245059573389
1.033245059573389
1.03409342988129
1.0327717853744907
1.03063896227162
1.03063896227162
1.0287039796860176
1.0268357953392862
1.0268357953392862
1.0268357953392862
1.0268357953392862
1.0268357953392862
1.0268357953392862
1.0268357953392862
1.0268357953392862
1.0268357953392862
1.0298567158838268
1.0298567158838268
1.0298567158838268
1.030108263359279
1.0306432883524248
1.0312309060501723
1.0312309060501723
1.033813779662161
1.0321631653946441
1.0321631653946441
1.0321631653946441
1.0355220730277357
1.0355220730277357
1.0354379316632962
1.0354379316632962
1.0346971104287044
1.0339878476999131
1.0339878476999131
1.033870210767276
1.033870210767276
1.033870210767276
1.033870210767276
1.0324249679240405
1.0324249679240405
1.032656660437768
1.0329387553134879
1.0329387553134879
1.0326837886858107
1.033370569087683
1.033370569087683
1.0320534332441405
1.0319498439342452
1.0319498439342452
1.0319498439342452
1.0319498439342452
1.0319498439342452
1.0319498439342452
1.0307534280912536
1.0307534280912536
1.031148121324505
1.0282136141108746
1.0282136141108746
1.0270254768579536
1.0270254768579536
1.0270254768579536
1.0270254768579536
1.0270254768579536
1.0278518796171743
1.027628610115005
1.030693154787646
1.030693154787646
1.030693154787646
1.035114133802325
1.035114133802325
1.035114133802325
1.0331408530828965
1.0331408530828965
1.0334862143620798
1.0346815362104191
1.034171455230487
1.034171455230487
1.0361810525330812
1.0347230252413595
1.0347230252413595
1.0347230252413595
1.0347230252413595
1.03373757067278
1.03373757067278
1.03373757067278
1.0343067269623396
1.0343067269623396
1.0343067269623396
1.0343067269623396
1.0348056594871589
1.0348056594871589
1.0348056594871589
1.0348056594871589
1.0332381785256877
1.0327074812332233
1.0321065708234254
1.0321065708234254
1.0321065708234254
1.0321065708234254
1.0316727640527628
1.0316727640527628
1.0338850965187776
1.0338850965187776
1.0338850965187776
1.0338850965187776
1.0338850965187776
1.0338850965187776
1.0338850965187776
1.0338850965187776
1.0328839289581242
1.0328839289581242
1.0329540537252397
1.0327463371133652
1.0327463371133652
1.034251716966398
1.0317356471136179
1.0327957174774844
1.0327957174774844
1.0327957174774844
1.0327957174774844
1.0323501792636343
1.0327745351733262
1.0327745351733262
1.032504624765809
1.0313235581905615
1.0313235581905615
1.0313235581905615
1.0313235581905615
1.0313235581905615
1.033265061806943
1.033265061806943
1.033265061806943
1.0331190418031713
1.0331190418031713
1.0331190418031713
1.0336216719586528
1.0336216719586528
1.0336216719586528
1.0336216719586528
1.0347036972786432
1.0344355911418692
1.0344355911418692
1.0344355911418692
1.0344355911418692
1.0344355911418692
1.0344355911418692
1.0326418745680606
1.0322748933728587
1.0345789900501245
1.0345789900501245
1.0351395432853294
1.0351395432853294
1.034466847898523
1.0333571585123247
1.0333571585123247
1.0333571585123247
1.0333571585123247
1.0333571585123247
1.033694167110573
1.0341818174843562
1.0341818174843562
1.0341818174843562
1.0341126971025758
1.0341126971025758
1.0341126971025758
1.0346775139836801
1.0346775139836801
1.0346775139836801
1.0346775139836801
1.0346775139836801
1.0363071960574142
1.0363071960574142
1.0363071960574142
1.0363071960574142
1.0363071960574142
1.0366211036416
1.0345941803871053
1.0334113291149523
1.0302009046929828
1.0298250841708834
1.0297201219255279
1.0278250981894905
1.0278250981894905
1.0290603957126072
1.030296933935845
1.030296933935845
1.030296933935845
1.0319623667012454
1.0331954445836955
1.0343710490017273
1.0343710490017273
1.0343710490017273
1.0343710490017273
1.0343710490017273
1.034855986942826
1.0335928662728504
1.0351354136924353
1.035408425847943
1.0360887403287962
1.0360887403287962
1.0327687493099018
1.0327687493099018
1.0334594560056924
1.0334594560056924
1.0326679389753664
1.0326679389753664
1.0323951166573466
1.0323951166573466
1.0314272119810224
1.0314272119810224
1.0314272119810224
1.0309377356573892
1.0309377356573892
1.0309377356573892
1.0309377356573892
1.0306345497087543
1.0329354603467535
1.0329354603467535
1.0329354603467535
1.0332275896884497
1.0321657574321872
1.0321657574321872
1.032900684383342
1.032900684383342
1.032900684383342
1.0297255715575577
1.0297255715575577
1.0297255715575577
1.0297255715575577
1.0277418679399564
1.0285500579001037
1.0304516133463768
1.0304516133463768
1.031376553344028
1.031376553344028
1.031376553344028
1.0322399685449475
1.0322399685449475
1.0329418711947977
1.0329418711947977
1.0329418711947977
1.0341178667272497
1.034414735720432
1.034414735720432
1.034414735720432
1.03275435348338
1.03275435348338
1.03275435348338
1.030492481149258
1.030492481149258
1.030492481149258
1.0317219324190836
1.0313647394474166
1.0313647394474166
1.0313625681719405
1.0313625681719405
1.0291915110558216
1.0291915110558216
1.0291915110558216
1.0291915110558216
1.0291915110558216
1.0291915110558216
1.0291915110558216
1.0285480980298762
1.029826363841578
1.029826363841578
1.029826363841578
1.029826363841578
1.029826363841578
1.029826363841578
1.029826363841578
1.0307648321009346
1.0307648321009346
1.0308918654542882
1.0319167824336828
1.0319167824336828
1.0319167824336828
1.0319167824336828
1.0319167824336828
1.0319167824336828
1.0319167824336828
1.0302698917548725
1.0302698917548725
1.0292768473230238
1.0294556539358508
1.0301968074429144
1.0292590073772618
1.0292590073772618
1.0292590073772618
1.0282813159622395
1.028782925840536
1.028782925840536
1.0307287583513534
1.0310768003772075
1.0323891034159964
1.0316807781656558
1.0316807781656558
1.0339834395678142
1.034620813288454
1.0333830429833142
1.0340528885333087
1.0340528885333087
1.0340528885333087
1.0340528885333087
1.0317598477365884
1.031454867769131
1.0326165016215976
1.0326165016215976
1.0326165016215976
1.0326165016215976
1.0340981836503078
1.0340981836503078
1.0340981836503078
1.0340981836503078
1.0340981836503078
1.0340981836503078
1.0340981836503078
1.0340981836503078
1.0332804517637268
1.0332804517637268
1.0340514071579692
1.0340514071579692
1.0340514071579692
1.0340514071579692
1.0340514071579692
1.0340863871317276
1.0350804764109862
1.0350804764109862
1.0338468036666886
1.0371824698053425
1.0371824698053425
1.0371824698053425
1.0394153646641655
1.0395537262164734
1.037591182431589
1.037591182431589
1.0358931876291455
1.033602419162606
1.033602419162606
1.033602419162606
1.0384795161261529
1.0384795161261529
1.0395804581935841
1.0395804581935841
1.0395804581935841
1.0395804581935841
1.0395804581935841
1.0395804581935841
1.0384541047296059
1.0384541047296059
1.0384541047296059
1.0384541047296059
1.0384541047296059
1.0395198442210098
1.0395198442210098
1.0395198442210098
1.0356852443768385
1.0390469672486127
1.0390469672486127
1.0390469672486127
1.0390469672486127
1.0390469672486127
1.0404701139935901
1.0404701139935901
1.0412153552922454
1.0412153552922454
1.0412153552922454
1.040962490019567
1.040962490019567
1.0379133481643403
1.0379133481643403
1.0379133481643403
1.0385621761003359
1.0380786952200987
1.0380786952200987
1.0380786952200987
1.0390507706620138
1.0385782188370367
1.0385782188370367
1.0385782188370367
1.0385782188370367
1.0367926847008708
1.0350630495078292
1.0330709663457813
1.0330709663457813
1.0330709663457813
1.0330709663457813
1.0330709663457813
1.0330709663457813
1.0335992140037005
1.0333830728951434
1.0353368532596434
1.0353368532596434
1.0353368532596434
1.0352511356216232
1.0357837782556472
1.0357837782556472
1.0357837782556472
1.0357837782556472
1.0357837782556472
1.0360216672158409
1.0366507298602265
1.0355352910860023
1.0355352910860023
1.0355352910860023
1.0301068959494215
1.0327922935962779
1.0327922935962779
1.0327922935962779
1.0311109238016045
1.0311109238016045
1.03237551370578
1.03237551370578
1.0310233319155073
1.0310233319155073
1.0316832732383505
1.030680860939057
1.030680860939057
1.030680860939057
1.0304696645613731
1.0304696645613731
1.031197129301533
1.0316831375214008
1.0316831375214008
1.0322381043630147
1.029695189766013
