0.9516889309366131
0.9516889309366131
0.9516889309366131
0.9516889309366131
0.9516889309366131
0.9516889309366131
0.9516889309366131
0.9516889309366131
0.9516889309366131
0.9516889309366131
0.9516889309366131
0.9516889309366131
0.9516889309366131
0.9516889309366131
0.9516889309366131
0.9516889309366131
0.9516889309366131
0.9516889309366131
0.9516889309366131
0.9516889309366131
0.9516889309366131
0.9516889309366131
0.9516889309366131
0.9516889309366131
0.9516889309366131
0.9516889309366131
0.9516889309366131
0.9516889309366131
0.9516889309366131
0.9516889309366131
0.9516889309366131
0.9516889309366131
0.9516889309366131
0.9516889309366131
0.9516889309366131
0.9516889309366131
0.9516889309366131
0.9516889309366131
0.9516889309366131
0.9516889309366131
0.9516889309366131
0.9516889309366131
0.9516889309366131
0.9516889309366131
0.9516889309366131
0.9516889309366131
0.9516889309366131
0.9516889309366131
0.9516889309366131
0.9516889309366131
0.9516889309366131
0.9516889309366131
0.9516889309366131
0.9516889309366131
0.9516889309366131
0.9516889309366131
0.9516889309366131
0.9516889309366131
0.9516889309366131
0.9516889309366131
0.9516889309366131
0.9516889309366131
0.9516889309366131
0.9516889309366131
0.9516889309366131
0.9516889309366131
0.9516889309366131
0.9516889309366131
0.9516889309366131
0.9516889309366131
0.9516889309366131
0.9516889309366131
0.9516889309366131
0.9516889309366131
0.9516889309366131
0.9516889309366131
0.9516889309366131
0.9516889309366131
0.9516889309366131
0.9516889309366131
0.9516889309366131
0.9516889309366131
0.9516889309366131
0.9516889309366131
0.9516889309366131
0.9516889309366131
0.9516889309366131
0.9516889309366131
0.9516889309366131
0.9516889309366131
0.9516889309366131
0.9516889309366131
0.9516889309366131
0.9516889309366131
0.9516889309366131
0.9516889309366131
0.9516889309366131
0.9516889309366131
0.9516889309366131
0.9519660039929415
0.9519660039929415
0.9520162288088613
0.9521161260480744
0.9521161260480744
0.9551554041521165
0.9551554041521165
0.9569699952862009
0.958932790149158
0.958932790149158
0.9585899695928576
0.9585899695928576
0.959772723512299
0.961142555210386
0.961142555210386
0.9611684265924756
0.9620559909783848
0.964125896189162
0.9642982501414837
0.9655341749554442
0.9655341749554442
0.9650821230185817
0.9650821230185817
0.9650821230185817
0.9650821230185817
0.970240026079802
0.9700467773052593
0.9719995024352388
0.9725284389702967
0.9723825132709637
0.9735298678355179
0.9748623511637555
0.9775352570944769
0.9749615067541583
0.9749615067541583
0.9749615067541583
0.9763318853395565
0.9763318853395565
0.9764960342313208
0.9789395351830885
0.9789395351830885
0.9794122111070331
0.982779670483633
0.982779670483633
0.982779670483633
0.986849384635011
0.9891805003791699
0.9930635831069687
0.9930635831069687
0.9930635831069687
0.995863239407882
0.995863239407882
0.9965294403428654
0.9965294403428654
0.9965294403428654
0.9984720998467875
0.9984720998467875
0.9984720998467875
0.9984720998467875
0.9984720998467875
0.9985209759536648
0.9985209759536648
0.9987025987903734
0.9985769618653974
0.9975150959349173
0.9978996799637793
1.00163934243933
1.0037977358302776
1.0037977358302776
1.0045530313502686
1.0047485934862952
1.0047485934862952
1.0047485934862952
1.0047485934862952
1.0047485934862952
1.00732458794759
1.00732458794759
1.00732458794759
1.0157089747516674
1.015331529262166
1.0164558055756654
1.0164558055756654
1.0186154988588028
1.0186154988588028
1.0186154988588028
1.0186154988588028
1.020346381760683
1.020346381760683
1.0205811248925265
1.0205811248925265
1.0205811248925265
1.0205811248925265
1.0204447895853745
1.0231566787547186
1.0231566787547186
1.0208519171467705
1.0219879814298602
1.021443676430484
1.0218295438364784
1.0218295438364784
1.0222535001222446
1.0222535001222446
1.0196631760003834
1.0196631760003834
1.02106722504554
1.02106722504554
1.0228850005759642
1.0239468418570947
1.0239468418570947
1.0239468418570947
1.0239468418570947
1.0204567934050752
1.0204567934050752
1.0204567934050752
1.022153426235295
1.022153426235295
1.022153426235295
1.022153426235295
1.022153426235295
1.022153426235295
1.022153426235295
1.022496185137215
1.022496185137215
1.022496185137215
1.026424062035546
1.026424062035546
1.0258125017804791
1.0258125017804791
1.025122287436795
1.025122287436795
1.025122287436795
1.0263521259509236
1.0263521259509236
1.0263597251485266
1.0263597251485266
1.0263597251485266
1.0263597251485266
1.0263597251485266
1.0266408925868282
1.0266408925868282
1.0267334172073768
1.0267334172073768
1.02711863499577
1.0236275441576406
1.0236275441576406
1.0246913504030735
1.0241909741558637
1.0241909741558637
1.0241909741558637
1.0241909741558637
1.0242284849856924
1.0242886978366597
1.0242886978366597
1.0242886978366597
1.0242886978366597
1.0231942974227919
1.0231942974227919
1.0220599974798052
1.0220599974798052
1.0244079519988654
1.0244079519988654
1.0244079519988654
1.0244079519988654
1.0244079519988654
1.0248443502475013
1.0241725375572759
1.0241517047419093
1.0236599251642415
1.0247947513927183
1.0247947513927183
1.0247947513927183
1.0247947513927183
1.0247947513927183
1.0256126752950485
1.0270227208143363
1.0270227208143363
1.0270227208143363
1.0262539434486708
1.0262539434486708
1.0262539434486708
1.0262539434486708
1.0262539434486708
1.0262207461761703
1.0262207461761703
1.0262207461761703
1.0278156854267522
1.0278156854267522
1.0282838640412062
1.0282838640412062
1.0282838640412062
1.0282838640412062
1.0282838640412062
1.0280108347962809
1.0280108347962809
1.0280108347962809
1.0259241743617942
1.0259241743617942
1.0259241743617942
1.0271816475770608
1.0260141692487816
1.0260141692487816
1.025813613650906
1.025694737100056
1.025694737100056
1.025694737100056
1.025694737100056
1.0251120093465464
1.0251120093465464
1.0251120093465464
1.0251120093465464
1.0251120093465464
1.0273569969788434
1.0273569969788434
1.0273569969788434
1.0273569969788434
1.0270410481066796
1.0270410481066796
1.0270410481066796
1.0270410481066796
1.0265782935569001
1.0265782935569001
1.0265782935569001
1.0265782935569001
1.026226070638527
1.0286217585749649
1.0282938892455054
1.0282938892455054
1.0282938892455054
1.025215129862195
1.026709985513292
1.026709985513292
1.026709985513292
1.0251520362839794
1.026173818150928
1.026099590289404
1.026099590289404
1.026099590289404
1.026099590289404
1.026099590289404
1.026099590289404
1.0263763017522245
1.0263763017522245
1.0263763017522245
1.0263763017522245
1.0220198167014158
1.0220198167014158
1.0211574319048937
1.0227242052814856
1.0222578969045433
1.0222578969045433
1.022673948227954
1.022673948227954
1.022673948227954
1.0224146958056763
1.0227948408113448
1.0227948408113448
1.0227948408113448
1.023248522671327
1.023248522671327
1.0247302159560097
1.0241031844609105
1.02345464207246
1.02345464207246
1.02345464207246
1.0256840267868181
1.0254340122396204
1.0232356936482927
1.0239085433235067
1.0240449910043565
1.0240449910043565
1.026466260333834
1.026466260333834
1.026466260333834
1.026466260333834
1.0287877031588835
1.0287877031588835
1.0296291082344597
1.0288221090875012
1.0288221090875012
1.0288221090875012
1.0288221090875012
1.0288221090875012
1.0301357019714452
1.0291130885116024
1.0291130885116024
1.0291130885116024
1.0291130885116024
1.0291130885116024
1.0291130885116024
1.0291130885116024
1.0291130885116024
1.0278128722794722
1.0278128722794722
1.0238231741922919
1.0221764431108515
1.0222422954632153
1.0233577423493847
1.022590817796083
1.022590817796083
1.0218820313830626
1.0229383489835904
1.0229383489835904
1.021816966757469
1.021816966757469
1.0218371414397496
1.0218371414397496
1.0218371414397496
1.0254400672963535
1.0266828272907995
1.0262331144939556
1.0262331144939556
1.0262331144939556
1.0262331144939556
1.028705373621891
1.028705373621891
1.028705373621891
1.028705373621891
1.028705373621891
1.026899550841926
1.0261899155410352
1.0261899155410352
1.0282896019179228
1.0282896019179228
1.0282896019179228
1.0280120026373611
1.0280120026373611
1.02628007293242
1.02628007293242
1.0280852240007299
1.02599860429163
1.0272708930565257
1.0272708930565257
1.0266479131033697
1.0263545283295112
1.0263545283295112
1.0263545283295112
1.0263545283295112
1.0263545283295112
1.0263545283295112
1.0263545283295112
1.0263545283295112
1.0254543061425616
1.0254543061425616
1.0254543061425616
1.0254543061425616
1.0254543061425616
1.0254543061425616
1.0254543061425616
1.024893803886013
1.024893803886013
1.024893803886013
1.0258236269047505
1.0258236269047505
1.0258236269047505
1.0258236269047505
1.0258236269047505
1.0258236269047505
1.0258236269047505
1.0257524900626867
1.025846496316455
1.0262066354505524
1.0249833195852427
1.0229661177280753
1.0229661177280753
1.0229661177280753
1.0229661177280753
1.0229661177280753
1.0245262910695105
1.0245262910695105
1.0279272838896494
1.0279272838896494
1.0279272838896494
1.0266605485643034
1.025869727759093
1.025869727759093
1.027414659149389
1.027460435087876
1.027460435087876
1.027460435087876
1.0288172975547312
1.0288172975547312
1.0290865446019
1.0290865446019
1.0290865446019
1.0290865446019
1.0290865446019
1.0292747465181609
1.0292747465181609
1.0292747465181609
1.0305375366951106
1.0311672700036003
1.0311672700036003
1.0323254363150107
1.0297846290677535
1.0312500712120236
1.029879057043302
1.029879057043302
1.029879057043302
1.029879057043302
1.029879057043302
1.029879057043302
1.029879057043302
1.029879057043302
1.029879057043302
1.029879057043302
1.029879057043302
1.029879057043302
1.0323803145481745
1.0320291259731018
1.0320291259731018
1.0320291259731018
1.0320291259731018
1.0320291259731018
1.032153438350354
1.0303368372485897
1.0303368372485897
1.0303368372485897
1.0310247301841282
1.0310247301841282
1.0310247301841282
1.027056794767982
1.0275266917355574
1.0275266917355574
1.0275266917355574
1.0275266917355574
1.0271346724799029
1.0257229082168515
1.0257229082168515
1.0257229082168515
1.0257229082168515
1.0257229082168515
1.0257229082168515
1.0257229082168515
1.0257229082168515
1.0257229082168515
1.0275845072700232
1.0275845072700232
1.0292944935477533
1.0292944935477533
1.0256753890594177
1.0270917980471086
1.0270917980471086
1.0272011909846515
1.0288981868685625
1.0323845009671802
1.0323845009671802
1.0323845009671802
1.0323845009671802
1.0323845009671802
1.0323845009671802
1.0323845009671802
1.0323845009671802
1.0310535094384616
1.02999919792738
1.02999919792738
1.0299598715107308
1.0299449614832015
1.0288949807347034
1.0288949807347034
1.0295635422390856
1.026702047542089
1.0274479304787165
1.0274479304787165
1.0267619809768531
1.0279304790372887
1.0279304790372887
1.0264728674421044
1.0256115256352953
1.0256115256352953
1.0256115256352953
1.0256115256352953
1.0256442020598533
1.023763016621445
1.023763016621445
1.023763016621445
1.0232816178629671
1.0232816178629671
1.0232816178629671
1.0237707844771378
1.0237707844771378
1.0264329001573134
1.026047535556827
1.026047535556827
1.026047535556827
1.0287196129883445
1.0287196129883445
1.0266417294451045
1.0266417294451045
1.0246375396175318
1.0246375396175318
1.0203139192679607
1.0212732665312962
1.0192923038412618
1.0239544709751822
1.0244847717874115
1.0244847717874115
1.0233318054556533
1.0233318054556533
1.0233318054556533
1.0233318054556533
1.0237894899152948
1.0237894899152948
1.0237894899152948
1.0237894899152948
1.0258825252882067
1.0265605501830692
1.0265605501830692
1.0265605501830692
1.0256751496163508
1.0256751496163508
1.0252450658729373
1.0252450658729373
1.0245911080111505
1.021216163350518
1.0230625802952316
1.0230625802952316
1.0230625802952316
1.0230625802952316
1.0230625802952316
1.022769154449667
1.0259584203562375
1.0259584203562375
1.0255794680655446
1.0254290364363876
1.0258686193374507
1.0270309533459612
1.0270309533459612
1.024435377986584
1.0245971987417328
1.027270146560506
1.027270146560506
1.027270146560506
1.027270146560506
1.026641624031889
1.026641624031889
1.026641624031889
1.026641624031889
1.0242240251056878
1.0247563652344804
1.0247563652344804
1.0247563652344804
1.0229124675544519
1.0238972440378766
1.0238972440378766
1.0238972440378766
1.0238972440378766
1.0238972440378766
1.023978826783703
1.0235442737814024
1.0236712550199096
1.0243785370906513
1.0253301968650093
1.0262105033804747
1.0262105033804747
1.0250253157231712
1.0244870683941072
1.0246910326564593
1.0246910326564593
1.0269548049624628
1.0269548049624628
1.0281343465517918
1.0281343465517918
1.0281343465517918
1.0299581930266364
1.0283486494800431
1.0293627887195198
1.0294026816120803
1.027470163110112
1.027470163110112
1.027470163110112
1.027470163110112
1.027470163110112
1.027470163110112
1.027470163110112
1.0262502978615944
1.0262502978615944
1.027176268177595
1.027176268177595
1.0272070791771708
1.0272070791771708
1.0255812408885643
1.0242912318266864
1.0244007615340616
1.0244007615340616
1.0244007615340616
1.0244007615340616
1.0249342584940047
1.0249342584940047
1.0249342584940047
1.0270199492498502
1.0270199492498502
1.0270199492498502
1.0270199492498502
1.0270199492498502
1.0275082961373823
1.0275082961373823
1.0275082961373823
1.0258958016556592
1.0266292913256583
1.0266292913256583
1.0256630973235197
1.0256746679102633
1.0256746679102633
1.0256746679102633
1.026667369228659
1.026667369228659
1.026667369228659
1.026667369228659
1.026667369228659
1.0270270179271221
1.0270270179271221
1.0243878572523055
1.0243878572523055
1.0243878572523055
1.0238182931856254
1.0241054873300657
1.0241054873300657
1.0241054873300657
1.0237238643083935
1.0247795127171861
1.0247795127171861
1.0261024626211386
1.0261024626211386
1.0261024626211386
1.0261024626211386
1.0261024626211386
1.0261024626211386
1.0261024626211386
1.0261024626211386
1.0261024626211386
1.02665504680404
1.02665504680404
1.0240472790129522
1.0240472790129522
1.0240472790129522
1.0243872633123663
1.0243872633123663
1.0243872633123663
1.0243872633123663
1.0243872633123663
1.0259963371155727
1.0259963371155727
1.0264038618030586
1.0264038618030586
1.0264038618030586
1.0266188708236748
1.0287404593508451
1.0287404593508451
1.0277425886035136
1.0260404766788902
1.0260404766788902
1.0260404766788902
1.0260404766788902
1.0260404766788902
1.026131386690416
1.026131386690416
1.0270804338400568
1.0267637239522514
1.026249561334337
1.026249561334337
1.026249561334337
1.0271950392279272
1.0271950392279272
1.0270014290739915
1.0270014290739915
1.0271372956101876
1.0271372956101876
1.0259583303895403
1.0259583303895403
1.026522663546309
1.0259763528302452
1.0277388128574465
1.0277388128574465
1.0277388128574465
1.0300065122783097
1.0300065122783097
1.0300065122783097
1.0300065122783097
1.0300065122783097
1.0300065122783097
1.0295145887992696
1.0295145887992696
1.0295145887992696
1.0295145887992696
1.0296697729957216
1.0296697729957216
1.0296697729957216
1.0326220387856353
1.0308613656910577
1.0308613656910577
1.032115907295606
1.032115907295606
1.0300169654738789
1.0300169654738789
1.0313020222678102
1.0313020222678102
1.0276942815596106
1.0276942815596106
1.0233522116445553
1.0227648133227194
1.023325760120983
1.023325760120983
1.023325760120983
1.0243839575368778
1.0255908599534396
1.0262380585934365
1.0229807572622873
1.0223886515798883
1.0223886515798883
1.0218799485524623
1.0218799485524623
1.0218799485524623
1.0218799485524623
1.0218799485524623
1.0218799485524623
1.0218799485524623
1.0225116289456329
1.0225507092276003
1.0225507092276003
1.0237777727886608
1.0231339690906354
1.0231339690906354
1.0256374749605066
1.0250309146945502
1.023746002073611
1.023746002073611
1.023746002073611
1.023746002073611
1.023746002073611
1.0250820563137153
1.0250820563137153
1.022297942562127
1.022297942562127
1.022297942562127
1.022297942562127
1.0230042634521275
1.0230042634521275
1.0230042634521275
1.0243478791714622
1.0243478791714622
1.0244481460479973
1.0240153006187105
1.025520260539518
1.025520260539518
1.0262667690986784
1.0262667690986784
1.0259384357690688
1.0259384357690688
1.0259384357690688
1.0259384357690688
1.0259384357690688
1.026719201616282
1.030003362300988
1.030003362300988
1.030003362300988
1.02956823348845
1.026751978843986
1.026751978843986
1.0294549911545636
1.0274965173436785
1.0274965173436785
1.0274965173436785
1.0274965173436785
1.0274965173436785
1.0274965173436785
1.0289928965337987
1.0291816416255435
1.02850866546415
1.028205947185135
1.0283950199073741
1.0283950199073741
1.026077564481362
1.0239792567227946
1.0239792567227946
1.0239792567227946
1.0239792567227946
1.0239792567227946
1.022789845807223
1.022789845807223
1.022789845807223
1.022789845807223
1.022789845807223
1.022789845807223
1.022789845807223
1.022789845807223
1.022789845807223
1.022789845807223
1.0226593369421049
1.0226593369421049
1.0226593369421049
1.0226593369421049
1.023620521858213
1.023620521858213
1.0230872668766153
1.0230872668766153
1.0230872668766153
1.0230872668766153
1.0230872668766153
1.0221014086799136
1.0221014086799136
1.0221014086799136
1.0221014086799136
1.0221014086799136
1.023381445168973
1.023381445168973
1.023381445168973
1.0247089311998052
1.0247089311998052
1.0238763173619776
1.0238763173619776
1.0238763173619776
1.0251149406273798
1.0251149406273798
1.0251149406273798
1.0251149406273798
1.0251149406273798
1.0251149406273798
1.0251149406273798
1.0251149406273798
1.0251149406273798
1.0243763620935655
1.0243763620935655
1.0220228809464007
1.0241179566212066
1.0241179566212066
1.024340956094457
1.0244521050192354
1.0244521050192354
1.0244521050192354
1.0244521050192354
1.0244521050192354
1.0244521050192354
1.0265518266877973
1.0265518266877973
1.0265518266877973
1.0283629793709401
1.0283629793709401
1.027415889689821
1.027415889689821
1.0255041088382726
1.0255041088382726
1.0252230008042378
1.0252230008042378
1.0262268317933898
1.0262268317933898
1.0258186575160742
1.0258186575160742
1.0257754870072358
1.0299140290211803
1.0299140290211803
1.0299140290211803
1.0299140290211803
1.029241765282426
1.029241765282426
1.030344029051366
1.030344029051366
1.030344029051366
1.030344029051366
1.030344029051366
1.030344029051366
1.030344029051366
1.030344029051366
1.0300874548060317
1.0285953244666675
1.0278914611470868
1.0278914611470868
1.0278914611470868
1.025866143070251
1.025866143070251
1.0268149590256725
1.0268149590256725
1.0268149590256725
1.0251697760320109
1.0251697760320109
1.0251697760320109
1.0251697760320109
1.0251697760320109
1.0236229964608676
1.0236229964608676
1.0245053820692012
1.0245053820692012
1.0253752399519283
1.023491136271372
1.023491136271372
1.023491136271372
1.023491136271372
1.023491136271372
1.023491136271372
1.025642684238541
1.025642684238541
1.025642684238541
1.0254136440312143
1.0275030116729749
1.02888605112076
1.0268060064510396
1.0268060064510396
1.0268060064510396
1.0274071430651697
1.0274071430651697
1.0274071430651697
1.0274071430651697
1.0274071430651697
1.0271016360619794
1.0271016360619794
1.0271016360619794
1.0267539871281057
1.0267539871281057
1.0267539871281057
1.0267539871281057
1.0268355028282883
1.0268355028282883
1.0268355028282883
1.0268355028282883
1.0268355028282883
1.0268355028282883
1.0268355028282883
1.0268355028282883
1.0254754318757744
1.0259742665999976
1.0259742665999976
1.0253480359619649
1.0253480359619649
1.0281299641397585
1.0281299641397585
1.0246252225341221
1.0246252225341221
1.0246252225341221
1.0246252225341221
1.0246252225341221
1.0246252225341221
1.0281043375160117
1.0240020987107277
1.0269660606980462
1.0269660606980462
1.0273719602374978
1.025817155920803
1.025817155920803
1.025817155920803
1.0246678178978061
1.0246678178978061
1.0246678178978061
1.0246678178978061
1.0246678178978061
1.0246678178978061
1.0267614400041405
1.026058764422536
1.026058764422536
1.026058764422536
1.0261552440301636
1.0261552440301636
1.0261552440301636
1.0261552440301636
1.0268881863419062
1.0268881863419062
1.0268881863419062
1.0268143976158148
1.0268143976158148
1.0273011217122037
1.0273011217122037
1.0273011217122037
1.0253815936813069
1.0253815936813069
1.027048289301982
1.0261191382792159
1.024721834676672
1.0250388565910105
1.0241241009649797
1.0241241009649797
1.0241241009649797
1.0276176016057914
1.0276176016057914
1.0276176016057914
1.0276176016057914
1.0282535789199203
1.0252620623591377
1.0252620623591377
1.0252620623591377
1.0252620623591377
1.0252620623591377
1.0271938193275585
1.0271938193275585
1.0276398380326528
1.0276398380326528
1.0272666597603233
1.0272666597603233
1.0272666597603233
1.0272666597603233
1.0272666597603233
1.0272666597603233
1.0272666597603233
1.0272666597603233
1.0295238931100112
1.0295238931100112
1.029261120188801
1.029261120188801
1.029261120188801
1.029261120188801
1.029261120188801
1.029261120188801
1.027148269118064
1.027148269118064
1.0265470894551312
1.0265470894551312
1.0265470894551312
1.0263967361799098
1.0263967361799098
1.0263967361799098
1.0290204303082229
1.0289496553765407
1.0289496553765407
1.028742083956659
1.030849221861721
1.0282732248655084
1.0282732248655084
1.0282732248655084
1.0282732248655084
1.0290788461124578
1.0290788461124578
1.0290788461124578
1.02655551676341
1.0292886662405383
1.0292886662405383
1.0292886662405383
1.0293266009918052
1.0293266009918052
1.0293266009918052
1.0293266009918052
1.0276970167904649
1.0276970167904649
1.0276970167904649
1.0276970167904649
1.0276970167904649
1.0276970167904649
1.0285881558950092
1.0285881558950092
1.0303421201387601
1.0288591177191466
1.0288591177191466
1.0288591177191466
1.0288591177191466
1.0288591177191466
1.0288750472961248
1.0288750472961248
1.0288750472961248
1.0288750472961248
1.0288750472961248
1.031564553365839
1.0313931917908417
1.032654097523971
1.0308531253593085
1.0308531253593085
1.0308531253593085
1.032289679740974
1.032289679740974
1.032289679740974
1.032289679740974
1.0317406935249285
1.032767695385052
1.0292788794902707
1.0292788794902707
1.0292788794902707
1.0292788794902707
1.0292788794902707
1.0315513512919383
1.0299162664465304
1.0299162664465304
1.0299162664465304
1.0299162664465304
1.0299162664465304
1.0299162664465304
1.0299162664465304
1.0299162664465304
1.0294422943893362
1.029245053629584
1.029245053629584
1.0292700913727604
1.0292700913727604
1.0292700913727604
1.0287038582159755
1.0276998070229908
1.0295335918924073
1.029954576818768
1.029954576818768
1.0292252617229014
1.0292252617229014
1.0292252617229014
1.029196044822029
1.029196044822029
1.0287202283934147
1.0276460337251137
1.0281214845985194
1.0281214845985194
1.024200177953584
1.024200177953584
1.02543500098746
1.02543500098746
1.02543500098746
1.02543500098746
1.02543500098746
1.02543500098746
1.02543500098746
1.0285627568570548
1.0287042667970403
1.0264581649082667
1.0264581649082667
1.0255010393493034
1.0255010393493034
1.0255010393493034
1.0255010393493034
1.0255010393493034
1.0255010393493034
1.0255010393493034
1.0247336358552885
1.0247336358552885
1.0247336358552885
1.0247336358552885
1.0239082859895223
1.024463782533667
1.0246670438727286
1.0261074465471633
1.0289215752386645
1.0289215752386645
1.0298041225941061
1.0295940366412
1.0298033141713112
1.0309076476030692
1.0309966395548555
1.0309966395548555
1.0286633586413028
1.0286633586413028
1.0293599497161585
1.0299711581850923
1.0276611081993814
1.0273191697147428
1.0273191697147428
1.0274806483443277
1.0282241788487017
1.0271458809292457
1.0258727367811773
1.0258727367811773
1.0258727367811773
1.0258727367811773
1.026966150717658
1.026966150717658
1.0261070556019887
1.0241378535590842
1.0241378535590842
1.0241378535590842
1.0241378535590842
1.0246295972913
1.0237393814110298
1.0234965308467405
1.0234965308467405
1.02289854850318
1.0232518558205452
1.0232518558205452
1.0232518558205452
1.0244239799256063
1.0244239799256063
1.0246938443333278
1.0246938443333278
1.0246938443333278
1.0257922299278288
1.0257922299278288
1.02792650907304
1.02792650907304
1.027318454487741
1.027318454487741
1.029150251455492
1.0271656162710587
1.0271656162710587
1.0271656162710587
1.0271656162710587
1.0271656162710587
1.0271656162710587
1.0295359749143065
1.0280920670315736
1.0280920670315736
1.0280920670315736
1.0280920670315736
1.028085546056788
1.0279777253560494
1.0279777253560494
1.0264993677327265
1.0268601411042826
1.0260675081849329
1.0260675081849329
1.0257595708534561
1.0240176661240565
1.0240176661240565
1.0240176661240565
1.0256161513782451
1.0256161513782451
1.02466091201869
1.02466091201869
1.0243145468160113
1.0243145468160113
1.0243147646968578
1.026713369734983
1.024411767058496
1.0239405606976122
1.0298855815534786
1.0298855815534786
1.0298855815534786
1.0298855815534786
1.0298855815534786
1.0298855815534786
1.0298855815534786
1.0298855815534786
1.0298855815534786
1.0298855815534786
1.030552522212403
1.0323729274084004
1.02989165417995
1.02989165417995
1.02989165417995
1.02989165417995
1.02989165417995
1.02989165417995
1.02989165417995
1.029018933965967
1.029018933965967
1.029018933965967
1.029018933965967
1.029018933965967
1.0262301036276475
1.0235359661543248
1.0235359661543248
1.0235359661543248
1.024005436119245
1.024005436119245
1.024005436119245
1.0256534116636207
1.0256534116636207
1.0256534116636207
1.0256534116636207
1.0252860939131723
1.0252860939131723
1.0255568738718275
1.0255568738718275
1.0255568738718275
1.0255568738718275
1.024171000959745
1.0243892091607867
1.0259815405866495
1.0235618484000555
1.022830760740552
1.0227336001280625
1.024154533634164
1.0240343203652964
1.024321186362084
1.02325615913392
1.02325615913392
1.02325615913392
1.02325615913392
1.025051896240586
1.0251019088940716
1.0251019088940716
1.0251019088940716
1.0247921033550949
1.0247921033550949
1.0262643532653413
1.0262643532653413
1.0249680413734485
1.0249680413734485
1.0274728004481288
1.0274728004481288
1.0288623918672724
1.0279477994947979
1.026694164787612
1.0264537981873685
1.0264537981873685
1.0272726789446827
1.0272726789446827
1.0272726789446827
1.0272726789446827
1.0272726789446827
1.0272726789446827
1.0264125922861285
1.0264125922861285
1.0264125922861285
1.0266198366267725
1.027937082516522
1.0328674230167754
1.029630709899147
1.029630709899147
1.0300690616280619
1.0300690616280619
1.0300690616280619
1.0300690616280619
1.0304428643655332
1.0304428643655332
1.0304428643655332
1.0293051391015071
1.0293051391015071
1.0293051391015071
1.0293051391015071
1.0293051391015071
1.0293051391015071
1.0293051391015071
1.0291556189740834
1.0291556189740834
1.0291556189740834
1.0311236658497431
1.0311236658497431
1.0311236658497431
1.0311236658497431
1.0311236658497431
1.0323173950434643
1.0323173950434643
1.0323173950434643
1.0323173950434643
1.033142049847286
1.033142049847286
1.033142049847286
1.033142049847286
1.0307727489276233
1.0332535035829709
1.0332535035829709
1.0332535035829709
1.0332535035829709
1.0332535035829709
1.0320301398999605
1.0320301398999605
1.0333722837770252
1.0333722837770252
1.0333313209141746
1.0333313209141746
1.0335368839152879
1.0335368839152879
1.0335368839152879
1.0335368839152879
1.0335368839152879
1.0332722822380687
1.0350098092906195
1.0350098092906195
1.0350098092906195
1.0346974388279429
1.03387928611268
1.0339724163735668
1.0333413024128975
1.033766885446258
1.032782015326506
1.032782015326506
1.033043389454791
1.0326664751803576
1.0337041984064383
1.0337041984064383
1.0357640162167123
1.0357640162167123
1.0332359375876274
1.0332359375876274
1.0334539805193321
1.0334539805193321
1.0334539805193321
1.0334539805193321
1.0341938990545223
1.0352930401235358
1.0352930401235358
1.036775193642856
1.036775193642856
1.0366415180187574
1.0366415180187574
1.0366415180187574
1.0366415180187574
1.0364717266341186
1.0364717266341186
1.0364717266341186
1.0364717266341186
1.0364717266341186
1.0364717266341186
1.0364717266341186
1.0357592319101536
1.0353427967555293
1.0324012605666375
1.0324012605666375
1.0313887755539357
1.0313887755539357
1.0326899230969306
1.0326899230969306
1.0326899230969306
1.029966137798212
1.0315670977906637
1.0314457125857452
1.0316522025892494
1.0316522025892494
1.0326121172705904
1.0326121172705904
1.0326121172705904
1.0326121172705904
1.0313941513209124
1.0313941513209124
1.0313941513209124
1.0311175219915447
1.0311175219915447
1.0311175219915447
1.0311175219915447
1.0311175219915447
1.0311175219915447
1.0311175219915447
1.0311175219915447
1.0311175219915447
1.0312061219413473
1.0321698386589369
1.0321698386589369
1.0314158368173554
1.0314158368173554
1.0314158368173554
1.0314158368173554
1.0314158368173554
1.0299486492986774
1.0299486492986774
1.029727910582272
1.0289391342181433
1.0289391342181433
1.0289391342181433
1.0316605793410774
1.0316605793410774
1.0316605793410774
1.0316605793410774
1.0316605793410774
1.032607548717951
1.0336666181262157
1.0351323594697524
1.0351323594697524
1.0360804281546798
1.0371447827603202
1.0371447827603202
1.0371447827603202
1.0352972012762436
1.0352859081257653
1.0343510810056002
1.0343510810056002
1.0343510810056002
1.0343510810056002
1.0302088754169647
1.0302088754169647
1.031180353619499
1.031180353619499
1.031180353619499
1.031180353619499
1.031180353619499
1.031180353619499
1.031180353619499
1.0325830848023834
1.0325830848023834
1.0320575853711027
1.0320575853711027
1.0320575853711027
1.0330780487408304
1.0318102429206013
1.0318102429206013
1.0318102429206013
1.0318102429206013
1.0318102429206013
1.0316189464733907
1.0296847283991557
1.0296847283991557
1.0296847283991557
1.0306453069023827
1.0303261787037092
1.0299790648548848
1.0299790648548848
1.0299790648548848
1.0299790648548848
1.0298200366497787
1.0298200366497787
1.0298200366497787
1.0298221473817857
1.032639293304215
1.032639293304215
1.0317867645639285
1.0321056629260874
1.0321056629260874
1.0321056629260874
1.0321056629260874
1.0321056629260874
1.0321056629260874
1.0321056629260874
1.0321056629260874
1.0307742989536295
1.0307685551395793
1.0307685551395793
1.0307685551395793
1.0328197745108858
1.0328197745108858
1.0328197745108858
1.0327967897971093
1.036653815015093
1.0357534090007416
1.0332106398999756
1.0328663109391232
1.0321346997207188
1.0321346997207188
1.0321346997207188
1.0313332810177631
1.0313332810177631
1.0313332810177631
1.031495342899462
1.0293259994136421
1.027883253955995
1.0274434915809114
1.02754824649248
1.02754824649248
1.02754824649248
1.0269512285646916
1.0269512285646916
1.0263734707035679
1.0252173036707706
1.0252173036707706
1.0283964215625472
1.0283964215625472
1.0283964215625472
1.0283964215625472
1.0283964215625472
1.0293323300080617
1.028079144637278
1.028079144637278
1.028079144637278
1.028079144637278
1.028079144637278
1.028079144637278
1.028079144637278
1.0265382246812655
1.0265382246812655
1.0260149275112749
1.0260149275112749
1.0265236150579684
1.026357431092459
1.026357431092459
1.026357431092459
1.0285257478737115
1.0285257478737115
1.0254400318173151
1.0262332999377815
1.0262332999377815
1.0273898470749134
1.0278322172744578
1.0278322172744578
1.025310171888533
1.0236240425202625
1.0260248074244767
1.0260248074244767
1.0260248074244767
1.0223704264597568
1.0240874253897316
1.0254541286955985
1.0254541286955985
1.0254541286955985
1.0235295124853874
1.0237174795014121
1.0237174795014121
1.0228741276051065
1.0242376508041269
1.0249801172028794
1.0249801172028794
1.0249801172028794
1.0249801172028794
1.0249801172028794
1.0249801172028794
1.0246285328294529
1.0246285328294529
1.0240813571556484
1.024259467442333
1.0189677936876793
1.021134559051835
1.0208690713384843
1.0208690713384843
1.021601820523202
1.022608419911365
1.022608419911365
1.022608419911365
1.022608419911365
1.0271797850194135
1.0238767665550175
1.024763512676516
1.0250341517739525
1.0254974704356206
1.0254974704356206
1.0254974704356206
1.0219721417369811
1.0219721417369811
1.0219721417369811
1.0219721417369811
1.022465960858259
1.0254689053185662
1.0254689053185662
1.0254689053185662
1.0254689053185662
1.0254689053185662
1.0269507351522547
1.0269507351522547
1.0242550662695702
1.0242550662695702
1.0242550662695702
1.0242550662695702
1.0234119689568835
1.0244215248486759
1.0244215248486759
1.0223819813148847
1.0223819813148847
1.0223819813148847
1.0223819813148847
1.0223819813148847
1.0216250634664061
1.0216250634664061
1.023060393472095
1.023526395550276
1.023526395550276
1.023526395550276
1.0268119865183356
1.0272414530332783
1.0272414530332783
1.0272414530332783
1.0272414530332783
1.0272414530332783
1.0272414530332783
1.0272414530332783
1.0270493236834914
1.0270493236834914
1.0244157165030716
1.0244157165030716
1.0244157165030716
1.0244157165030716
1.0241919339486771
1.026807353097187
1.026807353097187
1.026807353097187
1.0267999840812456
1.0267999840812456
1.0263917570292167
1.0263917570292167
1.0266952792822612
1.0266952792822612
1.0277153916119488
1.0271806282822233
1.0271806282822233
1.0271806282822233
1.0271806282822233
1.0271806282822233
1.0271806282822233
1.0284749066861414
1.0284749066861414
1.0284749066861414
1.0284749066861414
1.0284749066861414
1.028551361464986
1.028551361464986
1.0296917710665232
1.0304340488206005
1.0304340488206005
1.027184023360917
1.0267446571071255
1.0236609710067386
1.0217585609191053
1.0217585609191053
1.023881674865151
1.025098081758621
1.026186539938323
1.026186539938323
1.02604712504377
1.02604712504377
1.0240172043079527
1.0259617924923778
1.0253181485215348
1.0261533554095863
1.0258391294571543
1.0258391294571543
1.0258391294571543
1.0250609862664541
1.0250609862664541
1.0250609862664541
1.0250609862664541
1.0250609862664541
1.0243922227655404
1.0220624975007535
1.0213649944586651
1.0213649944586651
1.0226517841578342
1.0226517841578342
1.0217445018549725
1.0217445018549725
1.0217445018549725
1.0217445018549725
1.0217445018549725
1.0227771370484506
1.0227771370484506
1.0213607135601332
1.0229860071900398
1.0203033162891104
1.0203033162891104
1.020263308073677
1.020263308073677
1.0213279752924782
1.0217383860493383
1.0204592829163415
1.0204592829163415
1.0204592829163415
1.0219669730287742
1.0219669730287742
1.0219669730287742
1.0219669730287742
1.0219669730287742
1.0219669730287742
1.0223112445111493
1.0231197731709647
1.0216023701200028
1.0224297675839444
1.0224297675839444
1.0224297675839444
1.0257724321556219
1.0263003752718338
1.0263003752718338
1.0279743015754075
1.0279743015754075
1.0279743015754075
1.0285044777159538
1.0267290146532768
1.0267290146532768
1.0267290146532768
1.0267290146532768
1.0267290146532768
1.0267290146532768
1.0267290146532768
1.0261013671061237
1.0261013671061237
1.0270711748320847
1.0256246822760522
1.0256246822760522
1.0242990065864417
1.0242990065864417
1.0224620663469046
1.0240761544959818
1.0240761544959818
1.0255601730567945
1.0237602425307908
1.0237602425307908
1.0237602425307908
1.0270336459410556
1.0270336459410556
1.0266984752112265
1.0266984752112265
1.0266984752112265
1.0266984752112265
1.0266984752112265
1.0266984752112265
1.0266984752112265
1.0266984752112265
1.0266984752112265
1.0254311149940765
1.0254311149940765
1.0254311149940765
1.0240394389321144
1.0240394389321144
1.0240394389321144
1.0265423292237226
1.0265423292237226
1.0265423292237226
1.0265423292237226
1.0265423292237226
1.024918572483417
1.025975901274216
1.025975901274216
1.0274579446091099
1.0274579446091099
1.0274579446091099
1.0274579446091099
1.026270058590576
1.026270058590576
1.026270058590576
1.026270058590576
1.026270058590576
1.0268614618193879
1.0252990622925264
1.0277804023408337
1.0277804023408337
1.0292954671301977
1.0292954671301977
1.0283322107157657
1.027076236054356
1.028846256554855
1.0290701594978247
1.0286908712881453
1.0286908712881453
1.0286908712881453
1.0286908712881453
1.0286908712881453
1.028278942426616
1.0262366498274091
1.0262366498274091
1.0262366498274091
1.0289717990675191
1.0289717990675191
1.0264132084675228
1.0264132084675228
1.0264132084675228
1.0258825050814147
1.0257388704475228
1.0236270142312902
1.0236270142312902
1.0236270142312902
1.0236270142312902
1.0215490201163941
1.0215490201163941
1.021120189001705
1.0203928262584667
1.0203928262584667
1.0187566230364495
1.0189627044201006
1.0226877189010786
1.0231795199036586
1.0222287445231844
1.0209554956191351
1.0221807540398615
1.0221807540398615
1.0221807540398615
1.0230044842345098
1.0222845238618097
1.0222845238618097
1.021584968756351
1.021584968756351
1.0233098024307294
1.0233098024307294
1.022253183056129
1.0235482793289423
1.0235482793289423
1.0235482793289423
1.0235482793289423
1.0236648597766405
1.0236648597766405
1.0245661135872464
1.0229100856655555
1.0247927457816124
1.0247927457816124
1.0247927457816124
1.0247927457816124
1.0247927457816124
1.0247927457816124
1.0247927457816124
1.0229595998899512
1.0229595998899512
1.0229595998899512
1.0257625998834277
1.0257625998834277
1.0257625998834277
1.0257625998834277
1.0257625998834277
1.0257625998834277
1.026702033301863
1.026702033301863
1.026702033301863
1.026702033301863
1.0289576963121054
1.0289576963121054
1.0289576963121054
1.0289576963121054
1.0289576963121054
1.02887216946848
1.02887216946848
1.0296063885263091
1.030421165308321
1.030421165308321
1.030421165308321
1.0337556035300701
1.0337556035300701
1.0350743118322143
1.0335983587899926
1.0335983587899926
1.0336267134148205
1.0344914499526667
1.0344914499526667
1.0317953476899324
1.0317953476899324
1.0317953476899324
1.032630780971296
1.0347368117627858
1.0347368117627858
1.0347368117627858
1.0347368117627858
1.0319749723800464
1.0319749723800464
1.0319749723800464
1.0319749723800464
1.0319749723800464
1.0319749723800464
1.0319749723800464
1.03045385539841
1.03045385539841
1.032248840540634
1.032248840540634
1.032248840540634
1.032248840540634
1.0316597338312237
1.028611111366025
1.028611111366025
1.028611111366025
1.028611111366025
1.0276826861720696
1.0276826861720696
1.0290245065248596
1.0277415094568358
1.0277415094568358
1.0277415094568358
1.0277415094568358
1.0277415094568358
1.0280304598723526
1.0280304598723526
1.028555683073525
1.0292873567109821
1.0288990901582271
1.0288990901582271
1.0301303997289812
1.0301303997289812
1.02880684786478
1.02880684786478
1.02880684786478
1.02880684786478
1.02880684786478
1.02880684786478
1.02880684786478
1.02880684786478
1.0269236940756816
1.0269236940756816
1.0269236940756816
1.0255130517396802
1.0255130517396802
1.0255130517396802
1.0255130517396802
1.0255130517396802
1.0241169200454536
1.023582731965361
1.0239305696592373
1.0239305696592373
1.0239305696592373
1.0239305696592373
1.0239305696592373
1.0249104875130375
1.0237383899253905
1.0237383899253905
1.023110845777433
1.023110845777433
1.023110845777433
1.023110845777433
1.0228049770684353
1.0228049770684353
1.0235986301840305
1.0238513944597842
1.0255889370269295
1.0255889370269295
1.0255889370269295
1.0249072000748816
1.0249072000748816
1.0249072000748816
1.0262995823758474
1.025934422058057
1.025934422058057
1.025934422058057
1.025934422058057
1.025934422058057
1.023517853526143
1.0249757821710692
1.0249757821710692
1.024134510711273
1.024134510711273
1.024134510711273
1.0259862579996004
1.0259862579996004
1.0259862579996004
1.0259862579996004
1.0259862579996004
1.0259862579996004
1.0255061763974584
1.0247537426905686
1.0247537426905686
1.0262276482099142
1.0262276482099142
1.025169620601501
1.025169620601501
1.025169620601501
1.025169620601501
1.025169620601501
1.025050023626628
1.025050023626628
1.025050023626628
1.025050023626628
1.0258137328726613
1.0248736747278413
1.0213342199174975
1.025011742651235
1.025011742651235
1.0230888153268705
1.023096060349192
1.023096060349192
1.023096060349192
1.023096060349192
1.023096060349192
1.023096060349192
1.023682005333424
1.018264411418411
1.018264411418411
1.018264411418411
1.0187498442993943
1.0187498442993943
1.0175674783555888
1.0175674783555888
1.0225343173063406
1.0224676896750455
1.019612310412757
1.019612310412757
1.019612310412757
1.019612310412757
1.019612310412757
1.0225168578986312
1.0216664734539878
1.0214662488348303
1.0214967109487083
1.0224897109874491
1.0224897109874491
1.0224897109874491
1.0224897109874491
1.0236539152028552
1.0236539152028552
1.0236539152028552
1.0236539152028552
1.0236539152028552
1.0236539152028552
1.0236539152028552
1.0236539152028552
1.0236539152028552
1.0236539152028552
1.0236539152028552
1.0236539152028552
1.023693522160114
1.023693522160114
1.023693522160114
1.023693522160114
1.023693522160114
1.0238054014382827
1.0238054014382827
1.0221096893361223
1.0219785259716205
1.0219785259716205
1.0219785259716205
1.0186741113945466
1.0186741113945466
1.0206281872692515
1.0206281872692515
1.0206281872692515
1.0196471409951446
1.0196471409951446
1.0223555423605273
1.0223555423605273
1.0223555423605273
1.024302184384808
1.0239833071445652
1.0239833071445652
1.0239833071445652
1.0266916447367094
1.0257082506671547
1.0257082506671547
1.0278350231111562
1.0252899455000422
1.0252899455000422
1.0252899455000422
1.0252899455000422
1.0252899455000422
1.0271113951405706
1.0271113951405706
1.0271113951405706
1.0299045230674442
1.0316005473141123
1.0316005473141123
1.0316005473141123
1.0304418690973622
1.031176727815545
1.031176727815545
1.029227238086048
1.029227238086048
1.029227238086048
1.0271991321882743
1.0271991321882743
1.0271991321882743
1.0281606292723735
1.0281606292723735
1.0272035180294572
1.0272035180294572
1.0272035180294572
1.0263138285775968
1.0267957849006089
1.0250244840229314
1.026299266522196
1.026299266522196
1.026299266522196
1.0245751986784166
1.0245751986784166
1.0245751986784166
1.0245029062616124
1.026329113584288
1.0259829683904944
1.0268557544099068
1.025143693964045
1.0230871043993068
1.0230871043993068
1.0230871043993068
1.0230871043993068
1.0230871043993068
1.0230871043993068
1.0230871043993068
1.0230871043993068
1.0229437825888907
1.0229437825888907
1.0229437825888907
1.0229437825888907
1.0229437825888907
1.0213345969014977
1.0213345969014977
1.0213345969014977
1.0170737228085958
1.0170737228085958
1.0187216756192328
1.0186695768807839
1.0168799028851416
1.0168799028851416
1.0181861861302826
1.0214585090091728
1.0219784708240305
1.0219784708240305
1.0243606419708846
1.0243606419708846
1.0243606419708846
1.0221076455248481
1.0215015423256968
1.0215015423256968
1.0215015423256968
1.0230092737673762
1.0229948566235534
1.0243996156692627
1.0276783758495331
1.0276783758495331
1.0266048249805981
1.024779821575272
1.024779821575272
1.026064124691674
1.026064124691674
1.026506898599718
1.026506898599718
1.026506898599718
1.0244190434342413
1.0244190434342413
1.0244190434342413
1.0244190434342413
1.0244190434342413
1.0244190434342413
1.0241062460153765
1.0232208986799434
1.0232208986799434
1.0237869812145393
1.0222960414019264
1.0222960414019264
1.0222960414019264
1.0222960414019264
1.0226158456391643
1.0226158456391643
1.0226158456391643
1.0226158456391643
1.0243276848533882
1.0243276848533882
1.024652758771425
1.024652758771425
1.024652758771425
1.024652758771425
1.024652758771425
1.0252381907182997
1.0252381907182997
1.0252381907182997
1.0252381907182997
1.0252381907182997
1.0252381907182997
1.0252381907182997
1.0251388337717293
1.0251388337717293
1.025694040734966
1.025694040734966
1.024627382184972
1.0270931566924792
1.0270931566924792
1.0270931566924792
1.0283545047297067
1.0283545047297067
1.0283545047297067
1.0283545047297067
1.0292713967470513
1.0292713967470513
1.02966922516867
1.0301210014378608
1.0332334832684833
1.0332334832684833
1.0332334832684833
1.0304889469019023
1.0304889469019023
1.029129561665441
1.0288928419417203
1.0288928419417203
1.0288928419417203
1.0288928419417203
1.0288928419417203
1.0288928419417203
1.030460945048045
1.030460945048045
1.030460945048045
1.030460945048045
1.029124784170211
1.0296246863942822
1.0296246863942822
1.0287892450608664
1.0287892450608664
1.0287892450608664
1.0287892450608664
1.0299760544270469
1.033923172649296
1.033923172649296
1.0339249059748956
1.0339249059748956
1.0339249059748956
1.0339249059748956
1.0323612906451631
1.0323612906451631
1.0323612906451631
1.0313004310006084
1.028981739587242
1.028981739587242
1.028981739587242
1.028981739587242
1.028981739587242
1.028981739587242
1.029557346287779
1.029557346287779
1.029557346287779
1.029557346287779
1.029557346287779
1.0291794180222036
1.028563453949672
1.028563453949672
1.0268531424149372
1.0295718652414068
1.0283117320768178
1.0283117320768178
1.028287283964933
1.028287283964933
1.026795873222651
1.026795873222651
1.0296443843861691
1.0296443843861691
1.0296443843861691
1.0296443843861691
1.0296443843861691
1.0296443843861691
1.0296443843861691
1.0296443843861691
1.0294383700055858
1.0304694694561038
1.0309238440580661
1.0290090816951865
1.0303116129914665
1.0291522605134824
1.0291522605134824
1.0286418491621723
1.0286418491621723
1.0286418491621723
1.0298133943129968
1.0307728382254173
1.0261310414187275
1.0261310414187275
1.0261310414187275
1.0283205830127085
1.0270186340344096
1.0270186340344096
1.0269622939366598
1.0269622939366598
1.0269622939366598
1.0269622939366598
1.0269622939366598
1.0269381889843867
1.0262689068436448
1.0262689068436448
1.0262453831028362
1.0262453831028362
1.026229470558189
1.026229470558189
1.0240056409537046
1.026545857602269
1.0248377621086315
1.0236142481829293
1.0236142481829293
1.0238667736990161
1.0256927695084392
1.0256927695084392
1.0240477562497639
1.0240477562497639
1.0240477562497639
1.0240477562497639
1.0257373903483964
1.0257373903483964
1.0257373903483964
1.0257373903483964
1.0257373903483964
1.0257373903483964
1.0279851786651846
1.0249295547491373
1.028425286037474
1.0292415741028873
1.0292415741028873
1.0291205877748661
1.0311124652140466
1.0311124652140466
1.0311124652140466
1.0278357034705417
1.0279628873087696
1.0279628873087696
1.0284172767476083
1.0284172767476083
1.030578849364407
1.0288103633223302
1.0304535671602695
1.02683892167748
1.0269622610157114
1.0269622610157114
1.0275461746135797
1.0279655547123394
1.0279655547123394
1.0280536097604844
1.0280536097604844
1.0280536097604844
1.0289383915212644
1.027787287259285
1.027787287259285
1.026907004982568
1.026907004982568
1.0275390925116397
1.0275390925116397
1.0275390925116397
1.0275390925116397
1.0275390925116397
1.0275390925116397
1.0275390925116397
1.0283990528346716
1.0306441524130638
1.031933422526716
1.031933422526716
1.031933422526716
1.031933422526716
1.031933422526716
1.031933422526716
1.029872693146616
1.029872693146616
1.029872693146616
1.029872693146616
1.0308036453071294
1.0308036453071294
1.0308036453071294
1.0314421966535263
1.0314421966535263
1.0314421966535263
1.0318138036964835
1.0315247753577859
1.0315247753577859
1.0324379841091729
1.0324379841091729
1.0323271045498514
1.033616808329669
1.032707511905723
1.032707511905723
1.032707511905723
1.032707511905723
1.030900306779423
1.030900306779423
1.029788963708748
1.029788963708748
1.0289259730573825
1.0302513864855494
1.0302513864855494
1.0302513864855494
1.030617312390657
1.0313752887673795
1.0313752887673795
1.0316138052209065
1.0300603218763755
1.0300603218763755
1.0300603218763755
1.0300603218763755
1.0300603218763755
1.0300603218763755
1.031062360836283
1.031062360836283
1.032729172722195
1.0326591655289978
1.0326591655289978
1.0326644219893006
1.0356937593475777
1.0356937593475777
1.0356937593475777
1.0356937593475777
1.033750827199137
1.0331368493268624
1.0322361071567203
1.0328456687774183
1.033130122517557
1.0326655676612462
1.0332438267498179
1.0321041071625219
1.032598450893794
1.032598450893794
1.032598450893794
1.0320141692002995
1.0279164277419064
1.0286790835989543
1.0263982247922936
1.0249247570839106
1.0235511619344644
1.0227562593409112
1.0227562593409112
1.0227562593409112
1.0227562593409112
1.0235857120060927
1.0249289062509388
1.0235030796225526
1.0235030796225526
1.0245097581499005
1.0245097581499005
1.0245097581499005
1.022840978895994
1.0236881465981036
1.0231869921419379
1.0231869921419379
1.0234047116974079
1.0226920814985434
1.0226920814985434
1.0226920814985434
1.0226920814985434
1.0230336242173652
1.0239040346629416
1.0239040346629416
1.0239040346629416
1.0218599194149451
1.0198825228163062
1.022192159566334
1.0219033614106146
1.021567348901165
1.021567348901165
1.0194057684386344
1.0209611110374934
1.0204974691840512
1.021274338888731
1.0211442625163067
1.0271114421623577
1.027194848984567
1.0266640232504072
1.0266640232504072
1.0266640232504072
1.0265927671148862
1.0251867020879768
1.0266668440634414
1.0266668440634414
1.0266668440634414
1.0266668440634414
1.0266668440634414
1.02755635678968
1.0294685415508422
1.0294685415508422
1.029125841278316
1.0255398456804359
1.0270023800820192
1.0270023800820192
1.0270023800820192
1.0270023800820192
1.026522284264493
1.026522284264493
1.0285329281847237
1.0285329281847237
1.0285329281847237
1.0273923753426193
1.0273923753426193
1.0260730124680202
1.0250439195709646
1.0250439195709646
1.0239973291940054
1.0239973291940054
1.02568325852841
1.027107270552553
1.027107270552553
1.027107270552553
1.027107270552553
1.0289620397634436
1.0289620397634436
1.0289620397634436
1.0289620397634436
1.0289620397634436
1.0289620397634436
1.0289620397634436
1.0285307850159766
1.0314775310450182
1.0314775310450182
1.0314775310450182
1.0314775310450182
1.0314775310450182
1.0311586994443183
1.0283724973324904
1.0283724973324904
1.0283724973324904
1.0283724973324904
1.0289980685953122
1.0289980685953122
1.0289980685953122
1.0283863393830461
1.0283863393830461
1.0283863393830461
1.0298116166719689
1.030029316019868
1.030029316019868
1.0273206553316396
1.0273206553316396
1.0259983024594195
1.0261474627732154
1.0301064942689788
1.0301064942689788
1.02833343846437
1.02833343846437
1.0269943823878132
1.0269943823878132
1.0274318045550708
1.0274318045550708
1.0272695711453126
1.0272936874318133
1.0272936874318133
1.02614799739618
1.02614799739618
1.02614799739618
1.02614799739618
1.025738665574864
1.025738665574864
1.0254326698317995
1.0254326698317995
1.0266388815122067
1.0266388815122067
1.0265272154576577
1.0271826935762625
1.0271826935762625
1.0271579362786212
1.0271579362786212
1.0275128704691834
1.0275128704691834
1.0275239934299212
1.0275239934299212
1.0275239934299212
1.0275239934299212
1.0264977636817958
1.0253700062931481
1.0253700062931481
1.0253700062931481
1.0253700062931481
1.0254080595535855
1.0254080595535855
1.0254080595535855
1.0254080595535855
1.0238116172502987
1.0248390444043103
1.0235145078731918
1.0235145078731918
1.022757054629766
1.022757054629766
1.022757054629766
1.022757054629766
1.0233815149180747
1.021275264291219
1.021275264291219
1.021275264291219
1.021275264291219
1.0205025446776983
1.0205025446776983
1.0205025446776983
1.0228361231514704
1.0228361231514704
1.0228361231514704
1.0230416417739892
1.0230416417739892
1.0230416417739892
1.0237782434784708
1.0237782434784708
1.0217083452226787
1.0225524013678968
1.0225524013678968
1.0216545350985422
1.0216545350985422
1.0209173834057659
1.0224387710585758
1.0252927377435381
1.0250417877574909
1.0250417877574909
1.0250417877574909
1.0250417877574909
1.0261253830513386
1.025822918205854
1.025822918205854
1.0265703554040577
1.0265703554040577
1.0265703554040577
1.0265703554040577
1.0274039352017577
1.0266668995573267
1.0266668995573267
1.0256032652620881
1.0248519003665162
1.0248519003665162
1.0248519003665162
1.025447433640709
1.025447433640709
1.0289269974979922
1.0289269974979922
1.0293252929933308
1.029385560823722
1.029385560823722
1.029385560823722
1.029385560823722
1.029385560823722
1.029385560823722
1.02961442290904
1.02961442290904
1.031676541374753
1.0303573876564134
1.0303573876564134
1.0303573876564134
1.0303573876564134
1.0303573876564134
1.0303573876564134
1.0303573876564134
1.028983540141341
1.028983540141341
1.028983540141341
1.029844552750937
1.0296019788432862
1.0296019788432862
1.027306375833141
1.027306375833141
1.0265957579981333
1.0265957579981333
1.0265957579981333
1.0258905302799086
1.0272949798870596
1.027747296664394
1.0266712757330403
1.0266712757330403
1.0266712757330403
1.0266712757330403
1.0266712757330403
1.0266712757330403
1.027464664047094
1.029054123170147
1.029054123170147
1.029054123170147
1.029054123170147
1.029054123170147
1.029246751540914
1.0269659906535102
1.0276964888905387
1.0281332173767959
1.0281332173767959
1.0281332173767959
1.028993073607238
1.0311999064135762
1.0311999064135762
1.0311999064135762
1.0311999064135762
1.0311999064135762
1.0311999064135762
1.0311999064135762
1.027684000234404
1.027684000234404
1.0292758249718552
1.0286929962479754
1.0286929962479754
1.0320165417264067
1.0320165417264067
1.0304844045072776
1.0304844045072776
1.0304163519724538
1.0304163519724538
1.0304163519724538
1.0304163519724538
1.0304163519724538
1.0304163519724538
1.0304163519724538
1.0310072965967454
1.0287603934631102
1.0287603934631102
1.031642168661232
1.0312018089078234
1.0312018089078234
1.0344337421322845
1.0337130679919482
1.0295029729995113
1.0295029729995113
1.0295029729995113
1.030050084916699
1.0289888365811457
1.0291435721689006
1.0291435721689006
1.0291435721689006
1.0300431248883175
1.0296437246146892
1.0296437246146892
1.0293396691584045
1.0298679727153994
1.0290941712083534
1.028013336791359
1.028013336791359
1.028013336791359
1.030427669943528
1.0305071756209616
1.0305071756209616
1.0305071756209616
1.0305071756209616
1.0305071756209616
1.0305071756209616
1.0308456874889933
1.0308456874889933
1.0308456874889933
1.0301814759299324
1.031510095221942
1.0307178131116281
1.0307178131116281
1.0307178131116281
1.0307178131116281
1.0285134859194693
1.0285134859194693
1.0285134859194693
1.0268561402433847
1.0291793068258999
1.0270910707809582
1.0266336236224007
1.0272139568908065
1.0272139568908065
1.0272139568908065
1.0272139568908065
1.0272139568908065
1.028142341894932
1.0293369806176769
1.0296538416598446
1.0300530767561413
1.0303472631443178
1.0303472631443178
1.0303472631443178
1.029423978472992
1.029423978472992
1.029423978472992
1.0296133196677888
1.0296133196677888
1.0296133196677888
1.0296133196677888
1.0296133196677888
1.0296133196677888
1.0296133196677888
1.0296133196677888
1.030356359439551
1.0302721933178927
1.0302721933178927
1.0302721933178927
1.0273996396944594
1.029073308575628
1.029073308575628
1.029073308575628
1.0304160440259362
1.0304160440259362
1.0304160440259362
1.0304160440259362
1.0286676048261634
1.0286676048261634
1.0304126385393066
1.0304126385393066
1.0300269487024385
1.0300269487024385
1.0310782891639014
1.0317574603612523
1.031985197456641
1.031985197456641
1.0327891426296931
1.0327891426296931
1.0327891426296931
1.0309095851662728
1.0309095851662728
1.029540501041035
1.029540501041035
1.0296132122647357
1.0296132122647357
1.0296132122647357
1.0296132122647357
1.0296132122647357
1.0296132122647357
1.0296132122647357
1.030741842890418
1.0293838536419726
1.0293838536419726
1.0293838536419726
1.026656787345012
1.02986384270612
1.030126864731482
1.030126864731482
1.0310222901418846
1.029318489205898
1.0298353187313072
1.0301235456708462
1.0301235456708462
1.0299873638856927
1.029487429934592
1.029487429934592
1.0293965877150044
1.0267996307883318
1.0267996307883318
1.028888018743826
1.028888018743826
1.028888018743826
1.0293225673294308
1.0295460272491217
1.0295460272491217
1.0298865235432177
1.029888463933328
1.0278646268687788
1.0300234152343593
1.0278260371497137
1.0278260371497137
1.0278260371497137
1.027017505906573
1.0264115494934323
1.02292276176768
1.02292276176768
1.02292276176768
1.02292276176768
1.02292276176768
1.0230801357205064
1.0230801357205064
1.0237148382626875
1.0237148382626875
1.0237148382626875
1.0237148382626875
1.0237148382626875
1.0237148382626875
1.0227564887885834
1.0227564887885834
1.0227564887885834
1.0254572134961126
1.0254572134961126
1.0254572134961126
1.0254572134961126
1.0254572134961126
1.0247775433214983
1.0247775433214983
1.0241988916357478
1.0241988916357478
1.0241988916357478
1.022882811230142
1.022882811230142
1.022882811230142
1.022882811230142
1.022882811230142
1.022882811230142
1.0229471307521214
1.0229471307521214
1.0246944783853102
1.024577816181789
1.0275618050622048
1.0275618050622048
1.0275618050622048
1.0275618050622048
1.0275618050622048
1.0275618050622048
1.0275618050622048
1.0253126411579871
1.0244548139763627
1.0243226751714407
1.0227906779160745
1.0227906779160745
1.0236175874187334
1.0236175874187334
1.0236175874187334
1.0236175874187334
1.0236175874187334
1.0224517279777996
1.0224517279777996
1.02263573738098
1.02263573738098
1.024527358213746
1.024527358213746
1.0240174349913314
1.0240174349913314
1.0240174349913314
1.0240174349913314
1.0240174349913314
1.0248252952896493
1.0248252952896493
1.0248252952896493
1.0248764036293967
1.024562681116022
1.0227418028083046
1.0227418028083046
1.0227418028083046
1.0230065857230877
1.0230065857230877
1.0205686037113824
1.020271053895346
1.020271053895346
1.020271053895346
1.023684595036969
1.024751152505552
1.024751152505552
1.024751152505552
1.0248264628056234
1.0248264628056234
1.0248264628056234
1.0251026266180376
1.0251026266180376
1.0251026266180376
1.0258494349107594
1.0257091064187234
1.0257091064187234
1.026832907743587
1.0283035081194767
1.0276842026409128
1.0229717764444937
1.0234327213664611
1.0234327213664611
1.0234327213664611
1.0266624176734473
1.0266624176734473
1.0266624176734473
1.0264379715755039
1.0275938665450366
1.027023917079976
1.027023917079976
1.0243242372139805
1.0243242372139805
1.0243242372139805
1.0230549936791815
1.0281257927953247
1.0271286509234752
1.0281733034362528
1.02651989345664
1.0251155477737965
1.0251155477737965
1.0251155477737965
1.024957440948775
1.024957440948775
1.0272929096800403
1.026548993275005
1.026548993275005
1.026548993275005
1.0272970786103
1.0272970786103
1.0251913747389765
1.0270301594998024
1.0270301594998024
1.0270301594998024
1.0289756770439291
1.0289756770439291
1.0282158605764395
1.0272252008724911
1.0273970144888536
1.0273970144888536
1.0272371378343128
1.0259426213087206
1.0259426213087206
1.0259426213087206
1.0259426213087206
1.0259426213087206
1.0259426213087206
1.0258140477851718
1.0258140477851718
1.0271524074442306
1.0271524074442306
1.0271524074442306
1.0271524074442306
1.0291904039902766
1.0277437444533033
1.0277437444533033
1.0277437444533033
1.0277437444533033
1.0277437444533033
1.0270142507042954
1.0224363135514871
1.0250928147894265
1.0250928147894265
1.02630656700234
1.0241969143284715
1.0241969143284715
1.0241969143284715
1.0241969143284715
1.0241969143284715
1.0233748914446803
1.0233748914446803
1.0233748914446803
1.0233748914446803
1.0273690574306744
1.0273690574306744
1.0273690574306744
1.0273690574306744
1.0286453670347344
1.0286453670347344
1.0286453670347344
1.0296992174889723
1.0296992174889723
1.0296992174889723
1.0296992174889723
1.0296992174889723
1.0296992174889723
1.0296992174889723
1.0296992174889723
1.0280298657607099
1.0257598538290134
1.0251726308998312
1.0251726308998312
1.0302133055325704
1.0302133055325704
1.0299077606770655
1.0299077606770655
1.0299077606770655
1.0296360398188167
1.0296360398188167
1.0290684115585775
1.0290684115585775
1.0290684115585775
1.0290684115585775
1.0290684115585775
1.0290684115585775
1.0290684115585775
1.0290684115585775
1.0271245595586396
1.0271245595586396
1.0271245595586396
1.0271245595586396
1.0271245595586396
1.0271245595586396
1.026315225241153
1.025038920500233
1.025038920500233
1.0250823753619054
1.0266807192176777
1.0266807192176777
1.0287853808357224
1.0287853808357224
1.0267558142149795
1.026384289732311
1.0252990291187534
1.0252990291187534
1.0252990291187534
1.0252990291187534
1.0265667053642553
1.0265667053642553
1.0265667053642553
1.0265667053642553
1.027684610073361
1.0315369195112067
1.0316396006994817
1.0331578998996722
1.0329565425560436
1.0329565425560436
1.0304838974895116
1.0299047647676003
1.0301378889386046
1.0301378889386046
1.029535232881483
1.0328580621091206
1.0328580621091206
1.0328580621091206
1.0328580621091206
1.0307758873008315
1.0298195965079613
1.0298195965079613
1.0298195965079613
1.0298195965079613
1.0298195965079613
1.0298195965079613
1.0295626950886578
1.0295626950886578
1.029794669797885
1.029794669797885
1.0320410267242992
1.0316739847697227
1.0315056530207276
1.0316774325947355
1.0316774325947355
1.0316774325947355
1.0312807364962895
1.0301882065003638
1.0310230047166318
1.030223184613205
1.0319136913015468
1.0319136913015468
1.0319136913015468
1.0319136913015468
1.032108013604573
1.0320016519522452
1.0320016519522452
1.0290704704099676
1.0290704704099676
1.0285328408934604
1.0285328408934604
1.0285328408934604
1.0279654315064908
1.0279654315064908
1.0279654315064908
1.0279654315064908
1.0279654315064908
1.0279654315064908
1.0252411601276747
1.0266193198326907
1.0266193198326907
1.027337216227854
1.027337216227854
1.0284997250729448
1.0279176893516002
1.0279176893516002
1.0255065020531466
1.0272141842991283
1.0272141842991283
1.025038476376975
1.0260834807367796
1.0260834807367796
1.0260834807367796
1.0237654778759244
1.02396273584025
1.024138048535551
1.024138048535551
1.0259833769828415
1.0272353784973098
1.027501954174431
1.0254603710779162
1.0254603710779162
1.0254603710779162
1.022929564274482
1.0234316660711067
1.022841322742963
1.0238548675632029
1.027213964727989
1.027213964727989
1.027213964727989
1.0283234355290665
1.0283234355290665
1.028618710181459
1.0293340923217287
1.0264764305842056
1.0253627677255064
1.0253627677255064
1.0253627677255064
1.0259194182898672
1.0259194182898672
1.0259194182898672
1.0259194182898672
1.0259194182898672
1.0259194182898672
1.026657211102007
1.026657211102007
1.026657211102007
1.0287915606259872
1.0293596188060674
1.0293596188060674
1.028379297583393
1.0249683178203697
1.02719593756227
1.027275733592693
1.0261216586882105
1.0261216586882105
1.0271987902945303
1.0276385455800223
1.0276385455800223
1.0276385455800223
1.0276385455800223
1.0276385455800223
1.0276385455800223
1.0256816757348077
1.0256816757348077
1.0256816757348077
1.0256816757348077
1.0267010420532323
1.0267010420532323
1.0271747841924914
1.0271747841924914
1.027470257410756
1.0265267595448693
1.0241291490807771
1.0241291490807771
1.0241291490807771
1.0241291490807771
1.024139137074027
1.0246505308525102
1.0246505308525102
1.0237841057164347
1.0237841057164347
1.0261884459233706
1.0261884459233706
1.0269587610014999
1.0269587610014999
1.0279014938286684
1.0279014938286684
1.0279014938286684
1.0291155617796162
1.0291155617796162
1.0291155617796162
1.0291155617796162
1.0297576036287432
1.0297576036287432
1.0297576036287432
1.0297576036287432
1.0297576036287432
1.0290517273137167
1.0293241357491245
1.0293241357491245
1.0290553972100542
1.027519609453916
1.026858386531574
1.0271720720154645
1.0274208528974254
1.0274208528974254
1.0281873687180558
1.0281873687180558
1.0277115326169322
1.0277115326169322
1.0277115326169322
1.0277115326169322
1.027492639318506
1.027492639318506
1.0268938529049372
1.02728844861104
1.02728844861104
1.02728844861104
1.027370016508375
1.0263642538253375
1.0263642538253375
1.026377394549923
1.026377394549923
1.026377394549923
1.026377394549923
1.026377394549923
1.0262728129147622
1.0262728129147622
1.027228475729633
1.027228475729633
1.027228475729633
1.027228475729633
1.027228475729633
1.0268289781838247
1.0268289781838247
1.0268289781838247
1.0303643668952551
1.0285474914930497
1.0285474914930497
1.028733721480054
1.028733721480054
1.028733721480054
1.028733721480054
1.0295734692903356
1.0295734692903356
1.0295734692903356
1.0296035741924872
1.0296035741924872
1.0287225867444358
1.0287225867444358
1.0287225867444358
1.0274366218211453
1.0274366218211453
1.0262819432305554
1.0262819432305554
1.0254141288069334
1.0254141288069334
1.0268108240917408
1.0274171723909795
1.0274171723909795
1.0262918213520917
1.0262918213520917
1.0262918213520917
1.0262918213520917
1.0262918213520917
1.0249179837925693
1.0249179837925693
1.0249179837925693
1.0246898981354609
1.0252343551387737
1.0252343551387737
1.0252343551387737
1.0252343551387737
1.024795993211798
1.0243452794322294
1.0243452794322294
1.0243452794322294
1.0233736816623662
1.0233736816623662
1.0233736816623662
1.0233736816623662
1.0233736816623662
1.022364241618573
1.0211935919952018
1.0211935919952018
1.0230400538438171
1.0230400538438171
1.0230400538438171
1.0244321351183316
1.0258722343498394
1.0260280709705254
1.0260996899816313
1.0260996899816313
1.0254250672628387
1.0245072082948885
1.0245664983539566
1.0245664983539566
1.0255622233891488
1.0255622233891488
1.0255622233891488
1.0250685483743458
1.0250685483743458
1.0250685483743458
1.0241385304736663
1.0241385304736663
1.0270982786181424
1.0270982786181424
1.0270982786181424
1.0256142324902493
1.0256142324902493
1.0256142324902493
1.0256142324902493
1.0247717875338793
1.0247717875338793
1.0247717875338793
1.0247717875338793
1.0247717875338793
1.0251886812309865
1.0251886812309865
1.0251886812309865
1.023602490633295
1.023602490633295
1.0275529378917423
1.0266485897838267
1.0276014772303823
1.0276014772303823
1.0276014772303823
1.0276014772303823
1.0276021081794366
1.0306411290085384
1.0303508952306324
1.0291741815612745
1.0291741815612745
1.0291741815612745
1.03019383400875
1.03019383400875
1.03019383400875
1.03019383400875
1.03019383400875
1.0318421706614358
1.0318421706614358
1.0298858775263144
1.0298858775263144
1.026195022001699
1.026195022001699
1.026195022001699
1.026195022001699
1.026195022001699
1.0270794759275064
1.027465033470326
1.027465033470326
1.0270683661878028
1.0285387349625061
1.0285387349625061
1.0285387349625061
1.0285387349625061
1.0285387349625061
1.0283816771980028
1.028548880778417
1.028548880778417
1.0285728817030428
1.0297801960047612
1.0297801960047612
1.0290294094695236
1.0290294094695236
1.0313394255550428
1.027727103540817
1.0294523043607546
1.029922504145741
1.029922504145741
1.0293924555719298
1.0293924555719298
1.0293924555719298
1.0284733024864412
1.0284733024864412
1.0284733024864412
1.0284733024864412
1.0263234575861895
1.0263234575861895
1.0263234575861895
1.0263234575861895
1.0276121742550064
1.0276121742550064
1.0276121742550064
1.0276121742550064
1.0280650517732897
1.0280650517732897
1.0280650517732897
1.0280710895996648
1.0280710895996648
1.0280710895996648
1.0257890153798932
1.0258458169863616
1.0258458169863616
1.0265578387449794
1.0265578387449794
1.0265578387449794
1.0280042654093415
1.0280042654093415
1.0280042654093415
1.0290691355589432
1.028658240535064
1.0309072272057127
1.0311734802548282
1.0311734802548282
1.0311734802548282
1.0299530713129113
1.0280801806408069
1.0280801806408069
1.0280801806408069
1.0280801806408069
1.0271286274220557
1.0271286274220557
1.0312354005909947
1.0312354005909947
1.0303507649023285
1.029215669885798
1.029215669885798
1.027662608417776
1.0294409152228639
1.0289010907084652
1.0289010907084652
1.0289010907084652
1.0305016998647278
1.0292688916337662
1.0261987225774374
1.0289473121614476
1.0325549949805743
1.0325549949805743
1.0325549949805743
1.0325549949805743
1.0325549949805743
1.0325549949805743
1.0325549949805743
1.0310974786776992
1.0310974786776992
1.0325593216415063
1.0325593216415063
1.0325593216415063
1.0325593216415063
1.0325593216415063
1.0325593216415063
1.0325593216415063
1.0325593216415063
1.0325593216415063
1.0340711222460037
1.0337095094817506
1.0337095094817506
1.0339102087750274
1.0339102087750274
1.0339102087750274
1.034915331641277
1.035156693532019
1.035156693532019
1.035156693532019
1.03429742316675
1.0338430817702002
1.0338430817702002
1.0338430817702002
1.0339483966641376
1.0339483966641376
1.0339483966641376
1.0339483966641376
1.0347631531095371
1.0334038925323124
1.0325078613873764
1.0296182403343148
1.0298093838967113
1.0293152614788075
1.0309950239345684
1.0314816402460774
1.0314816402460774
1.0314816402460774
1.0314816402460774
1.0314816402460774
1.0314816402460774
1.0310467100762055
1.0332609165648179
1.0337037774579223
1.0301924544259007
1.0301924544259007
1.0301924544259007
1.0331019606763987
1.0328384766043448
1.0328384766043448
1.0328384766043448
1.0328384766043448
1.0328384766043448
1.0331920660925458
1.033086443898966
1.033319565848385
1.033319565848385
1.0312416303166543
1.0312416303166543
1.0289775796983933
1.029486104467347
1.029486104467347
1.029486104467347
1.029486104467347
1.029486104467347
1.029486104467347
1.029486104467347
1.029486104467347
1.028946243648297
1.028946243648297
1.0307926353789294
1.0300535861351225
1.0300535861351225
1.0300535861351225
1.0300535861351225
1.0300535861351225
1.0300535861351225
1.028415391602557
1.0284697896816353
1.0304647432609275
1.0304647432609275
1.031371175898956
1.031371175898956
1.031371175898956
1.031371175898956
1.0297812827475117
1.0316560413449314
1.0300190838934613
1.029861219513917
1.0322077606129207
1.0331808437101568
1.0311738501581658
1.0311738501581658
1.0311738501581658
1.0311738501581658
1.0311738501581658
1.0318843469965415
1.0318843469965415
1.0301765046903208
1.0301765046903208
1.0301765046903208
1.0301765046903208
1.0279136865665004
1.0279136865665004
1.0279136865665004
1.0298898217730126
1.0265081711431756
1.0265081711431756
1.0279683437164053
1.0279683437164053
1.0279683437164053
1.0279683437164053
1.0279683437164053
1.0279683437164053
1.0279683437164053
1.0279683437164053
1.0279683437164053
1.0279683437164053
1.0279683437164053
1.0279683437164053
1.0279683437164053
1.0320330597946725
1.0302972617136468
1.0302972617136468
1.0302972617136468
1.0302972617136468
1.0302972617136468
1.0302972617136468
1.0289846479371967
1.0290985094532525
1.0290985094532525
1.0290985094532525
1.0266811675626408
1.0262192188973664
1.0262192188973664
1.0262192188973664
1.0262192188973664
1.0280438171494806
1.0280438171494806
1.0280438171494806
1.0283330909644928
1.0321925834577093
1.0321925834577093
1.032546191340879
1.032546191340879
1.032546191340879
1.032546191340879
1.032546191340879
1.0335349934326126
1.0313095387668465
1.0322423661460811
1.0322423661460811
1.0322423661460811
1.032827970319615
1.032827970319615
1.0324909430759786
1.0324909430759786
1.0341749951859358
1.029147947101839
1.029147947101839
1.0266002191253154
1.0266002191253154
1.0266002191253154
1.0266002191253154
1.0268957092851803
1.0278469943525341
1.0278469943525341
1.0255560769456764
1.028131707969052
1.0287731749981044
1.0303207599437134
1.0303207599437134
1.0302164696692893
1.0302164696692893
1.0302164696692893
1.0302164696692893
1.0302164696692893
1.0302164696692893
1.0302164696692893
1.0302164696692893
1.0302950831908038
1.0291981299042863
1.0291981299042863
1.0312168659450378
1.0312168659450378
1.0312168659450378
1.0312168659450378
1.0312168659450378
1.028264144223052
1.0277289979829618
1.0277289979829618
1.0277289979829618
1.027070297314267
1.0284750433528165
1.0284750433528165
1.0271575180998989
1.0294740313465895
1.0294740313465895
1.0294740313465895
1.0294740313465895
1.0297288840158947
1.027925031749258
1.0271823020973365
1.0271823020973365
1.0271823020973365
1.0240154732544986
1.0261074349890753
1.0261074349890753
1.0261074349890753
1.024401563887356
1.024401563887356
1.024474863459196
1.024398059291811
1.024398059291811
1.024398059291811
1.024398059291811
1.024398059291811
1.024398059291811
1.024398059291811
1.022994172632426
1.0194732179960144
1.0228509167289463
1.0228509167289463
1.0228509167289463
1.0231698079837537
1.0198705015372467
1.021978840084684
1.0229919771821698
1.0229919771821698
1.0219136687562063
1.022512401028904
1.022512401028904
1.0227144879811507
1.0227144879811507
1.0257882629657806
1.0266114681561678
1.028606987891267
1.0271352835301757
1.027611622672764
1.0273860433945001
1.0305183976117933
1.0294587840042264
1.0294587840042264
1.0294587840042264
1.0294587840042264
1.0294587840042264
1.0287688075412533
1.0281276563625756
1.0281276563625756
1.0281276563625756
1.0274640579755976
1.0301968644270776
1.0301968644270776
1.0301968644270776
1.0320049562351024
1.0313527699834355
1.0313039406845395
1.0313039406845395
1.0313039406845395
1.0313039406845395
