1.0800805078279976
1.0800805078279976
1.0800805078279976
1.0800805078279976
1.0800805078279976
1.0800805078279976
1.0800805078279976
1.0800805078279976
1.0800805078279976
1.0800805078279976
1.0800805078279976
1.0800805078279976
1.0800805078279976
1.0800805078279976
1.0800805078279976
1.0800805078279976
1.0800805078279976
1.0800805078279976
1.0800805078279976
1.0800805078279976
1.0800805078279976
1.0800805078279976
1.0800805078279976
1.0800805078279976
1.0800805078279976
1.0800805078279976
1.0800805078279976
1.0800805078279976
1.0800805078279976
1.0800805078279976
1.0800805078279976
1.0800805078279976
1.0800805078279976
1.0800805078279976
1.0800805078279976
1.0800805078279976
1.0800805078279976
1.0800805078279976
1.0800805078279976
1.0800805078279976
1.0800805078279976
1.0800805078279976
1.0800805078279976
1.0800805078279976
1.0800805078279976
1.0800805078279976
1.0800805078279976
1.0800805078279976
1.0800805078279976
1.0800805078279976
1.0800805078279976
1.0800805078279976
1.0800805078279976
1.0800805078279976
1.0800805078279976
1.0800805078279976
1.0800805078279976
1.0800805078279976
1.0800805078279976
1.0800805078279976
1.0800805078279976
1.0800805078279976
1.0800805078279976
1.0800805078279976
1.0800805078279976
1.0800805078279976
1.0800805078279976
1.0800805078279976
1.0800805078279976
1.0800805078279976
1.0800805078279976
1.0800805078279976
1.0800805078279976
1.0800805078279976
1.0800805078279976
1.0800805078279976
1.0800805078279976
1.0800805078279976
1.0800805078279976
1.0800805078279976
1.0800805078279976
1.0800805078279976
1.0800805078279976
1.0800805078279976
1.0800805078279976
1.0800805078279976
1.0800805078279976
1.0800805078279976
1.0800805078279976
1.0800805078279976
1.0800805078279976
1.0800805078279976
1.0800805078279976
1.0800805078279976
1.0800805078279976
1.0800805078279976
1.0800805078279976
1.0800805078279976
1.0800805078279976
1.0800805078279976
1.0800805078279976
1.0800805078279976
1.0797314288986453
1.0765834050145187
1.0732031949930565
1.0732031949930565
1.0732031949930565
1.0727284515315254
1.0727284515315254
1.0678037007804182
1.067728466078048
1.0635089530980644
1.0635089530980644
1.0646396152610744
1.0627966301957603
1.0649650891580533
1.0618873179788537
1.0618873179788537
1.061607638337297
1.0597235936849858
1.056679593395863
1.0552735699126
1.0549594787122687
1.0550875554785895
1.0562251535116398
1.0562251535116398
1.0559459422258963
1.056696936076182
1.056696936076182
1.0535657238077056
1.054655519915531
1.0554272261750441
1.0554272261750441
1.0544849448597853
1.0544849448597853
1.0545864433337964
1.0521585199346741
1.0521585199346741
1.0530455218125372
1.0509560481032751
1.0512275918783667
1.0485352994740111
1.049313284071103
1.049313284071103
1.049313284071103
1.0522429539063287
1.050958521723575
1.050958521723575
1.0516362254468925
1.051788615445198
1.051788615445198
1.0509664243977423
1.051184966592074
1.0510350231060936
1.0451969661243456
1.0451969661243456
1.0451969661243456
1.0447440958022964
1.0447440958022964
1.0447440958022964
1.0447440958022964
1.0447440958022964
1.0447440958022964
1.0447440958022964
1.0463304659277133
1.0463304659277133
1.0460086457797393
1.0478277849150235
1.0478277849150235
1.0478277849150235
1.0478277849150235
1.047866573323399
1.047866573323399
1.047866573323399
1.047866573323399
1.047866573323399
1.0477361732518142
1.0477361732518142
1.0469206957696562
1.0448303136649209
1.0448303136649209
1.04398413790791
1.04398413790791
1.0438675314445651
1.0438675314445651
1.0438675314445651
1.0459979517953695
1.0448625339717958
1.0448625339717958
1.0471573610287694
1.0471573610287694
1.0471573610287694
1.0456828135838467
1.045705811211455
1.045705811211455
1.045955253376562
1.045955253376562
1.046489170871185
1.046489170871185
1.0433865976154748
1.0433865976154748
1.0433865976154748
1.0433865976154748
1.046936829484329
1.0457545909487482
1.0457545909487482
1.0464690431713655
1.0464690431713655
1.046331140547716
1.045763702240555
1.045763702240555
1.0431987535098937
1.0431987535098937
1.0444084072584836
1.0444084072584836
1.0444084072584836
1.0444084072584836
1.0444084072584836
1.0399001897187388
1.0399001897187388
1.0427562481017523
1.0427562481017523
1.0435984434912144
1.04418820934542
1.0417356797119766
1.0417356797119766
1.0422558603814103
1.0422558603814103
1.0422558603814103
1.0455944963560164
1.0410693062552914
1.03972779470826
1.0391095931222474
1.0391095931222474
1.0391095931222474
1.0391095931222474
1.0391095931222474
1.0391095931222474
1.0391095931222474
1.0397179731739983
1.043164306977146
1.043164306977146
1.0413473265871365
1.043103229270819
1.043103229270819
1.043103229270819
1.0398457640431034
1.0398457640431034
1.0398457640431034
1.0385318498960638
1.0385318498960638
1.0385318498960638
1.0399262829182432
1.0399262829182432
1.0399262829182432
1.0408531586649328
1.0426710337255805
1.0426710337255805
1.0426710337255805
1.0426710337255805
1.0426710337255805
1.0432338290968461
1.0432338290968461
1.0432338290968461
1.0422196026739592
1.0422196026739592
1.0407251801387232
1.0425744346634738
1.0425744346634738
1.0425744346634738
1.0425744346634738
1.0399014956629227
1.0399014956629227
1.0399014956629227
1.0399014956629227
1.0432744753260266
1.0432744753260266
1.0432744753260266
1.0428126618563023
1.0432526045950117
1.0421985476123223
1.0421985476123223
1.0421985476123223
1.039678451048034
1.0421991472509884
1.0421991472509884
1.0426365664953368
1.0426365664953368
1.0426365664953368
1.0426365664953368
1.0426365664953368
1.0426365664953368
1.0425214254366155
1.0414286254426242
1.0414286254426242
1.043705323293026
1.043705323293026
1.043705323293026
1.044450157796718
1.0431507584251904
1.0431507584251904
1.044138033305583
1.0445143400904875
1.0444596034696048
1.0439421810499416
1.0394144057025267
1.0429677136647815
1.0450689599611327
1.0450689599611327
1.0475501147676407
1.045618240121655
1.0451727739097678
1.0451727739097678
1.0451727739097678
1.0451727739097678
1.0424986911992857
1.0424986911992857
1.0424986911992857
1.0424986911992857
1.041644298375292
1.036023731206997
1.036023731206997
1.036023731206997
1.036023731206997
1.036023731206997
1.0330049720425676
1.0330049720425676
1.0330049720425676
1.0311457880546957
1.0329067364737936
1.0328820995276145
1.0328820995276145
1.0328820995276145
1.0328820995276145
1.0328820995276145
1.0328820995276145
1.033345508361082
1.033345508361082
1.0327519541799017
1.0327519541799017
1.0327519541799017
1.0327519541799017
1.0327519541799017
1.0327519541799017
1.0342753115574996
1.0342753115574996
1.0331160495932592
1.033023856792878
1.0334157512014934
1.0346819355946295
1.0346819355946295
1.0346362580187805
1.0346362580187805
1.0326676586342871
1.0351416169869387
1.0363980813052125
1.037677342422185
1.0341326406810116
1.0341326406810116
1.036049304231589
1.0379464404182719
1.0379464404182719
1.0379464404182719
1.0379464404182719
1.0379464404182719
1.0403928931804858
1.0403928931804858
1.0403928931804858
1.0403928931804858
1.0383569869512752
1.0383569869512752
1.0383569869512752
1.0383569869512752
1.0383569869512752
1.0381304013170667
1.0385614117505908
1.0385614117505908
1.0385614117505908
1.0385614117505908
1.0385614117505908
1.0385614117505908
1.0354595998205807
1.0360549626822768
1.0360549626822768
1.0360549626822768
1.0360549626822768
1.0360549626822768
1.035212908188205
1.03659518967018
1.03659518967018
1.03659518967018
1.0374795341768646
1.0361033500705774
1.0370363950767931
1.0375194745236191
1.037756770114518
1.037756770114518
1.037756770114518
1.037756770114518
1.037756770114518
1.0382358746394862
1.0382358746394862
1.0382358746394862
1.0373073592604374
1.0373073592604374
1.0366207228583675
1.0366207228583675
1.0366207228583675
1.0366207228583675
1.036553189742944
1.035171525932511
1.0357957244729636
1.0357957244729636
1.0359216457019247
1.039432283277919
1.0383288907488517
1.0383288907488517
1.0383288907488517
1.0379036719564507
1.0379036719564507
1.0395522497304697
1.0395522497304697
1.0383826210310905
1.0388492191040544
1.0388492191040544
1.0387885645247026
1.0387885645247026
1.0387885645247026
1.0411174179230203
1.0411174179230203
1.0411174179230203
1.0411174179230203
1.0411174179230203
1.0411174179230203
1.0411174179230203
1.0411174179230203
1.0411174179230203
1.0411174179230203
1.0435103309719171
1.0415772024720418
1.0415772024720418
1.0418352800328825
1.0426540393099324
1.0449737331929942
1.0449737331929942
1.042770845184648
1.0429832555639325
1.0429832555639325
1.043165816654479
1.045887110191472
1.045887110191472
1.045294181488667
1.045416102430994
1.045416102430994
1.045416102430994
1.0437082653163339
1.0425494023752266
1.0413496110796232
1.0413496110796232
1.0413496110796232
1.0413496110796232
1.0413496110796232
1.0413496110796232
1.0430423360997596
1.039488822477283
1.039488822477283
1.0402398108886102
1.0402398108886102
1.0402208963116946
1.0402208963116946
1.038824959665086
1.0389195542039604
1.0388332769399842
1.0381555639674467
1.0381555639674467
1.0378938024354978
1.0376902378505637
1.0387137357216598
1.0387137357216598
1.0393223330280723
1.0393223330280723
1.0393223330280723
1.035654456359013
1.0373066197352958
1.0373066197352958
1.0373066197352958
1.0373066197352958
1.0373066197352958
1.034829050470424
1.034829050470424
1.0346776506819177
1.0348164057049865
1.0348164057049865
1.0349182203249563
1.0349182203249563
1.0368116739879978
1.0343330243454463
1.037274183200575
1.036884460260563
1.037093330969782
1.0360174745944297
1.0350837640092847
1.0350837640092847
1.0359540478918103
1.0359540478918103
1.0362676002612783
1.034159358668168
1.0347014861321804
1.0371688926266749
1.0371688926266749
1.0371688926266749
1.0352571618159159
1.0352571618159159
1.0370945562067733
1.0370945562067733
1.0370945562067733
1.0361462560903325
1.0361462560903325
1.0363829023051008
1.0363829023051008
1.0361013844813358
1.0361013844813358
1.0363255774575304
1.0363255774575304
1.0363255774575304
1.035384447064243
1.035384447064243
1.0350946750803098
1.0350834860605975
1.034305472124722
1.0338037346738924
1.0326126313131674
1.0326126313131674
1.0326126313131674
1.0326126313131674
1.0338016834691044
1.035744349517328
1.0365668273311182
1.0365668273311182
1.0388011402279125
1.0383411143658292
1.0383411143658292
1.0383411143658292
1.0383411143658292
1.0383411143658292
1.0364158857281576
1.0389084072212205
1.038530169053551
1.038530169053551
1.038530169053551
1.0391003004121149
1.0390840011291986
1.0390840011291986
1.0390840011291986
1.0390840011291986
1.0390840011291986
1.0390840011291986
1.03651940636561
1.03651940636561
1.03651940636561
1.03651940636561
1.0368111296395686
1.035092647704841
1.0369116864752193
1.0369116864752193
1.0359465477834406
1.0345880736543696
1.0340178583060913
1.0340178583060913
1.033892441006187
1.0305883188628548
1.0305883188628548
1.0305883188628548
1.0294746231518042
1.0332429401892376
1.0332429401892376
1.0332429401892376
1.0337310811610547
1.0337310811610547
1.0350527385137915
1.0364854212397698
1.0364854212397698
1.0364854212397698
1.0394044787195167
1.0410370024419147
1.0410370024419147
1.0410370024419147
1.0410370024419147
1.0410370024419147
1.0410370024419147
1.0410370024419147
1.0410370024419147
1.0410370024419147
1.0410370024419147
1.041780512310468
1.041780512310468
1.041780512310468
1.041780512310468
1.0415982270959634
1.041789359749835
1.041789359749835
1.041789359749835
1.041789359749835
1.041789359749835
1.0407245566047816
1.041831517860367
1.041831517860367
1.0400607902639607
1.0400607902639607
1.0430734889411981
1.0430734889411981
1.0430734889411981
1.041162089402535
1.041162089402535
1.041162089402535
1.041162089402535
1.041162089402535
1.0406041948261033
1.0406041948261033
1.0375387321395728
1.0375387321395728
1.0375387321395728
1.0375387321395728
1.0375387321395728
1.0375387321395728
1.0356214731477893
1.0356214731477893
1.0356214731477893
1.0362534809773936
1.0362534809773936
1.0362534809773936
1.0362534809773936
1.037561575189367
1.037561575189367
1.0346414609155556
1.0346414609155556
1.035025543223994
1.035025543223994
1.0342744725955122
1.035219029322631
1.035219029322631
1.035219029322631
1.0352003410140485
1.0375522321808481
1.0375522321808481
1.0375522321808481
1.0383301242107823
1.0387467152326166
1.0387467152326166
1.0387467152326166
1.038630883239622
1.0377286325234596
1.0347111963438698
1.035848289668486
1.035848289668486
1.0385922427759666
1.0395208467696513
1.0395208467696513
1.0363276914515787
1.033704650898701
1.033704650898701
1.033704650898701
1.033704650898701
1.033704650898701
1.033704650898701
1.033704650898701
1.033704650898701
1.033704650898701
1.033704650898701
1.033704650898701
1.0333053158481296
1.0341446511043453
1.0328272497164463
1.0325479280777967
1.0326427893543682
1.0323645476311971
1.0323645476311971
1.0323645476311971
1.0332599662661026
1.0332599662661026
1.0335633010368905
1.0335633010368905
1.033716074426146
1.033716074426146
1.0331838839583862
1.0331838839583862
1.0347688781616329
1.0347688781616329
1.0347688781616329
1.0347688781616329
1.033559191931168
1.033559191931168
1.0333945550424755
1.0310350136077704
1.0310350136077704
1.0316755055297835
1.0316755055297835
1.033868620711775
1.0367069850722568
1.0367069850722568
1.0345523666739356
1.036202566943498
1.036202566943498
1.0372563802803119
1.0372563802803119
1.0372563802803119
1.0382013055833612
1.0367656158643057
1.0367656158643057
1.0367656158643057
1.0369110691633048
1.0369110691633048
1.0369110691633048
1.0369110691633048
1.0369110691633048
1.0369110691633048
1.0369110691633048
1.0369110691633048
1.0369295077320146
1.0382924649795262
1.0382924649795262
1.0382924649795262
1.0382924649795262
1.0382924649795262
1.0382924649795262
1.0382924649795262
1.0382924649795262
1.0382924649795262
1.036700984451327
1.0349453825351824
1.0364352417031768
1.035426972006333
1.035426972006333
1.035426972006333
1.035426972006333
1.035426972006333
1.035426972006333
1.035426972006333
1.035426972006333
1.0354199980324283
1.0354199980324283
1.033839099504027
1.0305832600181257
1.0305832600181257
1.0305832600181257
1.0320066834280337
1.033978844464443
1.033978844464443
1.0331594387810088
1.0331594387810088
1.0331594387810088
1.031869746167711
1.0360211712543044
1.0360211712543044
1.0360211712543044
1.0360211712543044
1.0360211712543044
1.0360211712543044
1.0360211712543044
1.0327037740970761
1.0331507389799155
1.0331507389799155
1.0365379910768409
1.0365379910768409
1.0365379910768409
1.0365379910768409
1.0357776151886722
1.0357776151886722
1.0360180122029046
1.0368245660746924
1.0372651968605593
1.035263433141778
1.035263433141778
1.035263433141778
1.0348242713935694
1.0348242713935694
1.0348242713935694
1.0348242713935694
1.0376065923034041
1.0376065923034041
1.0376065923034041
1.0376065923034041
1.035244565538495
1.035244565538495
1.0346847073459684
1.0346847073459684
1.0346847073459684
1.0346847073459684
1.0346847073459684
1.0346847073459684
1.032336563158851
1.0347307341994236
1.0347307341994236
1.0356855763595605
1.0356855763595605
1.0375707262673375
1.0375707262673375
1.0320798066227315
1.0320798066227315
1.0320798066227315
1.0329419836832703
1.0334035187313124
1.035115050059301
1.035115050059301
1.0370073507904924
1.0366494603607364
1.0374626366266448
1.0374626366266448
1.0363699364010808
1.0360566136807616
1.0360566136807616
1.0353938859792997
1.0353938859792997
1.0353938859792997
1.0353938859792997
1.0353938859792997
1.0353938859792997
1.034153974168689
1.033772203791067
1.0361558383415388
1.0361142671502548
1.0371825626442222
1.0371825626442222
1.0371825626442222
1.0383078445438974
1.0388527411546484
1.0388527411546484
1.0388527411546484
1.0388527411546484
1.0395791829650702
1.0404925639193316
1.0403703892502907
1.0403703892502907
1.0390577995768846
1.0381886668906204
1.0381886668906204
1.0381886668906204
1.0381886668906204
1.0372659467713805
1.0361802067538668
1.0361802067538668
1.0361802067538668
1.0384435403622891
1.037089337819864
1.037089337819864
1.0371115401813873
1.037644633621288
1.037747813073976
1.037747813073976
1.037725025005349
1.036415426468979
1.036415426468979
1.036415426468979
1.036415426468979
1.036415426468979
1.0366093511069598
1.0365077609165503
1.0365077609165503
1.0365077609165503
1.0358363475205195
1.0358363475205195
1.0358363475205195
1.0345757561616375
1.0345757561616375
1.0353452948850044
1.0353452948850044
1.0353452948850044
1.0353452948850044
1.0353452948850044
1.0353452948850044
1.0338588112319866
1.0338588112319866
1.0338588112319866
1.0343404922197215
1.0343404922197215
1.0343404922197215
1.0354705685381709
1.0354705685381709
1.0354705685381709
1.0354705685381709
1.0354705685381709
1.0354705685381709
1.0324721579087954
1.0355961021986992
1.0355961021986992
1.035224286877474
1.035224286877474
1.035224286877474
1.035224286877474
1.035224286877474
1.0358189687558128
1.0358189687558128
1.0358189687558128
1.0358189687558128
1.036111522852913
1.0362623360302814
1.0362623360302814
1.0370509880346273
1.0370509880346273
1.0368628475768409
1.0368628475768409
1.0384179575778107
1.042020887498052
1.0417550367083612
1.0417550367083612
1.0417550367083612
1.0452526126833441
1.0446219960517351
1.040659791128176
1.0407551450468362
1.0407551450468362
1.0400721705206748
1.0400721705206748
1.0400721705206748
1.0400721705206748
1.0400721705206748
1.0402668745293886
1.0358067456545528
1.0381111395898512
1.0422514730687922
1.0422514730687922
1.0418618471270955
1.0418618471270955
1.0418618471270955
1.0397433116730617
1.0393874670342564
1.0372193098695106
1.0372193098695106
1.0384671890088757
1.0376476875808394
1.0376476875808394
1.0376476875808394
1.0376476875808394
1.0376476875808394
1.0376476875808394
1.0376476875808394
1.0370335319910464
1.0370335319910464
1.0370335319910464
1.0370335319910464
1.0370335319910464
1.0375649243829412
1.0375649243829412
1.0375649243829412
1.0373961273796857
1.0373961273796857
1.0368482853594532
1.0368482853594532
1.0368482853594532
1.0368857484771206
1.035592966208107
1.0357897910561245
1.0337338905286018
1.0337338905286018
1.0337338905286018
1.0337338905286018
1.0337338905286018
1.0341328578317355
1.0341328578317355
1.0371539526945421
1.0373221044943648
1.0348901816499843
1.0348901816499843
1.035003543512134
1.0372555607972143
1.0371815759126137
1.0370059152900044
1.0370059152900044
1.0370059152900044
1.036949773529683
1.036949773529683
1.036949773529683
1.036949773529683
1.036949773529683
1.036949773529683
1.036949773529683
1.036949773529683
1.036949773529683
1.036768947788388
1.0380476046995586
1.0380476046995586
1.0380476046995586
1.0380476046995586
1.0380476046995586
1.0380476046995586
1.0380476046995586
1.0380476046995586
1.0380476046995586
1.0380476046995586
1.038545481339665
1.0383984935508175
1.0383984935508175
1.0383984935508175
1.0383984935508175
1.0380892003790074
1.0380892003790074
1.0380892003790074
1.0380892003790074
1.0375452081337089
1.0381191085636605
1.0381191085636605
1.041568569226152
1.041568569226152
1.041568569226152
1.041568569226152
1.0380791282395603
1.0380791282395603
1.0368702435179664
1.0368702435179664
1.0368702435179664
1.0368702435179664
1.0368702435179664
1.0368702435179664
1.0368702435179664
1.0368702435179664
1.038230797614385
1.0357435787906748
1.0357435787906748
1.0357435787906748
1.0357435787906748
1.0357435787906748
1.0366537425764142
1.0366537425764142
1.0366537425764142
1.0371542624236731
1.035603520460911
1.035603520460911
1.035603520460911
1.0362248504159193
1.0362248504159193
1.0362248504159193
1.0358511915659565
1.0358511915659565
1.0358511915659565
1.037495924568558
1.0381369670144434
1.0383501262886186
1.0383501262886186
1.0383501262886186
1.0383501262886186
1.0388282434152387
1.0365559141581724
1.0365559141581724
1.035566084089024
1.035566084089024
1.035566084089024
1.035566084089024
1.034521602242811
1.034521602242811
1.0351522841316965
1.0351522841316965
1.0351522841316965
1.0354627866016066
1.0354627866016066
1.0354627866016066
1.0354627866016066
1.0354627866016066
1.0354627866016066
1.0360621881179581
1.0351028829058277
1.0351028829058277
1.03483683256131
1.0359453193521062
1.0355777400814636
1.0369269663213527
1.0369269663213527
1.0369269663213527
1.0375654194720663
1.0375654194720663
1.0375654194720663
1.040529116509994
1.040529116509994
1.0399961360894712
1.0429897906142087
1.0429897906142087
1.0398442578397988
1.0398442578397988
1.041103810917881
1.041103810917881
1.0392817737507922
1.0392817737507922
1.0392817737507922
1.0396249727000522
1.0409636588078237
1.0400372487298257
1.0400372487298257
1.0391600250904787
1.0391600250904787
1.0391600250904787
1.0391600250904787
1.0391600250904787
1.0391600250904787
1.0366709329714814
1.0374020996744877
1.0359420951303357
1.040995684997873
1.040995684997873
1.040995684997873
1.040995684997873
1.040995684997873
1.0401742006709331
1.0429115584267818
1.042633730777792
1.042633730777792
1.0445340494459778
1.0425607836799509
1.0447886316267532
1.0418795327360362
1.0418795327360362
1.0418795327360362
1.042263264279801
1.042263264279801
1.042263264279801
1.0419464751706102
1.039844397073787
1.0388239208819483
1.0389936585074564
1.038879643705123
1.038879643705123
1.039617846308521
1.0402268987590206
1.041220420473406
1.0414884236384598
1.0414884236384598
1.0414884236384598
1.0403573159443664
1.0403887174005078
1.0403887174005078
1.040825624958849
1.0405628617413993
1.0395549233836998
1.0395549233836998
1.0395549233836998
1.0395549233836998
1.0395549233836998
1.0395549233836998
1.0375941999604943
1.0394538105025455
1.0397861146612422
1.037169431839476
1.037169431839476
1.039510527716616
1.0397286886119297
1.0386941711284015
1.0386941711284015
1.0392202031974962
1.0405834848569202
1.0408736299547117
1.0412975434098266
1.0412975434098266
1.0407237179583657
1.0370248364501091
1.037983453628776
1.037983453628776
1.037983453628776
1.0353538335346493
1.0353538335346493
1.0353538335346493
1.0353469783156855
1.0353469783156855
1.034974917683399
1.0331581428961514
1.0331581428961514
1.0331581428961514
1.0331581428961514
1.0331581428961514
1.0330569882520122
1.0323425410454747
1.0323425410454747
1.0343635104248587
1.0343635104248587
1.0343020329658432
1.035977702396566
1.0363897752401967
1.0363897752401967
1.0363897752401967
1.0361390016886733
1.0372584750450482
1.0372584750450482
1.0372584750450482
1.0372584750450482
1.0364994219582866
1.0364994219582866
1.0364994219582866
1.0364994219582866
1.0356052176848787
1.0356052176848787
1.0356052176848787
1.0371070799472342
1.0371070799472342
1.0371070799472342
1.0368205550532146
1.0368205550532146
1.0368205550532146
1.0358730690015874
1.0354753034711672
1.0354753034711672
1.0368686547342922
1.0368686547342922
1.0368686547342922
1.0375528981496225
1.0375528981496225
1.0375528981496225
1.038064349048629
1.038064349048629
1.038064349048629
1.0392128119719592
1.0392128119719592
1.0387272803001046
1.0387272803001046
1.0387272803001046
1.0387272803001046
1.0387272803001046
1.0387272803001046
1.0387272803001046
1.0397019227877335
1.0395116433191365
1.0395116433191365
1.0415265874755872
1.038518917777528
1.038518917777528
1.0368014677861688
1.037004023276994
1.0370708326068168
1.038390502632885
1.038390502632885
1.0369738996167759
1.0369738996167759
1.0369738996167759
1.0393405493284023
1.0393405493284023
1.0408318371255114
1.0408318371255114
1.041106160576744
1.04124118730081
1.04124118730081
1.04124118730081
1.04124118730081
1.04124118730081
1.040505898539922
1.040505898539922
1.040505898539922
1.0414586943146413
1.0383242527734677
1.0399489520862757
1.0399489520862757
1.0405751319246728
1.0405751319246728
1.0405751319246728
1.0405751319246728
1.0405751319246728
1.0408913064879055
1.0408913064879055
1.0408913064879055
1.0408913064879055
1.0427826292869573
1.0427826292869573
1.0446827923881223
1.0431464428452462
1.0426830898402524
1.0426830898402524
1.0429687885108512
1.0421742555673799
1.0421742555673799
1.0396042257317148
1.0396042257317148
1.0396139071264214
1.0396139071264214
1.0401760139690732
1.0376699539427543
1.0382516454688
1.0378019659801128
1.0378019659801128
1.0406758726176009
1.0402945653778346
1.0427355472081814
1.0427355472081814
1.041319492185773
1.0426361691258745
1.0433758009583785
1.0433758009583785
1.0426303344454393
1.0426303344454393
1.0426303344454393
1.0425840136574307
1.0425840136574307
1.0425840136574307
1.0425840136574307
1.0420257642415303
1.0422247689486714
1.0422247689486714
1.0422247689486714
1.0422247689486714
1.0422247689486714
1.0412865877570898
1.0402066878201812
1.0402066878201812
1.0402066878201812
1.0429006776263756
1.0429006776263756
1.0444576984845413
1.0444576984845413
1.0425323478446789
1.0425323478446789
1.0418605096989875
1.0427367126885976
1.0427367126885976
1.0434401213295066
1.0434401213295066
1.0434401213295066
1.0434401213295066
1.0425472621367504
1.042559643280173
1.043607154674561
1.0440846561607264
1.0440846561607264
1.0440846561607264
1.0440846561607264
1.0438576768185355
1.0445930994487365
1.0445930994487365
1.0445930994487365
1.0445930994487365
1.0427067268303267
1.0427067268303267
1.0427067268303267
1.0416800216866309
1.0416800216866309
1.0416800216866309
1.0409683538102337
1.0409683538102337
1.040869528048743
1.040869528048743
1.0425468790071795
1.0425468790071795
1.0432992261075662
1.0432992261075662
1.0423926359247253
1.04230831100255
1.0395398290886741
1.038469950773745
1.038469950773745
1.038469950773745
1.0383940491574295
1.0369109658773952
1.0369109658773952
1.0369109658773952
1.0382224460670073
1.0382224460670073
1.0380226249946438
1.0407168154084796
1.0407168154084796
1.0407168154084796
1.0407168154084796
1.040708075188031
1.0401833306997037
1.0401833306997037
1.0403692797609085
1.0403692797609085
1.0403692797609085
1.0403692797609085
1.0403692797609085
1.0403692797609085
1.0403692797609085
1.0403692797609085
1.041954042430226
1.041487901507724
1.041487901507724
1.041487901507724
1.041487901507724
1.041487901507724
1.0419844073000275
1.0432014478382896
1.0423162452573138
1.0429461414113974
1.0429461414113974
1.040263862574334
1.040263862574334
1.040263862574334
1.040263862574334
1.0378076797107014
1.0389113242759647
1.04012295409021
1.04012295409021
1.04012295409021
1.0388568864335017
1.0371081772714663
1.0371081772714663
1.0371081772714663
1.0367420184680647
1.0363876117517783
1.0363876117517783
1.037189247831935
1.0384252751520522
1.0357456414269754
1.0360038365113513
1.0369530667315456
1.0359142842347293
1.0359142842347293
1.0367144356563742
1.0367144356563742
1.0377365862118466
1.0377365862118466
1.039129276289316
1.039129276289316
1.039129276289316
1.039129276289316
1.039455645572713
1.039455645572713
1.0388987780433445
1.0395005120550707
1.0380588343314805
1.0380588343314805
1.0380588343314805
1.0380588343314805
1.0380588343314805
1.0380588343314805
1.037494371278943
1.0392221763828005
1.0392221763828005
1.0392221763828005
1.0392221763828005
1.0412467580370166
1.0412467580370166
1.0380455596948046
1.0380455596948046
1.038514475117605
1.034450612479314
1.0384820761065718
1.0372120546137715
1.0372120546137715
1.0372120546137715
1.0372120546137715
1.0375992513322194
1.0375992513322194
1.0352989640211507
1.0338982964374375
1.0338982964374375
1.0346217931073383
1.0348281526259915
1.0348281526259915
1.0348281526259915
1.0352020182803061
1.0352020182803061
1.0352020182803061
1.036777230556372
1.034276469651937
1.033912377733753
1.033912377733753
1.0360062482460135
1.0360062482460135
1.036287962981607
1.0350221806474111
1.0350221806474111
1.0350221806474111
1.0376950325057164
1.0376950325057164
1.0379076677425758
1.037398382271682
1.037398382271682
1.0397811531089094
1.037829846233524
1.037829846233524
1.0392914884804112
1.0366959074619553
1.0366959074619553
1.0366959074619553
1.0366959074619553
1.0366959074619553
1.0360988797645379
1.0360988797645379
1.0380784228466058
1.0380784228466058
1.0380784228466058
1.0387462473832705
1.0371509081397166
1.0371509081397166
1.0371509081397166
1.0371509081397166
1.0371509081397166
1.0371509081397166
1.0352501277209292
1.0352501277209292
1.0341377895061081
1.036571260557426
1.0339107425430674
1.0338337784366294
1.0338337784366294
1.0338337784366294
1.0338337784366294
1.0356040894448943
1.0362220095583505
1.036718392000553
1.0376066078226647
1.0376066078226647
1.0408334945531985
1.0415575152754697
1.0395095522015612
1.0395095522015612
1.0395095522015612
1.0395095522015612
1.0394840112978034
1.0389615079473908
1.0390565528959326
1.0390565528959326
1.0391599123493076
1.0403217687002058
1.0403217687002058
1.0403217687002058
1.0421290197352198
1.0421290197352198
1.0410722424276404
1.0410722424276404
1.0410722424276404
1.0382594765314213
1.0387238271444945
1.0387238271444945
1.0387238271444945
1.0387238271444945
1.0350101466757526
1.0350101466757526
1.0370868788562404
1.0370868788562404
1.035145781249839
1.035145781249839
1.035145781249839
1.0368941859002225
1.0368941859002225
1.0368941859002225
1.0368941859002225
1.0368941859002225
1.037662131483693
1.037662131483693
1.037662131483693
1.037662131483693
1.037662131483693
1.0374541463481937
1.0374541463481937
1.037880477907335
1.0372613283586547
1.036583556295612
1.036583556295612
1.0355123755355145
1.0359922994749577
1.0370433697286754
1.0370433697286754
1.0370433697286754
1.0345595145480821
1.0345595145480821
1.0365884954026807
1.036139123713422
1.0366165714387745
1.0373114378214068
1.0373114378214068
1.0379087109954628
1.0374591887561149
1.0374591887561149
1.036741748068338
1.036741748068338
1.036741748068338
1.036741748068338
1.036741748068338
1.0356652998060163
1.0356652998060163
1.0356652998060163
1.0361669742280002
1.0361669742280002
1.0361669742280002
1.0361669742280002
1.0370120459959833
1.0363859064303638
1.0348770386205632
1.0348770386205632
1.0321797105971877
1.0330912983844984
1.0330912983844984
1.0330912983844984
1.0326056310106355
1.0326056310106355
1.0326056310106355
1.0361525019056423
1.0371362514934328
1.0371362514934328
1.0371362514934328
1.0356881812625942
1.0362275048462266
1.0320712933059202
1.0320712933059202
1.030618276772451
1.030618276772451
1.030618276772451
1.030618276772451
1.030618276772451
1.0305206641923519
1.0305206641923519
1.0305206641923519
1.0298033159634459
1.0324550579993375
1.0324550579993375
1.0324550579993375
1.031758412071021
1.0310231917322745
1.0311946568829766
1.0313256407746305
1.0312757256542513
1.0312757256542513
1.0312757256542513
1.0312757256542513
1.0312757256542513
1.0312757256542513
1.0312757256542513
1.031568108100895
1.0314479945557946
1.0314479945557946
1.0314479945557946
1.0329096427050197
1.0329096427050197
1.0329096427050197
1.0329096427050197
1.0329096427050197
1.0329844834127466
1.0352349258506706
1.0352349258506706
1.0352349258506706
1.0380326593691218
1.0380326593691218
1.0380326593691218
1.0380326593691218
1.0380326593691218
1.0380326593691218
1.0380326593691218
1.0377506844087026
1.0381175197861978
1.0381175197861978
1.0381175197861978
1.0381175197861978
1.0381175197861978
1.0358411719810503
1.0358411719810503
1.0358411719810503
1.0385968585487266
1.0385968585487266
1.0385968585487266
1.0375804856986186
1.0379506621877865
1.0379506621877865
1.0379506621877865
1.034825465955109
1.034825465955109
1.034825465955109
1.034825465955109
1.034825465955109
1.034825465955109
1.0350887932505333
1.0350887932505333
1.034771843749215
1.034256871724972
1.034256871724972
1.034256871724972
1.034639046458679
1.034639046458679
1.034639046458679
1.0339523703509492
1.034800241267699
1.034800241267699
1.034800241267699
1.033271809644018
1.033271809644018
1.033271809644018
1.031818397154594
1.031818397154594
1.031818397154594
1.031818397154594
1.031818397154594
1.0316965710355455
1.0327102250771278
1.0327102250771278
1.0322057893423644
1.0322057893423644
1.0336424464924483
1.0350097078732885
1.0350097078732885
1.0358371334212324
1.0358371334212324
1.0329431356428387
1.0329431356428387
1.0329431356428387
1.0329431356428387
1.0329431356428387
1.0306060620526851
1.0306060620526851
1.0320616545015122
1.0308989321603574
1.0308989321603574
1.0308989321603574
1.030719400377505
1.030719400377505
1.0287699691545453
1.0287699691545453
1.0295032942550744
1.0295032942550744
1.0295032942550744
1.0295032942550744
1.0295032942550744
1.0293989490222075
1.0274535692718396
1.026489045179431
1.026489045179431
1.0285571000879994
1.028700560902128
1.028700560902128
1.0310659043393153
1.0310659043393153
1.0320709703986441
1.0320709703986441
1.0320709703986441
1.0317694670736812
1.032948361005819
1.032948361005819
1.032948361005819
1.032948361005819
1.0355654166741772
1.0355654166741772
1.0355654166741772
1.037161254640237
1.037161254640237
1.0381846661960032
1.0381846661960032
1.0381846661960032
1.0381846661960032
1.0367851917395756
1.0367851917395756
1.035714371274066
1.035714371274066
1.0384194387581394
1.037254321233056
1.0375380453589078
1.0375380453589078
1.0375380453589078
1.0380458572592413
1.0384110320174516
1.038034343413739
1.0392357062753905
1.0392357062753905
1.0402613759016623
1.0402613759016623
1.0402613759016623
1.0402613759016623
1.0393484300769287
1.0375653732259718
1.0375653732259718
1.0375653732259718
1.0364330601075569
1.0361326674752613
1.0361326674752613
1.035101575683261
1.0355978302660012
1.0355978302660012
1.0372557604341968
1.0374482413769548
1.0387127028993994
1.0387127028993994
1.0387127028993994
1.0387127028993994
1.0383227267589743
1.0383227267589743
1.0374905877715768
1.0374905877715768
1.0372076729719582
1.0372076729719582
1.0393029008045747
1.039091543801959
1.039091543801959
1.039091543801959
1.0409555204089511
1.0427736094587443
1.0427736094587443
1.0422301101989757
1.0408186791664493
1.0408186791664493
1.0389180961874174
1.0389180961874174
1.0389180961874174
1.0375777682948508
1.0375777682948508
1.0379945976822478
1.0379945976822478
1.0379945976822478
1.037584519275737
1.037584519275737
1.0375325602747474
1.0369171178639234
1.0369171178639234
1.0369171178639234
1.0369171178639234
1.037318206816675
1.0390781353488556
1.0390781353488556
1.0386889461987086
1.039180607688867
1.039180607688867
1.0400428240325652
1.041972123772249
1.0423363531788716
1.0423363531788716
1.0423363531788716
1.0440673084779906
1.0440673084779906
1.0411856323906505
1.0390645715521651
1.0390645715521651
1.038900109246382
1.038900109246382
1.038900109246382
1.038900109246382
1.038900109246382
1.0379866567637024
1.0379866567637024
1.0382353033537755
1.0382353033537755
1.038741798025453
1.039235920772623
1.039235920772623
1.039235920772623
1.0382627621449487
1.0382627621449487
1.0382627621449487
1.0382627621449487
1.0382627621449487
1.0382627621449487
1.0382627621449487
1.0368474980326126
1.0368474980326126
1.0378575920375015
1.0384106698906346
1.0384106698906346
1.0384106698906346
1.0384106698906346
1.0384106698906346
1.0384106698906346
1.0389473148679846
1.0389473148679846
1.0389473148679846
1.0389473148679846
1.0389473148679846
1.0389473148679846
1.0403982982069735
1.041727209725077
1.0414555193393107
1.041706349839781
1.041706349839781
1.0407486974867675
1.0431454373213886
1.0431454373213886
1.0431454373213886
1.0416264158020245
1.0416264158020245
1.0416264158020245
1.0398826375714105
1.0398826375714105
1.0398826375714105
1.0395593532263891
1.0396415539710615
1.0366271201530588
1.0347421478995273
1.0371881474571212
1.0371881474571212
1.0385996255061103
1.0358182231882673
1.0358182231882673
1.0368856806632085
1.0368856806632085
1.0356029354574123
1.0352685775834969
1.0390111623014096
1.0398548690148628
1.0398548690148628
1.0390743865747734
1.0390743865747734
1.0390743865747734
1.0390743865747734
1.0392186952572826
1.0392186952572826
1.0414584496163404
1.0414584496163404
1.0414584496163404
1.0414584496163404
1.0438896331224805
1.0405496171372506
1.0406779540504978
1.0389047892770293
1.0389047892770293
1.0389047892770293
1.0389047892770293
1.0389047892770293
1.0389047892770293
1.0389047892770293
1.0389047892770293
1.0400709480108041
1.0400709480108041
1.0400709480108041
1.0400709480108041
1.039592023213119
1.03860607307765
1.03860607307765
1.03860607307765
1.03860607307765
1.03860607307765
1.03860607307765
1.03860607307765
1.0380051096324747
1.0380051096324747
1.0380051096324747
1.0380051096324747
1.0401606666088876
1.0397306032875224
1.0397306032875224
1.040426483667493
1.040426483667493
1.040426483667493
1.038082805443693
1.0423770224469622
1.0423770224469622
1.0423770224469622
1.0423770224469622
1.0396875691338554
1.0396875691338554
1.037242099847463
1.037242099847463
1.0375295000320912
1.0406160799170003
1.0406160799170003
1.0393704731354505
1.0377227049959237
1.0368148395101042
1.0368148395101042
1.0368148395101042
1.0349890788889187
1.0366257207325493
1.0366257207325493
1.0361782675365583
1.0361782675365583
1.0371035625475848
1.0371035625475848
1.0371035625475848
1.0371035625475848
1.0371035625475848
1.036413167104039
1.0350370208946011
1.0354752637729199
1.0364216289260078
1.0364216289260078
1.0375788993140096
1.0378369355666879
1.0400555930147835
1.0400555930147835
1.0400555930147835
1.0400555930147835
1.0400555930147835
1.0400555930147835
1.0400555930147835
1.0400555930147835
1.0400555930147835
1.0400555930147835
1.0400555930147835
1.040357910949125
1.040357910949125
1.0406833136746625
1.0406833136746625
1.0406833136746625
1.0406833136746625
1.0406833136746625
1.0406833136746625
1.0406833136746625
1.0406833136746625
1.0406151625163358
1.0406151625163358
1.042451597686771
1.0410639760294225
1.0411737103835372
1.038142993697816
1.0383529060086683
1.0380645542328941
1.0380645542328941
1.0354304127918905
1.03268574769948
1.0317615282612285
1.03421462195145
1.03421462195145
1.03421462195145
1.0336741252750197
1.0351153339774637
1.0351153339774637
1.0351153339774637
1.0351153339774637
1.037395764779252
1.037395764779252
1.037325491024735
1.037325491024735
1.038260594123818
1.038260594123818
1.038260594123818
1.038260594123818
1.038260594123818
1.0381584716783074
1.0381584716783074
1.0404293516359395
1.0404293516359395
1.0394433028802321
1.040700746098267
1.040700746098267
1.040700746098267
1.039617841735285
1.039617841735285
1.039617841735285
1.039617841735285
1.0391313528650186
1.0388996892234403
1.0388996892234403
1.0373933051545703
1.0397311023839464
1.0415286934177732
1.0424502104732685
1.0424502104732685
1.0424502104732685
1.0424502104732685
1.0424502104732685
1.0424502104732685
1.0424502104732685
1.041693702903509
1.041693702903509
1.041693702903509
1.041693702903509
1.0422499792590263
1.0391148838684072
1.0391708933169586
1.0391708933169586
1.0391708933169586
1.0400000083587555
1.0400000083587555
1.0400000083587555
1.0385994938311773
1.0385994938311773
1.0385994938311773
1.0385994938311773
1.037019068157142
1.037019068157142
1.037019068157142
1.037019068157142
1.037019068157142
1.037019068157142
1.037019068157142
1.0349885213345609
1.0331311894044763
1.0333730477212124
1.0333730477212124
1.0333730477212124
1.0333730477212124
1.0346781750174807
1.0346781750174807
1.0346781750174807
1.0346781750174807
1.0346781750174807
1.0347759870198991
1.0345893146263168
1.034871195497754
1.0358602598858566
1.0358602598858566
1.0368100157879845
1.0356744953808164
1.0358141923268538
1.03426315196009
1.035661599734937
1.0366559616206519
1.0366559616206519
1.0351011520240263
1.0351011520240263
1.0343933982938964
1.034764541462309
1.034764541462309
1.034764541462309
1.0354388246584867
1.0354388246584867
1.0354388246584867
1.0354388246584867
1.0354388246584867
1.0354388246584867
1.0354388246584867
1.0354388246584867
1.0376565025878364
1.0376565025878364
1.0376565025878364
1.03796317001519
1.03796317001519
1.036685934390305
1.038049060586794
1.0372928038219171
1.0372928038219171
1.0378567180439437
1.0378567180439437
1.0372029916200791
1.0381410220740357
1.0381410220740357
1.0390134988884137
1.0402554051091617
1.0402554051091617
1.0402554051091617
1.0427037935375778
1.0441145960063654
1.0451044839179031
1.0451044839179031
1.0421816384688256
1.0421816384688256
1.0421816384688256
1.0421816384688256
1.0421816384688256
1.0444320282293151
1.04395046597195
1.04395046597195
1.0448613439443526
1.0448613439443526
1.0439753951183484
1.0439753951183484
1.0434266337851597
1.042330516287143
1.042330516287143
1.0416695673903629
1.0397431978849534
1.0397431978849534
1.0397431978849534
1.0435173162608553
1.0398936998044426
1.0407189791962679
1.044070168540526
1.044070168540526
1.0453594431980282
1.045594762567472
1.045594762567472
1.0446844880553519
1.042934666401357
1.042934666401357
1.0427297960959259
1.0434512492063521
1.0434512492063521
1.0434512492063521
1.0436956246599232
1.0427904498098106
1.042100078077814
1.0407731648059726
1.0407731648059726
1.0413737752152812
1.0413737752152812
1.0413737752152812
1.0413737752152812
1.041287164506227
1.041287164506227
1.041287164506227
1.040445564826392
1.0386887297865455
1.037653381763365
1.0394752447049065
1.0369495485182076
1.0421161594737143
1.0421161594737143
1.0397243222149275
1.0365535492307385
1.03885218288302
1.03885218288302
1.0372351497741303
1.0372351497741303
1.0372351497741303
1.0372351497741303
1.0388100725887839
1.0388100725887839
1.0400839576090963
1.0400839576090963
1.0400839576090963
1.0400839576090963
1.0400839576090963
1.0400839576090963
1.0406702072889082
1.0385623354445155
1.0385623354445155
1.0385623354445155
1.037689176838499
1.037689176838499
1.0388490293408208
1.0388490293408208
1.0388490293408208
1.0388490293408208
1.0388490293408208
1.0388490293408208
1.0388490293408208
1.0394923356318875
1.0394923356318875
1.0414152508118988
1.0414152508118988
1.04059946977518
1.04059946977518
1.04059946977518
1.0410942423753142
1.0410942423753142
1.0410942423753142
1.0407623752128787
1.0407623752128787
1.040640513155335
1.0409349347791275
1.0395554947100962
1.0397027988847767
1.0387487539144054
1.038343546888267
1.0374425293758092
1.0374425293758092
1.039296263028787
1.039296263028787
1.039296263028787
1.038744788733382
1.0379601485611059
1.036729326126862
1.036729326126862
1.0403085330901376
1.0403085330901376
1.0384086638099979
1.0386351222125298
1.0386351222125298
1.0410835707553354
1.0410835707553354
1.0426150196075876
1.0410438441212837
1.039805030703443
1.0401702946603435
1.0401702946603435
1.0401702946603435
1.0405256134668133
1.0405256134668133
1.0405256134668133
1.0373773343842958
1.0373773343842958
1.0402212687250176
1.0402212687250176
1.0377281761614043
1.0388441265727257
1.0382845292338194
1.0382845292338194
1.0362075233690848
1.0362075233690848
1.0366844660979524
1.0398021686089698
1.0398021686089698
1.0398021686089698
1.0398021686089698
1.0380201608502062
1.0380201608502062
1.0380201608502062
1.0380201608502062
1.0380201608502062
1.033744701769286
1.0360869032889015
1.0360869032889015
1.0360869032889015
1.0365802680414258
1.037243546228481
1.037243546228481
1.037243546228481
1.037243546228481
1.037243546228481
1.037243546228481
1.037243546228481
1.0357909244014942
1.0357909244014942
1.032420362297785
1.032420362297785
1.0320366853527738
1.0320366853527738
1.0320366853527738
1.0300170392487629
1.0308796137402623
1.0308796137402623
1.0308796137402623
1.031034412549773
1.0313444180920586
1.0313444180920586
1.02898001654295
1.0298149234180671
1.0298149234180671
1.0298149234180671
1.0298149234180671
1.0298149234180671
1.0298763764912884
1.0293931017178226
1.0293931017178226
1.0293931017178226
1.0293931017178226
1.0308650506621828
1.0308650506621828
1.0308650506621828
1.0308650506621828
1.0304540534494986
1.028798802223758
1.028798802223758
1.0322191961690772
1.0322191961690772
1.0324810148966352
1.0324810148966352
1.034943790415863
1.034943790415863
1.033583754545975
1.0368025118851427
1.0368025118851427
1.037209566453047
1.037209566453047
1.037209566453047
1.037685926464937
1.037685926464937
1.0363855745381927
1.0363855745381927
1.0363855745381927
1.0363855745381927
1.0363855745381927
1.0363855745381927
1.038256023995049
1.038256023995049
1.038256023995049
1.0389529417599166
1.0389529417599166
1.0389529417599166
1.038086567592762
1.038086567592762
1.038086567592762
1.0394385208102361
1.0431673635424628
1.0431673635424628
1.0431673635424628
1.0431673635424628
1.0431673635424628
1.0431673635424628
1.0431673635424628
1.0431673635424628
1.0431673635424628
1.0431673635424628
1.0431673635424628
1.0431673635424628
1.0431673635424628
1.0431673635424628
1.0431673635424628
1.0431673635424628
1.0431673635424628
1.0431673635424628
1.0422386215774055
1.0422386215774055
1.0435358647023627
1.0434123115577723
1.0434123115577723
1.0434123115577723
1.0430735061534808
1.0430735061534808
1.0433925746781918
1.0433925746781918
1.046084091064002
1.040603513260561
1.040603513260561
1.0400001209862226
1.0400001209862226
1.0400001209862226
1.0414737274182693
1.0414737274182693
1.0414737274182693
1.0414737274182693
1.0414737274182693
1.040832310717838
1.040832310717838
1.042479812586689
1.0440775681205914
1.0440775681205914
1.044419883546592
1.042034877000797
1.0409562033468036
1.0409562033468036
1.0409562033468036
1.0409562033468036
1.0399135452427117
1.0399135452427117
1.0399135452427117
1.0399135452427117
1.0405309673553704
1.0405309673553704
1.0405309673553704
1.0399410316481472
1.0399410316481472
1.0399557090396143
1.0367341834845916
1.0367341834845916
1.0367341834845916
1.0362228669901048
1.0362228669901048
1.0362228669901048
1.0362228669901048
1.0362228669901048
1.035904779729424
1.035904779729424
1.0343297960491074
1.037550959168582
1.0370122883774013
1.0364142427281233
1.0364142427281233
1.0364142427281233
1.0364142427281233
1.033349528872466
1.033349528872466
1.033349528872466
1.033349528872466
1.033349528872466
1.033105138021488
1.033105138021488
1.0319495089666662
1.037283874205169
1.037283874205169
1.037283874205169
1.039049894951741
1.039049894951741
1.039049894951741
1.039049894951741
1.0395076343979792
1.0395076343979792
1.0395665937301601
1.0395665937301601
1.0395665937301601
1.0395665937301601
1.0395665937301601
1.0395665937301601
1.0396570921237571
1.0396570921237571
1.039401246990147
1.0447000710455117
1.0447000710455117
1.0457935608221856
1.046753933082585
1.0454227200703292
1.0454227200703292
1.0454227200703292
1.0454731163616913
1.0451867980727452
1.0431081447811723
1.044084672111917
1.044084672111917
1.0446829945014966
1.0446829945014966
1.0446829945014966
1.0446829945014966
1.0446829945014966
1.0446829945014966
1.0446829945014966
1.0451859378311354
1.0448089028176113
1.040743085483413
1.0400671770060745
1.0400671770060745
1.0400671770060745
1.0400671770060745
1.0402041630342564
1.0402041630342564
1.0402041630342564
1.0420080279592496
1.0402731762018442
1.0402731762018442
1.0402731762018442
1.0399175896440285
1.0387951740039156
1.0387951740039156
1.0403953618533859
1.0415488915295668
1.0415488915295668
1.0415488915295668
1.039623282753083
1.0392549763948085
1.0366715368006605
1.0414800130130615
1.0416257740492436
1.0416715797807825
1.0416715797807825
1.0416715797807825
1.0416715797807825
1.0416196295156475
1.0393687208111138
1.0393687208111138
1.0419004384191515
1.0419004384191515
1.0436243570754533
1.045373852829539
1.045373852829539
1.0442288746642672
1.0442288746642672
1.0442288746642672
1.0442288746642672
1.045429598716935
1.043729064694967
1.0439678415065055
1.0447234430156553
1.0447234430156553
1.0447234430156553
1.0413802198457969
1.0413802198457969
1.0413802198457969
1.0406425625428848
1.0406425625428848
1.0406425625428848
1.0406425625428848
1.0406425625428848
1.0394671346936684
1.0405252100753337
1.0405252100753337
1.041129831344354
1.041129831344354
1.0425816537728054
1.0425816537728054
1.043669994265998
1.043669994265998
1.043669994265998
1.043669994265998
1.043669994265998
1.043669994265998
1.043669994265998
1.0453353052828172
1.046082630574648
1.046082630574648
1.046082630574648
1.0460188637600036
1.0460188637600036
1.0458419614921248
1.0435110823025868
1.0435110823025868
1.0464728335517863
1.0411809026595367
1.0413540572534346
1.0448613947579162
1.0448613947579162
1.0448613947579162
1.0448613947579162
1.0448613947579162
1.0448613947579162
1.0426999328922608
1.0439768254312056
1.0439768254312056
1.0444004637114446
1.0467832865969575
1.0441575529398681
1.0441575529398681
1.0441575529398681
1.047920205148062
1.0461411214487566
1.0467949167274035
1.0467949167274035
1.046564186434772
1.0480026946227574
1.0451983208665394
1.0451983208665394
1.042635149522004
1.042635149522004
1.0443345126829975
1.0443345126829975
1.0460811932867307
1.0450827613953786
1.0450827613953786
1.0450827613953786
1.0446271174915491
1.0446271174915491
1.0446271174915491
1.0446271174915491
1.0446271174915491
1.0389834042024397
1.0379905035614942
1.0379905035614942
1.0351806883510974
1.0364044107365298
1.0346041148225775
1.0346041148225775
1.0346041148225775
1.0346041148225775
1.0346041148225775
1.0346041148225775
1.0342911025763635
1.0342911025763635
1.0342911025763635
1.0367997965882954
1.0392403973898183
1.0424890256834196
1.0447970742991786
1.0458779692372238
1.0430292835055446
1.0438562796753965
1.0431762980444972
1.042750683005579
1.042750683005579
1.044783567414404
1.0489226271510717
1.0481269148457732
1.0481269148457732
1.0433739003764637
1.0433739003764637
1.0416662317566519
1.0416662317566519
1.039513232042452
1.0379226213031736
1.0379226213031736
1.0379226213031736
1.038642954830689
1.038642954830689
1.038642954830689
1.038642954830689
1.038642954830689
1.038642954830689
1.038642954830689
1.038642954830689
1.038642954830689
1.039904821504371
1.039904821504371
1.039904821504371
1.0413580569353973
1.0413621903950936
1.0413621903950936
1.0413621903950936
1.0419047933687948
1.0393594998749083
1.0398662123170754
1.0410760477555825
1.0410760477555825
1.0410760477555825
1.0410760477555825
1.0414653257928148
1.0414653257928148
1.03959114590109
1.03959114590109
1.0416141120849345
1.0416141120849345
1.041340391152346
1.041340391152346
1.041340391152346
1.0417633111777749
1.0417633111777749
1.0417633111777749
1.038264390107398
1.0404595175366
1.0404356125050833
1.0404356125050833
1.0404356125050833
1.0418986863139699
1.0421888576620904
1.0421888576620904
1.0421205406825866
1.0415835192249243
1.0415835192249243
1.039220134707644
1.039220134707644
1.0381409332128442
1.0381409332128442
1.0381409332128442
1.0374219969241933
1.0374219969241933
1.0374219969241933
1.0374219969241933
1.0374219969241933
1.0373486859260916
1.0373486859260916
1.0373486859260916
1.0378060538928047
1.0378060538928047
1.0378060538928047
1.0337216892487477
1.0337216892487477
1.0337216892487477
1.0337216892487477
1.0337216892487477
1.0337216892487477
1.0337216892487477
1.03442861537643
1.03442861537643
1.03442861537643
1.03442861537643
1.0334210455400037
1.0329945704412231
1.0329945704412231
1.0329945704412231
1.0329945704412231
1.0326073922276893
1.0326073922276893
1.0326100349409664
1.0326100349409664
1.0326100349409664
1.0311855201048683
1.0330699933725749
1.0342401208578464
1.0342401208578464
1.0342401208578464
1.0342401208578464
1.0342401208578464
1.0342401208578464
1.0375218811935634
1.039240687124219
1.039240687124219
1.039240687124219
1.039240687124219
1.0393924396508385
1.0393924396508385
1.0393924396508385
1.042049960221441
1.0394209834167158
1.0394209834167158
1.039431088232872
1.039431088232872
1.039431088232872
1.039431088232872
1.039431088232872
1.0380448501692987
1.0380448501692987
1.0387241107213472
1.0387241107213472
1.0387678654340382
1.0387678654340382
1.0396480142006121
1.0385456625759244
1.0379935978482424
1.0362882740710087
1.0362882740710087
1.037190747466574
1.03808743612511
1.0378637855412742
1.039055808316049
1.039055808316049
1.039055808316049
1.0395445004330208
1.0395445004330208
1.0395445004330208
1.0395445004330208
1.0395445004330208
1.0391172313298906
1.0391172313298906
1.0391172313298906
1.0391172313298906
1.0424188013917945
1.0423288098980994
1.0429582273409534
1.043105732416875
1.043105732416875
1.043105732416875
1.0448839745170073
1.043858850264934
1.043858850264934
1.043858850264934
1.0438514428166117
1.0438514428166117
1.0429025469288515
1.0413366993547528
1.0389036356178922
1.0389036356178922
1.0410256109653766
1.0405616626100245
1.0405616626100245
1.0405616626100245
1.0405616626100245
1.0378571877397118
1.0378571877397118
1.0378571877397118
1.0382475098719575
1.0382475098719575
1.0390064595100994
1.0390064595100994
1.0390064595100994
1.0390064595100994
1.039020558849948
1.039020558849948
1.039020558849948
1.039020558849948
1.039020558849948
1.0358735728311212
1.0358735728311212
1.039533809811655
1.039533809811655
1.039996473490055
1.041289067344621
1.0389300497458986
1.0392378644801825
1.0387463603666411
1.0395936855983847
1.0395936855983847
1.0402096947006552
1.0408101495932522
1.043135700310399
1.0443856712190347
1.0428261142834874
1.0440656377116952
1.0440656377116952
1.04394210873548
1.0439455994899476
1.0433154319358302
1.0421175860005487
1.0427268980686446
1.0427268980686446
1.0427268980686446
1.0427268980686446
1.0427144003607003
1.0414823434588687
1.0414823434588687
1.0414823434588687
1.0414823434588687
1.0430425565664723
1.0430425565664723
1.0400368940995122
1.0400368940995122
1.0377374928776508
1.0377374928776508
1.0377374928776508
1.0405089111205301
1.0405089111205301
1.0405089111205301
1.0405089111205301
1.0405089111205301
1.0405089111205301
1.0405089111205301
1.0410251166015645
1.0410251166015645
1.0410251166015645
1.039967681419827
1.0410049650277837
1.0431799707985878
1.0413140402741297
1.040448456399911
1.040448456399911
1.040448456399911
1.040448456399911
1.0425010019267047
1.0425010019267047
1.0425010019267047
1.0425010019267047
1.0425010019267047
1.0420073951569504
1.0420073951569504
1.040146775962525
1.040146775962525
1.040146775962525
1.040146775962525
1.040146775962525
1.0387898416352872
1.0387898416352872
1.0378226245443003
1.0399334987873325
1.0399334987873325
1.0424840646120936
1.0400108736263314
1.0407625265434526
1.0407677444144356
1.0409488017719914
1.0409488017719914
1.0399727149922786
1.0399727149922786
1.0399727149922786
1.0402287064201117
1.0377806472204787
1.0366269297413153
1.0378379096170223
1.0377302173941094
1.040018380905996
1.040018380905996
1.040018380905996
1.0417359504795067
1.0417359504795067
1.0408996015996443
1.0403379262896215
1.0403379262896215
1.0387661025224852
1.0387661025224852
1.0366210866334133
1.0371496028683589
1.035801816852287
1.0361791411787407
1.0366648007946693
1.0366648007946693
1.0385006730768962
1.0385006730768962
1.0385006730768962
1.0385006730768962
1.0380142379907908
1.0380142379907908
1.0380142379907908
1.0389740128322114
1.0379445635856266
1.0379445635856266
1.0379445635856266
1.0355917778961579
1.0355917778961579
1.0355917778961579
1.0382390455627872
1.0368264094524986
1.0377410157898823
1.0377410157898823
1.0377410157898823
1.0379482067722288
1.0379902948607795
1.0379902948607795
1.0379902948607795
1.0379902948607795
1.0379902948607795
1.0379902948607795
1.043112973911279
1.0389842770301996
1.0417302235960086
1.0417302235960086
1.0417302235960086
1.0426804499777325
1.0410496921130037
1.0410792692571547
1.0410792692571547
1.0410792692571547
1.0417979497361716
1.0417979497361716
1.0417979497361716
1.0417979497361716
1.0417979497361716
1.0417979497361716
1.0417979497361716
1.039900990981218
1.039900990981218
1.040228269527389
1.0420439293884671
1.0420439293884671
1.0420439293884671
1.0420439293884671
1.0420439293884671
1.0420439293884671
1.0420439293884671
1.043475074833511
1.0442840090821361
1.0452484608277508
1.0452484608277508
1.0422721095962855
1.042152657582656
1.0422283534080072
1.0422283534080072
1.0422283534080072
1.0422283534080072
1.0403215908302088
1.0403215908302088
1.0417643669460621
1.0423363128427363
1.0440803811441737
1.0440803811441737
1.0440803811441737
1.0440803811441737
1.0425966128221644
1.0423348002321553
1.0423348002321553
1.0420170169724503
1.0420170169724503
1.0435323479234486
1.0435323479234486
1.0435323479234486
1.0435323479234486
1.0435323479234486
1.0435323479234486
1.045046807281312
1.045046807281312
1.0472220694388217
1.0472220694388217
1.0472220694388217
1.0472220694388217
1.0476556937030144
1.0479416750590305
1.0473002186657
1.0473002186657
1.0473002186657
1.0457988995887155
1.049884661098894
1.0486795593681573
1.0486795593681573
1.0464813541590283
1.045074290977104
1.045074290977104
1.045074290977104
1.045074290977104
1.0445913033685588
1.0450147644367715
1.0426164617292053
1.0426164617292053
1.0426164617292053
1.0407711464415612
1.0407711464415612
1.0407711464415612
1.0390117321316044
1.0390117321316044
1.0390117321316044
1.0390117321316044
1.0390169346070046
1.0390169346070046
1.0390169346070046
1.038368251748404
1.038368251748404
1.0366534614844523
1.0416856798467526
1.0416856798467526
1.0399879599809099
1.0399879599809099
1.0399879599809099
1.0405455358350686
1.0405455358350686
1.0405455358350686
1.0405689616246578
1.0405689616246578
1.0405689616246578
1.0359431454142465
1.0359431454142465
1.0362883499686009
1.0362883499686009
1.0362883499686009
1.0362883499686009
1.0355828869608579
1.0360518909111243
1.0360518909111243
1.0360518909111243
1.0360518909111243
1.0360518909111243
1.0363175113149607
1.0356733526625348
1.0356733526625348
1.0359684614820859
1.0359684614820859
1.0359684614820859
1.0359684614820859
1.0361704748755358
1.0361704748755358
1.0349871646719422
1.0366453807815574
1.0349096329063012
1.0347152459490876
1.0347152459490876
1.0335364696573577
1.0342119399791496
1.0328216852419618
1.0342504447102
1.0342504447102
1.0342504447102
1.0342504447102
1.0342504447102
1.0342504447102
1.0348004320631632
1.0370083191588109
1.035698951765239
1.035698951765239
1.0355843857604539
1.0355843857604539
1.0355843857604539
1.0355843857604539
1.0355843857604539
1.0355843857604539
1.0347003438818203
1.0347003438818203
1.0361406576016827
1.0361406576016827
1.0361406576016827
1.0361406576016827
1.0361406576016827
1.0390386239301164
1.0390386239301164
1.0390386239301164
1.0390386239301164
1.0390386239301164
1.0372026072133573
1.04001561358649
1.0379517066423907
1.0379517066423907
1.0379517066423907
1.0379517066423907
1.0379517066423907
1.0348538857497385
1.0348538857497385
1.037093126078481
1.0358601348677396
1.037563167215945
1.037563167215945
1.037563167215945
1.036905645395028
1.036905645395028
1.037948863201816
1.037948863201816
1.0401957770833792
1.0402157846807274
1.0402157846807274
1.0383472563531966
1.03429889535765
1.03429889535765
1.0355499164406077
1.0355499164406077
1.0355499164406077
1.0355499164406077
1.0360334818017731
1.0376885453704554
1.0376885453704554
1.0373146322813471
1.0373146322813471
1.0373146322813471
1.0381272376355766
1.0344792960714948
1.0344792960714948
1.0344792960714948
1.0344792960714948
1.0358650731527752
1.0358650731527752
1.0379244078133252
1.0379244078133252
1.0379244078133252
1.0377893834477965
1.0377893834477965
1.0377893834477965
1.0386302742497682
1.0411019811623436
1.0396580101629707
1.0396580101629707
1.0396580101629707
1.0375462455824391
1.0375462455824391
1.0396212468621469
1.0396212468621469
1.0396212468621469
1.0401002272111879
1.0414642207840077
1.0414642207840077
1.0381387264076203
1.037841206249165
1.037841206249165
1.037841206249165
1.037841206249165
1.037841206249165
1.0396971262382926
1.0396971262382926
1.0396971262382926
1.04038533482828
1.04038533482828
1.04038533482828
1.039415176224206
1.0408114147119925
1.0411284825793135
1.0411284825793135
1.0411284825793135
1.0411284825793135
1.0423213352435046
1.0423213352435046
1.0423213352435046
1.0423213352435046
1.0419196695713842
1.0438130950833877
1.0438130950833877
1.0437897936432945
1.0423000567989738
1.04500655322664
1.04500655322664
1.0431616518334628
1.0448135101954241
1.045280220934571
1.0456476380128228
1.0456476380128228
1.0453638849164961
1.0455858241877722
1.0455858241877722
1.0455858241877722
1.043843130298902
1.043843130298902
1.043843130298902
1.044611972085522
1.044611972085522
1.0437928994837877
1.0437928994837877
1.0454781187259639
1.0454781187259639
1.0445566071964527
1.0445566071964527
1.0432375261307678
1.0432375261307678
1.0416942781311291
1.0416942781311291
1.0416942781311291
1.0416942781311291
1.0416942781311291
1.0416942781311291
1.0416942781311291
1.0416942781311291
1.0415653431301937
1.0415653431301937
1.0415653431301937
1.0417100408394633
1.0417100408394633
1.0417100408394633
1.038600001450906
1.038600001450906
1.038600001450906
1.0421824774826245
1.0421824774826245
1.0408812267376213
1.0408812267376213
1.041315370755994
1.041315370755994
1.041315370755994
1.041315370755994
1.041315370755994
1.0414499741364607
1.0414499741364607
1.0414499741364607
1.0414499741364607
1.0376348318298811
1.0395375417274262
1.0351727085001368
1.0351727085001368
1.0351727085001368
1.0351727085001368
1.0368899158547835
1.0368899158547835
1.0368899158547835
1.0368899158547835
1.0368899158547835
1.0370508160236356
1.0370508160236356
1.0359426710564814
1.0359426710564814
1.0359426710564814
1.0359426710564814
1.0365471167309959
1.0365471167309959
1.0388045728031934
1.0388045728031934
1.0388045728031934
1.0388045728031934
1.0388045728031934
1.0388045728031934
1.0418613754429382
1.040705467330543
1.040705467330543
1.040705467330543
1.0400847063742966
1.0400847063742966
1.0400847063742966
1.0409250158373657
1.0409250158373657
1.0409250158373657
1.0409250158373657
1.0392139694397364
1.0392139694397364
1.0392139694397364
1.036476790818266
1.036476790818266
1.036476790818266
1.034990493862658
1.0355257742956954
1.0355257742956954
1.0355257742956954
1.0355257742956954
1.0355257742956954
1.0339856448059566
1.0339856448059566
1.0339856448059566
1.032421468136623
1.0333920231895624
1.033346889661789
1.0310731773070474
1.0335501416232413
1.0335501416232413
1.0335501416232413
1.0335501416232413
1.0333097197358714
1.0333097197358714
1.0336934274516079
1.0336934274516079
1.0336934274516079
1.0344755954925928
1.0344755954925928
1.0331865715188744
1.0316562901893316
1.0304366317844318
1.0304366317844318
1.0304366317844318
1.0304366317844318
1.0304366317844318
1.0304366317844318
1.0285489746460525
1.028398006485793
1.028398006485793
1.032016521647717
1.032016521647717
1.032016521647717
1.032016521647717
1.032016521647717
1.0341083696381699
1.0341083696381699
1.0334980728829815
1.0334980728829815
1.0334980728829815
1.0334980728829815
1.0334980728829815
1.031462186742726
1.031462186742726
1.0309258783508886
1.0280979585893606
1.0280979585893606
1.0280979585893606
1.0291301762357774
1.0272658623385544
1.0274804146478271
1.0285789446440377
1.0285789446440377
1.0276151562498033
1.0297770325473439
1.0320833010185753
1.0297074948296552
1.0312152482979087
1.0312152482979087
1.0312152482979087
1.0312152482979087
1.032400259155232
1.032400259155232
1.032400259155232
1.0356106940010266
1.0346450955511939
1.032777893184612
1.032777893184612
1.0307042957822157
1.0309700870820317
1.0309700870820317
1.0305040191266779
1.0305040191266779
1.0305040191266779
1.0305040191266779
1.0308819627384433
1.029469360713667
1.029896585011331
1.029896585011331
1.0293774296693927
1.0308703598601483
1.0311321174768984
1.0311321174768984
1.0323160263305835
1.0323160263305835
1.0323160263305835
1.032960896528662
1.0328546742945846
1.0328546742945846
1.0328546742945846
1.0328546742945846
1.0328546742945846
1.0316568314991166
1.0316568314991166
1.0316568314991166
1.0316568314991166
1.0318346925986135
1.0318346925986135
1.0318346925986135
1.0318346925986135
1.0318346925986135
1.0318346925986135
1.0318346925986135
1.0328497325000194
1.0332806922306919
1.03622199535015
1.03622199535015
1.0397229406071815
1.0397229406071815
1.04136978053205
1.04136978053205
1.0416773649920286
1.0416773649920286
1.038941324772658
1.0401079895396088
1.0401079895396088
1.0390699115481061
1.0383668714099525
1.0392417536043754
1.0400976470104593
1.0400976470104593
1.039995048337061
1.03982173208492
1.03982173208492
1.03982173208492
1.039407354260911
1.039407354260911
1.039407354260911
1.0410462758082226
1.039776084083195
1.0415576740322967
1.0415576740322967
1.0415576740322967
1.0421739352995718
1.0421739352995718
1.0421739352995718
1.0421739352995718
1.0421739352995718
1.043652225714169
1.043652225714169
1.0434540598867306
1.0434540598867306
1.0440505003895557
1.0394006455780012
1.039826625000054
1.0382296395882828
1.0372275908569297
1.0372275908569297
1.0372275908569297
1.0379171882612064
1.0382089531279834
1.0394513366472506
1.0363781108736763
1.0351806220903321
1.0351806220903321
1.0351806220903321
1.0351806220903321
1.0351806220903321
1.0351806220903321
1.0338156001416243
1.0331863974277478
1.0331863974277478
1.0331863974277478
1.0335121944315104
1.0333528130228704
1.0333528130228704
1.0317350687924043
1.0317350687924043
1.0317350687924043
1.0317350687924043
1.034672226140398
1.034672226140398
1.034672226140398
1.034672226140398
1.034672226140398
1.0357976103501103
1.0377802054408978
1.0377802054408978
1.0396116550504415
1.0396116550504415
1.0373140176037208
1.0388676357142612
1.0368415818866308
1.0368415818866308
1.0336688134160326
1.0336688134160326
1.0336688134160326
1.0336688134160326
1.0336688134160326
1.032736447771196
1.032736447771196
1.032736447771196
1.0357298098589842
1.0342708338373465
1.0342708338373465
1.0345263566403549
1.033277384101933
1.033277384101933
1.033277384101933
1.033277384101933
1.0336467257829678
1.034177051625686
1.034177051625686
1.034177051625686
1.034177051625686
1.0352885194375936
1.0352885194375936
1.0324397801756007
1.0324397801756007
1.0338656428225095
1.0307678747515931
1.0307678747515931
1.0307678747515931
1.0307678747515931
1.0313697155691885
1.0277634433546652
1.0277634433546652
1.0277634433546652
1.0275325943897373
1.029736560978044
1.0309575368394268
1.031461138045889
1.030909687212759
1.031058097274235
1.0303270841608443
1.0308099660406422
1.0308099660406422
1.0294928974295197
1.0301749887642708
1.0301749887642708
1.0297320805703947
1.0297320805703947
1.0297320805703947
1.0304091262066177
1.0304091262066177
1.0304091262066177
1.0300325779494142
1.031463846504405
1.031463846504405
1.031463846504405
1.031463846504405
1.0319202721468252
1.0327550688077236
1.0340037166899825
1.0340037166899825
1.0340037166899825
1.0340037166899825
1.0340037166899825
1.0340037166899825
1.034557949156448
1.034557949156448
1.0366013310838234
1.0366013310838234
1.0366013310838234
1.0366013310838234
1.0360464916052265
1.0360464916052265
1.0361025703111681
1.0361025703111681
1.0361025703111681
1.0370030105407264
1.036500722910818
1.036500722910818
1.036500722910818
1.036500722910818
1.038524273268788
1.0402972738554017
1.0402972738554017
1.0402972738554017
1.0402972738554017
1.0409873061581727
1.03856054612584
1.038962314654461
1.0378616760148274
1.0378616760148274
1.0378616760148274
1.0378616760148274
1.0365426008728835
1.0361486943258433
1.0361486943258433
1.03753867569884
1.03753867569884
1.03753867569884
1.035019109296809
1.035019109296809
1.0366052082403023
1.0366052082403023
1.0366052082403023
1.0362456925768302
1.0362456925768302
1.0362456925768302
1.0326559402183468
1.0326559402183468
1.0326559402183468
1.0326559402183468
1.0326559402183468
1.0326559402183468
1.0326559402183468
1.0373473995642613
1.0373473995642613
1.0363074379416888
1.0363074379416888
1.0363074379416888
1.0348963865914451
1.03226017546042
1.033462573771791
1.0353284457219747
1.0357370344349865
1.0357370344349865
1.0369697600523227
1.0369697600523227
1.0369753494348688
1.0369753494348688
1.034844729005265
1.034844729005265
1.034844729005265
1.0356984752374911
1.0350228855511134
1.035615366372358
1.0360412061950586
1.0370521835603705
1.0377688399303415
1.0377688399303415
1.0377688399303415
1.0370303098458475
1.0370303098458475
1.035857919922761
1.0362576152203333
1.0362576152203333
1.0361790115683347
1.0361790115683347
1.0361790115683347
1.0387056846450882
1.0374480925839988
1.0385799885872669
1.0385799885872669
1.0356331806529175
1.0356331806529175
1.0353277750084313
1.0363257473402112
1.0335260900728116
1.0335260900728116
1.0376912484677918
1.0376912484677918
1.0370090496713875
1.0374620275145636
1.0374620275145636
1.0350561405055312
1.0355422547508228
1.0363119266311702
1.0363119266311702
1.0343996375343265
1.0343996375343265
1.0367474255587026
1.036126390929396
1.037855832074013
1.0372466575691037
1.0372796973905858
1.0385590295022282
1.0385590295022282
1.0385590295022282
1.0391783951830744
1.0391783951830744
1.038050495856689
1.0399176345468686
1.0399176345468686
1.0399176345468686
1.0399176345468686
1.0399176345468686
1.0365915284157454
1.0365915284157454
1.0365247508952309
1.0319642787372156
1.0351128216427066
1.0351128216427066
1.0351128216427066
1.0351128216427066
1.0351128216427066
1.0351128216427066
1.0352458214442601
1.0352458214442601
1.0352458214442601
1.0352458214442601
1.0352458214442601
1.0352458214442601
1.035479497711245
1.035479497711245
1.035479497711245
1.035479497711245
1.0372644911365168
1.0377162905637438
1.0377162905637438
1.0377162905637438
1.0375505276835584
1.037357406534969
1.037357406534969
1.03816905284027
1.03816905284027
1.03816905284027
1.03816905284027
1.0396357929243412
1.0416538487565035
1.0416538487565035
1.0416538487565035
1.0416538487565035
1.0416538487565035
1.0416538487565035
1.0416538487565035
1.0416538487565035
1.0403555659670274
1.0403555659670274
1.0391094402376506
1.0391094402376506
1.0390420798072346
1.0390420798072346
1.0412332885548545
1.0412332885548545
1.0412332885548545
1.0412175852490266
1.0412175852490266
1.0403945045748275
1.039419541423488
1.0410464462081308
1.0430250376310668
1.0430250376310668
1.042549161126091
1.0459861461507025
1.0459861461507025
1.0459861461507025
1.0464208143895493
1.0436316412461535
1.0434631021396346
1.0434631021396346
1.0416873721855089
1.0416873721855089
1.0422912649512208
1.039901605336474
1.0408193107242911
1.0427394596031863
1.042638245984789
1.039415412151454
1.038303521269037
1.0380411053322796
1.0380411053322796
1.0357349409921588
1.0375398873880215
1.0360230033984996
1.0360230033984996
1.0381079926398473
1.0381079926398473
1.0372749392087857
1.0372749392087857
1.0372749392087857
1.0372749392087857
1.0368147929779061
1.0387049681842588
1.0387049681842588
1.0387049681842588
1.0384830215665972
1.0384830215665972
1.0384830215665972
1.0384830215665972
1.0384830215665972
1.0392660329239374
1.0392660329239374
1.0392660329239374
1.0392660329239374
1.0392660329239374
1.0392660329239374
1.0392660329239374
1.0392660329239374
1.040836812994979
1.040359788717005
1.0401386049720411
1.0386928702316116
1.0386928702316116
1.0386928702316116
1.0386928702316116
1.0386928702316116
1.0394200310110628
1.035844024293113
1.0375569623261558
1.0375569623261558
1.0375569623261558
1.0375569623261558
1.041123300229907
1.0411546416492772
1.0430953357364254
1.0430953357364254
1.0430953357364254
1.0430953357364254
1.042331695067397
1.041401552403061
1.041401552403061
1.0410862950861997
1.0401767153458423
1.0401767153458423
1.0401767153458423
1.0412522708681657
1.0412522708681657
1.0412522708681657
1.043344997582015
1.0421602469575826
1.0421602469575826
1.0421602469575826
1.0421602469575826
1.0421602469575826
1.0421602469575826
1.0421602469575826
1.041822797380809
1.041822797380809
1.041822797380809
1.0414939618208947
1.0414939618208947
1.0423900234789487
1.0423900234789487
1.0426155016614862
1.0426155016614862
1.0426155016614862
1.0426155016614862
1.0426155016614862
1.0422139095957603
1.0422139095957603
1.0422139095957603
1.0451670730133384
1.0423206384166266
1.0423206384166266
1.0435016990298358
1.0430057800888253
1.0430057800888253
1.03919373237193
1.036957318797534
1.036957318797534
1.036957318797534
1.036957318797534
1.036957318797534
1.039032070992684
1.0378010593889373
1.0378010593889373
1.0378010593889373
1.0365205245197182
1.0354647124425946
1.0375756119547377
1.0375756119547377
1.0361926713101097
1.037732347665838
1.0359041788598986
1.0359041788598986
1.0367557007113188
1.0352653513621164
1.0352653513621164
1.034448380183167
1.034448380183167
1.034448380183167
1.0320819529366125
1.0331463961367235
1.031130163846212
1.0308285949448495
1.0308285949448495
1.029116692322285
1.0297983884130915
1.0297983884130915
1.0297834953925324
1.0297834953925324
1.0297834953925324
1.0297834953925324
1.0297834953925324
1.0319188670227792
1.0324639287990514
1.0324639287990514
1.0324639287990514
1.0342279192375279
1.0342279192375279
1.0342894836767993
1.0342894836767993
1.0337735029040493
1.0328053541847553
1.0334332278454308
1.0338774681218825
1.0338774681218825
1.0365202228275057
1.0366049113513542
1.0341794532621018
1.0341794532621018
1.0347576338013804
1.0326080226870151
1.0348328943942349
1.0348328943942349
1.031744532901296
1.0331155641158762
1.0331155641158762
1.034526960604621
1.0351526307774306
1.0343828309733099
1.0343828309733099
