1.0808000244148075
1.0808000244148075
1.0808000244148075
1.0808000244148075
1.0808000244148075
1.0808000244148075
1.0808000244148075
1.0808000244148075
1.0808000244148075
1.0808000244148075
1.0808000244148075
1.0808000244148075
1.0808000244148075
1.0808000244148075
1.0808000244148075
1.0808000244148075
1.0808000244148075
1.0808000244148075
1.0808000244148075
1.0808000244148075
1.0808000244148075
1.0808000244148075
1.0808000244148075
1.0808000244148075
1.0808000244148075
1.0808000244148075
1.0808000244148075
1.0808000244148075
1.0808000244148075
1.0808000244148075
1.0808000244148075
1.0808000244148075
1.0808000244148075
1.0808000244148075
1.0808000244148075
1.0808000244148075
1.0808000244148075
1.0808000244148075
1.0808000244148075
1.0808000244148075
1.0808000244148075
1.0808000244148075
1.0808000244148075
1.0808000244148075
1.0808000244148075
1.0808000244148075
1.0808000244148075
1.0808000244148075
1.0808000244148075
1.0808000244148075
1.0808000244148075
1.0808000244148075
1.0808000244148075
1.0808000244148075
1.0808000244148075
1.0808000244148075
1.0808000244148075
1.0808000244148075
1.0808000244148075
1.0808000244148075
1.0808000244148075
1.0808000244148075
1.0808000244148075
1.0808000244148075
1.0808000244148075
1.0808000244148075
1.0808000244148075
1.0808000244148075
1.0808000244148075
1.0808000244148075
1.0808000244148075
1.0808000244148075
1.0808000244148075
1.0808000244148075
1.0808000244148075
1.0808000244148075
1.0808000244148075
1.0808000244148075
1.0808000244148075
1.0808000244148075
1.0808000244148075
1.0808000244148075
1.0808000244148075
1.0808000244148075
1.0808000244148075
1.0808000244148075
1.0808000244148075
1.0808000244148075
1.0808000244148075
1.0808000244148075
1.0808000244148075
1.0808000244148075
1.0808000244148075
1.0808000244148075
1.0808000244148075
1.0808000244148075
1.0808000244148075
1.0808000244148075
1.0808000244148075
1.0753226810063228
1.07203735259098
1.07203735259098
1.07203735259098
1.07203735259098
1.0688859044620755
1.0688859044620755
1.069329646353108
1.067317748603866
1.067317748603866
1.067317748603866
1.067317748603866
1.067317748603866
1.0663977122133161
1.059671757772005
1.0592416831071563
1.0593699136693935
1.0593699136693935
1.0593699136693935
1.0577361240617444
1.0577361240617444
1.0577361240617444
1.0577361240617444
1.0564072256907626
1.0564072256907626
1.0530627221484987
1.0526593461606075
1.0512127194112022
1.0489171890309787
1.0489171890309787
1.0489171890309787
1.0468350163474278
1.0457155674677034
1.0436641272642582
1.0441311999559297
1.047587691227086
1.045644741022165
1.045644741022165
1.0450251110685878
1.0450513377308535
1.0465382570387938
1.0492538756481211
1.0492538756481211
1.0492538756481211
1.0463948994055436
1.0479245799643084
1.0466754969732495
1.0466754969732495
1.0505082797759828
1.0487356223708202
1.0487356223708202
1.0494572584204995
1.0494572584204995
1.046085794744371
1.0447954866614682
1.0434244322945223
1.0420360082109503
1.0420360082109503
1.0395795435113555
1.0403157240578982
1.0403157240578982
1.0425927697260715
1.04172577058841
1.04172577058841
1.0386308745198618
1.0376556005853939
1.0376556005853939
1.0376556005853939
1.0384564667403289
1.0384564667403289
1.0383559524085666
1.0383559524085666
1.0383559524085666
1.038596093571854
1.0414886239592365
1.0414886239592365
1.0414886239592365
1.0414886239592365
1.0414886239592365
1.0414886239592365
1.0392203860816458
1.0378848367324136
1.038446154318723
1.0424179993225613
1.041061404966648
1.038392188508059
1.038392188508059
1.038392188508059
1.0358192530311843
1.0358192530311843
1.0351230596489853
1.0351230596489853
1.0351230596489853
1.0351230596489853
1.0355191633767935
1.0349027565840148
1.0349027565840148
1.0349027565840148
1.034023477357143
1.0329032824433237
1.0333230286355721
1.0333230286355721
1.0326469355189853
1.0326469355189853
1.0326469355189853
1.0326469355189853
1.0326469355189853
1.0326469355189853
1.0326469355189853
1.0349458529860556
1.0349458529860556
1.0333772091773568
1.0333772091773568
1.0333772091773568
1.0333772091773568
1.0317616505175757
1.0317616505175757
1.0307155757276243
1.031736853190274
1.031736853190274
1.030867533194419
1.030867533194419
1.030867533194419
1.030867533194419
1.030867533194419
1.030867533194419
1.030867533194419
1.0314207226307348
1.0316246198644026
1.0316246198644026
1.0316246198644026
1.0316246198644026
1.031458425227069
1.031458425227069
1.031458425227069
1.031458425227069
1.031458425227069
1.0314964523590275
1.0332129257877583
1.0332129257877583
1.0332129257877583
1.0326627213751725
1.0326627213751725
1.0326627213751725
1.0326627213751725
1.0327807446524708
1.0327807446524708
1.0327807446524708
1.0327807446524708
1.0327807446524708
1.0327807446524708
1.0336245738599867
1.0318757862737264
1.034404767678818
1.0321076570500387
1.030012284360714
1.030012284360714
1.02852719073348
1.0276915590373168
1.0276915590373168
1.0276915590373168
1.0276915590373168
1.0276915590373168
1.0285193612987718
1.0285193612987718
1.0321950045198252
1.0321950045198252
1.0321950045198252
1.0321950045198252
1.0321950045198252
1.0321950045198252
1.0321950045198252
1.030499832174267
1.0301755239617942
1.0301755239617942
1.0301755239617942
1.0301755239617942
1.0301755239617942
1.0301755239617942
1.0298125074638815
1.0298125074638815
1.0307466289853466
1.0307466289853466
1.0309339683249514
1.0329635390302856
1.0329635390302856
1.0329635390302856
1.031660373673936
1.0326135082303762
1.0318372002086191
1.0310328445941281
1.0310328445941281
1.0345954351032194
1.0345954351032194
1.0345954351032194
1.033681684707874
1.033681684707874
1.0358632705241737
1.0358632705241737
1.0358632705241737
1.0358632705241737
1.0363582992464837
1.0363582992464837
1.0358008977480277
1.0344970493459527
1.0340350201961162
1.0340350201961162
1.0383777208686578
1.0383777208686578
1.0383777208686578
1.0383777208686578
1.0377511697685635
1.0393674366942423
1.0393674366942423
1.0393674366942423
1.0393674366942423
1.0383674006988288
1.037456215787678
1.037456215787678
1.037456215787678
1.03744620950318
1.03744620950318
1.03744620950318
1.03744620950318
1.03744620950318
1.03744620950318
1.03744620950318
1.03744620950318
1.0369664307694095
1.0369664307694095
1.0374463937573288
1.0374463937573288
1.0374463937573288
1.0374463937573288
1.0396124522264178
1.0381884291760752
1.0381884291760752
1.0371188310965285
1.0371188310965285
1.0370527947607278
1.0365748075561212
1.0365748075561212
1.0365748075561212
1.040347410579496
1.0410775879456315
1.0410775879456315
1.0435202829737438
1.0435531715754867
1.041368283565611
1.041368283565611
1.0428930532825342
1.0428930532825342
1.0426985167393772
1.0426985167393772
1.0426985167393772
1.0388888350049967
1.0388888350049967
1.0388888350049967
1.0388888350049967
1.0393908478745195
1.0400476322583172
1.0400476322583172
1.0400476322583172
1.0400476322583172
1.0400476322583172
1.0368297553332408
1.0368297553332408
1.0368297553332408
1.037360777885271
1.037360777885271
1.037360777885271
1.037360777885271
1.037360777885271
1.037360777885271
1.0354358907878405
1.0363149420216966
1.0363149420216966
1.0363149420216966
1.0363149420216966
1.0363149420216966
1.0335243681196251
1.0325666081673746
1.0325666081673746
1.0325666081673746
1.0339585455298352
1.0339585455298352
1.0339585455298352
1.0353302080601265
1.0342842851262408
1.0342842851262408
1.0342842851262408
1.032115673474365
1.032115673474365
1.0299337540975702
1.0313123979881762
1.028943755533394
1.031696242993159
1.031696242993159
1.0322176414733828
1.0312898761434095
1.0312898761434095
1.029992873201655
1.029992873201655
1.029992873201655
1.029992873201655
1.032555896571863
1.032555896571863
1.032555896571863
1.032555896571863
1.0318461446842595
1.0328304568251185
1.0328304568251185
1.0328938105786984
1.0296096820235172
1.0296096820235172
1.0295638626594426
1.0295638626594426
1.0292472417778524
1.0292472417778524
1.0292472417778524
1.0269674767612558
1.0269674767612558
1.0289454641437112
1.030465065420359
1.0292569565623146
1.030481163873624
1.0296019239711318
1.0296019239711318
1.02891262063406
1.02891262063406
1.02891262063406
1.02479780325418
1.02479780325418
1.02479780325418
1.0262960330254516
1.0258302461582007
1.0258302461582007
1.0258302461582007
1.0255744230848778
1.0255744230848778
1.0255744230848778
1.0255744230848778
1.0255744230848778
1.0251950597242965
1.0256867823637539
1.0256867823637539
1.0275835122572334
1.0276738665660137
1.0276738665660137
1.026748804238547
1.0260624924280697
1.0264330258688703
1.0264330258688703
1.0264330258688703
1.0264330258688703
1.0271438639721442
1.0235415276612247
1.0235415276612247
1.0235415276612247
1.0235415276612247
1.0243379978141693
1.0243379978141693
1.0230364325909402
1.024957110731682
1.024957110731682
1.024957110731682
1.024454559922416
1.0262230944775208
1.0266037823891905
1.026160080856529
1.026160080856529
1.026160080856529
1.026160080856529
1.026160080856529
1.026160080856529
1.026160080856529
1.030650579739504
1.030650579739504
1.030650579739504
1.030304864862785
1.0284846628758453
1.0284846628758453
1.0284846628758453
1.0284846628758453
1.0284846628758453
1.0284846628758453
1.0290684635026488
1.0314735814731704
1.0314735814731704
1.0307617815368215
1.0287333822463474
1.027303355720972
1.0264674285954287
1.0256617205943976
1.0251019672043213
1.0251019672043213
1.0251019672043213
1.025186562662369
1.025186562662369
1.025186562662369
1.025186562662369
1.0279166643105053
1.028296279982776
1.0263717879917877
1.0258316767729736
1.0264097736337519
1.0264097736337519
1.0264097736337519
1.0293431460201024
1.0262423441016266
1.0269255837952236
1.0269255837952236
1.0256686881006916
1.0286757942255615
1.0286757942255615
1.0290885807870536
1.0300009290843408
1.0300009290843408
1.029868095231958
1.0306189870217377
1.0306189870217377
1.0306189870217377
1.0311431332864482
1.0311431332864482
1.0311431332864482
1.0303734362065977
1.030717278740301
1.030717278740301
1.030717278740301
1.0330510765594458
1.0330510765594458
1.033855302826294
1.033855302826294
1.033855302826294
1.033855302826294
1.033855302826294
1.033855302826294
1.033855302826294
1.033855302826294
1.03354358385889
1.0346330765711516
1.0351209928337453
1.0339819199061708
1.0339819199061708
1.0321257126949581
1.0329287458103051
1.0329287458103051
1.0329287458103051
1.0328161525436608
1.0328161525436608
1.0346873100019294
1.0346928112890448
1.0346928112890448
1.0346928112890448
1.0333105636628308
1.0333105636628308
1.0333105636628308
1.0333105636628308
1.0333105636628308
1.0333105636628308
1.0333105636628308
1.0333105636628308
1.0332100730048606
1.0332100730048606
1.0332100730048606
1.0332100730048606
1.0332100730048606
1.0332100730048606
1.0298760183176703
1.0298760183176703
1.0298760183176703
1.0298760183176703
1.0298760183176703
1.0298760183176703
1.0298760183176703
1.0298760183176703
1.0298760183176703
1.0298760183176703
1.0298760183176703
1.0298760183176703
1.0309849110304263
1.0309849110304263
1.0309849110304263
1.0342061063833088
1.0342061063833088
1.0342061063833088
1.0342061063833088
1.0336969750279998
1.0337941689502046
1.0337941689502046
1.0337941689502046
1.0337941689502046
1.0337941689502046
1.0337941689502046
1.032507068209854
1.032507068209854
1.0348739856910314
1.0348739856910314
1.0343723402671656
1.034861752194169
1.0353324136837154
1.0353324136837154
1.0350716150287536
1.0350716150287536
1.0350716150287536
1.0350716150287536
1.0352245279487042
1.0376900625008316
1.0376900625008316
1.0376900625008316
1.039618036889569
1.039618036889569
1.0400956120800342
1.0397331054561774
1.0397331054561774
1.0402035653654906
1.0402035653654906
1.0386963736929884
1.0386963736929884
1.0387923352186597
1.0387923352186597
1.0390995773240719
1.0376217197935744
1.038250941464995
1.038250941464995
1.038250941464995
1.038250941464995
1.036668282982967
1.036668282982967
1.036668282982967
1.036668282982967
1.036668282982967
1.036668282982967
1.0358067710514538
1.0329961887326222
1.032698354083376
1.032698354083376
1.032698354083376
1.0313238296073757
1.0313238296073757
1.0313238296073757
1.0313238296073757
1.0339576265379948
1.0339576265379948
1.0339576265379948
1.0339576265379948
1.0339576265379948
1.0315404012573544
1.03138764823083
1.03138764823083
1.03138764823083
1.03138764823083
1.0317933319004586
1.032417541847052
1.0326029394035547
1.0321776886682525
1.0312882206418628
1.0322850040246419
1.0322850040246419
1.0330171999631006
1.0330171999631006
1.0330171999631006
1.0330171999631006
1.0330171999631006
1.0330171999631006
1.0330171999631006
1.0330171999631006
1.0330171999631006
1.0330171999631006
1.0330171999631006
1.0330171999631006
1.0322091532300457
1.0304182426725002
1.0304182426725002
1.0304182426725002
1.0312715146051807
1.031604690850531
1.033261633661299
1.033261633661299
1.0307670271697482
1.0336340964930966
1.0339755276770035
1.0339755276770035
1.0339755276770035
1.035771900145623
1.0347292361686407
1.0347292361686407
1.0342403205022372
1.0342403205022372
1.0342403205022372
1.0342403205022372
1.0342403205022372
1.0355927826410185
1.0358108653402518
1.0358108653402518
1.0352354483041253
1.0353434707437161
1.0353434707437161
1.0355497558415734
1.0355497558415734
1.0355497558415734
1.0355497558415734
1.0355497558415734
1.0355497558415734
1.035531760584247
1.035531760584247
1.035531760584247
1.035531760584247
1.0344867852157997
1.0344867852157997
1.0331608074639191
1.0331608074639191
1.0331608074639191
1.0331608074639191
1.034612663744254
1.034612663744254
1.034612663744254
1.034612663744254
1.034612663744254
1.0362239683068208
1.0358956291068089
1.0365655174771948
1.0365655174771948
1.036811353860264
1.0343282604157065
1.0343282604157065
1.0343282604157065
1.0355993163759816
1.0355993163759816
1.0351492759497396
1.030670898437692
1.030670898437692
1.0317787418369146
1.0317787418369146
1.0317787418369146
1.0317787418369146
1.0317787418369146
1.0317787418369146
1.0317787418369146
1.0317787418369146
1.0317787418369146
1.0317787418369146
1.0317787418369146
1.0295954468134947
1.0266884676972663
1.03018635927255
1.03018635927255
1.03018635927255
1.029795969233324
1.0294711360109408
1.0294711360109408
1.0294711360109408
1.0294711360109408
1.0294711360109408
1.0294711360109408
1.02922294568064
1.0259040159144857
1.0262038173877686
1.025256936088423
1.025256936088423
1.0267804708536203
1.0267804708536203
1.0269791243925268
1.0269791243925268
1.0269791243925268
1.0269791243925268
1.0269791243925268
1.0259053897425685
1.0287435286745108
1.0287435286745108
1.0292246359432338
1.0292246359432338
1.0292246359432338
1.0292246359432338
1.0292246359432338
1.0292246359432338
1.0288176906380686
1.0301081429556593
1.0301081429556593
1.0296237564224489
1.0296237564224489
1.029379362355339
1.029379362355339
1.029379362355339
1.0290773291195259
1.0301580490752897
1.0301580490752897
1.029573805644394
1.0273110236381229
1.0273110236381229
1.0273110236381229
1.0263713888214843
1.0280611217428082
1.0280611217428082
1.0280611217428082
1.0280611217428082
1.0280611217428082
1.0280611217428082
1.027488921865043
1.027488921865043
1.027488921865043
1.027488921865043
1.0270615960476548
1.0270615960476548
1.0279955293244878
1.0279955293244878
1.0286823998736516
1.0286823998736516
1.0315655705684796
1.0315655705684796
1.0308015549935587
1.0318876782173607
1.0318876782173607
1.0318876782173607
1.0326737001538973
1.0326737001538973
1.0326737001538973
1.0326737001538973
1.0326737001538973
1.0326737001538973
1.0326737001538973
1.0326737001538973
1.0339248197792665
1.0330977147612224
1.0330977147612224
1.0337733223931103
1.0337733223931103
1.0346176607210298
1.0346176607210298
1.0346176607210298
1.0346176607210298
1.0346176607210298
1.034633479226741
1.033697155572885
1.035349329737351
1.035349329737351
1.035349329737351
1.035349329737351
1.033581224864299
1.033581224864299
1.033581224864299
1.032470836512832
1.0305963559106635
1.0305963559106635
1.0305963559106635
1.0305963559106635
1.0305963559106635
1.0305963559106635
1.0316842609524528
1.0316842609524528
1.029088881377059
1.0283904388085658
1.0276742318901209
1.028088453649097
1.028088453649097
1.028088453649097
1.029707560526283
1.029707560526283
1.029707560526283
1.029707560526283
1.0311072941691184
1.0311072941691184
1.0311072941691184
1.0311072941691184
1.0296847860750498
1.0319787264908153
1.0340962782976653
1.0341075752722846
1.033952551433124
1.033952551433124
1.03216288379108
1.0318086134852837
1.0323613726351255
1.0323613726351255
1.0323613726351255
1.034008432739941
1.034008432739941
1.034008432739941
1.032664796406689
1.032664796406689
1.0338133141563517
1.0338133141563517
1.0338133141563517
1.0348160897270178
1.0348160897270178
1.0348160897270178
1.0348160897270178
1.0348160897270178
1.0348160897270178
1.0348160897270178
1.0344583302422607
1.0344583302422607
1.0344583302422607
1.0344583302422607
1.0344583302422607
1.0344583302422607
1.0344583302422607
1.0344583302422607
1.0344583302422607
1.0317981954514495
1.0317981954514495
1.0317981954514495
1.0328781008079173
1.0334330077389762
1.0334330077389762
1.02881759994778
1.0280352507133954
1.0280352507133954
1.0290822497633236
1.0307168491763947
1.0307168491763947
1.0300203685390945
1.0300203685390945
1.0300203685390945
1.0300203685390945
1.0356351886725668
1.0356351886725668
1.0356351886725668
1.0356351886725668
1.0354315605870035
1.0368445429541475
1.0368445429541475
1.0368445429541475
1.0380928300958225
1.0382645604584642
1.037893433414912
1.0375873671075013
1.0343108256914715
1.0364277333436727
1.0364277333436727
1.0364277333436727
1.0364277333436727
1.0364277333436727
1.0364277333436727
1.0364277333436727
1.0364277333436727
1.0350473245568952
1.0348000600438998
1.034078142676895
1.0336485492529428
1.033684943948957
1.033684943948957
1.0361360236585695
1.0361360236585695
1.0361360236585695
1.0361360236585695
1.0364995138502708
1.0364995138502708
1.0348897384248927
1.0348897384248927
1.0320272885605117
1.0325389676762977
1.0325389676762977
1.0323260741280051
1.0323260741280051
1.0329976110272523
1.0329976110272523
1.0329976110272523
1.0307753628688494
1.0313043654637577
1.0297850283847099
1.0297850283847099
1.0297850283847099
1.0297850283847099
1.033598956299539
1.0340108282126104
1.0340108282126104
1.0337546854785782
1.0337546854785782
1.0341353595947336
1.0323698043517546
1.03533825280509
1.03533825280509
1.034372382908268
1.034372382908268
1.034372382908268
1.034372382908268
1.0347800305783306
1.0347800305783306
1.0347800305783306
1.0347800305783306
1.032049097972573
1.032049097972573
1.032049097972573
1.034248139486569
1.034248139486569
1.0344246018664656
1.0335725321551672
1.0339072690062634
1.0347306057125814
1.035291487713883
1.035291487713883
1.035291487713883
1.0362620509821492
1.0362620509821492
1.0362620509821492
1.034971241875397
1.034971241875397
1.034971241875397
1.034536963797736
1.034536963797736
1.0337090574823855
1.0337090574823855
1.0337090574823855
1.0337090574823855
1.0337090574823855
1.0337090574823855
1.0337090574823855
1.035164200247923
1.035164200247923
1.0349010593993657
1.0349010593993657
1.0349010593993657
1.0337072369501175
1.0337072369501175
1.0355517005170332
1.0355517005170332
1.0355517005170332
1.0355517005170332
1.0350169944120489
1.0350169944120489
1.0350169944120489
1.03438435733328
1.03438435733328
1.03438435733328
1.0325808366893643
1.0325808366893643
1.0355758420000114
1.0352449975809122
1.0352449975809122
1.0352449975809122
1.0352449975809122
1.0373711477469632
1.0373711477469632
1.0357416287060484
1.0325959048076072
1.0325959048076072
1.0325959048076072
1.0350687548580035
1.0336515654327756
1.0336515654327756
1.034705238259079
1.0318057058634678
1.0318057058634678
1.0318057058634678
1.0318057058634678
1.0318057058634678
1.0318057058634678
1.0318057058634678
1.0318057058634678
1.0318057058634678
1.032941091358158
1.0330687543636319
1.0319455301249612
1.0319455301249612
1.0319455301249612
1.032901461903318
1.0341528707926788
1.0341528707926788
1.0341528707926788
1.0341528707926788
1.0341528707926788
1.035313854208065
1.035313854208065
1.0334469050865016
1.0334469050865016
1.0334469050865016
1.0334469050865016
1.0334469050865016
1.0347988608223126
1.0347988608223126
1.0356215903922084
1.0356215903922084
1.0358460420681486
1.0358460420681486
1.0351136714146503
1.0333214648088958
1.0333214648088958
1.0333214648088958
1.032394692075732
1.032394692075732
1.032394692075732
1.032394692075732
1.0325395429239437
1.0351443789386359
1.0351443789386359
1.0351443789386359
1.0351443789386359
1.0338726745915858
1.0338726745915858
1.0354741874261117
1.0354741874261117
1.036226353783993
1.036226353783993
1.036226353783993
1.036226353783993
1.036226353783993
1.0386872355192722
1.0379574289183162
1.038784643325027
1.038784643325027
1.038784643325027
1.0359277435164913
1.0359277435164913
1.0356623412830417
1.0356623412830417
1.0332364704789263
1.0332364704789263
1.0332364704789263
1.0332364704789263
1.0332283269541003
1.0332283269541003
1.0332283269541003
1.0332283269541003
1.0335483286271883
1.0337409062915295
1.0316767383103904
1.0317680291575178
1.0317680291575178
1.0318059925098486
1.0318059925098486
1.0323519297218215
1.0323519297218215
1.0323519297218215
1.0323519297218215
1.032385179321708
1.0324015910852595
1.0324015910852595
1.0324015910852595
1.0312060713270976
1.0312060713270976
1.0312060713270976
1.0312060713270976
1.0312060713270976
1.033440383647254
1.032025415706283
1.0310736161997274
1.0310736161997274
1.0310736161997274
1.0324716947294295
1.0324716947294295
1.0324716947294295
1.0336376444362616
1.0336376444362616
1.0355467196865111
1.0355467196865111
1.0355467196865111
1.0355467196865111
1.0331555105949413
1.0331555105949413
1.0359088789046866
1.0359088789046866
1.0359088789046866
1.0359088789046866
1.0349740352318622
1.0349740352318622
1.0349740352318622
1.0361663517483592
1.0361663517483592
1.036510192483481
1.0365840729086615
1.0365840729086615
1.0365840729086615
1.0359099741540356
1.0359099741540356
1.0359099741540356
1.0367961158148278
1.0367961158148278
1.0367961158148278
1.03404511986632
1.0345632265485913
1.0345632265485913
1.0345632265485913
1.0345632265485913
1.0345632265485913
1.0345632265485913
1.0339760837999936
1.0339760837999936
1.0339760837999936
1.0322976092158576
1.031866042705996
1.031866042705996
1.031866042705996
1.0295178542044676
1.0304077278596853
1.0304077278596853
1.0323137188106675
1.036096759468328
1.036096759468328
1.036096759468328
1.0363633181318657
1.0363633181318657
1.0363633181318657
1.0363633181318657
1.0353087976594149
1.0353087976594149
1.035847447542229
1.035847447542229
1.0347424813830333
1.0356549329345852
1.0390004077661137
1.037324254280054
1.037324254280054
1.037324254280054
1.037324254280054
1.0375958145977378
1.0375958145977378
1.0375958145977378
1.0375958145977378
1.0375958145977378
1.0375958145977378
1.0375958145977378
1.0375958145977378
1.0375958145977378
1.0375958145977378
1.0375958145977378
1.0375958145977378
1.036346608589154
1.036346608589154
1.0364142577827502
1.0364142577827502
1.0364142577827502
1.0358786046916113
1.0358786046916113
1.0368612087335374
1.0368612087335374
1.0368612087335374
1.0368612087335374
1.0368612087335374
1.0358968308057526
1.0358968308057526
1.0358968308057526
1.0377169908545227
1.0377169908545227
1.0377169908545227
1.0376587685528147
1.0350711168780264
1.035107646452005
1.035107646452005
1.035603797630553
1.0326082040030313
1.0326082040030313
1.033861905812937
1.0352098289128664
1.0352098289128664
1.0352098289128664
1.0352098289128664
1.0352098289128664
1.036376381053382
1.0367652776460556
1.0367652776460556
1.0367652776460556
1.0367652776460556
1.0364810705428718
1.0372967537658153
1.0372967537658153
1.0372967537658153
1.0370464369756989
1.0370464369756989
1.0414962107936103
1.0414018713255255
1.0414018713255255
1.041823859802697
1.041486450645372
1.041486450645372
1.0404221668683422
1.039656250593628
1.0395763992803548
1.0395763992803548
1.0423400982876498
1.0377909208405816
1.0377909208405816
1.037120986053487
1.0372713960387725
1.0385764616084965
1.038091275468545
1.038091275468545
1.0383952552140843
1.0370601804312356
1.035771648078628
1.035771648078628
1.035771648078628
1.035771648078628
1.035771648078628
1.036615515650439
1.038634614856382
1.038634614856382
1.0393891991293942
1.0393891991293942
1.0408034663627204
1.0408034663627204
1.0416817932191338
1.0416817932191338
1.0416817932191338
1.0416817932191338
1.0416817932191338
1.0418832591856508
1.0402114331654537
1.040558740572899
1.040558740572899
1.039604622406153
1.038252063932974
1.038252063932974
1.0378041340858069
1.0378041340858069
1.0377432102311377
1.0392529078245312
1.0392529078245312
1.0392529078245312
1.0383985614424114
1.0371158182117381
1.0371158182117381
1.0373137409764768
1.0408743724247334
1.0406368890993867
1.0406368890993867
1.0406368890993867
1.040469842517442
1.040163123358068
1.040163123358068
1.040163123358068
1.040163123358068
1.040163123358068
1.040163123358068
1.040163123358068
1.040163123358068
1.038892890450005
1.0381888656409897
1.0381888656409897
1.0381888656409897
1.0371518939314595
1.0371518939314595
1.0371518939314595
1.0371518939314595
1.0375439956856602
1.0375439956856602
1.0375439956856602
1.0375439956856602
1.0375439956856602
1.0375439956856602
1.0375439956856602
1.0375439956856602
1.0375439956856602
1.0375439956856602
1.0375439956856602
1.035438211982822
1.0330551106572874
1.0335042322810684
1.0335042322810684
1.034856602341767
1.0365218077886116
1.0365218077886116
1.0358325357114053
1.0358325357114053
1.036975383070137
1.036975383070137
1.0375867673586554
1.0375180548872047
1.0372011833587338
1.0342327071715973
1.037397467258105
1.0386273690096994
1.0386273690096994
1.0386273690096994
1.0386273690096994
1.0390826893163017
1.0390826893163017
1.0390826893163017
1.0373572825007487
1.0373572825007487
1.0367320846468586
1.0389491602867469
1.036168716171633
1.036168716171633
1.0376972487618563
1.0376972487618563
1.0380945933758319
1.0380945933758319
1.0392482812700157
1.0392482812700157
1.0392482812700157
1.0392482812700157
1.0384919082970125
1.0384919082970125
1.038433554206011
1.037649567298974
1.0385700766232135
1.0367689774260025
1.0367689774260025
1.0367689774260025
1.0364788278075223
1.0364788278075223
1.0364788278075223
1.0364788278075223
1.0364788278075223
1.0372170396407558
1.0372170396407558
1.0372170396407558
1.0372170396407558
1.0372170396407558
1.0372170396407558
1.0372170396407558
1.037746186520503
1.037746186520503
1.037106846019467
1.037106846019467
1.037106846019467
1.0384534870274218
1.0359040589235387
1.0359040589235387
1.0359040589235387
1.0359040589235387
1.0391536964348138
1.0387501390155747
1.0394079424417153
1.0395022504388354
1.039571243847307
1.041819653037278
1.0417803838271382
1.0417803838271382
1.038382608625955
1.038382608625955
1.038382608625955
1.038382608625955
1.035967091754959
1.035967091754959
1.0358520255112338
1.0362548058160146
1.0371638665965006
1.0371638665965006
1.036462817989205
1.036462817989205
1.036462817989205
1.036462817989205
1.036462817989205
1.036462817989205
1.03801266691109
1.0392031381265814
1.0392031381265814
1.0360341995605027
1.0360341995605027
1.03393516107955
1.03393516107955
1.03393516107955
1.03393516107955
1.03393516107955
1.03264624959865
1.03264624959865
1.0345613526804325
1.034217505206687
1.0339261342599781
1.0351997839046931
1.0351997839046931
1.0351997839046931
1.0346380815829845
1.0320707342255468
1.0320707342255468
1.0320707342255468
1.0320707342255468
1.0320707342255468
1.033906199260685
1.033906199260685
1.0327392103731858
1.0322678909474063
1.0322678909474063
1.0304650562561664
1.031287676452587
1.031287676452587
1.0336729281431836
1.0336729281431836
1.0336729281431836
1.0336729281431836
1.0336729281431836
1.0336729281431836
1.0333498290583356
1.033637648119152
1.0339603513763918
1.0352673564670931
1.0352673564670931
1.039007085565785
1.039007085565785
1.039007085565785
1.039007085565785
1.039007085565785
1.039007085565785
1.039377868604196
1.035727394974848
1.0389618399358114
1.0381786601975
1.0380043894807351
1.0379046184633638
1.037491411461735
1.0346076514816969
1.0374614951086172
1.0386077196130765
1.0358272837015605
1.0358272837015605
1.0358272837015605
1.0358272837015605
1.0356387780000378
1.0356387780000378
1.0347001882908948
1.0365242491113063
1.0375931018353979
1.0375931018353979
1.0375931018353979
1.0375931018353979
1.0366920568075728
1.0366920568075728
1.0366920568075728
1.035416686805713
1.0323532569400844
1.0307288930261247
1.0307288930261247
1.0307288930261247
1.0344201965901352
1.0344201965901352
1.0344201965901352
1.032364843523
1.032629460554934
1.0307292693641006
1.0307292693641006
1.0320203161092265
1.032358102842266
1.032358102842266
1.031325342262031
1.031325342262031
1.031325342262031
1.0312836979410676
1.0323652162994714
1.0323652162994714
1.0327943597782818
1.0327943597782818
1.0328794586347823
1.0328794586347823
1.0328794586347823
1.0328794586347823
1.0328794586347823
1.0328794586347823
1.0317299154789012
1.0344414077222135
1.0354624547309763
1.0354624547309763
1.0349483731676956
1.0321574915309
1.0321574915309
1.0321574915309
1.033363379641402
1.033363379641402
1.033363379641402
1.033363379641402
1.033363379641402
1.033363379641402
1.033363379641402
1.033363379641402
1.033363379641402
1.0327578928097716
1.0337232114092465
1.0337232114092465
1.0315021689657067
1.0333955406036521
1.0333955406036521
1.0332966819556129
1.030961922630732
1.030961922630732
1.0316580769819081
1.0316580769819081
1.0316580769819081
1.031287240311832
1.031287240311832
1.031287240311832
1.030581692884235
1.0311532564138972
1.0314707015087519
1.035313807423275
1.035313807423275
1.0369585666131051
1.0358753777179799
1.0358753777179799
1.0361483596243322
1.0361483596243322
1.0375685818976639
1.0375685818976639
1.0410014020610092
1.0394291622678942
1.03945043142004
1.0391980184886866
1.0391980184886866
1.0371674365091135
1.0371674365091135
1.0371674365091135
1.0360831335041247
1.0360831335041247
1.0360831335041247
1.0360831335041247
1.0360831335041247
1.0345800954322422
1.0354555728761259
1.0354555728761259
1.0354555728761259
1.0372814043348473
1.0372814043348473
1.0372814043348473
1.0372814043348473
1.0415560421671817
1.0415560421671817
1.0415560421671817
1.0415560421671817
1.0415560421671817
1.0415560421671817
1.0415560421671817
1.0415560421671817
1.0415560421671817
1.0415560421671817
1.0427920008870466
1.0427920008870466
1.03781920769882
1.0367818864753913
1.0367818864753913
1.0367818864753913
1.0367818864753913
1.0360718085787528
1.0360718085787528
1.0360457563282202
1.0358266256885156
1.0354917068346494
1.0354917068346494
1.0357553335699963
1.0357553335699963
1.0348656989720852
1.0327250015637053
1.0327250015637053
1.032007974711847
1.031555205813854
1.031555205813854
1.031555205813854
1.031555205813854
1.0325260180608322
1.031794251715066
1.0315948530025807
1.0315948530025807
1.0315948530025807
1.0315948530025807
1.0307324957245894
1.0315025401748004
1.0313007156559466
1.0313007156559466
1.0311278252511378
1.0311278252511378
1.0311278252511378
1.0311278252511378
1.0328450723207991
1.0328450723207991
1.0328450723207991
1.0341360748715602
1.0329127615667009
1.0329470628069946
1.0324330972704012
1.03409329704853
1.0338100518892916
1.0308797288766494
1.0307082884321885
1.0307082884321885
1.0307082884321885
1.0307082884321885
1.0316832743319868
1.0316832743319868
1.0337538521608736
1.033749907909954
1.033749907909954
1.033749907909954
1.033749907909954
1.0328582357534821
1.0309012127246748
1.0321490370293533
1.0325692913891271
1.0325692913891271
1.0325692913891271
1.0325692913891271
1.0325692913891271
1.0324830678191
1.0328640170989547
1.0333871857121246
1.0333871857121246
1.0335103591501593
1.0335103591501593
1.0335103591501593
1.0335103591501593
1.0335103591501593
1.0335103591501593
1.0335103591501593
1.0335103591501593
1.0327257789864692
1.0323427562019862
1.0323427562019862
1.0297726571824177
1.0297726571824177
1.0290833171640008
1.0290833171640008
1.02796037280179
1.0267894082431603
1.0267894082431603
1.0267894082431603
1.0267894082431603
1.0267894082431603
1.029115149558133
1.029115149558133
1.029115149558133
1.029115149558133
1.0277279727372868
1.0262454687237397
1.0262454687237397
1.0262454687237397
1.0262454687237397
1.0262454687237397
1.0267105953006952
1.0267105953006952
1.0267105953006952
1.0267105953006952
1.026190120767581
1.0284765323231464
1.029790521119077
1.029790521119077
1.0319645979835959
1.0319645979835959
1.0319645979835959
1.0319645979835959
1.0319645979835959
1.0319645979835959
1.0319645979835959
1.0319645979835959
1.0319645979835959
1.0319645979835959
1.0319645979835959
1.0319645979835959
1.0327992016572154
1.0329639991402306
1.0329639991402306
1.0349150191270764
1.0316437573967108
1.0316437573967108
1.0316437573967108
1.0316437573967108
1.0318059570933495
1.0318059570933495
1.0318059570933495
1.0318059570933495
1.0336327128537866
1.0336327128537866
1.0336327128537866
1.0336327128537866
1.0336327128537866
1.0336327128537866
1.0326160960650321
1.0326160960650321
1.0318068286733215
1.0336664379778024
1.0336664379778024
1.0336664379778024
1.0336664379778024
1.03281934703323
1.032269682429383
1.032269682429383
1.032269682429383
1.0329060470751597
1.0329060470751597
1.034633409302523
1.034633409302523
1.0350468997028552
1.0350468997028552
1.0350468997028552
1.0350468997028552
1.0338374982334055
1.0338374982334055
1.0351899761874703
1.034188258793155
1.034188258793155
1.0346096208410231
1.0345168416587955
1.0345168416587955
1.0345168416587955
1.0327888271292982
1.0322838274872619
1.0322838274872619
1.0322838274872619
1.0322838274872619
1.0299864315992433
1.0299864315992433
1.0309484808211429
1.0309484808211429
1.0309484808211429
1.0309484808211429
1.0309484808211429
1.0309484808211429
1.0309484808211429
1.0309484808211429
1.0309484808211429
1.0309484808211429
1.0309484808211429
1.0309484808211429
1.0280599099909993
1.0280599099909993
1.0280599099909993
1.0280599099909993
1.0280599099909993
1.0316561527538013
1.030013759508219
1.035518764412112
1.035518764412112
1.0322023606652972
1.0322023606652972
1.0322023606652972
1.0311109762744772
1.0311109762744772
1.0311319902436995
1.0311319902436995
1.0321154940501576
1.0321154940501576
1.0321154940501576
1.0321154940501576
1.0321154940501576
1.030913014290429
1.030913014290429
1.030913014290429
1.030913014290429
1.0326615809907627
1.0326615809907627
1.0326615809907627
1.0331604365556792
1.0308491240045605
1.030882639394186
1.030882639394186
1.030882639394186
1.030882639394186
1.0321928837090009
1.033120121053237
1.033120121053237
1.0340204507069348
1.0324130828574434
1.0326604012855545
1.0326604012855545
1.0323324061887809
1.0326336666450768
1.0326336666450768
1.0328721360052702
1.032211249444954
1.032211249444954
1.0330582995496558
1.0337582910473841
1.0353889542531034
1.0353921775779922
1.0353991243822034
1.0353991243822034
1.0353991243822034
1.0353678990144233
1.0353678990144233
1.032757467745698
1.032757467745698
1.0344249501736675
1.0338546328377534
1.0321169639426162
1.0350550508503247
1.0350550508503247
1.0350550508503247
1.0335554248688592
1.037675781988858
1.037201817108426
1.0359149771782987
1.036178119698061
1.036178119698061
1.036178119698061
1.036178119698061
1.036178119698061
1.036178119698061
1.0354189711569697
1.0364522318757854
1.0328857704835028
1.0328857704835028
1.0328857704835028
1.0336025553456032
1.0336025553456032
1.0336025553456032
1.0336025553456032
1.0359241405836224
1.035180267580096
1.0351176364898476
1.0354042180364351
1.0354042180364351
1.0343308378686569
1.0341843790478527
1.0346295804659449
1.0346295804659449
1.035938464044918
1.0343147785697482
1.0343147785697482
1.0343147785697482
1.0341621282837161
1.034791675082285
1.034791675082285
1.032469912440992
1.0344590240852671
1.0357372266192537
1.0358241772359482
1.0358241772359482
1.0358241772359482
1.0358241772359482
1.0358241772359482
1.0351510187340973
1.0351510187340973
1.0355028225549778
1.0355028225549778
1.0355028225549778
1.0355028225549778
1.0355028225549778
1.0350955983702648
1.0350955983702648
1.0350955983702648
1.0350955983702648
1.0350955983702648
1.0312218612608763
1.031597152427647
1.0337245186512263
1.0331756533272949
1.0309747511709266
1.0310764914164467
1.0316561106641384
1.0316561106641384
1.0314923623757684
1.030248702487794
1.030248702487794
1.030248702487794
1.0311138123802748
1.0311138123802748
1.0311138123802748
1.0318719366554323
1.0318719366554323
1.0318719366554323
1.0318719366554323
1.0318719366554323
1.032740243228436
1.032740243228436
1.032740243228436
1.032740243228436
1.032740243228436
1.0326126084285299
1.0326126084285299
1.0326126084285299
1.030285523861553
1.0325005683652133
1.0325005683652133
1.0325005683652133
1.0326170659023632
1.0304399897156082
1.0318413657233034
1.0319756804913707
1.031443012916871
1.031443012916871
1.031443012916871
1.0339139334372256
1.0339139334372256
1.0357342878124638
1.0357342878124638
1.0360708934935376
1.0360708934935376
1.0360708934935376
1.0379462310154892
1.0379462310154892
1.0361969517900693
1.0361720873145597
1.0361720873145597
1.0361720873145597
1.0361720873145597
1.0361720873145597
1.0361720873145597
1.037944283101946
1.037944283101946
1.0356112361728567
1.036946348654688
1.036946348654688
1.036377570251651
1.0360992955217547
1.0360992955217547
1.0361684304972518
1.034035690383149
1.0351349905352252
1.0339530904238026
1.0339530904238026
1.0339530904238026
1.033782920811841
1.033782920811841
1.033782920811841
1.0345353761623164
1.0320306792709122
1.0320306792709122
1.0320306792709122
1.0329402315873168
1.0342663599045487
1.0342663599045487
1.0342663599045487
1.0342663599045487
1.0340309232976486
1.0340309232976486
1.0325363594131804
1.030526441334954
1.030526441334954
1.030526441334954
1.0303356319813828
1.0303356319813828
1.0303356319813828
1.0325028124649454
1.0325028124649454
1.0316051369963202
1.0316051369963202
1.028898043137636
1.0306065618342284
1.0306065618342284
1.0301846218087214
1.0298561920717093
1.0297549775731336
1.029521597806981
1.0294551038444597
1.0294551038444597
1.0294551038444597
1.0274438145266647
1.0288513995301438
1.0287378818590835
1.0287378818590835
1.0287378818590835
1.0291688438524746
1.0291688438524746
1.0291688438524746
1.0291688438524746
1.0312986111413414
1.0325500477539227
1.0340816087960643
1.0325858856140147
1.0325858856140147
1.0327847780310704
1.0318252180884278
1.0318252180884278
1.0318252180884278
1.0327229506393267
1.0328063063820063
1.0328063063820063
1.0372804748530942
1.0343811769512838
1.0365147195715376
1.0372634277897597
1.0373764490139596
1.037981675387782
1.0369309628548609
1.036057187712095
1.036057187712095
1.036057187712095
1.036057187712095
1.036807663329243
1.036807663329243
1.0374319348700414
1.0374319348700414
1.0359186209124218
1.0361077304842858
1.0361077304842858
1.0369195474089645
1.0369195474089645
1.0369195474089645
1.0358486124834274
1.038496544350578
1.038496544350578
1.0393163818679902
1.0393163818679902
1.0393163818679902
1.0393163818679902
1.0393163818679902
1.0368321584299136
1.0368321584299136
1.0368321584299136
1.0368321584299136
1.0368321584299136
1.0357028563097213
1.0357028563097213
1.0357028563097213
1.0357028563097213
1.0331592655823343
1.0331592655823343
1.034802467548169
1.034802467548169
1.034802467548169
1.0350673340801624
1.0384772890302283
1.0384772890302283
1.0371861921536754
1.0371861921536754
1.0371861921536754
1.0371861921536754
1.0387526928034454
1.0387526928034454
1.0387526928034454
1.0344074072582126
1.0344074072582126
1.03658147672265
1.03658147672265
1.03658147672265
1.0383032297007757
1.036632361400174
1.036632361400174
1.036632361400174
1.0371173480638578
1.0371173480638578
1.0371173480638578
1.0371173480638578
1.0371173480638578
1.0380098574725585
1.0380098574725585
1.038349487999088
1.0391934156033025
1.0391934156033025
1.0391934156033025
1.0395949813155845
1.0396192649567166
1.036946777732804
1.036946777732804
1.036946777732804
1.0383743521990314
1.0383743521990314
1.0383743521990314
1.038678492537189
1.0381552106147527
1.0381552106147527
1.0389057733126816
1.0389057733126816
1.0389057733126816
1.0400885658385783
1.0364639565771745
1.0368961893408442
1.0356725632301953
1.035615517918
1.035615517918
1.0359640981194254
1.0359640981194254
1.034953646503148
1.034953646503148
1.0367729512216846
1.0367729512216846
1.0367729512216846
1.0367729512216846
1.036456723642106
1.036456723642106
1.036456723642106
1.036456723642106
1.036456723642106
1.036456723642106
1.0365145917603253
1.0365145917603253
1.0365145917603253
1.0337841846578006
1.0337841846578006
1.0337841846578006
1.0337841846578006
1.0350964896784969
1.0361849491122275
1.0338008472159983
1.0337433546635264
1.0337433546635264
1.0337433546635264
1.0337433546635264
1.0341438796278042
1.035263968371076
1.0339787762241197
1.0339783508929885
1.0339783508929885
1.0330813048763168
1.031304803665635
1.031304803665635
1.0313524275306498
1.0313524275306498
1.0313524275306498
1.0313524275306498
1.0313524275306498
1.029012125293734
1.029012125293734
1.029012125293734
1.0294010446594097
1.0300753619379872
1.032744235433313
1.0319203306499012
1.0318879763116504
1.0319745017478945
1.0320480920487196
1.0331684877402372
1.0331684877402372
1.033351857677036
1.033351857677036
1.0314472500255187
1.0314472500255187
1.0314472500255187
1.0314472500255187
1.0314472500255187
1.0314472500255187
1.0314472500255187
1.0291364689609348
1.0293914018715629
1.0293914018715629
1.0293914018715629
1.0293914018715629
1.030817524208511
1.030817524208511
1.0316113644802671
1.031429134497406
1.0330092649436855
1.0332042121709974
1.0332042121709974
1.0332042121709974
1.0332042121709974
1.0332042121709974
1.0332042121709974
1.033716817762113
1.0342844426009694
1.0342844426009694
1.0336821232701119
1.0327191733094399
1.0327191733094399
1.0328259062177305
1.031872442125566
1.031872442125566
1.0341291291342802
1.0341291291342802
1.0341291291342802
1.0341291291342802
1.035943074282488
1.0358505940594347
1.0358505940594347
1.0362904225905352
1.0362904225905352
1.035890018677318
1.035976306089373
1.035976306089373
1.035976306089373
1.034904794589423
1.034904794589423
1.034904794589423
1.0349892174831672
1.0349892174831672
1.0344405410492092
1.0365760418489216
1.0359808503613392
1.037530860742949
1.037530860742949
1.037530860742949
1.037530860742949
1.0376921629670424
1.0379290261852745
1.0366245549979254
1.0366245549979254
1.0366245549979254
1.0366245549979254
1.0366245549979254
1.0353436209449958
1.0361181977640774
1.0361181977640774
1.036470162512593
1.036470162512593
1.036470162512593
1.036470162512593
1.0387144992763804
1.039586624708198
1.0383237465799828
1.0383237465799828
1.0383237465799828
1.038294649706085
1.037091398348185
1.037091398348185
1.0376051661399777
1.0376051661399777
1.0365446035249009
1.0365446035249009
1.0365446035249009
1.0354300967908328
1.0354300967908328
1.0354300967908328
1.0354300967908328
1.0359288153842297
1.0359288153842297
1.0359288153842297
1.0359288153842297
1.0361036170112619
1.0331349092267115
1.0331349092267115
1.035242530456702
1.0355413916342702
1.0363786971349733
1.0363786971349733
1.0363786971349733
1.0381662699687677
1.0381662699687677
1.0381662699687677
1.0381662699687677
1.035727393679752
1.035727393679752
1.0344259712179464
1.03183606538979
1.03183606538979
1.03183606538979
1.03183606538979
1.031538881064105
1.031538881064105
1.0335233909750408
1.0335233909750408
1.0335233909750408
1.0335233909750408
1.0331654517019626
1.0331654517019626
1.0331654517019626
1.0332027067130283
1.031232276922147
1.0329579510260747
1.0321851200234213
1.0305414408628004
1.0301723331549453
1.0301723331549453
1.0301723331549453
1.0301723331549453
1.0301723331549453
1.0301723331549453
1.0301723331549453
1.0301723331549453
1.0301723331549453
1.0301723331549453
1.0317467878462412
1.0317467878462412
1.031929399130467
1.031929399130467
1.031929399130467
1.031929399130467
1.0311664102883549
1.0311664102883549
1.0311664102883549
1.0311664102883549
1.0311664102883549
1.0311664102883549
1.031448425972295
1.031448425972295
1.031448425972295
1.031448425972295
1.031448425972295
1.031448425972295
1.0310347763159822
1.032461964562506
1.032461964562506
1.033525564345218
1.033525564345218
1.033525564345218
1.033525564345218
1.0327404744591384
1.0325297844571615
1.0325297844571615
1.0325297844571615
1.0325297844571615
1.0325297844571615
1.0325297844571615
1.0325297844571615
1.0312507643453275
1.0312507643453275
1.0312507643453275
1.0305676971113742
1.0305676971113742
1.0305676971113742
1.027017062532566
1.027017062532566
1.029113499159971
1.029921641209433
1.029921641209433
1.029921641209433
1.029921641209433
1.029921641209433
1.029921641209433
1.0294276124316006
1.0294276124316006
1.0294276124316006
1.029692370090004
1.029692370090004
1.029692370090004
1.0326699199636333
1.0330187453001503
1.0330187453001503
1.0337213035801303
1.0347046644518625
1.0347046644518625
1.0343109560474728
1.0343109560474728
1.03304007026054
1.033626637774914
1.033626637774914
1.033626637774914
1.0315203781336277
1.0315203781336277
1.0318301560686851
1.0318301560686851
1.0307162899955196
1.0323221011418302
1.0323221011418302
1.0323221011418302
1.0323221011418302
1.0342390093473228
1.0329390927965105
1.031306383421586
1.031306383421586
1.031306383421586
1.031306383421586
1.031306383421586
1.031306383421586
1.031306383421586
1.0316996886718142
1.0323059041377627
1.0337877108004458
1.0347096613252504
1.0347096613252504
1.0347096613252504
1.0347096613252504
1.0347096613252504
1.0351279426794266
1.0351279426794266
1.0351279426794266
1.0350175370496526
1.0350175370496526
1.033767489303308
1.033767489303308
1.033767489303308
1.033767489303308
1.033767489303308
1.033767489303308
1.0326191978102377
1.0330361800433288
1.0319734580957036
1.0319734580957036
1.0319734580957036
1.0295893953112458
1.0295893953112458
1.0294231484349954
1.0294231484349954
1.0282371995052764
1.0282371995052764
1.0282371995052764
1.0282371995052764
1.0300938405744269
1.0300938405744269
1.0299595872557947
1.0299595872557947
1.033709742237527
1.033709742237527
1.0330015552001042
1.0330015552001042
1.0326683896613882
1.0325093647605266
1.0325093647605266
1.0326428885052983
1.0345842232815918
1.0345842232815918
1.0338692736301696
1.0338692736301696
1.0338692736301696
1.0338692736301696
1.0338692736301696
1.0338692736301696
1.0338692736301696
1.0346797853889795
1.0346797853889795
1.0352312831809323
1.0345343538975336
1.0345343538975336
1.0345343538975336
1.0345343538975336
1.0325647207900437
1.0325647207900437
1.0325647207900437
1.0325647207900437
1.0336522787860334
1.036516158838743
1.0356495138241053
1.0370129663214878
1.0329461725779667
1.033540075231341
1.033540075231341
1.033540075231341
1.033540075231341
1.033540075231341
1.032653774667326
1.032122913925932
1.032122913925932
1.032122913925932
1.032122913925932
1.032122913925932
1.0333635297994068
1.0335181629839028
1.0322482566251097
1.0322482566251097
1.0322482566251097
1.0322482566251097
1.0322482566251097
1.0322482566251097
1.0322482566251097
1.0322482566251097
1.0327088611793034
1.0327088611793034
1.033514493672198
1.0318995668156972
1.0318995668156972
1.032535753222772
1.0311561971258458
1.0307553484810785
1.0327804897606898
1.0327804897606898
1.0331578866612217
1.032463817234574
1.03239999175571
1.0335856987133747
1.0335856987133747
1.0335856987133747
1.0335856987133747
1.033422162769525
1.033422162769525
1.033422162769525
1.033422162769525
1.033422162769525
1.033422162769525
1.0338877065939747
1.033904273102644
1.033904273102644
1.032130855758988
1.032130855758988
1.032130855758988
1.032130855758988
1.032130855758988
1.033590563083575
1.033470861635726
1.0311900381885843
1.0311900381885843
1.0307315787155067
1.0307315787155067
1.0326816866501474
1.0326816866501474
1.0326816866501474
1.0326816866501474
1.0328196654587638
1.0328196654587638
1.0328196654587638
1.0332072537149741
1.0332072537149741
1.0332072537149741
1.0332072537149741
1.0312772976933633
1.0312772976933633
1.0312772976933633
1.0325753173933292
1.0325753173933292
1.031951812158251
1.0324088024282316
1.0324088024282316
1.0324088024282316
1.0350727552859287
1.0350727552859287
1.0350703280809117
1.0350703280809117
1.0355790352920176
1.0362533381714107
1.0362533381714107
1.0362533381714107
1.0362533381714107
1.0362533381714107
1.0350040230587458
1.036595840804419
1.0386260505763945
1.0386260505763945
1.0386260505763945
1.0386260505763945
1.039231180359886
1.0392252125143282
1.038955368929723
1.038673668903849
1.0368809382033313
1.0368809382033313
1.0373607368931674
1.0373607368931674
1.0363309540117334
1.036121206126946
1.0374120369722717
1.0374120369722717
1.0374120369722717
1.0363131830318368
1.0368780895346257
1.037167803225324
1.037167803225324
1.0386749029545141
1.035437526749435
1.035437526749435
1.0362905486493206
1.037810805612413
1.037626473917024
1.037626473917024
1.0374362543712043
1.0364464544509313
1.0385198639838273
1.0385198639838273
1.0407434714358839
1.0407434714358839
1.0416557268992361
1.0399003163240426
1.0399003163240426
1.0393548035401718
1.0393548035401718
1.0393548035401718
1.0393548035401718
1.0393548035401718
1.0386326245435369
1.0357973365328688
1.0357973365328688
1.0360047640465966
1.0376740133931817
1.0376740133931817
1.0380784484579135
1.0380784484579135
1.0385049450602983
1.0385049450602983
1.0385049450602983
1.0385049450602983
1.0385049450602983
1.0385049450602983
1.0364374387350361
1.0360290921575204
1.0365438426848155
1.0342364683364635
1.0342364683364635
1.0342364683364635
1.0346597752380173
1.0346597752380173
1.0346597752380173
1.0346597752380173
1.0336165074186499
1.033278341426744
1.0370065915348363
1.0364129847520072
1.039433761177024
1.038496523155132
1.038496523155132
1.040460182288271
1.040460182288271
1.0380241477618102
1.0374222071030776
1.0351572171748908
1.0351572171748908
1.0351572171748908
1.0351572171748908
1.0351572171748908
1.0351572171748908
1.0358815873628144
1.0358815873628144
1.0358815873628144
1.0358815873628144
1.0358815873628144
1.0356930202268941
1.0356930202268941
1.0376796197202198
1.0329712878296615
1.0329712878296615
1.0329712878296615
1.0329712878296615
1.0329712878296615
1.0329712878296615
1.0329712878296615
1.0332635834650237
1.0332635834650237
1.0332635834650237
1.0331998591302836
1.035173379894967
1.035173379894967
1.0347865327847214
1.0347865327847214
1.0350452827082819
1.0352280077405414
1.0352280077405414
1.0347152225621101
1.0347152225621101
1.0379413125945722
1.0379413125945722
1.0379413125945722
1.0391893972508583
1.0407000273103568
1.0407000273103568
1.0388147280390567
1.0379651499652895
1.0379651499652895
1.0379651499652895
1.0388706252039104
1.0388706252039104
1.0388706252039104
1.0383750383261245
1.0374088494194367
1.0371321803836329
1.0381729553852141
1.038412867565569
1.0384206964359828
1.0384206964359828
1.0384206964359828
1.0384206964359828
1.0408285020550008
1.0408285020550008
1.0405647261511994
1.0405647261511994
1.0405647261511994
1.0375079737209492
1.0375079737209492
1.0360677966397476
1.0362909315642628
1.0362909315642628
1.036431404652506
1.0362546333476323
1.0362546333476323
1.0367068525340173
1.0367068525340173
1.0367068525340173
1.0372660958812248
1.0372660958812248
1.0372660958812248
1.0382838419508864
1.0382838419508864
1.0384400100059579
1.0375324523150693
1.0375324523150693
1.0401890611063183
1.0402737366135075
1.0402737366135075
1.040999838356809
1.0410634694351535
1.0410634694351535
1.0427241215797056
1.0451611336648332
1.0451611336648332
1.0429732605009825
1.0429732605009825
1.0429732605009825
1.0429732605009825
1.0415396592146553
1.0415396592146553
1.0415396592146553
1.0415396592146553
1.0415396592146553
1.0415990655088756
1.0405586050961917
1.040000767050854
1.038127613583357
1.038127613583357
1.038127613583357
1.038127613583357
1.038127613583357
1.0380458458727069
1.0378717000395736
1.0378717000395736
1.0378717000395736
1.038986353614953
1.038986353614953
1.0386532756936384
1.0417913363703162
1.0417913363703162
1.0413673906373906
1.0411146043746922
1.0411146043746922
1.040717626694544
1.040717626694544
1.040717626694544
1.040717626694544
1.0398984883677065
1.0398984883677065
1.0394118026846655
1.0394118026846655
1.0394118026846655
1.0394118026846655
1.0385487073382154
1.0385487073382154
1.0385487073382154
1.0385487073382154
1.0385487073382154
1.0378009007239892
1.0378009007239892
1.0378009007239892
1.0384474637975185
1.0384474637975185
1.0384474637975185
1.039121974964659
1.039121974964659
1.039121974964659
1.0403496036240798
1.0409475837898634
1.036239004737997
1.036239004737997
1.0384368820979666
1.0384368820979666
1.03823599264231
1.03823599264231
1.03823599264231
1.03823599264231
1.03823599264231
1.03823599264231
1.0373001530115402
1.0373001530115402
1.0373001530115402
1.0398657769213595
1.0404895366092157
1.0376285500252396
1.0381711216278493
1.0355462100497403
1.0359717218442246
1.0348890143532024
1.0348890143532024
1.0348890143532024
1.0348890143532024
1.0348890143532024
1.0348890143532024
1.0348890143532024
1.0348890143532024
1.033514732336897
1.033514732336897
1.033514732336897
1.033514732336897
1.0355256573943363
1.0355185325275922
1.0337024342607828
1.0337024342607828
1.0337024342607828
1.0323814951201231
1.0299561962053587
1.0299561962053587
1.0299561962053587
1.0309940863445994
1.0309940863445994
1.0309940863445994
1.0309940863445994
1.0309940863445994
1.0306216869637488
1.0306216869637488
1.0286555717204802
1.0289948735027605
1.032675542326526
1.032675542326526
1.032675542326526
1.030601071647227
1.031867128285927
1.0325440064483467
1.0312398879730076
1.0312398879730076
1.0300276887216286
1.0311724623603737
1.0311724623603737
1.0315206131995072
1.0309057529766263
1.0309057529766263
1.0309057529766263
1.0309057529766263
1.0309057529766263
1.0309057529766263
1.0295068785232961
1.0313056608125588
1.0313056608125588
1.029737009690797
1.0298869505823731
1.027358650183812
1.027358650183812
1.027358650183812
1.027358650183812
1.0260006162145123
1.0260006162145123
1.0260006162145123
1.0260006162145123
1.0266387476016472
1.0274729098185111
1.0283284375772608
1.0283284375772608
1.0285277803384012
1.0315208721216222
1.0315208721216222
1.0315208721216222
1.0315208721216222
1.0315208721216222
1.0312995225653796
1.0312995225653796
1.0313300109342576
1.0313300109342576
1.0313300109342576
1.027932063323381
1.027932063323381
1.027932063323381
1.0289163704666677
1.0290832932664078
1.0290832932664078
1.0290832932664078
1.0291169142718033
1.0297966196589758
1.0297966196589758
1.0297966196589758
1.0297966196589758
1.0297966196589758
1.0326490898554437
1.0326490898554437
1.0326490898554437
1.0326490898554437
1.0312916617131684
1.0312916617131684
1.0312916617131684
1.0312916617131684
1.0301946988656172
1.0301946988656172
1.030161670736777
1.030161670736777
1.030161670736777
1.0319435010230609
1.033187308016802
1.0334713167403133
1.0334713167403133
1.0342293843588828
1.0336379163099916
1.0336379163099916
1.031320183134396
1.031320183134396
1.031320183134396
1.0304316845262
1.0296782144782772
1.0280568907423562
1.028873798224302
1.028873798224302
1.028873798224302
1.0276024003823832
1.0276024003823832
1.0272060946845045
1.0272060946845045
1.0272060946845045
1.0272060946845045
1.0272060946845045
1.0272060946845045
1.028144224005993
1.028144224005993
1.031220152750167
1.032216744091396
1.032216744091396
1.032216744091396
1.0309031617338642
1.0309031617338642
1.0304871705235419
1.0304871705235419
1.030009807382711
1.030009807382711
1.030009807382711
1.030009807382711
1.030009807382711
1.030009807382711
1.030955886144777
1.030955886144777
1.030955886144777
1.030955886144777
1.0292479994559682
1.0292479994559682
1.0309824607467475
1.031161859092649
1.031161859092649
1.031161859092649
1.031161859092649
1.0312382526719956
1.0304578201145247
1.0321029504673755
1.0321029504673755
1.0321029504673755
1.0321029504673755
1.0321029504673755
1.0353576003132459
1.0353576003132459
1.0336029971874867
1.0336029971874867
1.032880595889849
1.032880595889849
1.0361528742233739
1.0361528742233739
1.0361528742233739
1.0361528742233739
1.0374920577708195
1.0377665372025033
1.0377665372025033
1.0377665372025033
1.0350310795684945
1.0350310795684945
1.0349769243082239
1.036076280640487
1.036076280640487
1.0362764247012757
1.0401165142273885
1.0407457168350542
1.0407457168350542
1.0416761278728437
1.0420434319479306
1.0420434319479306
1.0429154250406594
1.0429154250406594
1.0429154250406594
1.0408307067277622
1.03831054668299
1.03831054668299
1.03831054668299
1.03831054668299
1.03831054668299
1.0342407394178668
1.0341557596308657
1.0341557596308657
1.0341557596308657
1.0341557596308657
1.0341557596308657
1.0341557596308657
1.0341557596308657
1.0338992818320232
1.0346073304772614
1.0346073304772614
1.0346073304772614
1.0346073304772614
1.0317812285486387
1.0339892310303103
1.0339892310303103
1.0344393756841754
1.0327175928355647
1.0327175928355647
1.0327175928355647
1.0367972170805528
1.0367972170805528
1.0326288090693476
1.0326288090693476
1.0343208995060114
1.0344895667002665
1.0344895667002665
1.0344895667002665
1.0312497547840012
1.0312497547840012
1.0312497547840012
1.0312497547840012
1.0328357560067278
1.0325268547377322
1.0325268547377322
1.0311512596151649
1.0328787930323147
1.0328787930323147
1.033581244403566
1.033581244403566
1.032923622742314
1.032923622742314
1.032923622742314
1.0332465399365136
1.0332465399365136
1.0337275985965648
1.0334966275240716
1.0334966275240716
1.0308192935636327
1.0308192935636327
1.0338940076786198
1.0338940076786198
1.0338940076786198
1.0338940076786198
1.0364441788547487
1.0364441788547487
1.036158634591742
1.036158634591742
1.036917030276293
1.036917030276293
1.0407803186946074
1.0407803186946074
1.0407803186946074
1.0407803186946074
1.0407803186946074
1.0407803186946074
1.039692242571073
1.039692242571073
1.039692242571073
1.039737754990564
1.039737754990564
1.039737754990564
1.039737754990564
1.039737754990564
1.039737754990564
1.039737754990564
1.039737754990564
1.0390653194284207
1.0405608845703238
1.0405608845703238
1.0389823174628832
1.0377691171169279
1.0375505326259022
1.0375505326259022
1.0375505326259022
1.0375505326259022
1.0375505326259022
1.036318600311482
1.0367853699019134
1.0366752000122634
1.0366752000122634
1.0366752000122634
1.0346001560525473
1.0346001560525473
1.0345230138700587
1.0345230138700587
1.032387500748384
1.0308131418993456
1.0308131418993456
1.0308131418993456
1.0308131418993456
1.0308131418993456
1.032659226467539
1.032659226467539
1.032659226467539
1.0309898356957425
1.0309898356957425
1.0309898356957425
1.0295305511924406
1.0295305511924406
1.0295305511924406
1.0299055310882168
1.0301977615551536
1.0314677249856632
1.0329835696371037
1.0329835696371037
1.0324121214679074
1.0324121214679074
1.0324121214679074
1.0324121214679074
1.0324121214679074
1.0336469090623932
1.0342841156085791
1.0335009156100006
1.0335009156100006
1.030478107947979
1.030478107947979
1.030478107947979
1.030478107947979
1.030478107947979
1.0324228229711294
1.0324228229711294
1.0319029288203123
1.0307332910000022
1.0307332910000022
1.0307332910000022
1.0307332910000022
1.0307332910000022
1.0323405107431012
1.0323405107431012
1.0323405107431012
1.0323405107431012
1.0323405107431012
1.0341629894963773
1.0341629894963773
1.0312823501282458
1.0322998734554876
1.0335655150767857
1.0335655150767857
1.0329566051900487
1.0342135190034547
1.0342502265468383
1.0342502265468383
1.0342502265468383
1.0342502265468383
1.034122720429876
1.0329307204045273
1.0329307204045273
1.0329307204045273
1.0329307204045273
1.033596753884914
1.033596753884914
1.033596753884914
1.033596753884914
1.033596753884914
1.033596753884914
1.033596753884914
1.0319563673932526
1.0319563673932526
1.0319563673932526
1.0319563673932526
1.031682047494408
1.031682047494408
1.0340912541008078
1.0340912541008078
1.0340912541008078
1.0340912541008078
1.0354487033127355
1.035432735856411
1.035432735856411
1.035432735856411
1.035432735856411
1.035432735856411
1.035432735856411
1.035432735856411
1.035432735856411
1.035432735856411
1.035432735856411
1.0351476782962055
1.0347732551574804
1.0316497594125233
1.0316497594125233
1.0316497594125233
1.0316497594125233
1.0316497594125233
1.0316497594125233
1.0316497594125233
1.0332153951163898
1.0332153951163898
1.0332153951163898
1.0317918950278695
1.0317918950278695
1.0317918950278695
1.0312565850372797
1.0295403512994625
1.0290223957482447
1.0290223957482447
1.0290223957482447
1.0290223957482447
1.0290223957482447
1.0290223957482447
1.0296353708223958
1.0323932814364758
1.0325260659098923
1.0302541059013288
1.0302541059013288
1.0302541059013288
1.0319239269923348
1.0334942228444195
1.0334942228444195
1.033550810160587
1.033550810160587
1.033550810160587
1.034357094932465
1.034357094932465
1.034357094932465
1.033510152130419
1.033510152130419
1.033510152130419
1.033510152130419
1.033510152130419
1.03239141211913
1.031248311928304
1.031248311928304
1.0285848862415081
1.0285284034067805
1.0285284034067805
1.0285284034067805
1.0286902481359461
1.0286093452330125
1.0286093452330125
1.029088220866776
1.029088220866776
1.026111286475428
1.026111286475428
1.0270819750564113
1.0270819750564113
1.0270309657185501
1.0270309657185501
1.0270309657185501
1.0263776869397263
1.0263776869397263
1.0263776869397263
1.0263776869397263
1.0270543113276756
1.0270543113276756
1.0254016418530583
1.0279335835657444
1.0279335835657444
1.0279335835657444
1.0279335835657444
1.0279335835657444
1.0279335835657444
1.0279335835657444
1.0279335835657444
1.027105735144365
1.027105735144365
1.024764167591174
1.024764167591174
1.024764167591174
1.0268970832901525
1.0268970832901525
1.0268970832901525
1.027570675386012
1.027570675386012
1.027570675386012
1.027068255875848
1.027068255875848
1.027068255875848
1.0269600407282757
1.0269600407282757
1.0269600407282757
1.0269600407282757
1.0269600407282757
1.0274945060517244
1.0254330754728538
1.0249692207936374
1.0250896864481727
1.0250896864481727
1.0262065956848636
1.0262065956848636
1.0262065956848636
1.0262065956848636
1.0256891553057073
1.0256891553057073
1.029925283059294
1.0291632923465697
1.0291632923465697
1.033249710949937
1.033249710949937
1.0323774941427704
1.0312329038688837
1.0302475569492464
1.028836215996739
1.0306136690269803
1.0340355870035154
1.0340355870035154
1.0346248908457485
1.0351787906107346
1.0351787906107346
1.0338730807588665
1.0338730807588665
1.0338730807588665
1.034876924287398
1.034876924287398
1.0337672338822232
1.0337672338822232
1.0335785729985825
1.0335785729985825
1.0335785729985825
1.0341608353649814
1.0341608353649814
1.0341608353649814
1.0341608353649814
1.0341608353649814
1.0341608353649814
1.0341608353649814
1.0341608353649814
1.0341608353649814
1.0339419462561275
1.0339419462561275
1.035304936966552
1.035304936966552
1.035304936966552
1.035304936966552
1.035304936966552
1.035304936966552
1.0345592304189133
1.0341599179869805
1.0341599179869805
1.0331508421399673
1.0331508421399673
1.0331508421399673
1.0331508421399673
1.0331508421399673
1.0331508421399673
1.0319785793312222
1.0334403298257362
1.0328880158021159
1.0328880158021159
1.0328880158021159
1.0346219306134257
1.0352874524343971
1.0352766453430227
1.0352766453430227
1.0362930118827989
1.0361268255416676
1.0361268255416676
1.0361268255416676
1.0361268255416676
1.039160641268115
1.039160641268115
1.039160641268115
1.039160641268115
1.039160641268115
1.0384181151576528
1.0384181151576528
1.0375336446386527
1.0376679618023605
1.0376679618023605
1.0376679618023605
1.0376679618023605
1.0371639454681276
1.0357564656877245
1.0350054910956836
1.0350677921057019
1.0350677921057019
1.0350677921057019
1.0350677921057019
1.0361982275340527
1.0361982275340527
1.0361982275340527
1.035717928896779
1.035717928896779
1.035717928896779
1.0328163425027403
1.0328163425027403
1.0333919143577484
1.0333919143577484
1.0337070460089246
1.0337070460089246
1.032623464945222
1.031454668698616
1.0306315467728906
1.031110465311209
1.031110465311209
1.031110465311209
1.0317863657719737
1.033185236693151
1.033185236693151
1.0325125957462282
1.0325125957462282
1.0323156020002522
1.0323156020002522
1.0323156020002522
1.0319099310826678
1.0311962545157338
1.0313312463796451
1.0313312463796451
1.0330531334647681
1.0330531334647681
1.0330531334647681
1.0330531334647681
1.0330531334647681
1.033290574017946
1.033290574017946
1.033290574017946
1.033290574017946
1.0321899221310522
1.0321899221310522
1.0321899221310522
1.0357463878897568
1.0357463878897568
1.0357463878897568
1.0357463878897568
1.0357463878897568
1.0357463878897568
1.0357463878897568
1.0357463878897568
1.0357463878897568
1.0361295140841709
1.0361295140841709
1.0361295140841709
1.0329695113451944
1.0306012301333705
1.0306012301333705
1.030669693791777
1.030669693791777
1.030669693791777
1.030669693791777
1.032388035861906
1.0324177608191203
1.0324177608191203
1.0324177608191203
1.0324177608191203
1.0324177608191203
1.0328103330900231
1.0314211314616484
1.0299984922015073
1.0299984922015073
1.0299984922015073
1.0299984922015073
1.0299984922015073
1.0309570938011423
1.0313301057884803
1.0313301057884803
1.0313301057884803
1.0313301057884803
1.0317699827395526
1.0299084762451487
1.0299084762451487
1.0299084762451487
1.029081059638615
1.0282372659480532
1.0282372659480532
1.0282372659480532
1.0323513947079412
1.0316654651640444
1.0316070748797646
1.028200445719066
1.028200445719066
1.028200445719066
1.028200445719066
1.028200445719066
1.028200445719066
1.028200445719066
1.0298921553956495
1.0308467823837921
1.0324967765441029
1.030646791518576
1.0283661046236587
1.0283661046236587
1.0283661046236587
1.0281897320358602
1.0281897320358602
1.0281897320358602
1.0281897320358602
1.0281394561834691
1.026966568375772
1.0281286192342765
1.031408874837204
1.0284159859950297
1.0286028065618404
1.0286028065618404
1.0286028065618404
1.028732488770733
1.028732488770733
1.027753077494181
1.0275315509192915
1.0275315509192915
1.0288716924748929
1.0283366327445052
1.0283366327445052
1.0291762947390943
1.028276435348872
1.028276435348872
1.0283039140448507
1.0283039140448507
1.0326256500779134
1.0326256500779134
1.0326256500779134
1.0326256500779134
1.0326256500779134
1.0324816231111733
1.0336578172660578
1.0336578172660578
1.0336578172660578
1.0336578172660578
1.0336578172660578
1.032869151104784
1.031659190568377
1.031659190568377
1.031659190568377
1.031659190568377
1.031659190568377
1.031659190568377
1.0314031539464505
1.0292315777191194
1.0291342590715347
1.0291342590715347
1.0291342590715347
1.0291342590715347
1.0327829739879093
1.0327829739879093
1.0327829739879093
1.0321490107708582
1.0327546229631337
1.033226893659195
1.0326745053942854
1.0309795354733942
1.0348088519226102
1.0348088519226102
1.0340763014362033
1.0340763014362033
1.0333227719511215
1.0317821624722796
1.031505165532448
1.0322104034666795
1.033746243815878
1.033746243815878
1.0337340010690643
1.035272823266774
1.031560318274264
1.0330572151999085
1.0343567099425264
1.0343567099425264
1.0344314540273358
1.0344314540273358
1.0344790073122914
1.0344790073122914
1.0369174863182367
1.0376789616244342
1.0376789616244342
1.0388177435059722
1.0388530350783995
1.0406147967914474
1.0394172359424998
1.0394172359424998
1.0433722179134977
1.0433722179134977
1.0424251787417516
1.0424251787417516
1.0393831229049835
1.0393831229049835
1.0417909764921487
1.0417909764921487
1.0398661725716765
1.0398661725716765
1.0398661725716765
1.0385619434574973
1.0385619434574973
1.0385619434574973
1.0390111483816862
1.0390111483816862
1.0390111483816862
1.0390111483816862
1.03620255836267
1.0340038353513152
1.0340038353513152
1.0340038353513152
1.0333753672067487
1.0333753672067487
1.0352615835550325
1.0352615835550325
1.0352615835550325
1.0352615835550325
1.0352615835550325
1.0355625027544855
1.0355625027544855
1.0355625027544855
1.0355625027544855
1.0357663795696785
1.0357663795696785
1.03509193827271
1.0322201981170978
1.0322201981170978
1.0311195035108043
1.0314011904751383
1.032860574501239
1.032860574501239
1.0326843716515626
1.033689516514807
1.033689516514807
1.033689516514807
1.033689516514807
1.033689516514807
1.033689516514807
1.033689516514807
1.033689516514807
1.0317122094237425
1.0317122094237425
1.0317122094237425
1.03246176978401
1.03246176978401
1.0330296661559013
1.0330296661559013
1.0307347549195045
1.0307347549195045
1.028546191627661
1.030047585621568
1.030047585621568
1.030047585621568
1.0293381466525948
1.0293381466525948
1.0327843281946825
1.0318359263392476
1.031908677638226
1.031908677638226
1.031908677638226
1.031908677638226
1.031908677638226
1.034225376585473
1.0348308881499357
1.0325880175313398
1.0325880175313398
1.0351020280733556
1.034392361920404
1.0363498759311913
1.0363498759311913
1.0358976019149877
1.0358976019149877
1.0361220309240566
1.0356752713606023
1.0356752713606023
1.034785877751243
1.034785877751243
1.034785877751243
1.0321884162786075
1.0321884162786075
1.0321884162786075
1.0313998013295613
1.0313998013295613
1.0313998013295613
1.0313998013295613
1.0326791657762944
1.0327671062349362
1.0327671062349362
1.0327671062349362
1.0327671062349362
1.0327671062349362
1.0338562532843611
1.0338562532843611
1.0338562532843611
1.032842547957578
1.032842547957578
1.032842547957578
1.032842547957578
1.032842547957578
1.032842547957578
1.0329205947256686
1.0342855770178208
1.0360318370816213
1.034286661941928
1.034286661941928
1.0346098794401875
1.0346098794401875
1.0346098794401875
1.0342407109364475
1.0352388947376576
1.0352388947376576
1.0352388947376576
1.0352388947376576
1.0352388947376576
1.0352388947376576
1.0354069994982398
1.0363735953030107
1.0363735953030107
1.0363735953030107
1.0360522613159429
1.0360715377465675
1.0365285578955705
1.0365285578955705
1.0337113275279617
1.0337113275279617
1.0341657193295473
1.0341657193295473
1.0322491250996526
1.0366156843965604
1.0366156843965604
1.0362702389368594
1.0344443724642696
1.0344443724642696
1.0344443724642696
1.0329563799432986
1.0329563799432986
1.031482638522042
1.031482638522042
1.0327921870638053
1.0327921870638053
1.0329356905497327
1.0329356905497327
1.0329356905497327
1.0327291535800893
1.0328638110663533
1.0328638110663533
1.0308827903560913
1.0283554569780877
1.0280341279245166
1.0280341279245166
1.0280341279245166
1.0279867447031994
1.0282598655772022
1.0282598655772022
1.0282598655772022
1.0282598655772022
1.0282598655772022
1.0300378695774681
1.0285768646060869
1.0285768646060869
1.0285768646060869
1.0285768646060869
1.0289100013605903
1.0289100013605903
1.0289100013605903
1.02733740625958
1.02733740625958
1.0275542546229917
1.0285459906014867
1.0285459906014867
1.0285459906014867
1.0292505151401303
1.0313479457709671
1.031368103294683
1.0279973425017288
1.0279973425017288
1.0273486297484424
1.0273486297484424
1.0273486297484424
1.0273486297484424
1.0271655312283263
1.027154863389841
1.0266297206936217
1.026693665544906
1.0267871317990622
1.029480804299401
1.0296028225611635
1.0296028225611635
1.0302730370991582
1.0334888028681717
1.0309761308127774
1.0309761308127774
1.0309761308127774
1.0300767635757073
1.0300767635757073
1.0300767635757073
1.0305326164848234
1.0305326164848234
1.0305326164848234
1.0316102664842348
1.0308991928682412
1.0308991928682412
1.0308991928682412
1.0308991928682412
1.0308991928682412
1.0297928307243531
1.0324411994862794
1.0324411994862794
1.0324411994862794
1.0324411994862794
1.0324411994862794
1.0324411994862794
1.0321976722004138
1.0321976722004138
1.0321976722004138
1.0321976722004138
1.0323637136233874
1.034683326005276
1.0324629503039617
1.032272354246284
1.0342615814508191
1.0342615814508191
1.0342615814508191
1.0329255938070525
1.0329255938070525
1.0326615058864324
1.0326615058864324
1.0326615058864324
1.0326615058864324
1.0326615058864324
1.031457582121502
1.0312306657888244
1.0312306657888244
1.0312306657888244
1.0312306657888244
1.0316383291152598
1.0316383291152598
1.0316383291152598
1.0307305788340722
1.0307305788340722
1.0307305788340722
1.0307305788340722
1.0294843417072141
1.0334607827177278
1.0334607827177278
1.0334607827177278
1.0334607827177278
