0.946581011383404
0.946581011383404
0.946581011383404
0.946581011383404
0.946581011383404
0.946581011383404
0.946581011383404
0.946581011383404
0.946581011383404
0.946581011383404
0.946581011383404
0.946581011383404
0.946581011383404
0.946581011383404
0.946581011383404
0.946581011383404
0.946581011383404
0.946581011383404
0.946581011383404
0.946581011383404
0.946581011383404
0.946581011383404
0.946581011383404
0.946581011383404
0.946581011383404
0.946581011383404
0.946581011383404
0.946581011383404
0.946581011383404
0.946581011383404
0.946581011383404
0.946581011383404
0.946581011383404
0.946581011383404
0.946581011383404
0.946581011383404
0.946581011383404
0.946581011383404
0.946581011383404
0.946581011383404
0.946581011383404
0.946581011383404
0.946581011383404
0.946581011383404
0.946581011383404
0.946581011383404
0.946581011383404
0.946581011383404
0.946581011383404
0.946581011383404
0.946581011383404
0.946581011383404
0.946581011383404
0.946581011383404
0.946581011383404
0.946581011383404
0.946581011383404
0.946581011383404
0.946581011383404
0.946581011383404
0.946581011383404
0.946581011383404
0.946581011383404
0.946581011383404
0.946581011383404
0.946581011383404
0.946581011383404
0.946581011383404
0.946581011383404
0.946581011383404
0.946581011383404
0.946581011383404
0.946581011383404
0.946581011383404
0.946581011383404
0.946581011383404
0.946581011383404
0.946581011383404
0.946581011383404
0.946581011383404
0.946581011383404
0.946581011383404
0.946581011383404
0.946581011383404
0.946581011383404
0.946581011383404
0.946581011383404
0.946581011383404
0.946581011383404
0.946581011383404
0.946581011383404
0.946581011383404
0.946581011383404
0.946581011383404
0.946581011383404
0.946581011383404
0.946581011383404
0.946581011383404
0.946581011383404
0.9508486049278738
0.9508486049278738
0.9508486049278738
0.9529732709870652
0.9529732709870652
0.9552494363107449
0.9590700238261143
0.9590700238261143
0.9590700238261143
0.9590700238261143
0.9605376796757251
0.9612558944425174
0.9612558944425174
0.9619213836097319
0.9619213836097319
0.9639631658407919
0.9646951477745462
0.9646951477745462
0.9648005857008856
0.9666685997532178
0.9666685997532178
0.9666685997532178
0.9666685997532178
0.9691377779386255
0.9738293213659085
0.9737348385967991
0.9737348385967991
0.9737348385967991
0.9753172959603172
0.9753172959603172
0.9748599831806518
0.9748599831806518
0.9789003635305376
0.9784087168408281
0.9795610858911749
0.9795610858911749
0.9795610858911749
0.9847491739991219
0.9847491739991219
0.9873116567060043
0.9873116567060043
0.9873116567060043
0.9873116567060043
0.9873116567060043
0.9873116567060043
0.9872600622823307
0.9885620736389181
0.9905917380585781
0.9905917380585781
0.9905917380585781
0.9918821805653965
0.9918821805653965
0.9918821805653965
0.9918821805653965
0.9967037161706106
0.9967037161706106
0.9995522114803991
1.0005026985535208
1.0010571271934146
1.002557501585311
1.0052244123273457
1.0014774427049704
1.0014774427049704
1.0014774427049704
1.0014774427049704
1.0014774427049704
1.0037577884175353
1.0045644108818024
1.0045644108818024
1.0045644108818024
1.0045884696500675
1.00884852562731
1.0048886607820802
1.0048463290445486
1.0048463290445486
1.0048463290445486
1.0048463290445486
1.0048463290445486
1.0068246811638808
1.006895848408893
1.006895848408893
1.0094189048927
1.0094189048927
1.013271535411853
1.0175777881919712
1.0175777881919712
1.0175777881919712
1.0160616003854381
1.021149314530525
1.0201428586502415
1.0201428586502415
1.0201428586502415
1.0201428586502415
1.0211741448505551
1.0211741448505551
1.0199294325154526
1.0225202593271112
1.0199252114281534
1.0197952489212765
1.0197952489212765
1.02456392068901
1.02456392068901
1.0231001648450035
1.0231001648450035
1.023340787515667
1.023340787515667
1.0241866371486559
1.0250921824538186
1.0250921824538186
1.0250921824538186
1.0254628315483358
1.0263694976726034
1.0256978719916732
1.028709872372527
1.028709872372527
1.028709872372527
1.028709872372527
1.0295345939913645
1.0314828547631751
1.0314828547631751
1.0314828547631751
1.0314828547631751
1.0322133546518066
1.0322133546518066
1.035592105766205
1.035592105766205
1.035592105766205
1.035592105766205
1.0322375482915032
1.0317138353443396
1.0317138353443396
1.0334331416726967
1.0334331416726967
1.0334331416726967
1.0334331416726967
1.0334331416726967
1.0309494816036615
1.0309494816036615
1.0305739903476734
1.0305739903476734
1.0305739903476734
1.0305739903476734
1.0305739903476734
1.0307306100969138
1.0307306100969138
1.0307306100969138
1.0307306100969138
1.0307306100969138
1.0307306100969138
1.0307306100969138
1.0323753983267623
1.0323753983267623
1.0324059808576926
1.034037128746578
1.034234907814642
1.034234907814642
1.034197892606421
1.034197892606421
1.034197892606421
1.0312535752869951
1.0312535752869951
1.0310874909805359
1.0310874909805359
1.0316131204841612
1.030141241192957
1.030141241192957
1.030141241192957
1.030141241192957
1.030141241192957
1.0300578102418538
1.02877668060637
1.0296717475963801
1.0296717475963801
1.0295650299978258
1.0295650299978258
1.0295277571593375
1.030432478866306
1.0298152747343008
1.03211780566969
1.027833987835178
1.0299422148939799
1.0299693903841483
1.0299693903841483
1.0299693903841483
1.0299693903841483
1.0299693903841483
1.0299693903841483
1.0298688112944143
1.0298688112944143
1.0298688112944143
1.0298688112944143
1.0274170284929098
1.0279455041776717
1.027776565521564
1.0304084065658077
1.0304084065658077
1.0302822854739704
1.029681111145853
1.029681111145853
1.029681111145853
1.029681111145853
1.0292419277681792
1.0292419277681792
1.0292419277681792
1.0302826320383018
1.0300655698611922
1.0300655698611922
1.0302124605054284
1.0302124605054284
1.029387362739128
1.0320645685299625
1.032360180174401
1.032360180174401
1.0333910168899774
1.0333910168899774
1.0325350734454326
1.0335174141863612
1.0335174141863612
1.031730660232004
1.031901568649213
1.031901568649213
1.0321348460441406
1.0322951692484408
1.0322951692484408
1.0322951692484408
1.0329679729380299
1.0328270958654608
1.0332097523114034
1.0323698951003877
1.031946051598197
1.031946051598197
1.0312700808442385
1.0312700808442385
1.0312700808442385
1.0312700808442385
1.0313341782251406
1.0313341782251406
1.030256207462382
1.030256207462382
1.030256207462382
1.030256207462382
1.030256207462382
1.030256207462382
1.030256207462382
1.0302388474428268
1.0302388474428268
1.0301249085742337
1.0276427680605271
1.0276427680605271
1.0276427680605271
1.0276427680605271
1.0276427680605271
1.0276427680605271
1.0276427680605271
1.0254018039946433
1.0254018039946433
1.0281544567426868
1.0281544567426868
1.0281544567426868
1.0277778198905647
1.0277778198905647
1.0277778198905647
1.0280023016374242
1.0280023016374242
1.0280023016374242
1.026914259375521
1.0282247282762358
1.0290377943121116
1.0290377943121116
1.0290377943121116
1.0290377943121116
1.0290377943121116
1.0290377943121116
1.0303949967598123
1.031950354812571
1.031950354812571
1.031950354812571
1.031950354812571
1.0333617408126428
1.0333617408126428
1.0333617408126428
1.0333617408126428
1.0317513522841664
1.0317513522841664
1.0299228020018556
1.028787492077154
1.028787492077154
1.030877413608445
1.032506311346534
1.032506311346534
1.0319078222514273
1.0319078222514273
1.0319078222514273
1.0311715202761036
1.0311715202761036
1.0300714936069673
1.0300714936069673
1.0300714936069673
1.0300714936069673
1.029201534869269
1.0301443188463053
1.0297740285004768
1.0297740285004768
1.0297740285004768
1.0298438020881813
1.0298438020881813
1.0298438020881813
1.0265341108344435
1.0265341108344435
1.0278317034692133
1.0278317034692133
1.0278317034692133
1.0278317034692133
1.0290849031820204
1.0296145903765652
1.0296145903765652
1.0296145903765652
1.0298264272044233
1.030936169789542
1.0325597750068858
1.0316976451491295
1.0296047201383123
1.0296047201383123
1.029330346543064
1.029330346543064
1.029330346543064
1.029012411044932
1.0287460639729082
1.0275463585954865
1.0275463585954865
1.0275463585954865
1.028158086560268
1.0275723249263367
1.0275723249263367
1.0275723249263367
1.0280292215699351
1.0280292215699351
1.0280292215699351
1.0280292215699351
1.0280292215699351
1.0307506738640855
1.0301392052664224
1.0280751301621867
1.0280751301621867
1.0280751301621867
1.0265654950733956
1.0265654950733956
1.0265654950733956
1.0265654950733956
1.0265654950733956
1.0265654950733956
1.0265654950733956
1.0265654950733956
1.0265654950733956
1.026212547595056
1.026212547595056
1.0262700259905164
1.0207578175691878
1.0207578175691878
1.0207795839060447
1.0207795839060447
1.0207795839060447
1.024877272231135
1.024877272231135
1.024877272231135
1.0242688550073287
1.024242407886274
1.021307506603301
1.021307506603301
1.0231189496863042
1.0231189496863042
1.0241485300980318
1.0241485300980318
1.0241485300980318
1.0240673257423705
1.0240673257423705
1.0240673257423705
1.0248597042541523
1.025515095553492
1.025515095553492
1.025515095553492
1.028131390939581
1.026715852599399
1.0250622318385734
1.0277643524460127
1.0277643524460127
1.0277643524460127
1.0277643524460127
1.0277643524460127
1.0255983689299264
1.0255983689299264
1.0262535647610573
1.0262535647610573
1.0262535647610573
1.0262535647610573
1.0267883207463302
1.0267883207463302
1.0267883207463302
1.0267883207463302
1.0267883207463302
1.0267883207463302
1.0265013300216101
1.026666790409215
1.0269800192354173
1.028237146148299
1.028237146148299
1.0302939779076925
1.0302939779076925
1.0302939779076925
1.03103259173503
1.03103259173503
1.03103259173503
1.03103259173503
1.03103259173503
1.029880427229549
1.0290012281199414
1.0290012281199414
1.0290012281199414
1.0278370006276474
1.0284250784582036
1.0284250784582036
1.029170320230379
1.029170320230379
1.0280007290260587
1.028454515690357
1.028454515690357
1.0285159032208324
1.0285159032208324
1.0285159032208324
1.0275023459853756
1.0284782844789617
1.0284782844789617
1.0281435272518948
1.0281435272518948
1.0287570058103213
1.0275621437894553
1.0275621437894553
1.0283023146327575
1.0283023146327575
1.0276408515020319
1.0276408515020319
1.0276408515020319
1.0276408515020319
1.0276408515020319
1.0276408515020319
1.0276408515020319
1.0241758115100656
1.0269445671205397
1.0259941380754671
1.0259941380754671
1.0247742280895795
1.027796223837078
1.0294724031953217
1.0294724031953217
1.0254996362927056
1.0254996362927056
1.0252265279667732
1.0252265279667732
1.0252265279667732
1.02726515983208
1.0263352410779654
1.0263352410779654
1.0263352410779654
1.0275105415113575
1.0275105415113575
1.0275105415113575
1.0275105415113575
1.0266671692458076
1.027643736539872
1.027397506787526
1.027397506787526
1.027397506787526
1.027397506787526
1.0294133453938443
1.0269137363267757
1.0269137363267757
1.0261705061394
1.0261705061394
1.0261705061394
1.0253555196223378
1.0261979308463411
1.0261979308463411
1.0261979308463411
1.0277242661768846
1.0277242661768846
1.0277242661768846
1.0277242661768846
1.0277242661768846
1.027727396016393
1.027727396016393
1.0245555865229883
1.0241888190819106
1.0241888190819106
1.0238299774283677
1.0235258426818818
1.0224665168644673
1.0218173394849164
1.0247830457109346
1.0271002792782162
1.0271002792782162
1.0271002792782162
1.0284159642671573
1.028584152338842
1.0266493343161958
1.0266493343161958
1.027706533845195
1.027706533845195
1.0282897717336148
1.0282897717336148
1.0282897717336148
1.0282897717336148
1.0282897717336148
1.0282897717336148
1.0282897717336148
1.0282897717336148
1.0282897717336148
1.0282897717336148
1.0282897717336148
1.0282897717336148
1.025945596520488
1.025945596520488
1.025945596520488
1.0271721085798726
1.0271721085798726
1.024841250482538
1.024841250482538
1.024841250482538
1.0255686207713626
1.0256242970398273
1.0256242970398273
1.0256242970398273
1.024648365596181
1.024648365596181
1.027179773540564
1.027179773540564
1.027179773540564
1.027179773540564
1.0283957355064721
1.0283957355064721
1.0283957355064721
1.0277864163977315
1.0277864163977315
1.0277864163977315
1.0301884766062246
1.028224854362645
1.028224854362645
1.028224854362645
1.028224854362645
1.0270921975930836
1.0278412429577604
1.027801236262875
1.0279998685844365
1.0279998685844365
1.0279998685844365
1.0267740580689675
1.0267740580689675
1.0267740580689675
1.0267740580689675
1.0267740580689675
1.028553151065705
1.028553151065705
1.029631248645986
1.029631248645986
1.0314479627950666
1.0309274672207003
1.0328523907023937
1.0328523907023937
1.0325498267395028
1.0325498267395028
1.0325498267395028
1.0319439070651426
1.0319439070651426
1.0322909410477523
1.0322909410477523
1.0340806275098566
1.0314902509610189
1.0314902509610189
1.0314902509610189
1.0314902509610189
1.0316514552254001
1.0316514552254001
1.0316514552254001
1.0316514552254001
1.0316514552254001
1.0316514552254001
1.0303541865927055
1.030562736383194
1.0308915271116739
1.0308915271116739
1.0308915271116739
1.0308915271116739
1.0308915271116739
1.028745532142327
1.029380114387607
1.029380114387607
1.029380114387607
1.0319639896883237
1.0288757164595879
1.0288757164595879
1.0288757164595879
1.0288757164595879
1.0294688977813795
1.0294688977813795
1.0294688977813795
1.0294688977813795
1.0281970797721238
1.0281970797721238
1.0281970797721238
1.0281970797721238
1.026946389507943
1.026946389507943
1.0264806204287704
1.0289577357732922
1.0289577357732922
1.0289577357732922
1.0290574901921776
1.0290574901921776
1.0290574901921776
1.0290396920197529
1.0290396920197529
1.0290396920197529
1.0297176557443053
1.0297176557443053
1.029953311205031
1.0281931141116165
1.0257759908913686
1.0257759908913686
1.0257759908913686
1.0257759908913686
1.0257873699270816
1.0282333938583466
1.0282333938583466
1.028434700815822
1.028434700815822
1.028434700815822
1.028434700815822
1.028434700815822
1.028434700815822
1.028434700815822
1.0294309617448736
1.0278679637411383
1.0278679637411383
1.0274119996423976
1.0274119996423976
1.0274119996423976
1.0274119996423976
1.0275603560084214
1.0275603560084214
1.0275603560084214
1.0272491038893552
1.02622338838276
1.0276680351369334
1.0272045514569288
1.0272045514569288
1.0303090781525581
1.0315587635465198
1.0315587635465198
1.0315430804178691
1.030982503712493
1.03028913912156
1.03028913912156
1.03028913912156
1.0306259482395224
1.0306259482395224
1.0306259482395224
1.0308327833268658
1.0311597599968936
1.0321147295288087
1.0303760964511002
1.0303760964511002
1.0310034228342528
1.0310034228342528
1.0309364310387388
1.0309364310387388
1.0309364310387388
1.0309364310387388
1.0309364310387388
1.0317848606308213
1.0317848606308213
1.0317175997436738
1.0317175997436738
1.0317175997436738
1.0317175997436738
1.0317175997436738
1.0317175997436738
1.0317175997436738
1.0317175997436738
1.0299022290926068
1.031202904364321
1.031202904364321
1.0289622434085703
1.0289622434085703
1.0320888678518598
1.0320888678518598
1.0320888678518598
1.0328841820547323
1.0318074722505302
1.0317332471277663
1.0317332471277663
1.030929612823574
1.030929612823574
1.030494432532927
1.0310581267311196
1.027056213729383
1.0292131879343696
1.0288818543564888
1.0293266662329255
1.0288407710085843
1.0288407710085843
1.0288407710085843
1.0288407710085843
1.0288407710085843
1.0276958373918126
1.0276958373918126
1.0276958373918126
1.0276958373918126
1.0274013217185392
1.0283247548042218
1.0283247548042218
1.0276081101709977
1.0276081101709977
1.0276081101709977
1.0276081101709977
1.0276081101709977
1.028037461485289
1.0259964721815666
1.0259964721815666
1.0232087787298338
1.0232087787298338
1.0232087787298338
1.0232087787298338
1.023390690574079
1.0270276464685766
1.0242011758184455
1.0242011758184455
1.0246633298095038
1.0264757647954523
1.0264757647954523
1.026642200506039
1.026642200506039
1.025692661588318
1.0254866676867784
1.0254866676867784
1.0255566255818076
1.0255566255818076
1.024782005630008
1.024782005630008
1.024782005630008
1.024782005630008
1.024782005630008
1.024782005630008
1.024782005630008
1.024782005630008
1.024921466176302
1.0254152311028208
1.0273301105194406
1.0273301105194406
1.0273301105194406
1.0273301105194406
1.0273301105194406
1.0273301105194406
1.0273301105194406
1.0273301105194406
1.0282397917264738
1.0310802230014375
1.0310802230014375
1.0310802230014375
1.0310802230014375
1.0310802230014375
1.0270459475797131
1.0270459475797131
1.0270459475797131
1.0283369453569005
1.0264272436030266
1.0256588744476804
1.0265291425015546
1.0254337129335576
1.027952587079128
1.0263781194389001
1.0263781194389001
1.0280690416900629
1.0269639059179168
1.0269639059179168
1.0269639059179168
1.0269639059179168
1.025187079871998
1.025187079871998
1.025435327883476
1.025435327883476
1.0269488900175625
1.0269488900175625
1.0269488900175625
1.0269488900175625
1.0268859263269903
1.0265283129283422
1.0272662585353987
1.027341579380066
1.027341579380066
1.0291934552675017
1.027605662145518
1.027605662145518
1.0285004956406332
1.0285004956406332
1.0285004956406332
1.0298271010096987
1.0298271010096987
1.0320246693597763
1.0337244484143573
1.0328382493970976
1.0328382493970976
1.0328382493970976
1.0328382493970976
1.0328382493970976
1.0328382493970976
1.0328382493970976
1.0328382493970976
1.0328516767524252
1.0328516767524252
1.0328516767524252
1.0328516767524252
1.0328516767524252
1.0328516767524252
1.0328516767524252
1.0322526167481698
1.0333602131250799
1.0317459087857774
1.0317459087857774
1.0317459087857774
1.0317459087857774
1.0335289357441444
1.0335289357441444
1.0335289357441444
1.033671192185025
1.033671192185025
1.033671192185025
1.035377541366049
1.0348743087168213
1.0348743087168213
1.0348743087168213
1.0348743087168213
1.0320947548666362
1.0319610703808964
1.0319610703808964
1.03526300588449
1.03526300588449
1.03526300588449
1.0338560140403545
1.033765304642148
1.0343125298358162
1.032833558496963
1.032833558496963
1.032833558496963
1.0330006200315467
1.0330006200315467
1.0330006200315467
1.0330006200315467
1.0330006200315467
1.0330006200315467
1.0330006200315467
1.0330006200315467
1.0330006200315467
1.0330006200315467
1.0330006200315467
1.0330006200315467
1.0330006200315467
1.035002022472133
1.03360673895879
1.0311548821186935
1.0311548821186935
1.0311548821186935
1.0356711967368821
1.0356711967368821
1.0356711967368821
1.0356711967368821
1.0356711967368821
1.0356711967368821
1.0356711967368821
1.0364935901191412
1.0364935901191412
1.0366314995260166
1.0364039284832027
1.0364039284832027
1.0345585066839476
1.036206957777112
1.036206957777112
1.036206957777112
1.0351155542275772
1.033583536556215
1.036549494088716
1.033140407199148
1.0321026702048093
1.0321026702048093
1.029868597187877
1.0300770984466439
1.0300770984466439
1.0300770984466439
1.0305918177069988
1.029166760401199
1.0287488393842712
1.0279127328323208
1.0279127328323208
1.0289840708919926
1.0285909223422824
1.0285909223422824
1.0285909223422824
1.0306264762982429
1.0306264762982429
1.028202533496463
1.028202533496463
1.028202533496463
1.028202533496463
1.0329566597215736
1.0339847552035815
1.0324943733271799
1.0326816306662934
1.0326816306662934
1.0326816306662934
1.0287020275671002
1.0287020275671002
1.0289405056896934
1.0289405056896934
1.0289405056896934
1.028791741462873
1.027340579941775
1.027340579941775
1.027340579941775
1.027340579941775
1.027340579941775
1.0299053664169293
1.0299053664169293
1.0299053664169293
1.0299053664169293
1.032388050057348
1.032388050057348
1.031340223043263
1.031340223043263
1.031340223043263
1.031340223043263
1.031340223043263
1.031340223043263
1.032018541470204
1.0303056547384652
1.0303056547384652
1.0287439068998767
1.0285905483411055
1.0285905483411055
1.0285905483411055
1.0285905483411055
1.0285905483411055
1.0285905483411055
1.0285905483411055
1.0283272486765018
1.0283272486765018
1.0262560853045293
1.0262560853045293
1.0262560853045293
1.0262560853045293
1.0262560853045293
1.0265310187519137
1.0265310187519137
1.0267519158754406
1.0266744979077789
1.0270736505896652
1.0270736505896652
1.0270736505896652
1.0270736505896652
1.0270736505896652
1.0270736505896652
1.0270736505896652
1.0285210115708345
1.0285210115708345
1.0296753875031417
1.0296753875031417
1.0290060015079396
1.0286438008238712
1.027635874086916
1.0275775861652354
1.0275775861652354
1.0276707379679266
1.0255059043358874
1.0261104793497668
1.0261104793497668
1.0261104793497668
1.0278845328280832
1.0278845328280832
1.0278845328280832
1.0307203483318619
1.0307203483318619
1.029220393138282
1.029062459966692
1.0279368461550225
1.025923524334363
1.025923524334363
1.025923524334363
1.025923524334363
1.028559784433677
1.0319237943806436
1.0319237943806436
1.0319237943806436
1.0319237943806436
1.031273575502275
1.0307965027633894
1.0307965027633894
1.0264985757925404
1.0264985757925404
1.0264985757925404
1.0240679996265523
1.0239451947771183
1.0239451947771183
1.0239451947771183
1.0256624134938894
1.0256624134938894
1.0256792478619277
1.0256792478619277
1.0256792478619277
1.0256792478619277
1.025790435455092
1.0288981279659493
1.0296811241590802
1.0296811241590802
1.0283489643236343
1.0283489643236343
1.0273299678735885
1.0273299678735885
1.0273299678735885
1.0273299678735885
1.0249463177451128
1.025728208269811
1.025728208269811
1.0256225696961765
1.0274310127465085
1.0274310127465085
1.0257793265957629
1.0242972594053672
1.0242972594053672
1.0242972594053672
1.0242972594053672
1.0254130936988979
1.0254130936988979
1.025266268207253
1.025266268207253
1.025266268207253
1.0250788170818494
1.0250788170818494
1.0250788170818494
1.0242248841863784
1.0263580970641482
1.0263580970641482
1.0263580970641482
1.0263580970641482
1.0263580970641482
1.0263580970641482
1.0263580970641482
1.0263580970641482
1.0263580970641482
1.0263580970641482
1.0263580970641482
1.0282707627891283
1.0282707627891283
1.0305589549649914
1.0311935372452865
1.0311935372452865
1.0311935372452865
1.0311935372452865
1.029884195977336
1.029884195977336
1.029884195977336
1.0281264172174633
1.0291620949057523
1.0291620949057523
1.0272000443572467
1.0272000443572467
1.0272000443572467
1.0272000443572467
1.0282740453316737
1.0282265677731162
1.0282265677731162
1.0276683133645865
1.0276683133645865
1.0263300034508738
1.026956117779173
1.026956117779173
1.026956117779173
1.026956117779173
1.0265133202336287
1.0282584508032209
1.0282584508032209
1.0282584508032209
1.0282584508032209
1.0258265265692441
1.0258265265692441
1.0258265265692441
1.0258265265692441
1.0258265265692441
1.0251375173358384
1.0251375173358384
1.0251375173358384
1.0295530380301687
1.0295530380301687
1.0295530380301687
1.0295530380301687
1.0295530380301687
1.0295530380301687
1.0309595037939618
1.031825289244301
1.0303167730856944
1.0303167730856944
1.0303167730856944
1.0303167730856944
1.0299806736176043
1.0299806736176043
1.0285224391280479
1.0285224391280479
1.0285224391280479
1.0285224391280479
1.0285224391280479
1.0285224391280479
1.02986518615753
1.02986518615753
1.0297756314676012
1.0296468470886346
1.0296468470886346
1.0298475198474164
1.0298475198474164
1.0268457393056836
1.0268457393056836
1.0268457393056836
1.0268457393056836
1.0276079314042692
1.0276079314042692
1.0276079314042692
1.0276079314042692
1.0276079314042692
1.0276079314042692
1.0276079314042692
1.0276079314042692
1.0276079314042692
1.0276079314042692
1.0272916812512123
1.0272916812512123
1.0272916812512123
1.0252911795800779
1.0252911795800779
1.0256675371102935
1.0260141657963724
1.024060319295642
1.0232952235675756
1.0232952235675756
1.02513032778869
1.02513032778869
1.02513032778869
1.02513032778869
1.0229760868166908
1.0250970988745585
1.0241252637067064
1.0241252637067064
1.0216349212702445
1.0216349212702445
1.0211686126465924
1.0212837671904254
1.025255844614491
1.023920323088425
1.023920323088425
1.023920323088425
1.023920323088425
1.0239550389324361
1.0238594811245787
1.0238594811245787
1.0242530865157773
1.0254206317019625
1.0254206317019625
1.026856418829824
1.026856418829824
1.026856418829824
1.026856418829824
1.026856418829824
1.0269206278630523
1.0269206278630523
1.0269206278630523
1.0269206278630523
1.0269206278630523
1.0270254697989778
1.0270254697989778
1.0277245143043727
1.02819172250793
1.0283681868602499
1.0253317516238696
1.0273579544450662
1.0275502779648287
1.0275502779648287
1.0275502779648287
1.0275502779648287
1.0275502779648287
1.0262787309187198
1.0263843291050552
1.02682531627869
1.0256455301940242
1.0256455301940242
1.0256455301940242
1.0256708327719393
1.0256708327719393
1.0256708327719393
1.0294701206438923
1.0294701206438923
1.0266691569568587
1.0266691569568587
1.026801267222789
1.0258739699659654
1.0258739699659654
1.0258739699659654
1.0282712924319717
1.028664811436694
1.028664811436694
1.028664811436694
1.0288685708943288
1.0294241640766337
1.0294241640766337
1.0294241640766337
1.0294241640766337
1.0294241640766337
1.0294241640766337
1.0294241640766337
1.0297638887897558
1.0297638887897558
1.0297638887897558
1.0297638887897558
1.0297638887897558
1.0297638887897558
1.0308800313693014
1.0308800313693014
1.0320652343205308
1.0320652343205308
1.0320652343205308
1.0320652343205308
1.0320652343205308
1.0336318092818344
1.0336073180530938
1.0336073180530938
1.0345366892971377
1.0345494189020603
1.0345494189020603
1.0345494189020603
1.0345494189020603
1.0345494189020603
1.0345494189020603
1.0345494189020603
1.0345494189020603
1.0345494189020603
1.0345494189020603
1.0352473662426926
1.0352473662426926
1.0329048689764686
1.0329048689764686
1.0329048689764686
1.0329048689764686
1.0309167435585456
1.0309167435585456
1.0309167435585456
1.0309167435585456
1.0309167435585456
1.0316736124893215
1.0316736124893215
1.0316736124893215
1.0316736124893215
1.0316736124893215
1.031725859411833
1.0325425599990636
1.0325425599990636
1.0319734792956492
1.0319734792956492
1.0319734792956492
1.0345228303711005
1.0336029284918715
1.0319332797729215
1.0328631381966262
1.0328631381966262
1.0328631381966262
1.0347436333816191
1.0351944216567908
1.0351944216567908
1.0332164932785814
1.0332164932785814
1.0332164932785814
1.034316345846908
1.034316345846908
1.034316345846908
1.034316345846908
1.034316345846908
1.0328131957944788
1.0329847380418375
1.0327728879773945
1.032581034125989
1.032581034125989
1.032581034125989
1.032581034125989
1.032581034125989
1.032581034125989
1.0327137132426738
1.0327137132426738
1.0327137132426738
1.0327137132426738
1.0327137132426738
1.0285077463889694
1.0278632153952414
1.0278632153952414
1.0265237479526301
1.0265237479526301
1.0265237479526301
1.0265237479526301
1.0265237479526301
1.0265237479526301
1.0265237479526301
1.0265237479526301
1.0265237479526301
1.0265237479526301
1.0265237479526301
1.0265237479526301
1.0258849129002028
1.0258849129002028
1.0269065531480313
1.0279313027826087
1.0279313027826087
1.0289197961726402
1.0289197961726402
1.0289197961726402
1.0289197961726402
1.0289197961726402
1.0289197961726402
1.0289197961726402
1.0289197961726402
1.0289197961726402
1.0289197961726402
1.0289197961726402
1.0289197961726402
1.0289197961726402
1.0289197961726402
1.0280878822552315
1.0280878822552315
1.0280878822552315
1.0280878822552315
1.0280878822552315
1.0280878822552315
1.0280878822552315
1.0280878822552315
1.0280878822552315
1.0267538851792002
1.0267538851792002
1.0267538851792002
1.0267538851792002
1.0267538851792002
1.0260790348669124
1.0260790348669124
1.0294004805290946
1.032634842030802
1.0320528268157094
1.0320528268157094
1.031016455976284
1.0297427843060274
1.0297427843060274
1.0297427843060274
1.0262457322508405
1.0270667836139602
1.0270667836139602
1.0270667836139602
1.0270667836139602
1.0270667836139602
1.0270667836139602
1.0275350172973845
1.0275350172973845
1.028772126365331
1.0278877813282659
1.0278877813282659
1.0272749723424168
1.0272749723424168
1.027696625469588
1.027696625469588
1.027696625469588
1.027696625469588
1.027696625469588
1.027696625469588
1.027696625469588
1.027696625469588
1.0262256920990454
1.0281137166264445
1.0281137166264445
1.0290362168110827
1.0290362168110827
1.0287428115910413
1.0273204113166723
1.0277909424029341
1.0303907541771538
1.0303907541771538
1.0303907541771538
1.0312817429522816
1.0296251106696381
1.0296251106696381
1.0296251106696381
1.0268830155530295
1.0269881435627983
1.0269881435627983
1.0269881435627983
1.0247474598153723
1.0238651809506656
1.0238651809506656
1.0248156099129453
1.0248156099129453
1.0248156099129453
1.0248156099129453
1.0245263306671346
1.0245263306671346
1.0245263306671346
1.0245263306671346
1.0245263306671346
1.0231483553106087
1.0233481340536492
1.0233481340536492
1.0233481340536492
1.0233481340536492
1.0255471563935767
1.0255471563935767
1.0271023249565185
1.0295991698998308
1.0295991698998308
1.0295991698998308
1.0295991698998308
1.0295991698998308
1.0295991698998308
1.0293766700505833
1.0301374149333726
1.0301374149333726
1.0301374149333726
1.0301374149333726
1.0301374149333726
1.0305127022444007
1.0308911627595536
1.0308911627595536
1.0308911627595536
1.0316362647545199
1.0316362647545199
1.0316362647545199
1.0316362647545199
1.0316362647545199
1.028248731260158
1.028248731260158
1.028248731260158
1.028248731260158
1.028248731260158
1.028248731260158
1.0286624026137166
1.0286624026137166
1.0286624026137166
1.0286624026137166
1.0286624026137166
1.0286624026137166
1.0302052567562334
1.0298174684060226
1.028943280068246
1.028943280068246
1.028943280068246
1.027694572467992
1.027694572467992
1.027694572467992
1.027694572467992
1.027694572467992
1.027694572467992
1.027694572467992
1.027978681311002
1.027978681311002
1.027978681311002
1.027978681311002
1.027978681311002
1.027978681311002
1.027978681311002
1.027978681311002
1.027978681311002
1.027978681311002
1.0302521747502453
1.029359303057434
1.0306745790223573
1.0306745790223573
1.0306745790223573
1.0306745790223573
1.0306745790223573
1.0306745790223573
1.0322381646848575
1.0322381646848575
1.0322381646848575
1.0322381646848575
1.0348797648039645
1.0310358300996643
1.0310358300996643
1.027015846492691
1.027015846492691
1.027015846492691
1.027015846492691
1.0288255312587609
1.0284823561874021
1.0284823561874021
1.0283474775483132
1.0283474775483132
1.0283474775483132
1.0283474775483132
1.0277529466960165
1.0277529466960165
1.0277529466960165
1.0277529466960165
1.0277529466960165
1.0277529466960165
1.0291017417813337
1.0291017417813337
1.0294703740607083
1.0294703740607083
1.0295037009355437
1.0295037009355437
1.0309831561129696
1.0309831561129696
1.0309831561129696
1.0309831561129696
1.0309831561129696
1.0310208187226337
1.0294080412123146
1.0294080412123146
1.0302094923441538
1.0302094923441538
1.0295107928990894
1.0295107928990894
1.0295107928990894
1.0295107928990894
1.0276465037982927
1.0276465037982927
1.0276465037982927
1.026345451638467
1.026345451638467
1.026345451638467
1.0254999121975763
1.0254999121975763
1.0254999121975763
1.027666757417833
1.027666757417833
1.027069608760893
1.0288395215502957
1.0288395215502957
1.0288395215502957
1.0269967655708314
1.0275830899198448
1.0225232596233385
1.0225232596233385
1.0224734334884515
1.022512473920386
1.0241325813493074
1.0241325813493074
1.0241325813493074
1.0231680414122817
1.0231680414122817
1.0239618007563094
1.0239618007563094
1.0239618007563094
1.0239618007563094
1.0273855068363555
1.0273855068363555
1.0273855068363555
1.0262677044704482
1.0262677044704482
1.0262677044704482
1.027488587982315
1.0276322271575384
1.0276322271575384
1.0276322271575384
1.0281341767717251
1.0281341767717251
1.0292108306273862
1.0292108306273862
1.0305931368809658
1.0305931368809658
1.0305931368809658
1.0305962314907715
1.0309166840893773
1.0309166840893773
1.0309166840893773
1.0306978127128124
1.031279236037541
1.0338931378667333
1.0338931378667333
1.0327476688620392
1.0327476688620392
1.0327476688620392
1.0327476688620392
1.0327476688620392
1.031419066879726
1.031419066879726
1.031419066879726
1.0310620668861494
1.0310620668861494
1.0294300872235391
1.0294426827493137
1.0274500231752457
1.0274500231752457
1.0291364096120816
1.0291364096120816
1.0276917972847446
1.0276917972847446
1.0276917972847446
1.0276917972847446
1.0276917972847446
1.0276917972847446
1.0275616865503967
1.0264340195461128
1.0264340195461128
1.0264340195461128
1.0268793133151373
1.0268793133151373
1.0268793133151373
1.0288880194822116
1.0288880194822116
1.0293367979164587
1.0293367979164587
1.029803170419899
1.0323686479164962
1.0323686479164962
1.0323686479164962
1.0323686479164962
1.0323686479164962
1.0323686479164962
1.0323686479164962
1.0323686479164962
1.0323686479164962
1.0312617371579202
1.0318191585211998
1.0318191585211998
1.0318191585211998
1.0318191585211998
1.0318191585211998
1.032088941167457
1.0295698683346723
1.0295698683346723
1.0295023018120462
1.0289968738124502
1.0289968738124502
1.0289968738124502
1.0289968738124502
1.0273679882670834
1.0273679882670834
1.026666300016517
1.026666300016517
1.028459420578474
1.028459420578474
1.028459420578474
1.0280284000863047
1.0280284000863047
1.0280284000863047
1.0278847667350843
1.0280036862500828
1.0302205320280107
1.0308336122988317
1.0311210001022226
1.0325844782886184
1.0307750513698584
1.0307750513698584
1.0295517965994405
1.0295517965994405
1.0295517965994405
1.0295517965994405
1.0295517965994405
1.0295517965994405
1.0291320646463158
1.0291320646463158
1.0291320646463158
1.0291320646463158
1.0287427323141545
1.0287427323141545
1.0287427323141545
1.028023069356931
1.028023069356931
1.028023069356931
1.0281618736562714
1.0281618736562714
1.0281618736562714
1.0259955359831847
1.0259955359831847
1.0259955359831847
1.0259955359831847
1.0259955359831847
1.0259955359831847
1.0255049445176907
1.0255049445176907
1.0266543480942139
1.0264120998294866
1.0264120998294866
1.0264120998294866
1.0273064159353884
1.0273064159353884
1.027324316847638
1.0259163161021594
1.0249068458793744
1.0297482250052987
1.0302134663133244
1.0302134663133244
1.0302134663133244
1.028807481573165
1.028807481573165
1.028807481573165
1.028807481573165
1.028807481573165
1.0276327296792163
1.0237200809670342
1.0237083986558286
1.025432925141572
1.0255576569559182
1.0269200826053961
1.0276492363512042
1.031431861507931
1.0305180195235775
1.0318174826108562
1.0318174826108562
1.0318174826108562
1.0318174826108562
1.026380309338968
1.028395327073193
1.028395327073193
1.0298143371672384
1.0298143371672384
1.0274763526064101
1.029370354390133
1.029370354390133
1.028631863408559
1.028631863408559
1.031051478278799
1.0310545474733168
1.0310545474733168
1.0314373093542595
1.0314373093542595
1.0291452325389585
1.0291452325389585
1.0301783076417017
1.0301783076417017
1.0276511452676802
1.0276511452676802
1.0276511452676802
1.0269713330302719
1.0293892527304103
1.0286869435672363
1.0286869435672363
1.0286869435672363
1.0298395242872778
1.0298395242872778
1.0300396053125174
1.0300396053125174
1.0300396053125174
1.0300396053125174
1.0277739684943705
1.0277739684943705
1.0277739684943705
1.0276166166089726
1.0276166166089726
1.0276166166089726
1.0276166166089726
1.0276166166089726
1.0276166166089726
1.0270380035654663
1.029985342640947
1.029985342640947
1.029985342640947
1.029985342640947
1.029985342640947
1.0284830267358658
1.027323011812248
1.0283318705448716
1.0276323335865947
1.0276323335865947
1.0283259359216304
1.0283259359216304
1.027441986493349
1.027441986493349
1.027441986493349
1.027441986493349
1.027986556560742
1.027986556560742
1.0274017862984262
1.0274017862984262
1.0274017862984262
1.0274017862984262
1.0274017862984262
1.0274017862984262
1.0270882899281488
1.0282960884865906
1.0274307871182236
1.0274307871182236
1.0274307871182236
1.0274307871182236
1.0274307871182236
1.0274307871182236
1.0274307871182236
1.0274307871182236
1.0274307871182236
1.028099132980568
1.028099132980568
1.028099132980568
1.027821430861693
1.0265365145961631
1.0265365145961631
1.025954423521068
1.025954423521068
1.0258818723499015
1.0258818723499015
1.0258818723499015
1.025150806650761
1.0251007989729168
1.0251007989729168
1.0273271752935367
1.0272170070291993
1.0272170070291993
1.0267823245524048
1.0265311988073345
1.0284704676762186
1.0299957752270488
1.0299957752270488
1.0279998932179113
1.0279998932179113
1.0279998932179113
1.0291477346195035
1.0291477346195035
1.027901787346175
1.027901787346175
1.0286648801154759
1.0286648801154759
1.029463986741491
1.029463986741491
1.0304286021239717
1.028705556371606
1.028705556371606
1.028705556371606
1.0325410813668918
1.0325410813668918
1.0313388233243101
1.0317313584403371
1.0328990888126712
1.0328990888126712
1.0309860691350605
1.031444722511698
1.0292209234580896
1.0292209234580896
1.0292209234580896
1.028009064298219
1.028009064298219
1.028009064298219
1.0249170262353169
1.0249170262353169
1.0250271515445382
1.0250271515445382
1.0250271515445382
1.0277647670301777
1.026934416330242
1.026934416330242
1.026934416330242
1.0252010677801726
1.0252010677801726
1.0252010677801726
1.0265946031705566
1.0265946031705566
1.0265946031705566
1.0265946031705566
1.0263740281809737
1.0263740281809737
1.0264785976610376
1.0264785976610376
1.0263363807071337
1.0263363807071337
1.0279790209951687
1.0279790209951687
1.0279790209951687
1.0291875799167414
1.0291875799167414
1.0291875799167414
1.0291875799167414
1.0291875799167414
1.0300906221084978
1.0300261796835393
1.0300261796835393
1.0289724672983382
1.0289724672983382
1.0281758311042581
1.0282910877923108
1.027247934924784
1.027247934924784
1.0315662246681863
1.0315662246681863
1.0315662246681863
1.031605629614482
1.031787406322941
1.0299557522116052
1.030101133461748
1.030101133461748
1.030101133461748
1.030354404064157
1.030354404064157
1.030354404064157
1.030354404064157
1.029909691245438
1.029909691245438
1.029909691245438
1.029909691245438
1.029909691245438
1.029909691245438
1.029909691245438
1.029909691245438
1.029909691245438
1.0304237562360659
1.0304237562360659
1.0304237562360659
1.0304237562360659
1.0304237562360659
1.0304237562360659
1.0304237562360659
1.0304237562360659
1.0304237562360659
1.0304237562360659
1.0304237562360659
1.0304237562360659
1.0304237562360659
1.0304237562360659
1.0304237562360659
1.0304237562360659
1.0281324183676515
1.0254998593731686
1.0260981087949144
1.025810266685771
1.024948806293172
1.024948806293172
1.024828208040493
1.025563358547199
1.0267194748581636
1.0267194748581636
1.0267194748581636
1.0267194748581636
1.0267194748581636
1.0267194748581636
1.0267194748581636
1.0267194748581636
1.0261895025297052
1.0261895025297052
1.0254107722006547
1.0270005891376304
1.0270005891376304
1.0270005891376304
1.0276027246143649
1.0259924395610256
1.0268163444848541
1.0272266123227978
1.0272266123227978
1.0272266123227978
1.0272266123227978
1.0284392012016979
1.0284392012016979
1.0284392012016979
1.0284392012016979
1.0284392012016979
1.0284392012016979
1.0284392012016979
1.0276590448663203
1.0276590448663203
1.0276590448663203
1.0274035149016136
1.0267515023916525
1.0267515023916525
1.0267515023916525
1.0267515023916525
1.0264691073626593
1.0264691073626593
1.0264691073626593
1.0264691073626593
1.0264691073626593
1.0264691073626593
1.027074639120649
1.028859008326611
1.028859008326611
1.028211624652677
1.028211624652677
1.028211624652677
1.028211624652677
1.028211624652677
1.028211624652677
1.028211624652677
1.028211624652677
1.0285021768312674
1.0285021768312674
1.029019223278676
1.029019223278676
1.029019223278676
1.0291701047621489
1.0312697369316348
1.0291093573966683
1.0294096333769855
1.0294096333769855
1.0294096333769855
1.0278465381182116
1.0278465381182116
1.0274350623216009
1.0274350623216009
1.0301277985721624
1.0323705612924758
1.0359947812095105
1.0359947812095105
1.0333067081860259
1.0339847397544162
1.0339847397544162
1.0339847397544162
1.0339847397544162
1.0339847397544162
1.0329032089240575
1.0329032089240575
1.0312509331848683
1.0300423230099076
1.0300423230099076
1.0323508345844317
1.0323508345844317
1.0323508345844317
1.0323508345844317
1.0323508345844317
1.0341252895544488
1.034013488354867
1.031514066836423
1.031514066836423
1.035550063570188
1.035550063570188
1.0329305964647881
1.0329305964647881
1.0351867199529565
1.0351867199529565
1.0351867199529565
1.0351867199529565
1.0351867199529565
1.035534969841981
1.0345683885758377
1.0345683885758377
1.0345683885758377
1.0336392971800856
1.0336392971800856
1.0336392971800856
1.0336392971800856
1.0341612420362674
1.033692319266462
1.033692319266462
1.0332650519850577
1.0332650519850577
1.0332650519850577
1.0332650519850577
1.0332650519850577
1.0371611893707167
1.0362020429886816
1.0362020429886816
1.0362020429886816
1.0366115952024104
1.0348913689030572
1.0312405721577342
1.032261823699762
1.032261823699762
1.032261823699762
1.031188569845922
1.0315716408326923
1.0342717435264557
1.0342717435264557
1.0342717435264557
1.0353140774854297
1.0328090412253597
1.0328090412253597
1.0337695650565453
1.0337695650565453
1.0343340987755438
1.0343340987755438
1.0343340987755438
1.0343340987755438
1.0343340987755438
1.0343340987755438
1.0343340987755438
1.0346464899216112
1.0346464899216112
1.0321311615837034
1.0321311615837034
1.0321311615837034
1.0321311615837034
1.0321311615837034
1.0321311615837034
1.0310243584786785
1.0278420290968773
1.0278420290968773
1.0286348619749006
1.0286348619749006
1.0286348619749006
1.0273626623453638
1.029413505260341
1.0299296842445989
1.0299296842445989
1.0299296842445989
1.0306746477093793
1.0310758711666446
1.0310758711666446
1.0310758711666446
1.0310758711666446
1.0302005929406832
1.0309681661522228
1.0289761484580227
1.0298814667910887
1.031033035847013
1.031033035847013
1.0305631805459181
1.0305631805459181
1.0305631805459181
1.0305631805459181
1.026443425192668
1.0260575402103314
1.0270927414702824
1.0276760579465616
1.0276760579465616
1.0276760579465616
1.0276760579465616
1.0276760579465616
1.027526875150821
1.027526875150821
1.027526875150821
1.026117198592809
1.026117198592809
1.0252650751072387
1.0252650751072387
1.0252650751072387
1.0252650751072387
1.0252650751072387
1.0253252308901983
1.0253252308901983
1.0264658591347176
1.0264658591347176
1.0264658591347176
1.0264658591347176
1.0264658591347176
1.0264658591347176
1.0264658591347176
1.0282731361891435
1.0282731361891435
1.0282731361891435
1.0282731361891435
1.0282731361891435
1.0282731361891435
1.0282731361891435
1.0289045340455205
1.0289045340455205
1.0305073743465105
1.0305073743465105
1.0305073743465105
1.0305073743465105
1.0305073743465105
1.0305073743465105
1.0305073743465105
1.0305073743465105
1.0305073743465105
1.0305073743465105
1.0286165171387456
1.0286165171387456
1.0286165171387456
1.0286165171387456
1.0286165171387456
1.0278761034291615
1.0278761034291615
1.0278761034291615
1.028761763528399
1.028761763528399
1.028761763528399
1.028761763528399
1.028761763528399
1.028761763528399
1.028761763528399
1.028761763528399
1.028761763528399
1.0296106355127095
1.0296106355127095
1.0296106355127095
1.0311445465742348
1.0308529661866537
1.0308529661866537
1.0308529661866537
1.0308529661866537
1.0308529661866537
1.0308529661866537
1.028761760443776
1.028761760443776
1.0301356212845927
1.0301356212845927
1.0301356212845927
1.0312294145259617
1.0312294145259617
1.0312294145259617
1.0312294145259617
1.0312294145259617
1.0268931994326405
1.0268931994326405
1.0301254754207319
1.029797197113239
1.029797197113239
1.029797197113239
1.029797197113239
1.0274630238026006
1.0260976429435922
1.0260976429435922
1.0260976429435922
1.0260976429435922
1.0260976429435922
1.0260976429435922
1.0260976429435922
1.0256150762727143
1.0256150762727143
1.0258798458300582
1.0271294217413183
1.0274674046366807
1.0272010654127604
1.0272010654127604
1.0259945967330528
1.0285517435401308
1.0285517435401308
1.0285517435401308
1.0285517435401308
1.0291436345620475
1.0291436345620475
1.0291436345620475
1.0291436345620475
1.0291436345620475
1.0291436345620475
1.0291436345620475
1.0291436345620475
1.0306994234820368
1.0306994234820368
1.0306994234820368
1.030042408939639
1.030042408939639
1.030042408939639
1.030042408939639
1.02997179807244
1.02997179807244
1.02997179807244
1.02997179807244
1.02997179807244
1.0293915008495003
1.0327624616131554
1.0327624616131554
1.033893803362708
1.0332841617377357
1.0339878807961258
1.0337082556400832
1.0337082556400832
1.034079216159331
1.034079216159331
1.034079216159331
1.034079216159331
1.034079216159331
1.034079216159331
1.0315381886302413
1.0315381886302413
1.0315381886302413
1.0296482584978228
1.0296482584978228
1.0296482584978228
1.0296482584978228
1.0296482584978228
1.0296482584978228
1.0296482584978228
1.0296482584978228
1.0296482584978228
1.0297685292187315
1.030612569682833
1.0298944377064314
1.0298944377064314
1.0298944377064314
1.0298944377064314
1.029794366309271
1.029794366309271
1.029794366309271
1.029794366309271
1.0298396871755888
1.029748318389844
1.028092049480757
1.028092049480757
1.028092049480757
1.0280440990203428
1.0271364885306493
1.0271364885306493
1.0264490803082342
1.0292479334319669
1.0290360437835837
1.028942725588947
1.028942725588947
1.028942725588947
1.0269812851821989
1.0269812851821989
1.0269812851821989
1.0269812851821989
1.025301252760849
1.025301252760849
1.0270509983362086
1.0267653482742978
1.0267653482742978
1.0267653482742978
1.0267653482742978
1.0259144864691954
1.0245827588125167
1.023261882363056
1.0220205041436103
1.0219919147493501
1.0219919147493501
1.0219919147493501
1.0219919147493501
1.0219919147493501
1.0219919147493501
1.0219919147493501
1.022317665095346
1.022317665095346
1.022317665095346
1.0230124512636987
1.0204090469131493
1.0201833663929394
1.0201833663929394
1.0224285111141656
1.0224285111141656
1.0244424015014415
1.0244424015014415
1.0248439777703273
1.0248439777703273
1.0248439777703273
1.0225945903769937
1.0225945903769937
1.0225945903769937
1.0225945903769937
1.0225945903769937
1.0225945903769937
1.0225945903769937
1.0225945903769937
1.0244681645573916
1.0240339405886538
1.0240339405886538
1.0255837906480116
1.0255837906480116
1.0255837906480116
1.025506885750097
1.024422937560916
1.0235772875780245
1.0235772875780245
1.0235772875780245
1.0235772875780245
1.0235772875780245
1.0235772875780245
1.0235772875780245
1.0235772875780245
1.0216773386708833
1.0216773386708833
1.019806249585575
1.019806249585575
1.0177122245409278
1.0209542375863712
1.0195357804505794
1.0207680591831398
1.02247010564069
1.02247010564069
1.0227041331623823
1.0227041331623823
1.0236545182823
1.0259400410086126
1.0271141163760873
1.0234870918095273
1.0234870918095273
1.0234870918095273
1.0234870918095273
1.0235242204131374
1.0235242204131374
1.0241640668648624
1.0236428148316776
1.0234700909498402
1.0234700909498402
1.0234700909498402
1.0234700909498402
1.0231472126192473
1.0231472126192473
1.0231472126192473
1.0241642282138996
1.0247965149619236
1.0247965149619236
1.0225800753946404
1.0233949599377095
1.022119797252553
1.0224411429675284
1.021747402928947
1.0245241084083279
1.0245241084083279
1.0245241084083279
1.0247791649646047
1.024057903607634
1.0254817930355065
1.0254817930355065
1.0254817930355065
1.0254817930355065
1.0254817930355065
1.024227972767588
1.0269134075456112
1.0262684505491466
1.0274264820907504
1.0250727608595789
1.0250727608595789
1.025038636785636
1.024938534842964
1.02596378339922
1.0257953826493076
1.0257953826493076
1.028088203275992
1.028088203275992
1.028088203275992
1.028088203275992
1.028088203275992
1.028088203275992
1.028088203275992
1.028088203275992
1.028088203275992
1.0251942206244338
1.0279674041048132
1.0279674041048132
1.0279674041048132
1.0279674041048132
1.0279674041048132
1.027609086212357
1.027046523197079
1.0268381007988487
1.0268381007988487
1.0268381007988487
1.027372714465349
1.0259265669978463
1.0259265669978463
1.0258938055878957
1.0258938055878957
1.0258938055878957
1.0267309028337215
1.0267309028337215
1.026628544052054
1.026628544052054
1.026628544052054
1.026628544052054
1.026628544052054
1.026628544052054
1.0294817443525295
1.0294817443525295
1.0290212391799052
1.0290212391799052
1.0279453197088262
1.0279453197088262
1.0279453197088262
1.0279453197088262
1.0279453197088262
1.027115888006879
1.0286419290162232
1.0286419290162232
1.0272234958550104
1.0272234958550104
1.0272234958550104
1.0272234958550104
1.0254746695503743
1.0254746695503743
1.0263926261741003
1.0263926261741003
1.0263926261741003
1.0293801296397915
1.0279594167587234
1.0279594167587234
1.025329616501551
1.025329616501551
1.025329616501551
1.025329616501551
1.0246129135794588
1.0246129135794588
1.0246129135794588
1.0252290600014977
1.0243131624500705
1.0221829242548217
1.0221829242548217
1.0224629117764978
1.0220701575407791
1.0219314186512731
1.0219314186512731
1.025242264639679
1.025242264639679
1.025242264639679
1.025242264639679
1.025242264639679
1.025242264639679
1.0259024040489628
1.0259024040489628
1.0282401054553383
1.0282401054553383
1.0264815122232047
1.0261761004541938
1.0261761004541938
1.0266072360102332
1.0266072360102332
1.0251517558807879
1.0251517558807879
1.0251517558807879
1.0253324692363865
1.0253324692363865
1.0253324692363865
1.024235997566896
1.024235997566896
1.024235997566896
1.0257112961388495
1.02625650422076
1.0284109146909148
1.0284109146909148
1.0284109146909148
1.0280720863715176
1.0280720863715176
1.0280720863715176
1.0280720863715176
1.0280720863715176
1.0284721465352413
1.0284721465352413
1.0284721465352413
1.0275305712016924
1.0278314763322978
1.026984450239353
1.026984450239353
1.026984450239353
1.0269354994150712
1.027507419893828
1.027507419893828
1.0288051693921965
1.0288051693921965
1.0288051693921965
1.0288051693921965
1.0288051693921965
1.0288051693921965
1.0288051693921965
1.0288051693921965
1.0288051693921965
1.0288997168361294
1.0288997168361294
1.0259600424372248
1.0281876105816554
1.0281876105816554
1.030017738178141
1.0293668450428552
1.0293668450428552
1.0251167565404429
1.0251167565404429
1.0251167565404429
1.0251533578561953
1.028604957938707
1.028604957938707
1.028604957938707
1.028604957938707
1.028604957938707
1.0282750923809683
1.027766353079891
1.0279735861533876
1.0279735861533876
1.0279735861533876
1.0279735861533876
1.0274715736895288
1.0257739266493486
1.0258180706614808
1.0258180706614808
1.0271271293855977
1.0271271293855977
1.0271271293855977
1.0271271293855977
1.025627162405472
1.025627162405472
1.0264409061704995
1.028413806270433
1.028494799885647
1.028494799885647
1.028494799885647
1.028494799885647
1.0292209253984288
1.0292209253984288
1.0289850471702882
1.0289850471702882
1.0289850471702882
1.0289850471702882
1.0289850471702882
1.0272920193876296
1.0267289177369732
1.0267289177369732
1.0267289177369732
1.0267289177369732
1.0267289177369732
1.0267289177369732
1.0267289177369732
1.0267289177369732
1.0261275859462033
1.0261275859462033
1.0261275859462033
1.0250611560633038
1.0250611560633038
1.0250611560633038
1.0254257076590465
1.0254257076590465
1.027032195807832
1.0269356641726852
1.0269356641726852
1.0269356641726852
1.0269356641726852
1.029255363196001
1.0285734291673179
1.0285734291673179
1.0263264504810412
1.0268756484250008
1.0262792446943316
1.0262792446943316
1.025198282546749
1.025198282546749
1.027780132842096
1.0274818401823136
1.028098808213652
1.0285242959214298
1.0285242959214298
1.0285242959214298
1.0272579391536327
1.0295885917387464
1.0281004272100094
1.024455816768348
1.024455816768348
1.024455816768348
1.024455816768348
1.024455816768348
1.024455816768348
1.024455816768348
1.024455816768348
1.024455816768348
1.024455816768348
1.0253626215225893
1.0253626215225893
1.0253626215225893
1.0265574349386186
1.0265574349386186
1.0265574349386186
1.0265574349386186
1.0265574349386186
1.0265574349386186
1.0261277389706516
1.0261277389706516
1.0271650066386218
1.0271650066386218
1.0271650066386218
1.0278581624854897
1.0278581624854897
1.0261737350986533
1.0261737350986533
1.0257818465150708
1.0257818465150708
1.0257818465150708
1.0257818465150708
1.0231055195306276
1.025368123141183
1.0257446758833766
1.0275259967228918
1.0275259967228918
1.0282593820846342
1.0270844223260873
1.0270844223260873
1.0270844223260873
1.0270844223260873
1.0256380571693788
1.0259231800734323
1.0259231800734323
1.0259231800734323
1.0259231800734323
1.0259231800734323
1.0254894196523092
1.0254894196523092
1.0254894196523092
1.025859855207228
1.025859855207228
1.025859855207228
1.025859855207228
1.0258992892271954
1.0250908112650154
1.0250908112650154
1.0250908112650154
1.0272116725305143
1.0267592156865706
1.0254920753240224
1.0254920753240224
1.0255508762363146
1.0255508762363146
1.0255508762363146
1.0277205713101092
1.0277205713101092
1.0277205713101092
1.0277205713101092
1.0277205713101092
1.0256273805487797
1.0256273805487797
1.0256273805487797
1.0256273805487797
1.0256273805487797
1.0256273805487797
1.0256273805487797
1.0256273805487797
1.0256273805487797
1.0256273805487797
1.0256273805487797
1.0247526260286839
1.0229888308650126
1.0229888308650126
1.0229888308650126
1.02343456020443
1.024340340256843
1.0232766537021611
1.0232766537021611
1.0235831403559266
1.0235831403559266
1.0235831403559266
1.0236245770585441
1.0236245770585441
1.0236245770585441
1.0248035877838952
1.0261666410814239
1.0261666410814239
1.0261666410814239
1.0261666410814239
1.0256580114492795
1.0256580114492795
1.0261178233429318
1.0261178233429318
1.0261178233429318
1.0261178233429318
1.0261178233429318
1.0261178233429318
1.02461408082203
1.02461408082203
1.0245653910478287
1.0245653910478287
1.0245653910478287
1.0223638196173286
1.0246237138619907
1.0246237138619907
1.0293381621962965
1.0277535100259343
1.0277535100259343
1.0277535100259343
1.0277535100259343
1.0277535100259343
1.0277535100259343
1.0293418613270675
1.031053541553489
1.031053541553489
1.0324322055561737
1.0287738498204422
1.0287738498204422
1.0287738498204422
1.0279106098133175
1.0287262133502484
1.0287262133502484
1.0281634732968297
1.0292149731548708
1.0292149731548708
1.0292149731548708
1.0292149731548708
1.0292149731548708
1.0292918392713375
1.0292918392713375
1.0292918392713375
1.0292918392713375
1.0295980046868338
1.0295980046868338
1.0295980046868338
1.0295980046868338
1.0300885866095826
1.0300885866095826
1.0300885866095826
1.0301941012049523
1.0299366663422898
1.0314002619308313
1.0312574130976182
1.0312574130976182
1.0339198582084383
1.0339198582084383
1.0322599115496311
1.0322599115496311
1.0322599115496311
1.0322599115496311
1.0322599115496311
1.030878028343112
1.0335699553936737
1.0335699553936737
1.0335699553936737
1.0335699553936737
1.0335699553936737
1.0333262061652733
1.0333262061652733
1.0333262061652733
1.0333262061652733
1.0322568043556322
1.034071984250195
1.0345243449021544
1.0322022728359987
1.0322022728359987
1.0322022728359987
1.0285094610252028
1.028769849447336
1.028769849447336
1.028769849447336
1.028769849447336
1.028769849447336
1.0293123705194243
1.0291422140041886
1.0291422140041886
1.0291422140041886
1.0291422140041886
1.0291422140041886
1.0291422140041886
1.0291422140041886
1.0291422140041886
1.0291422140041886
1.0291422140041886
1.0291422140041886
1.0291422140041886
1.0291422140041886
1.0291422140041886
1.028295908554722
1.028295908554722
1.0283676385415987
1.0283676385415987
1.0283676385415987
1.0272561597218002
1.028267057016643
1.0276517022544631
1.0248453470499697
1.0248453470499697
1.0237323793012554
1.0237323793012554
1.0243053302325806
1.0243053302325806
1.0256426181376448
1.0256426181376448
1.0256426181376448
1.0256426181376448
1.0259604701811662
1.0258437377261513
1.0258437377261513
1.0258437377261513
1.027103529993618
1.027103529993618
1.027103529993618
1.027103529993618
1.0286671776983487
1.025446483028346
1.025446483028346
1.025446483028346
1.0262089596437953
1.0262089596437953
1.0262089596437953
1.0262089596437953
1.0262089596437953
1.0262089596437953
1.0262089596437953
1.0262089596437953
1.024093537895702
1.024093537895702
1.0244904203180476
1.0244904203180476
1.029490293891522
1.0285877675054236
1.0285877675054236
1.0296671446016918
1.0288140816722602
1.0288140816722602
1.0286213840663618
1.0286213840663618
1.028849717343451
1.0296796364232341
1.0296796364232341
1.0296093550910834
1.0296093550910834
1.0290384162762156
1.0286305466529047
1.0286305466529047
1.0300814150672242
1.029102842274019
1.029102842274019
1.0282988365885284
1.0282988365885284
1.0282988365885284
1.0282988365885284
1.027988085394052
1.026731188922916
1.026731188922916
1.0268905718395793
1.0277272839557015
1.0277272839557015
1.0277272839557015
1.0277272839557015
1.0258772996153462
1.0268067383191437
1.0268067383191437
1.0299336554520269
1.0299336554520269
1.0300636115408361
1.0313166309592483
1.0313166309592483
1.0313166309592483
1.0327374912206295
1.031777363681567
1.031777363681567
1.031777363681567
1.031777363681567
1.0333353007635624
1.0333353007635624
1.0333353007635624
1.0333353007635624
1.0333353007635624
1.0333353007635624
1.0333353007635624
1.0320973052205207
1.0320973052205207
1.0320973052205207
1.0321538894694797
1.0331521822555065
1.0349240863778062
1.0357997365247993
1.0357997365247993
1.0358118664910774
1.0358118664910774
1.0363932747235307
1.0355836990775444
1.0355836990775444
1.0355836990775444
1.0355008342091743
1.0355008342091743
1.0355008342091743
1.0355008342091743
1.03445401058449
1.03445401058449
1.03445401058449
1.0312348758987777
1.0312348758987777
1.0312348758987777
1.0312348758987777
1.0328173715689752
1.0328173715689752
1.0328173715689752
1.0346396728651648
1.0346688902677095
1.0346688902677095
1.0346688902677095
1.033451192902202
1.033451192902202
1.033451192902202
1.033451192902202
1.033451192902202
1.0343830830011116
1.0343830830011116
1.0331822737079048
1.0331822737079048
1.0326880740310334
1.0312092415778258
1.0319806537219374
1.031227751562985
1.031227751562985
1.0314309818951457
1.032013773940794
1.032013773940794
1.032013773940794
1.032013773940794
1.032013773940794
1.0307319220531304
1.0277194841269406
1.0277194841269406
1.0277194841269406
1.0302444700545654
1.0302444700545654
1.0302444700545654
1.0319520601111607
1.030500804565367
1.031563996226918
1.0322863112333323
1.0322863112333323
1.0322863112333323
1.0322863112333323
1.0337016898508868
1.0337016898508868
1.0337016898508868
1.0335144778262635
1.0335144778262635
1.034118201664287
1.0366867346168307
1.0366867346168307
1.0366867346168307
1.0366867346168307
1.033209954173304
1.033209954173304
1.0310243528145238
1.0310243528145238
1.0310243528145238
1.031828927111143
1.0310245980230175
1.0292780106285162
1.0292780106285162
1.0292780106285162
1.0295160543743944
1.0296531844700607
1.0267489536455947
1.0267489536455947
1.0258194117677562
1.0258194117677562
1.0255358628506157
1.0255358628506157
1.0248461855107127
1.0249946404090273
1.0267193288466563
1.026445509731011
1.026445509731011
1.026242083652712
1.026242083652712
1.025495241228956
1.024704641137073
1.0233985875273945
1.0233985875273945
1.0233985875273945
1.0233985875273945
1.0233985875273945
1.0233985875273945
1.025606354372767
1.0234841820308804
1.0234841820308804
1.0253548860124464
1.0245338846082763
1.0245338846082763
1.0245338846082763
1.025772077029806
1.024275773013898
1.024275773013898
1.024275773013898
1.0249577825652443
1.0266916963186101
1.0266916963186101
1.0261705156735403
1.0261705156735403
1.0261705156735403
1.0265870339406487
1.0275727321113677
1.0275727321113677
1.0275727321113677
1.0275920893220198
1.0272289232693723
1.0271175823192458
1.0271175823192458
1.0271175823192458
1.0271175823192458
1.0271175823192458
1.0271175823192458
1.0285015003010831
1.0285015003010831
1.030975605987601
1.030975605987601
1.030975605987601
1.030975605987601
1.030975605987601
1.030975605987601
1.0319651123026137
1.0319651123026137
1.0319651123026137
1.0319651123026137
1.035099286534784
1.035099286534784
1.035099286534784
1.0326759280686362
1.0341799565052991
1.0316714952294879
1.0321570245949878
1.0321570245949878
1.0334331723913381
1.0334331723913381
1.0334331723913381
1.0328237418821737
1.0328237418821737
1.0326150648310017
1.0305132966352772
1.0305132966352772
1.0305132966352772
1.0305132966352772
1.0305132966352772
1.0299215089537317
1.0285314782619224
1.0302654493779662
1.0302654493779662
1.0302654493779662
1.0293632253988734
1.0293632253988734
1.0293632253988734
1.027410036457864
1.027410036457864
1.027410036457864
1.027410036457864
1.027410036457864
1.0284989869872798
1.0284989869872798
1.0286809099184928
1.0286809099184928
1.0277051735548965
1.0295841052830452
1.0301276230569905
1.0301276230569905
1.0301276230569905
1.028587302169523
1.028587302169523
1.028587302169523
1.028587302169523
1.028587302169523
1.028587302169523
1.028587302169523
1.028587302169523
1.0254156845069413
1.0255343935486783
1.0255343935486783
1.0255343935486783
1.0256494144442627
1.0256494144442627
1.0256494144442627
1.0277615307214594
1.027889119404866
1.0286385352520382
1.0286385352520382
1.0286385352520382
1.0286385352520382
1.0277237307149938
1.0277237307149938
1.0277237307149938
1.0277237307149938
1.0277237307149938
1.0286684048452575
1.0286684048452575
1.0286684048452575
1.0286684048452575
1.0286684048452575
1.0290929085730087
1.0290929085730087
1.0290929085730087
1.0290929085730087
1.0285781624818484
1.0285781624818484
1.0285781624818484
1.0285781624818484
1.0285781624818484
1.0292570834466128
1.0284638617437583
1.0299559058309664
1.0299559058309664
1.0299559058309664
1.0299784863045094
1.0324181667987498
1.03068928909075
1.030844265066996
1.028032486785873
1.028032486785873
1.028032486785873
1.0307992168878872
1.0307992168878872
1.0307992168878872
1.0307992168878872
1.0283427664042855
1.0283427664042855
1.0308309339028288
1.0308309339028288
1.0308309339028288
1.0333974853729497
1.0333974853729497
1.0333974853729497
1.0318901551120594
1.0318901551120594
1.0316913328329957
1.0316913328329957
1.0296643222286954
1.0296643222286954
1.0296643222286954
1.026856701152816
1.0256748890266194
1.0272429003731072
1.0272429003731072
1.0272429003731072
1.0247922319685834
1.0268298770504554
1.0268298770504554
1.0268298770504554
1.024036533618215
1.024036533618215
1.0224914052255476
1.0224914052255476
1.0224914052255476
1.0224914052255476
1.0242322429452861
1.0242322429452861
1.0253479105921275
1.0253479105921275
1.0253479105921275
1.0242975922726962
1.0242975922726962
1.0239219240092687
1.0239219240092687
1.0239219240092687
1.0215406241082425
1.0215406241082425
1.0215406241082425
1.0252627633889908
1.0252627633889908
1.0252627633889908
1.0252627633889908
1.0252627633889908
1.0252627633889908
1.0252627633889908
1.0252627633889908
1.0252627633889908
1.0274871563040489
1.0274871563040489
1.0274871563040489
1.026756764088633
1.026756764088633
1.026756764088633
1.026756764088633
1.026756764088633
1.0277589257203774
1.0268794153417196
1.0268794153417196
1.0268794153417196
1.0272807349586994
1.0272807349586994
1.0272807349586994
1.0272807349586994
1.0296727598731552
1.0296727598731552
1.0296727598731552
1.0296727598731552
1.0296727598731552
1.0278558188545648
1.0278558188545648
1.0286242024614511
1.0295394381759784
1.0295394381759784
1.0295394381759784
1.0271616636418406
1.0271616636418406
1.0243476843249293
1.0243476843249293
1.0254657993352452
1.0254657993352452
1.0254657993352452
1.0269312830171473
1.0269312830171473
1.0269312830171473
1.0269312830171473
1.0280387831183353
1.0280387831183353
1.0280387831183353
1.0280387831183353
1.0280387831183353
1.0280387831183353
1.0280387831183353
1.0280387831183353
1.0266401065198623
1.0266401065198623
1.0263058028214793
1.0263058028214793
1.0263058028214793
1.0263058028214793
1.0263058028214793
1.0263058028214793
1.0263058028214793
1.0254573892999082
1.0254573892999082
1.0236433462692902
1.0262378626918578
1.0231608120459539
1.0261434208889353
1.0261434208889353
1.0278354696314482
1.0278354696314482
1.0305462221830552
1.0305462221830552
1.0305462221830552
1.0299839620809372
1.031007789643448
1.031007789643448
1.0316634037623384
1.031491891013775
1.031491891013775
1.0325308385919454
1.0327788808939433
1.0327788808939433
1.0312493630946973
1.0315704709185056
1.0316557143709941
1.0317579858100334
1.0315094619334106
1.0315094619334106
1.0315094619334106
1.0314611573351398
1.0303761645508112
1.0303761645508112
1.0303761645508112
1.0303761645508112
1.0274617607932943
1.0274617607932943
1.0285529701440264
1.0285529701440264
1.0285529701440264
1.0285529701440264
1.0279435182620187
1.0279435182620187
1.0279435182620187
1.0279435182620187
1.0279435182620187
1.0279435182620187
1.0279435182620187
1.0291373345429535
1.0291373345429535
1.0295262735952322
1.0295262735952322
1.0273912179208977
1.0269447295218685
1.0269447295218685
1.0269447295218685
1.0259106505320545
1.0259106505320545
1.0259106505320545
1.0259106505320545
1.0259106505320545
1.0259106505320545
1.0259106505320545
1.025024647073328
1.025024647073328
1.025024647073328
1.025024647073328
1.025024647073328
1.0241497025428863
1.0241284410895248
1.0272542732495238
1.0267357464779319
1.0267357464779319
1.0267357464779319
1.0291457186428725
1.0291457186428725
1.0291457186428725
1.0291457186428725
1.0287013927929674
1.0287013927929674
1.0287013927929674
1.0287013927929674
1.0287013927929674
1.0287013927929674
1.0287013927929674
1.0287013927929674
1.0287013927929674
1.0287013927929674
1.0280323374478753
1.025962803527252
1.025962803527252
1.0262991608436898
1.0262991608436898
1.0270685763136889
1.0262356661141439
1.0262356661141439
1.0262356661141439
1.0262356661141439
1.0262356661141439
1.0262356661141439
1.0262356661141439
1.0262356661141439
1.0262356661141439
1.0246122391677446
1.0246122391677446
1.0247819295207898
1.0247819295207898
1.0247819295207898
1.0247819295207898
1.0247819295207898
1.0247819295207898
1.0214735356210278
1.022720111422895
1.0254447831662643
1.0254447831662643
1.0254447831662643
1.0254447831662643
1.026605931528883
1.0264222754497465
1.0250845925430834
1.0250845925430834
1.0247234102277867
1.0247234102277867
1.0247234102277867
1.025743691095567
1.025743691095567
1.025743691095567
1.025743691095567
1.0250181448531979
1.0259701239794146
1.0259701239794146
1.0259701239794146
1.0290406306431237
1.0288976554030818
1.0288976554030818
1.0288976554030818
1.0288976554030818
1.0288976554030818
1.0288976554030818
1.0288976554030818
1.0288976554030818
1.0309527179032267
1.0309527179032267
1.0309527179032267
1.031630667517501
1.031630667517501
1.0299486134555416
1.0313227137214902
1.0318190000521206
1.031757922020462
1.031713230109254
1.031713230109254
1.031713230109254
1.0323157656279067
1.0323157656279067
1.033016719273434
1.032283412570457
1.032283412570457
1.032666006306927
1.032666006306927
1.0300509911543736
1.0300509911543736
1.0300509911543736
1.0300509911543736
1.0298659807096655
1.0312497643281267
1.0316756113302936
1.0316756113302936
1.0316756113302936
1.0316756113302936
1.0316756113302936
1.0316756113302936
1.0315413923277539
1.031984144029481
1.031984144029481
1.031984144029481
1.031984144029481
1.031984144029481
1.031984144029481
1.0316141162868304
1.0316141162868304
1.0316141162868304
1.0316141162868304
1.028636090052373
1.028636090052373
1.0287503344485154
1.0287503344485154
1.0287503344485154
1.0287503344485154
1.028008622271355
1.028008622271355
1.028008622271355
1.028446235770252
1.0269901121532137
1.0265544688247006
1.0265544688247006
1.0265544688247006
1.0265544688247006
1.0265544688247006
1.0265544688247006
1.0265544688247006
1.0267909934978035
1.026427356420147
1.0274264960873154
1.0274264960873154
1.0274264960873154
1.028908338440318
1.028908338440318
1.028908338440318
1.028908338440318
1.028908338440318
1.0292567773504915
1.0299677060318546
1.0301874135979812
1.0301874135979812
1.030206862914783
1.0296530437369265
1.0296530437369265
1.0304624225079504
1.0304624225079504
1.0276427147308784
1.0276427147308784
1.0273912987120855
1.0273912987120855
1.0273912987120855
1.027706566999296
1.027706566999296
1.0279477904988226
1.0279477904988226
1.0296617645247248
1.0292624940846506
1.0292232953366842
1.030011300851498
1.030011300851498
1.0303249419269638
1.0303061204810797
1.0286345049208407
1.0290107165258815
1.0296596106899991
1.02980462680754
1.0298797742133468
1.0298797742133468
1.0297426960881364
1.0300401727653514
1.0287791266161264
1.0277156760636013
1.0277156760636013
1.0272168268535002
1.028254906466977
1.028254906466977
1.028254906466977
1.028254906466977
1.028254906466977
1.0292876633628416
1.0279149475973015
1.0273475846576299
1.0273475846576299
1.0273475846576299
1.0274050229966287
1.0274410560814717
1.0281037489376508
1.0281037489376508
1.0281037489376508
1.0281037489376508
1.0294356500110886
1.026586775952037
1.026586775952037
1.026586775952037
1.0251399930291445
1.0261319051698279
1.0261319051698279
1.025253227628384
1.025253227628384
1.025253227628384
1.025253227628384
1.024269671149658
1.025142536449251
1.025142536449251
1.0246032425751321
1.0246032425751321
1.0246032425751321
1.0245944162851748
1.0245944162851748
1.0245944162851748
1.0245944162851748
1.0245944162851748
1.024764088777344
1.0247917966093159
1.0247917966093159
1.0247917966093159
1.0264154532955776
1.0272240312165632
1.0284027138745244
1.0284027138745244
1.0271160813494609
1.0271160813494609
1.0271160813494609
1.0271160813494609
1.0265442204224673
1.0265442204224673
1.028338731558518
1.0266178619144897
1.0266178619144897
1.0266178619144897
1.0266178619144897
1.0257707656505763
1.0257707656505763
1.0264131854987137
1.0264131854987137
1.026741874272168
1.023894803715803
1.023894803715803
1.0246506769033876
1.0246506769033876
1.0224490868420024
1.02153868157744
1.0210256794890848
1.0240083041862065
1.0247884817690138
1.0271420680133734
1.0271420680133734
1.0271420680133734
1.0284283382704995
1.0282298594386627
1.029696395670377
1.029696395670377
1.0278406774652307
1.0270353897128157
1.0271906388670926
1.0271207152439554
1.0271207152439554
1.0271207152439554
1.027265587639858
1.027265587639858
1.027265587639858
1.027265587639858
1.027265587639858
1.027265587639858
1.027265587639858
1.0272263482857984
1.0272263482857984
1.028056309063
1.0273244386884568
1.0273475287923408
1.028390679339873
1.028390679339873
1.028390679339873
1.028390679339873
1.028390679339873
1.028390679339873
1.0284759353354092
1.0284759353354092
1.0284759353354092
1.0284759353354092
1.0284759353354092
1.0264758862125212
1.0275797905174653
1.0275797905174653
1.0275797905174653
1.0275797905174653
1.0275797905174653
1.028024044863929
1.027524971287586
1.028246822935785
1.028246822935785
1.028246822935785
1.0281064972894502
1.0281064972894502
1.0281064972894502
1.0280666387637847
1.0280666387637847
1.0280666387637847
1.0280666387637847
1.028995163884365
1.028995163884365
1.0275266181970824
1.0275266181970824
1.0272218136224938
1.0259541243478467
1.026832543605574
1.029090692526114
1.0284875229347685
1.0284875229347685
1.0284875229347685
1.0284875229347685
1.0284875229347685
1.0299305461699
1.0275936097814868
1.0275936097814868
1.0275936097814868
1.0275936097814868
1.0275936097814868
1.03287773534392
1.03301948446242
1.0300649138534197
1.0294302270421731
1.0303028125381115
1.029351500565805
1.02940716768543
1.0265791870410181
1.026970463054068
1.0261047552462523
1.0280191548730837
1.0280191548730837
1.0280191548730837
1.0280191548730837
1.0280191548730837
1.0280191548730837
1.0280191548730837
1.0280191548730837
1.0280191548730837
1.0280191548730837
1.0280191548730837
1.0289541403876328
1.0289541403876328
1.0289541403876328
1.0289541403876328
1.0289541403876328
1.0289541403876328
1.0289541403876328
1.0289541403876328
1.0289541403876328
1.029096656319855
1.029096656319855
1.029096656319855
1.029096656319855
1.029096656319855
1.029096656319855
1.028714588503451
1.028714588503451
1.028714588503451
1.028714588503451
1.028714588503451
1.028714588503451
1.028429083978878
1.028429083978878
1.028429083978878
1.028429083978878
1.028429083978878
1.0299321937279575
1.0299321937279575
1.0305149995898655
1.0295320553752183
1.0295320553752183
1.0295320553752183
1.0295320553752183
1.0295320553752183
1.029228477846659
1.029228477846659
1.029228477846659
1.0292767593245151
1.0292767593245151
1.0292767593245151
1.0293974978330869
1.0293974978330869
1.0293974978330869
1.0297494521261261
1.029596716838317
1.029596716838317
1.029596716838317
1.0258245735319638
1.0269927929478155
1.0269927929478155
1.0269927929478155
1.0298440474788213
1.0298440474788213
1.0298440474788213
1.028927337580006
1.028927337580006
1.0303428397474985
1.0303428397474985
