1.0239971068453018
1.0239971068453018
1.0239971068453018
1.0239971068453018
1.0239971068453018
1.0239971068453018
1.0239971068453018
1.0239971068453018
1.0239971068453018
1.0239971068453018
1.0239971068453018
1.0239971068453018
1.0239971068453018
1.0239971068453018
1.0239971068453018
1.0239971068453018
1.0239971068453018
1.0239971068453018
1.0239971068453018
1.0239971068453018
1.0239971068453018
1.0239971068453018
1.0239971068453018
1.0239971068453018
1.0239971068453018
1.0239971068453018
1.0239971068453018
1.0239971068453018
1.0239971068453018
1.0239971068453018
1.0239971068453018
1.0239971068453018
1.0239971068453018
1.0239971068453018
1.0239971068453018
1.0239971068453018
1.0239971068453018
1.0239971068453018
1.0239971068453018
1.0239971068453018
1.0239971068453018
1.0239971068453018
1.0239971068453018
1.0239971068453018
1.0239971068453018
1.0239971068453018
1.0239971068453018
1.0239971068453018
1.0239971068453018
1.0239971068453018
1.0239971068453018
1.0239971068453018
1.0239971068453018
1.0239971068453018
1.0239971068453018
1.0239971068453018
1.0239971068453018
1.0239971068453018
1.0239971068453018
1.0239971068453018
1.0239971068453018
1.0239971068453018
1.0239971068453018
1.0239971068453018
1.0239971068453018
1.0239971068453018
1.0239971068453018
1.0239971068453018
1.0239971068453018
1.0239971068453018
1.0239971068453018
1.0239971068453018
1.0239971068453018
1.0239971068453018
1.0239971068453018
1.0239971068453018
1.0239971068453018
1.0239971068453018
1.0239971068453018
1.0239971068453018
1.0239971068453018
1.0239971068453018
1.0239971068453018
1.0239971068453018
1.0239971068453018
1.0239971068453018
1.0239971068453018
1.0239971068453018
1.0239971068453018
1.0239971068453018
1.0239971068453018
1.0239971068453018
1.0239971068453018
1.0239971068453018
1.0239971068453018
1.0239971068453018
1.0239971068453018
1.0239971068453018
1.0239971068453018
1.0217809102450883
1.0226008451790505
1.0222845823053077
1.0226598323351948
1.0243515032777433
1.020925640609632
1.020925640609632
1.020925640609632
1.020925640609632
1.0246380200103822
1.0250415864157365
1.0254896688411954
1.0235962111963228
1.0234589233398257
1.02619212818747
1.02619212818747
1.02619212818747
1.02619212818747
1.022559195649338
1.023969116932656
1.023969116932656
1.023969116932656
1.023969116932656
1.0225026648529627
1.0225026648529627
1.0227801225641147
1.0227801225641147
1.0234065103997048
1.0233356418390933
1.0215760191590813
1.0215760191590813
1.0231177933976212
1.0256902374744872
1.0256902374744872
1.0256902374744872
1.0256902374744872
1.0256902374744872
1.0256902374744872
1.0256902374744872
1.0258314903521315
1.0233001472528878
1.0231077370958002
1.0254098189096186
1.0254098189096186
1.0254098189096186
1.0254098189096186
1.0254098189096186
1.0253825230146008
1.0260788003367955
1.0269264849209219
1.0269264849209219
1.0254738632659064
1.0254738632659064
1.0237629954019614
1.0237629954019614
1.0237629954019614
1.0262216025835833
1.0252736400724127
1.023550834483667
1.023550834483667
1.0239998076157029
1.0239998076157029
1.0263556441578305
1.0263556441578305
1.0263556441578305
1.0245211717409197
1.0245211717409197
1.0245211717409197
1.0245211717409197
1.0245211717409197
1.0245211717409197
1.0245211717409197
1.0245211717409197
1.022697691060618
1.0220667641083503
1.0220667641083503
1.0220667641083503
1.0258922841160516
1.0258922841160516
1.0246920836212954
1.025004846108879
1.025004846108879
1.0248747400568015
1.0248747400568015
1.0248747400568015
1.0268450885193405
1.0266806488180191
1.0266806488180191
1.0299495125718023
1.026902459735149
1.026902459735149
1.0253422816791289
1.0256942274464986
1.0261241186357857
1.0261241186357857
1.0261241186357857
1.0261241186357857
1.0261241186357857
1.0261241186357857
1.0245403481724655
1.0263800796311882
1.0263800796311882
1.0268103681205365
1.0299380185907336
1.0299380185907336
1.0294129597360864
1.0294129597360864
1.0272510108266646
1.0272510108266646
1.0272510108266646
1.0303044668876697
1.0303044668876697
1.0303044668876697
1.0322116905210401
1.0322116905210401
1.0321126595525107
1.0321126595525107
1.0325863070538286
1.0325863070538286
1.032132452294278
1.032132452294278
1.0351019475883427
1.0351019475883427
1.0351019475883427
1.0351019475883427
1.0351019475883427
1.0348767777320045
1.0348767777320045
1.0348767777320045
1.0348767777320045
1.032862429632704
1.032862429632704
1.0349303187960863
1.0357005179232979
1.0357005179232979
1.0364733216161681
1.035252137400532
1.035252137400532
1.035252137400532
1.035252137400532
1.0345540183113906
1.034097355422803
1.0348956341345297
1.0348956341345297
1.0348956341345297
1.0348956341345297
1.0331135134258767
1.0336832042520836
1.0336832042520836
1.0334749927178302
1.0334749927178302
1.0326480344338034
1.0322642137444622
1.0323284308581893
1.0323284308581893
1.0321976014935286
1.0338575656399975
1.0348341829004821
1.0348341829004821
1.0348341829004821
1.035090755330578
1.035090755330578
1.035090755330578
1.035090755330578
1.035090755330578
1.035090755330578
1.035090755330578
1.035090755330578
1.0337833740978926
1.0337833740978926
1.0337833740978926
1.0337833740978926
1.0357149788705624
1.0357149788705624
1.0357149788705624
1.035429363156042
1.035429363156042
1.035429363156042
1.035429363156042
1.0340088053854957
1.0340088053854957
1.0340088053854957
1.0340088053854957
1.0298552482462344
1.0291303586028329
1.031030862775659
1.0321047902309741
1.0321047902309741
1.0321047902309741
1.0321047902309741
1.0321047902309741
1.0322633587514538
1.0366968946722213
1.0365312609151633
1.036328392970899
1.0370492883087405
1.0381129760936223
1.039312923797368
1.039312923797368
1.039312923797368
1.039312923797368
1.039312923797368
1.039312923797368
1.0378320883829997
1.0378320883829997
1.0363237203027036
1.0377766773203556
1.0376168774624723
1.0376168774624723
1.039274034291057
1.037527417758623
1.037527417758623
1.037527417758623
1.0375975647683573
1.0375975647683573
1.0375975647683573
1.0375975647683573
1.037163394598351
1.0370182866207995
1.0383513271533
1.0383513271533
1.0380153711008404
1.0380153711008404
1.0380153711008404
1.0380153711008404
1.0390623877283847
1.0400292422595923
1.0400292422595923
1.037703426084827
1.037703426084827
1.037703426084827
1.037703426084827
1.037703426084827
1.037703426084827
1.037703426084827
1.037703426084827
1.037703426084827
1.037703426084827
1.037501571906213
1.0367144305051248
1.0362277664463717
1.035345418207122
1.0354953569200265
1.0353717167823377
1.0346554256733993
1.0325583787627484
1.0295876620656534
1.0279945944746087
1.0279945944746087
1.0279945944746087
1.0279945944746087
1.0279945944746087
1.027329767760595
1.027329767760595
1.028950195944096
1.029936007061678
1.0291281138424029
1.0291281138424029
1.0291281138424029
1.0291281138424029
1.0316418074161686
1.0316418074161686
1.0326277520325382
1.0326277520325382
1.0337592960098387
1.0337592960098387
1.0337592960098387
1.0351772780900788
1.0351772780900788
1.0351772780900788
1.0351772780900788
1.038521901048214
1.0385872612521037
1.0385872612521037
1.0393480060604707
1.0393480060604707
1.0393480060604707
1.0393480060604707
1.0372306443598867
1.036222379404704
1.036222379404704
1.036222379404704
1.036222379404704
1.0391377812274956
1.0391377812274956
1.0391377812274956
1.0389332052800597
1.0389332052800597
1.0384318718080183
1.0384318718080183
1.0384318718080183
1.0384318718080183
1.0376755798267494
1.038397690400779
1.0383557934771732
1.03800049039384
1.039503981481762
1.039503981481762
1.0356794722475895
1.0321758676260318
1.0321758676260318
1.0310030492171018
1.0310030492171018
1.0310030492171018
1.0310030492171018
1.0318846482612678
1.0318846482612678
1.0318846482612678
1.0318846482612678
1.0318846482612678
1.034350867037918
1.0353039056991375
1.0338028671468298
1.0338028671468298
1.0338028671468298
1.0338028671468298
1.0337019032692427
1.0337019032692427
1.0337019032692427
1.0360131665717918
1.0360131665717918
1.0354713285080452
1.0354713285080452
1.0383378247155026
1.0378180710117508
1.0365149703805698
1.0365149703805698
1.0365149703805698
1.0361028691160725
1.0361028691160725
1.0355946966387564
1.0355946966387564
1.0361810759448653
1.0361810759448653
1.0364718612239883
1.034309385499339
1.034309385499339
1.034309385499339
1.034309385499339
1.0316859640380305
1.0316859640380305
1.0316859640380305
1.0328202759607212
1.0328202759607212
1.0328202759607212
1.0357509489793941
1.0347265742949818
1.0353704490215179
1.0331993815686829
1.0349281798138572
1.0347771723251915
1.0347771723251915
1.0347771723251915
1.0347771723251915
1.0352502763978737
1.0346670744042243
1.034647734809591
1.0340705496771245
1.0340705496771245
1.0340705496771245
1.0340705496771245
1.0330719372864652
1.0330719372864652
1.0330719372864652
1.0326181881110332
1.0326907713460582
1.0326907713460582
1.0317078836314661
1.035086668832891
1.0349355184974243
1.0324799266023554
1.0324799266023554
1.0324799266023554
1.0324799266023554
1.0324799266023554
1.0324799266023554
1.0324799266023554
1.0324799266023554
1.0324799266023554
1.0316294695833947
1.0316294695833947
1.033399573460852
1.033399573460852
1.0341900798496606
1.0341900798496606
1.0325050025721458
1.033999756039877
1.033999756039877
1.0348370904381077
1.0348370904381077
1.0348370904381077
1.035036314284407
1.035036314284407
1.0347517720046677
1.0347517720046677
1.0347553992914893
1.0347553992914893
1.0347553992914893
1.0381779551275303
1.0381779551275303
1.0378202423064855
1.0378202423064855
1.0378202423064855
1.0378202423064855
1.037051616331574
1.037051616331574
1.039477042789004
1.0395138748743509
1.0395138748743509
1.0395138748743509
1.0395138748743509
1.0395138748743509
1.0395138748743509
1.0395138748743509
1.0378815619090118
1.0368065510728421
1.0352592098051316
1.0352592098051316
1.0352592098051316
1.035798644287299
1.0381392022781237
1.0386645829355823
1.0397132563435634
1.0397132563435634
1.0403848435102832
1.0409300920951663
1.0409300920951663
1.0409300920951663
1.0409300920951663
1.0414787653870523
1.0414787653870523
1.0407334939259723
1.0433110065094295
1.0418604310650599
1.0418604310650599
1.0418604310650599
1.0418604310650599
1.0418604310650599
1.042174922024616
1.042174922024616
1.041994063004348
1.041994063004348
1.041994063004348
1.041994063004348
1.041994063004348
1.041994063004348
1.0423928129009674
1.0423928129009674
1.0423928129009674
1.042059351916748
1.0446386131965477
1.0446386131965477
1.0446569077927292
1.0441372160529716
1.0420151252512087
1.0398515548943947
1.0357504050467197
1.0357504050467197
1.0357504050467197
1.0362136564957578
1.0362136564957578
1.0358688360428083
1.0358688360428083
1.0316124430490015
1.0344497763930756
1.0344497763930756
1.0321239078370807
1.030730013861744
1.031338960441196
1.0323819404435157
1.0283760590884254
1.0283760590884254
1.0281504062358855
1.029310582528766
1.029310582528766
1.029310582528766
1.029310582528766
1.0299573842262353
1.0299573842262353
1.0299573842262353
1.0299573842262353
1.0299573842262353
1.0299573842262353
1.0299573842262353
1.0299573842262353
1.0299573842262353
1.0299573842262353
1.0299573842262353
1.0288733854289485
1.0277634531611677
1.024791139014922
1.024791139014922
1.024791139014922
1.024791139014922
1.024791139014922
1.024791139014922
1.024791139014922
1.0238817955155013
1.0269168060367087
1.02488837697295
1.02488837697295
1.02488837697295
1.0261674207004483
1.027762513724958
1.027762513724958
1.027762513724958
1.027762513724958
1.0269502560959278
1.0269502560959278
1.0269502560959278
1.0298320854533183
1.0288801997598809
1.0288801997598809
1.0288801997598809
1.0288801997598809
1.0335797788826506
1.0331987219930154
1.0331987219930154
1.0331987219930154
1.0341586280926427
1.0341586280926427
1.0319000105386975
1.0309804683327528
1.0330259616229882
1.0330259616229882
1.0330259616229882
1.0330259616229882
1.034032929863693
1.034032929863693
1.034138568992313
1.034138568992313
1.0339589578698967
1.0339589578698967
1.0331327407081623
1.0331327407081623
1.0331327407081623
1.0331327407081623
1.0331327407081623
1.0330467304880129
1.0331910386981664
1.0331910386981664
1.034555559497536
1.034555559497536
1.034555559497536
1.034555559497536
1.033949349805253
1.03398746614562
1.03398746614562
1.0327154244230026
1.0321559761676589
1.0321559761676589
1.0321559761676589
1.0345437892936198
1.034849404847524
1.0351346255751768
1.0351346255751768
1.0355481637019082
1.0330187066182273
1.033149653780584
1.030487680995681
1.030487680995681
1.029560497735447
1.029560497735447
1.029560497735447
1.0333040821800026
1.0333040821800026
1.0333040821800026
1.0333040821800026
1.0333040821800026
1.034034743907415
1.034034743907415
1.034034743907415
1.031879819914697
1.031879819914697
1.031879819914697
1.031879819914697
1.031879819914697
1.0288579464339798
1.029198818610775
1.029198818610775
1.029198818610775
1.0299762269771733
1.0299762269771733
1.0299762269771733
1.0299762269771733
1.0299762269771733
1.0299762269771733
1.0299762269771733
1.0299762269771733
1.0299762269771733
1.0299762269771733
1.0299762269771733
1.0299762269771733
1.0299762269771733
1.0271096845466487
1.0271096845466487
1.0271096845466487
1.028273071965811
1.028273071965811
1.028273071965811
1.028273071965811
1.028273071965811
1.0266940339808561
1.0266940339808561
1.0266940339808561
1.0266940339808561
1.0266940339808561
1.0266940339808561
1.0266940339808561
1.0266940339808561
1.028725938728073
1.028725938728073
1.028725938728073
1.028725938728073
1.0300021735182736
1.0299843601791048
1.0299843601791048
1.0314042391765557
1.0314042391765557
1.0314042391765557
1.0314042391765557
1.0314042391765557
1.0314042391765557
1.028419671535582
1.028419671535582
1.028419671535582
1.0293445043263947
1.0293445043263947
1.0293445043263947
1.027828935270632
1.027828935270632
1.027828935270632
1.027828935270632
1.027828935270632
1.0251231339560924
1.0251231339560924
1.0259175669052718
1.0259175669052718
1.0239916345803142
1.0265173631013838
1.0265173631013838
1.029423863636649
1.029423863636649
1.029423863636649
1.0273440324704495
1.0273674771708816
1.027940696984163
1.027940696984163
1.0283761992108766
1.0301760695130864
1.029073323984858
1.029073323984858
1.0311562982633151
1.0311562982633151
1.0295202511771426
1.0295202511771426
1.0281035583061477
1.0282582736647177
1.0282582736647177
1.0275382373657282
1.0281807926186206
1.029291446250937
1.029291446250937
1.0331202993834367
1.0331202993834367
1.0331202993834367
1.0331202993834367
1.0322383538856705
1.0350171342897336
1.035309128528689
1.0344954200890295
1.0344954200890295
1.0344954200890295
1.0344701767447018
1.0356640934616401
1.0356640934616401
1.0356640934616401
1.0348376469775038
1.0348376469775038
1.0340193111147684
1.0340193111147684
1.0340193111147684
1.0340193111147684
1.0340193111147684
1.0340193111147684
1.0333166420358548
1.0333166420358548
1.032756090078666
1.0325563705495295
1.0325563705495295
1.0325563705495295
1.031972470830016
1.031972470830016
1.031972470830016
1.031972470830016
1.031972470830016
1.0333225908744683
1.03339046682656
1.03339046682656
1.0341565816842855
1.0358558135630886
1.0353700891092825
1.0353700891092825
1.0353700891092825
1.0348632211454118
1.0348632211454118
1.0348632211454118
1.0349187172715888
1.0349187172715888
1.0349187172715888
1.0321238604958063
1.0321238604958063
1.0322493359213063
1.0325473216342544
1.0326638949686182
1.0326638949686182
1.0326638949686182
1.0358355719218197
1.0340959631057214
1.0340959631057214
1.0334249803552198
1.0334249803552198
1.0334249803552198
1.033656511632436
1.0348650679676792
1.0348650679676792
1.0347748081620878
1.0355212768425996
1.0355212768425996
1.0355212768425996
1.0338776779248233
1.0338776779248233
1.0338776779248233
1.0338776779248233
1.0338776779248233
1.0343023513648069
1.0327655162560079
1.0327655162560079
1.0327655162560079
1.0327655162560079
1.0327655162560079
1.0327655162560079
1.0305235011578802
1.0305235011578802
1.0301605979069477
1.0305072214849802
1.0315266533369811
1.0315266533369811
1.0317674646063777
1.0318838613588655
1.0324097417488958
1.0324097417488958
1.0306783218890652
1.0305674775077212
1.0329666499355408
1.0323002930125373
1.0323002930125373
1.0323002930125373
1.029621799421334
1.0295007294053502
1.0295007294053502
1.0295007294053502
1.0323024166093877
1.0321964921626543
1.0324104174673832
1.0331629343520718
1.0331629343520718
1.0331629343520718
1.0341179646485452
1.0341179646485452
1.0341179646485452
1.0345956058610488
1.0345956058610488
1.0345956058610488
1.0339925462458406
1.0330148752199602
1.0330148752199602
1.0330148752199602
1.0330148752199602
1.0322391218609996
1.0322391218609996
1.0322391218609996
1.0322391218609996
1.0329643643414912
1.0329643643414912
1.0329643643414912
1.0329643643414912
1.0329643643414912
1.0329396715110064
1.0329396715110064
1.032820123437713
1.032820123437713
1.0312987303138148
1.0312987303138148
1.0312987303138148
1.0312987303138148
1.0312987303138148
1.0303971729027448
1.0303971729027448
1.0320092516900319
1.0320092516900319
1.0320092516900319
1.0320092516900319
1.0320092516900319
1.0320092516900319
1.030757511980905
1.030757511980905
1.033341552977596
1.0350292892246098
1.0345718255501284
1.0345718255501284
1.0340734522504478
1.0340734522504478
1.0340734522504478
1.0340734522504478
1.03409332782605
1.033427253112834
1.033427253112834
1.0347630461678856
1.0332873598734087
1.0325510654252985
1.0311594829146382
1.0311594829146382
1.0304780542872833
1.0304780542872833
1.0304780542872833
1.0309899981987045
1.0275487546658708
1.0275487546658708
1.0273037274711776
1.029501156375124
1.029501156375124
1.0298461779260206
1.0324915171097375
1.0324915171097375
1.0324915171097375
1.0324915171097375
1.0324915171097375
1.030264361702361
1.0317669595662935
1.0316631952752007
1.0316631952752007
1.0316495077949657
1.0336370156168933
1.0336370156168933
1.0297377770853888
1.0301518607935414
1.0301518607935414
1.0301518607935414
1.0328181839004371
1.0328181839004371
1.0331078032615928
1.0331078032615928
1.0331078032615928
1.0331078032615928
1.0331078032615928
1.0330719646718878
1.0330719646718878
1.0330719646718878
1.0334343779564574
1.0334343779564574
1.0347375360788438
1.0347375360788438
1.0342356498205814
1.0342356498205814
1.0342356498205814
1.0342356498205814
1.0334488563035333
1.0319290010305167
1.0319290010305167
1.0321089572652244
1.0321089572652244
1.0321089572652244
1.0321089572652244
1.0321089572652244
1.0321089572652244
1.0318063734431147
1.0318063734431147
1.0318063734431147
1.0318571556615321
1.0318571556615321
1.0318571556615321
1.0333732556157156
1.0345357653109442
1.0345357653109442
1.035071209796409
1.035071209796409
1.0346565667427399
1.0346565667427399
1.0346565667427399
1.0355692517165258
1.0355692517165258
1.0340747422912755
1.0340747422912755
1.0340747422912755
1.0340747422912755
1.0340747422912755
1.035635430752382
1.035635430752382
1.0333881115459058
1.0333881115459058
1.0339214078648633
1.0351210498512349
1.0351210498512349
1.0351210498512349
1.0351210498512349
1.0338478851673583
1.0333186454242056
1.0333186454242056
1.0332161771278412
1.0332161771278412
1.03349550981314
1.0335588774385345
1.0330857580996673
1.0330857580996673
1.0330857580996673
1.0346831087511885
1.0346831087511885
1.034548901544234
1.035127362467914
1.035127362467914
1.035127362467914
1.0345702476898815
1.0326983892490984
1.033394449557757
1.033394449557757
1.033394449557757
1.033394449557757
1.033394449557757
1.033394449557757
1.0344638134989648
1.0342712244066947
1.0342712244066947
1.0341074964090375
1.0341074964090375
1.0347026818778609
1.0334316574052869
1.0334316574052869
1.0334316574052869
1.0333253475581812
1.0337336580854677
1.0337336580854677
1.033546928188695
1.0323070992232377
1.0323070992232377
1.0323070992232377
1.0323070992232377
1.0330630058856378
1.0359194398316391
1.0344216254164476
1.034499312367338
1.034499312367338
1.0362206659240167
1.0362206659240167
1.0353205081574142
1.0353205081574142
1.0353205081574142
1.0348371257144275
1.0348371257144275
1.0348371257144275
1.0350616891069517
1.0350616891069517
1.0350616891069517
1.0358524027121798
1.0358524027121798
1.0369463358441418
1.0369463358441418
1.0369463358441418
1.0369463358441418
1.0369463358441418
1.0373232817979725
1.03709425136519
1.0386728665204927
1.0386728665204927
1.0386728665204927
1.0413138178570496
1.0413138178570496
1.0413138178570496
1.0413138178570496
1.0396905144250301
1.0396905144250301
1.0396905144250301
1.040411213371827
1.040411213371827
1.0432567314034766
1.0432567314034766
1.042214623495908
1.042214623495908
1.042231833209636
1.0448236232455037
1.0448236232455037
1.0445177758995603
1.0445177758995603
1.0403695552367627
1.0422957589203727
1.0429319855838233
1.0416456519865855
1.0416929858270434
1.0416929858270434
1.0416929858270434
1.0405560876573088
1.0405560876573088
1.0413304057261312
1.0406969483905577
1.0410231016828473
1.0410231016828473
1.0400694619026483
1.0400694619026483
1.0400694619026483
1.0400694619026483
1.0400694619026483
1.0400694619026483
1.0400694619026483
1.0400694619026483
1.0400694619026483
1.0400694619026483
1.0430377640502946
1.039156491192218
1.0377640851039933
1.0377640851039933
1.0377640851039933
1.0371106851476606
1.0371106851476606
1.0371106851476606
1.0377268227459115
1.0377268227459115
1.0369669157678658
1.0369669157678658
1.0369669157678658
1.0369669157678658
1.03757256936716
1.0377760689768754
1.0377760689768754
1.0377760689768754
1.040102460902077
1.0379028669893806
1.0379028669893806
1.0379028669893806
1.0379028669893806
1.0379028669893806
1.0379028669893806
1.0399050147308897
1.038656291100915
1.0392357866778303
1.0392357866778303
1.039359104756311
1.0375844529839173
1.0388761867703662
1.0379558463205567
1.0379558463205567
1.0379062749743715
1.036871549638881
1.0366080752661029
1.0366080752661029
1.0366080752661029
1.036640661505883
1.036640661505883
1.036640661505883
1.036096755733595
1.036850029951659
1.036850029951659
1.0380585862974154
1.0380585862974154
1.0380585862974154
1.0380585862974154
1.0362395675533913
1.0381014318613264
1.0364403566390283
1.0364403566390283
1.0378285635805948
1.0358902966795545
1.0358902966795545
1.034765905991811
1.034765905991811
1.034765905991811
1.034765905991811
1.034765905991811
1.0368884722727938
1.0368884722727938
1.0368884722727938
1.0368884722727938
1.0364238689439993
1.0390145384288105
1.0392780851599914
1.0392780851599914
1.0392780851599914
1.0394633861531106
1.0394633861531106
1.0397609667426289
1.040493591438226
1.0390901339673346
1.0428245135106053
1.0408720782022158
1.0408720782022158
1.0410140854552028
1.0378180251644162
1.0395140818092625
1.0395140818092625
1.0395140818092625
1.0395140818092625
1.0395140818092625
1.0395140818092625
1.0402815753003285
1.0414414610334524
1.0414414610334524
1.0421194543712728
1.0421194543712728
1.0421194543712728
1.042118888723147
1.0449289882256427
1.0449289882256427
1.0449289882256427
1.0449289882256427
1.0449289882256427
1.0449289882256427
1.04479118961463
1.04479118961463
1.0460723253466693
1.0430493248790629
1.0430493248790629
1.0446246730053266
1.0441317771691805
1.0441317771691805
1.0413539408782222
1.0413539408782222
1.0408313929353887
1.0424289198081873
1.0424289198081873
1.042341504469726
1.042341504469726
1.040841480470279
1.040841480470279
1.042043120549432
1.042043120549432
1.042043120549432
1.042043120549432
1.0424315830652189
1.0424315830652189
1.0424315830652189
1.0424315830652189
1.0420022902103954
1.0420022902103954
1.0418448716702764
1.0418448716702764
1.0412332080046092
1.0414743609019077
1.0414743609019077
1.040800910058215
1.040800910058215
1.040800910058215
1.040040532631811
1.0387040972048844
1.0387040972048844
1.0387040972048844
1.0387040972048844
1.0418471504338511
1.0418471504338511
1.0401413911352742
1.0401173691911116
1.0401173691911116
1.040758874517236
1.0380852665362699
1.0380852665362699
1.0371186955132818
1.0348818741172436
1.0355244043416878
1.0355244043416878
1.0365659893384391
1.0351085545617003
1.0342837488409202
1.0342837488409202
1.0367584172301512
1.0367584172301512
1.0367584172301512
1.0367584172301512
1.0367584172301512
1.0367584172301512
1.0367584172301512
1.0367584172301512
1.0367584172301512
1.0367584172301512
1.0367584172301512
1.0367584172301512
1.0367584172301512
1.0367584172301512
1.0376948611544035
1.0376948611544035
1.0376948611544035
1.037346647990593
1.037346647990593
1.0354072580669422
1.0354072580669422
1.0354072580669422
1.0354072580669422
1.0356617613179477
1.0356617613179477
1.0356435564847224
1.0357219354405027
1.0357219354405027
1.0357219354405027
1.0368365743743129
1.0368365743743129
1.0368365743743129
1.0368365743743129
1.0368471966645407
1.0368471966645407
1.0380406071936477
1.0390102400466081
1.0390102400466081
1.0390102400466081
1.0390102400466081
1.0390102400466081
1.0390102400466081
1.0390102400466081
1.0380666174592548
1.0354843849290067
1.0354843849290067
1.0354843849290067
1.0354843849290067
1.0354843849290067
1.0370071288074216
1.035848710088982
1.0339821878156887
1.0323644235512714
1.0329119411610226
1.0316105679539456
1.0316105679539456
1.0333690178673907
1.0331061726425992
1.0331061726425992
1.0331061726425992
1.0331061726425992
1.0331061726425992
1.035459924934067
1.035459924934067
1.035459924934067
1.0349965645317902
1.0348048222598765
1.0348048222598765
1.0348048222598765
1.0340756356696839
1.0340756356696839
1.0340756356696839
1.0340756356696839
1.0340756356696839
1.0340756356696839
1.0345883408759435
1.0359094813740495
1.0359094813740495
1.0359094813740495
1.0366963768041089
1.0366963768041089
1.0366963768041089
1.0366963768041089
1.037818884924938
1.037818884924938
1.037818884924938
1.037818884924938
1.035668430947602
1.035668430947602
1.035668430947602
1.035668430947602
1.0343313260338904
1.0343313260338904
1.0343313260338904
1.0343313260338904
1.0343313260338904
1.0343313260338904
1.0331620368649705
1.0324189321883486
1.0324189321883486
1.0324189321883486
1.0316650883351002
1.0316650883351002
1.0323830193958274
1.0323830193958274
1.0323830193958274
1.0323830193958274
1.034461074598858
1.034461074598858
1.034461074598858
1.034461074598858
1.0353363923434753
1.0353363923434753
1.0315254296993224
1.0305689215997602
1.031542651985389
1.031542651985389
1.0313732946687402
1.0313732946687402
1.0313732946687402
1.0313732946687402
1.0313732946687402
1.0313732946687402
1.0313732946687402
1.0313732946687402
1.0296324956335794
1.0313684863445303
1.0313684863445303
1.0313684863445303
1.0313684863445303
1.0313684863445303
1.0318924467634272
1.0318924467634272
1.0327956157878655
1.0327956157878655
1.0358747520870504
1.0375622419743629
1.0375622419743629
1.038561668679097
1.038561668679097
1.0383115806322138
1.0383115806322138
1.0383115806322138
1.03859199984052
1.03859199984052
1.039449754517817
1.039449754517817
1.039449754517817
1.0390400813062624
1.0388566767006786
1.0399588694093072
1.0399383021715105
1.0399383021715105
1.0399383021715105
1.0395232980817652
1.0374333437946508
1.03856014020339
1.03856014020339
1.03856014020339
1.03856014020339
1.0387315606010075
1.0387315606010075
1.0406514221043492
1.0405882449377177
1.0405882449377177
1.0405882449377177
1.0380083856295892
1.0376485775256254
1.039897001106619
1.039897001106619
1.039897001106619
1.039897001106619
1.039897001106619
1.0360259614567897
1.0360259614567897
1.0384501063219918
1.0384501063219918
1.0384262761740173
1.0384262761740173
1.0384262761740173
1.0384262761740173
1.0384262761740173
1.0384262761740173
1.0365985385570944
1.0366052646663149
1.0366052646663149
1.0345727244013432
1.0345727244013432
1.032731953246802
1.0368286144012542
1.0368286144012542
1.0368286144012542
1.0368286144012542
1.0330004586256518
1.0357768135548184
1.0357768135548184
1.0357768135548184
1.0357768135548184
1.0357768135548184
1.0357768135548184
1.0332538015542372
1.0332538015542372
1.0332538015542372
1.0332538015542372
1.0363654851014792
1.0363654851014792
1.0363654851014792
1.0363654851014792
1.0363654851014792
1.0363654851014792
1.03570380352285
1.03570380352285
1.03570380352285
1.0325348678632011
1.0325348678632011
1.0325348678632011
1.0325348678632011
1.0324891103739415
1.0324891103739415
1.0324891103739415
1.0324891103739415
1.0309665375104013
1.0309665375104013
1.0309665375104013
1.0304886232308705
1.0315968404480087
1.0330056605139977
1.0330056605139977
1.0330056605139977
1.0330056605139977
1.0330056605139977
1.0330056605139977
1.034226784625112
1.034226784625112
1.0346482331377713
1.0336261938558484
1.0336261938558484
1.034803461149551
1.034803461149551
1.034803461149551
1.034755042141281
1.034755042141281
1.034755042141281
1.0347144047336296
1.0347144047336296
1.0347144047336296
1.0347144047336296
1.0347144047336296
1.0347144047336296
1.0347144047336296
1.0347144047336296
1.0348057464668847
1.0348057464668847
1.0332501557894103
1.0332501557894103
1.0332501557894103
1.0346996333570073
1.0346996333570073
1.0346996333570073
1.0346996333570073
1.0346996333570073
1.0346996333570073
1.035418104489581
1.035418104489581
1.035418104489581
1.0348809790031157
1.0348809790031157
1.0338556127040117
1.0338556127040117
1.0338556127040117
1.0365896922091633
1.0365896922091633
1.0376115029393542
1.0375548937199313
1.0367052922462143
1.0367052922462143
1.0347994344082603
1.0347994344082603
1.033558917707882
1.0344931550526064
1.0344931550526064
1.0344931550526064
1.0344931550526064
1.035392983666595
1.035392983666595
1.035392983666595
1.035392983666595
1.0336075891896868
1.0336075891896868
1.034123602545298
1.0335580036878378
1.0353028966197844
1.0353028966197844
1.0353028966197844
1.0350255320541992
1.0350255320541992
1.0315217607141303
1.0313834289545323
1.0313834289545323
1.0313834289545323
1.0313834289545323
1.0294313722803914
1.0294313722803914
1.0294313722803914
1.0309185779940604
1.0304560266645604
1.0333317447057233
1.0336012413471414
1.0336012413471414
1.0336012413471414
1.0356978966764714
1.0343159473078076
1.0343159473078076
1.0346957319273267
1.0346957319273267
1.0346957319273267
1.035903362905255
1.035903362905255
1.035903362905255
1.035903362905255
1.0367915173298192
1.0367915173298192
1.037652541090616
1.0380591804514137
1.0380591804514137
1.0335289735218094
1.0326837076783502
1.0326837076783502
1.0326837076783502
1.0326222584246976
1.0326222584246976
1.0326022148079372
1.0322334501025432
1.0322334501025432
1.0322334501025432
1.0322334501025432
1.0322334501025432
1.032124563421683
1.032124563421683
1.032124563421683
1.032124563421683
1.0316088011856637
1.0312441063163045
1.0307686204725177
1.0296107564771715
1.0296107564771715
1.0287596055767811
1.029798988785039
1.0279228967661593
1.0279228967661593
1.0279228967661593
1.0291116746806854
1.032732881271852
1.032732881271852
1.0299806300080219
1.0299806300080219
1.0299806300080219
1.0299806300080219
1.0299806300080219
1.0299806300080219
1.028492301658513
1.028492301658513
1.0278333875114913
1.0278333875114913
1.027814991251484
1.0287658537441693
1.0287658537441693
1.0278744827188486
1.0278744827188486
1.0278744827188486
1.0278744827188486
1.0278744827188486
1.0278744827188486
1.029125696153315
1.026456944944134
1.0278214014888523
1.0259674166009647
1.0259674166009647
1.0259674166009647
1.0262415546649795
1.0262415546649795
1.0261012073636455
1.0261012073636455
1.0252976834874425
1.02501714515159
1.02501714515159
1.025717258820904
1.0265371229266156
1.0247507110210097
1.0247507110210097
1.0247507110210097
1.0261480091583817
1.0261480091583817
1.0261480091583817
1.0300372108601341
1.0300372108601341
1.0301610894049391
1.0301610894049391
1.0289274190442046
1.0289274190442046
1.0294188526615164
1.0294188526615164
1.0294188526615164
1.0294188526615164
1.0294188526615164
1.0294188526615164
1.0294188526615164
1.0294188526615164
1.0294188526615164
1.0299006151217616
1.0299006151217616
1.0299006151217616
1.0299006151217616
1.0283134129994167
1.0283134129994167
1.0297821837569507
1.0297821837569507
1.029410964991015
1.0302331652176053
1.0302331652176053
1.0289597939298012
1.0289597939298012
1.028315546975306
1.028315546975306
1.0299836662661166
1.0299836662661166
1.0299836662661166
1.0299836662661166
1.0305403055006113
1.0305403055006113
1.0305403055006113
1.0307864112812437
1.0307864112812437
1.03036316342708
1.03036316342708
1.03036316342708
1.03036316342708
1.0310180025727567
1.0310180025727567
1.0314383027134313
1.0308057456387982
1.0308057456387982
1.0315781767144037
1.0315781767144037
1.0315781767144037
1.0315781767144037
1.0315781767144037
1.0315781767144037
1.0311785955710833
1.0311785955710833
1.0303825272007285
1.0303825272007285
1.03274372725093
1.03274372725093
1.03274372725093
1.03274372725093
1.0322769638545293
1.0322769638545293
1.0306635061152494
1.031213781218636
1.0313904387721118
1.0317091694620455
1.0317091694620455
1.0317091694620455
1.0347115009014116
1.034976474895249
1.034976474895249
1.034976474895249
1.0357788801953411
1.0357788801953411
1.0347262280799872
1.0344033648770186
1.0344033648770186
1.0344033648770186
1.0330805741619136
1.0333698151646096
1.0357364572078396
1.0357744644017524
1.0357744644017524
1.0348035487923182
1.0348035487923182
1.0348035487923182
1.0348035487923182
1.0348035487923182
1.0342957932270638
1.0342957932270638
1.0349498775389077
1.0349498775389077
1.0349498775389077
1.0344131077587941
1.0313607871783075
1.0327810311510293
1.0337764621987793
1.0337145210814744
1.0337145210814744
1.0337145210814744
1.0363629395888296
1.0363629395888296
1.0363629395888296
1.0363629395888296
1.0363629395888296
1.0363629395888296
1.0363629395888296
1.0363629395888296
1.0366683744804557
1.0366683744804557
1.0360568614022392
1.0360568614022392
1.0360568614022392
1.0360568614022392
1.0363084988960782
1.0363084988960782
1.0363084988960782
1.0363084988960782
1.0363084988960782
1.0363084988960782
1.0345474241799952
1.0355499262644665
1.0355499262644665
1.0355499262644665
1.0368382217826915
1.0343914007529385
1.0338386710516752
1.0338386710516752
1.0338386710516752
1.0338386710516752
1.0338386710516752
1.0348259396374808
1.0348259396374808
1.0348259396374808
1.0318677689467404
1.0318677689467404
1.0318677689467404
1.0308272788691006
1.0308272788691006
1.0308272788691006
1.0298593295051792
1.0291317572376264
1.0289204017877882
1.0289204017877882
1.0288860473771633
1.0288860473771633
1.0298093029848323
1.0298093029848323
1.0298093029848323
1.0298093029848323
1.028934714382725
1.028934714382725
1.028934714382725
1.028934714382725
1.0305905457249847
1.0305905457249847
1.0305905457249847
1.0324139960498528
1.0315703640299783
1.0323409018825984
1.0323409018825984
1.0323409018825984
1.0333443017975796
1.0327904589608763
1.0327904589608763
1.032142956720631
1.0323942699822846
1.0323744059360327
1.0318184037361304
1.0318184037361304
1.0318184037361304
1.0333109718438689
1.0333109718438689
1.0333109718438689
1.0333109718438689
1.0333109718438689
1.0333109718438689
1.0332347804579276
1.0352131466234809
1.0352131466234809
1.0364125862044926
1.0364125862044926
1.0364125862044926
1.0364125862044926
1.0372998232755342
1.0367739118889054
1.0335724582467825
1.0335724582467825
1.0335724582467825
1.0335724582467825
1.0309141813898146
1.0309141813898146
1.0309141813898146
1.0323338544624698
1.0339234072046157
1.0339234072046157
1.0341374134744867
1.0341045319027753
1.0341045319027753
1.0341045319027753
1.0341045319027753
1.0341045319027753
1.0341045319027753
1.0356777741757155
1.0356777741757155
1.0356777741757155
1.0359845125236329
1.0359845125236329
1.0359845125236329
1.0359845125236329
1.03451278842304
1.03451278842304
1.03451278842304
1.03451278842304
1.03451278842304
1.03451278842304
1.03451278842304
1.03451278842304
1.03451278842304
1.03451278842304
1.03451278842304
1.03451278842304
1.03451278842304
1.0365042780354368
1.0365042780354368
1.0365042780354368
1.036906650322559
1.036906650322559
1.0366637052721988
1.0355144380515566
1.0355144380515566
1.0355144380515566
1.0355144380515566
1.0355144380515566
1.0355144380515566
1.0355144380515566
1.0367789755431764
1.0367789755431764
1.0367789755431764
1.0367789755431764
1.037110177440351
1.037110177440351
1.037110177440351
1.037110177440351
1.037110177440351
1.036017027014061
1.0367832070335175
1.0367832070335175
1.0364881703413151
1.0364881703413151
1.0336212729787504
1.0336212729787504
1.0320900172295013
1.0329389511450866
1.032284589150133
1.032284589150133
1.033216629207348
1.0332850368930233
1.0359592916520513
1.0359592916520513
1.0365285342945323
1.0365285342945323
1.0348303872823663
1.0378995970185805
1.0371128128382177
1.0371128128382177
1.0373869503119593
1.0373869503119593
1.036428236645583
1.0375413921783605
1.0392608950927706
1.0392608950927706
1.0392608950927706
1.0392608950927706
1.0392608950927706
1.039064488392814
1.0364251230336745
1.0379853116719855
1.0408442457823015
1.0408442457823015
1.0371389227621877
1.036290711893717
1.0332356507020515
1.0332356507020515
1.0338385025406889
1.0338385025406889
1.0338385025406889
1.0338385025406889
1.0343202667223628
1.0343202667223628
1.0361758991582009
1.0361758991582009
1.0361758991582009
1.0361758991582009
1.0361758991582009
1.03741318066062
1.0371564408485516
1.0371564408485516
1.0371564408485516
1.0371564408485516
1.0371564408485516
1.037091835311368
1.0347514654050582
1.0347514654050582
1.0345053257915682
1.0345053257915682
1.0345053257915682
1.0345053257915682
1.0345053257915682
1.0345053257915682
1.0345053257915682
1.0345053257915682
1.0355314609898787
1.0328607345461582
1.0328607345461582
1.0328607345461582
1.033268885841973
1.033268885841973
1.0342742308650748
1.0342742308650748
1.0342742308650748
1.032879828390434
1.032879828390434
1.032322922281195
1.032322922281195
1.032322922281195
1.032322922281195
1.034887190598282
1.034887190598282
1.034887190598282
1.034887190598282
1.034887190598282
1.0355150135482523
1.0355150135482523
1.0355150135482523
1.0355150135482523
1.0355150135482523
1.0355150135482523
1.0355150135482523
1.0355150135482523
1.0355150135482523
1.0355150135482523
1.0355150135482523
1.0355150135482523
1.0355150135482523
1.0334075244286918
1.0323348081384789
1.031570683074433
1.030586366900065
1.030586366900065
1.030586366900065
1.030586366900065
1.0306373044159391
1.0306373044159391
1.0306373044159391
1.0306373044159391
1.0306373044159391
1.0306373044159391
1.0306373044159391
1.0301748284583174
1.0301748284583174
1.0307647293724997
1.0308227165439072
1.0308227165439072
1.0308227165439072
1.0304915585858803
1.0303303726665165
1.0303303726665165
1.0303303726665165
1.0303303726665165
1.0294712340023624
1.0294712340023624
1.0294712340023624
1.031093959161171
1.031093959161171
1.031093959161171
1.0312566235815863
1.0314156096701435
1.0288121738250229
1.0288121738250229
1.0288121738250229
1.0293144004655999
1.0293144004655999
1.0289698859739043
1.0314603366340085
1.0314603366340085
1.0314603366340085
1.0314603366340085
1.0314603366340085
1.0314603366340085
1.0323925430427283
1.0323925430427283
1.0295399683958453
1.028478164339396
1.028478164339396
1.027464851550029
1.0275036388931291
1.0270130715954846
1.0283462028517205
1.0283462028517205
1.0283462028517205
1.0283462028517205
1.0283462028517205
1.0283462028517205
1.0279193395599069
1.0279193395599069
1.0279193395599069
1.0262969354565756
1.0262969354565756
1.0262969354565756
1.0271959384840947
1.0271959384840947
1.0290191341262311
1.0281175800110705
1.0264436739322462
1.0264436739322462
1.0264436739322462
1.027265195404487
1.027265195404487
1.027265195404487
1.027265195404487
1.0274451146790913
1.0274451146790913
1.027623885476602
1.027623885476602
1.0288887806361429
1.0288887806361429
1.0288887806361429
1.0271109904951523
1.0271109904951523
1.0271109904951523
1.0271109904951523
1.0271109904951523
1.028906608725435
1.0279208114575187
1.0308236692110102
1.0308236692110102
1.0308236692110102
1.0308236692110102
1.031612615534262
1.031612615534262
1.0328610665296563
1.0328610665296563
1.0328610665296563
1.0320100184371035
1.0320100184371035
1.031252853464082
1.031252853464082
1.0296035075931842
1.0296035075931842
1.0296035075931842
1.0273364418782118
1.0273364418782118
1.0266694295295586
1.0266694295295586
1.0266694295295586
1.0255780081861248
1.0251831038499433
1.024987964247627
1.0261251792663704
1.0261251792663704
1.0261251792663704
1.0261251792663704
1.026187399272005
1.0266630168682591
1.0266630168682591
1.0266630168682591
1.0290870233921559
1.0290870233921559
1.0290150262303612
1.0332908007209636
1.0332908007209636
1.0332908007209636
1.0332908007209636
1.0288369740146217
1.0288369740146217
1.0308332011469346
1.0304208108455968
1.0308522825613
1.0308522825613
1.0308522825613
1.0309789573709094
1.0309789573709094
1.0309789573709094
1.0309789573709094
1.0309789573709094
1.0334481195095946
1.0346781990658847
1.032241515127362
1.032241515127362
1.032241515127362
1.032241515127362
1.032241515127362
1.032241515127362
1.032241515127362
1.032241515127362
1.032241515127362
1.032241515127362
1.0325979592964307
1.0325979592964307
1.0325979592964307
1.0327756443358427
1.0346694926388584
1.0346694926388584
1.0320494082694693
1.0301423796405216
1.029438778945413
1.029438778945413
1.0301796319138485
1.0301796319138485
1.0301796319138485
1.0301796319138485
1.0301796319138485
1.0301796319138485
1.030769249166911
1.0331904682976223
1.0322986084449863
1.032208777699172
1.032208777699172
1.0336329721082367
1.0336329721082367
1.0341902697209344
1.0341902697209344
1.0346407616313538
1.0346407616313538
1.0346407616313538
1.0346407616313538
1.0332634217973797
1.0332634217973797
1.0332634217973797
1.0332634217973797
1.0345393872893074
1.0318986910099126
1.0318986910099126
1.0318986910099126
1.0345895197064672
1.0345895197064672
1.0345895197064672
1.0345895197064672
1.032158943585892
1.0327910203488346
1.0342403636533164
1.0342403636533164
1.0335096540121098
1.0335096540121098
1.0335096540121098
1.0347129188528492
1.0347129188528492
1.0347129188528492
1.0347129188528492
1.0347129188528492
1.0347129188528492
1.0327861358197872
1.033815145725231
1.033815145725231
1.0322074358643134
1.0322074358643134
1.0322074358643134
1.0327790590195391
1.0312858572471126
1.0312858572471126
1.0312858572471126
1.0312858572471126
1.0312858572471126
1.0312858572471126
1.0312858572471126
1.0312858572471126
1.0350670936904318
1.0350670936904318
1.0350807145056906
1.0350807145056906
1.0350807145056906
1.0325101669916452
1.0334999284687865
1.0359855904463033
1.0359855904463033
1.0350917693469395
1.0350917693469395
1.0350917693469395
1.0343403352369671
1.0343403352369671
1.0347053580753551
1.0338262126008457
1.0338262126008457
1.0338262126008457
1.0343697047929974
1.0343697047929974
1.0343697047929974
1.0358485101576242
1.0329244099185837
1.0329244099185837
1.0329244099185837
1.0318336289731895
1.0323367006294426
1.0323367006294426
1.0317831693221873
1.0316500675682132
1.0299912835990774
1.0299912835990774
1.0306279916096528
1.0306279916096528
1.0290021686655901
1.0290021686655901
1.0290021686655901
1.033584065922293
1.033584065922293
1.0301603790311593
1.0301603790311593
1.0301603790311593
1.0301603790311593
1.034828818345467
1.0354009970870774
1.0354009970870774
1.0354009970870774
1.0373949665657078
1.0375843424389397
1.0379165327929316
1.0379165327929316
1.0379165327929316
1.0379165327929316
1.0380863708805548
1.0380863708805548
1.0373406174235638
1.0394677879317862
1.0394677879317862
1.036819624133494
1.036819624133494
1.0366635590698936
1.0370471066535372
1.0370481711373514
1.0370481711373514
1.0370481711373514
1.0370481711373514
1.0391052743199234
1.0403417737778637
1.0418845753552297
1.0418845753552297
1.0418845753552297
1.0436117083867693
1.0436117083867693
1.0431362123199506
1.0434193632230777
1.0434193632230777
1.0434193632230777
1.0409149478971937
1.0409149478971937
1.0409149478971937
1.0409149478971937
1.0409149478971937
1.0409149478971937
1.0409149478971937
1.0409149478971937
1.043113858200832
1.043113858200832
1.043113858200832
1.0411772232061278
1.0430634347305383
1.0443840797296002
1.0443840797296002
1.0443840797296002
1.0403034538929483
1.0403034538929483
1.0400208827295554
1.0400208827295554
1.0392964198191141
1.0373989092857514
1.0373989092857514
1.0392874196563715
1.0392874196563715
1.0414837270920394
1.0414837270920394
1.0414837270920394
1.0412245185606956
1.0412245185606956
1.0412245185606956
1.0412245185606956
1.0412245185606956
1.0412245185606956
1.0412245185606956
1.03469756746357
1.03469756746357
1.0346572463336767
1.0327527798345977
1.035353060164919
1.035353060164919
1.035353060164919
1.0337601159126968
1.0337601159126968
1.0337601159126968
1.0337601159126968
1.0337601159126968
1.0337601159126968
1.0337601159126968
1.0306926065949373
1.0306926065949373
1.0319512024660398
1.0319762170362514
1.0307645951651603
1.0319904612809108
1.0319904612809108
1.0319904612809108
1.0319904612809108
1.0319904612809108
1.033222085578125
1.033222085578125
1.033222085578125
1.033222085578125
1.033222085578125
1.033222085578125
1.033222085578125
1.033222085578125
1.033222085578125
1.033222085578125
1.033222085578125
1.0344706238025243
1.0344706238025243
1.0344706238025243
1.0339802504015716
1.0339802504015716
1.0339802504015716
1.0339802504015716
1.0339802504015716
1.0339802504015716
1.0339802504015716
1.0339802504015716
1.032729670661767
1.0315760549220712
1.0355559955421667
1.0358491350262782
1.0322915179170535
1.0322915179170535
1.0322915179170535
1.0322915179170535
1.0322915179170535
1.0322915179170535
1.0322915179170535
1.0322915179170535
1.0322915179170535
1.0361807798520977
1.0361807798520977
1.037108840582022
1.0344898346009204
1.0330176062106136
1.0330176062106136
1.0319703988769962
1.0319703988769962
1.0319703988769962
1.0306928458179028
1.0296507980150542
1.0296507980150542
1.0296507980150542
1.0296507980150542
1.0296507980150542
1.0296507980150542
1.0296507980150542
1.0296507980150542
1.0305862803296457
1.0305862803296457
1.0305862803296457
1.0304867293550306
1.0324570116080505
1.0324570116080505
1.0324570116080505
1.0315564516695876
1.0310226671118823
1.0324691355964557
1.0324691355964557
1.0324691355964557
1.0324691355964557
1.0324691355964557
1.0324691355964557
1.033045746047002
1.035420498627017
1.035420498627017
1.0345072734904708
1.0353735840527023
1.0353735840527023
1.0353735840527023
1.0344534230902116
1.031498941998801
1.031498941998801
1.031498941998801
1.0294154576526233
1.0279322882429294
1.02843482147253
1.02843482147253
1.02843482147253
1.02843482147253
1.0252227188037226
1.027005185399852
1.0266484757773922
1.0266484757773922
1.0266484757773922
1.0266484757773922
1.0261656088270044
1.0261656088270044
1.0261656088270044
1.0293270129769034
1.0293270129769034
1.0288649205210947
1.0288649205210947
1.0293790626248955
1.0314030764681594
1.0314030764681594
1.0274980034595163
1.0282628950368886
1.028933730693736
1.028933730693736
1.028933730693736
1.0268819342968107
1.0295149262202286
1.0303013785739785
1.0303013785739785
1.0303013785739785
1.0303013785739785
1.032128130502962
1.032128130502962
1.030307795446914
1.030307795446914
1.030307795446914
1.030307795446914
1.0306543840360614
1.0323942666841295
1.0297317691099337
1.0297317691099337
1.0297317691099337
1.0297317691099337
1.0313056490461117
1.0309068928289427
1.0308406319284393
1.030211429761566
1.030211429761566
1.030211429761566
1.030211429761566
1.030211429761566
1.0315511788569436
1.0315511788569436
1.0315511788569436
1.0315511788569436
1.0315511788569436
1.0315511788569436
1.0321021311029868
1.0321021311029868
1.0321021311029868
1.0303491525522637
1.0279945411996902
1.0297616129800213
1.0297616129800213
1.0315705735705571
1.0301986743054756
1.0316132639281663
1.0316132639281663
1.0316132639281663
1.0316132639281663
1.0316132639281663
1.0316132639281663
1.0316132639281663
1.0316132639281663
1.03141176810033
1.03141176810033
1.03141176810033
1.0326068550519087
1.0326068550519087
1.0326068550519087
1.0326068550519087
1.0326068550519087
1.0326068550519087
1.0326068550519087
1.0323382271313126
1.029310734786011
1.029310734786011
1.029310734786011
1.029789190786511
1.0319279062551447
1.030414065790475
1.030414065790475
1.0339263796340175
1.0295274042694342
1.0295274042694342
1.0310477872615516
1.0310477872615516
1.0309391155524958
1.0309391155524958
1.029151575631527
1.0293608973206323
1.0293608973206323
1.031932684556918
1.0316133603170803
1.0316133603170803
1.0316133603170803
1.0316133603170803
1.0316133603170803
1.0313032550403567
1.0313032550403567
1.0313032550403567
1.0313032550403567
1.0313032550403567
1.0318215084130735
1.0318215084130735
1.0316626615710542
1.0316626615710542
1.0316626615710542
1.0316626615710542
1.0331133667077261
1.0336706791896266
1.0336706791896266
1.0336706791896266
1.0336706791896266
1.0336706791896266
1.0339128278191314
1.0310711146346974
1.0310478176740718
1.0310478176740718
1.0308415587114736
1.0293240404449768
1.0280210753403158
1.0280210753403158
1.0280210753403158
1.0280210753403158
1.0287061730305744
1.0287061730305744
1.0287061730305744
1.0287061730305744
1.0287061730305744
1.0287061730305744
1.0277710203529489
1.0277710203529489
1.0304943475540438
1.0304943475540438
1.0304943475540438
1.0304943475540438
1.026610191322265
1.026610191322265
1.026610191322265
1.026610191322265
1.026610191322265
1.027845321486891
1.027845321486891
1.027845321486891
1.028337644423322
1.026623911996769
1.026623911996769
1.0293640249773617
1.0293640249773617
1.0293640249773617
1.0326386073465483
1.0306979931607145
1.0306979931607145
1.0306979931607145
1.0323515937720162
1.032971074151864
1.032971074151864
1.032533928119234
1.0330971303239194
1.0330971303239194
1.032042527436717
1.0305921770320718
1.0305339133697948
1.0295309650941478
1.0291520294626748
1.030769770718859
1.0307518558870405
1.0307518558870405
1.0307518558870405
1.0294736915124203
1.029132901771106
1.029132901771106
1.029132901771106
1.029132901771106
1.0297451382463274
1.0297451382463274
1.0307579676450118
1.0307579676450118
1.0307579676450118
1.0307579676450118
1.0307579676450118
1.0285123871922033
1.0285123871922033
1.0285123871922033
1.0285123871922033
1.0279009195054332
1.0295014206658895
1.0295014206658895
1.0316508382903906
1.0305344328866275
1.0305344328866275
1.0293754555519739
1.0293754555519739
1.0293754555519739
1.0293754555519739
1.0315286915357045
1.0315286915357045
1.0308294328398864
1.0308294328398864
1.0325706159528358
1.0325706159528358
1.0327834989534754
1.0342669234938093
1.0348712300641125
1.0348712300641125
1.035059222949892
1.035059222949892
1.0361115192349466
1.035170669741532
1.033846506668692
1.033846506668692
1.033846506668692
1.032312866624649
1.032312866624649
1.032312866624649
1.032312866624649
1.03358465780283
1.03358465780283
1.03358465780283
1.03358465780283
1.03358465780283
1.03358465780283
1.03358465780283
1.0330750888398095
1.0331759497649022
1.0331759497649022
1.0331759497649022
1.0331759497649022
1.0331759497649022
1.0329574934898687
1.0329574934898687
1.0338958186192753
1.0338958186192753
1.0324864106057745
1.0352300565727592
1.0342595968871573
1.0342595968871573
1.0341425080176532
1.0341425080176532
1.0319263943638155
1.0319263943638155
1.0319263943638155
1.0319263943638155
1.0317135769934225
1.0322619909082336
1.0322619909082336
1.032119262605189
1.032119262605189
1.0310157906578294
1.02959252918057
1.02959252918057
1.0286439525475468
1.028689413811458
1.028689413811458
1.0296577783215228
1.0296577783215228
1.0296577783215228
1.0296577783215228
1.0296577783215228
1.0296577783215228
1.0278386876659797
1.0278386876659797
1.0274159782102832
1.026845700530837
1.026845700530837
1.026845700530837
1.0244961844563258
1.0254459752427145
1.0254459752427145
1.0254459752427145
1.0254459752427145
1.0254459752427145
1.0259273302096936
1.0259273302096936
1.025060545861779
1.025060545861779
1.0242271638252658
1.0242271638252658
1.0242271638252658
1.0255369551910705
1.0255369551910705
1.0255369551910705
1.0269609587031303
1.0271787080190478
1.0276418844131383
1.0283449667252331
1.0283449667252331
1.026971954042176
1.0263861254220554
1.0277090793291914
1.0277090793291914
1.0277090793291914
1.027958225833373
1.027958225833373
1.029104342042943
1.029104342042943
1.029104342042943
1.029104342042943
1.028035591841168
1.028035591841168
1.028035591841168
1.0277099402825116
1.0280936325866412
1.0246536685017662
1.0246536685017662
1.0262798944384013
1.0281406014683918
1.0281406014683918
1.033534699908088
1.033534699908088
1.033534699908088
1.033534699908088
1.033324268565558
1.033324268565558
1.033324268565558
1.033324268565558
1.033324268565558
1.033324268565558
1.0350685657956349
1.0335473301317444
1.0335473301317444
1.0337947040398765
1.0312244652877829
1.0316200486353164
1.0316200486353164
1.0316200486353164
1.0316200486353164
1.0316200486353164
1.0327438512052904
1.0327438512052904
1.0327438512052904
1.0327438512052904
1.0327438512052904
1.0348968345653844
1.0348968345653844
1.0348968345653844
1.0348968345653844
1.0342081858834524
1.0342081858834524
1.0339473457146349
1.0339473457146349
1.033782196796901
1.033782196796901
1.0333955098803134
1.0333955098803134
1.0333955098803134
1.0333955098803134
1.0333955098803134
1.03288512671619
1.03288512671619
1.03288512671619
1.03288512671619
1.03288512671619
1.0339596257551324
1.0339596257551324
1.0339596257551324
1.034441451698898
1.034441451698898
1.0341787914509168
1.0331838081188451
1.0319844164764627
1.0319844164764627
1.0301024752325063
1.0301024752325063
1.0301024752325063
1.0301024752325063
1.0301024752325063
1.0301024752325063
1.0303799815164507
1.0296639815716588
1.0322024891580746
1.0320641218126712
1.0320641218126712
1.0333244583838557
1.0340392098108881
1.0340392098108881
1.0340392098108881
1.0329522123074035
1.033295967789189
1.033295967789189
1.0319188851944443
1.0319188851944443
1.0319188851944443
1.0319188851944443
1.0319188851944443
1.0319188851944443
1.0356346055436936
1.0354457164750253
1.0333876039082057
1.0338047831179475
1.0338047831179475
1.0338047831179475
1.0338047831179475
1.0338047831179475
1.0338047831179475
1.0366563085397125
1.0384419946836903
1.0384419946836903
1.0348885241658052
1.0350961385673243
1.0381450892169106
1.0370494126812113
1.0357434457657764
1.0357434457657764
1.0357434457657764
1.0355211298145737
1.0355211298145737
1.0370538732776873
1.0370538732776873
1.035842368540015
1.035842368540015
1.0345795234837416
1.033207955586164
1.0364440120575995
1.0364440120575995
1.0364440120575995
1.0362079346013071
1.0348289510400004
1.0348289510400004
1.0348289510400004
1.0385709277381858
1.0375961438674592
1.0375961438674592
1.0375961438674592
1.0375961438674592
1.0375961438674592
1.0375961438674592
1.037154117236569
1.0359877663970682
1.0359877663970682
1.0389955077766395
1.0380842877791396
1.0386610700818917
1.0386610700818917
1.0405123851838642
1.0405123851838642
1.0405123851838642
1.0372801814196095
1.0372801814196095
1.0372801814196095
1.0367994376972423
1.0367994376972423
1.0367994376972423
1.0367994376972423
1.0367994376972423
1.0365510433557639
1.0365510433557639
1.0372952050845414
1.0372952050845414
1.0372952050845414
1.0372952050845414
1.0372952050845414
1.0343531781923627
1.0339773072908127
1.0383503845234259
1.0383503845234259
1.0381719462025103
1.0381719462025103
1.0381719462025103
1.0369449408701237
1.0369449408701237
1.0369449408701237
1.0369449408701237
1.0369449408701237
1.0369449408701237
1.0352606099371626
1.0352606099371626
1.0352606099371626
1.0352606099371626
1.0348428097395774
1.0324682855684129
1.0324682855684129
1.0324682855684129
1.0338836949764303
1.0338836949764303
1.0338836949764303
1.0338836949764303
1.0344334805143975
1.0334549086368017
1.0334549086368017
1.0334549086368017
1.0359805034192975
1.0379493669034325
1.0379493669034325
1.0379493669034325
1.0377579578682996
1.0377579578682996
1.0377579578682996
1.0377579578682996
1.0377579578682996
1.0377579578682996
1.0374134999707312
1.037283458360466
1.037283458360466
1.0320602756460306
1.0332226972519565
1.0321605577660906
1.0321605577660906
1.0316636078636827
1.03218521371788
1.0336444176967647
1.0336444176967647
1.0333271073764614
1.0323243340350687
1.0323243340350687
1.0324499102099443
1.0335896935994853
1.0335896935994853
1.0335896935994853
1.0335896935994853
1.0345476922094157
1.0353726850221054
1.0353726850221054
1.0330426291009112
1.0325389013151975
1.0325389013151975
1.0325389013151975
1.0334110389100022
1.0334110389100022
1.0334110389100022
1.0351517378185273
1.0373055507782556
1.0373055507782556
1.0373055507782556
1.0373055507782556
1.0373055507782556
1.0373055507782556
1.0373055507782556
1.0373055507782556
1.0376352285892227
1.0376352285892227
1.0376352285892227
1.037332477456041
1.037332477456041
1.037332477456041
1.03642814164796
1.03642814164796
1.03642814164796
1.03642814164796
1.03642814164796
1.03642814164796
1.0368028469521335
1.0368028469521335
1.034106793714527
1.034106793714527
1.034106793714527
1.034106793714527
1.034106793714527
1.034106793714527
1.034106793714527
1.034106793714527
1.0359757886383765
1.0359757886383765
1.0359938321953175
1.0352148120682856
1.0354670657225002
1.0354670657225002
1.0354670657225002
1.0348248300235499
1.035692404394678
1.035692404394678
1.035692404394678
1.038271318731804
1.0381088572343404
1.0381088572343404
1.0381088572343404
1.0381088572343404
1.0383302546355684
1.0383302546355684
1.0383302546355684
1.035605081596107
1.0349050389239616
1.0334644793376084
1.0310417455245204
1.0314539838753574
1.0314539838753574
1.0283887284135986
1.027734561477248
1.0280262915330487
1.0280262915330487
1.0307623758116649
1.0307623758116649
1.0290761052475939
1.0290761052475939
1.029757481605045
1.0284127310125422
1.0272851152467617
1.0272851152467617
1.0304210153331512
1.0307136155620786
1.033705476461784
1.0334732056391314
1.035262211215019
1.035262211215019
1.0321509313529549
1.0321509313529549
1.0321509313529549
1.0321509313529549
1.0321509313529549
1.0324427984673759
1.0324427984673759
1.0324427984673759
1.0324427984673759
1.0322371550318896
1.0322371550318896
1.0325025800943497
1.0292933989066995
1.0292933989066995
1.0327092967704075
1.0327092967704075
1.0327092967704075
1.0327092967704075
1.0327092967704075
1.0327092967704075
1.0340404476886895
1.034272994768671
1.034272994768671
1.034272994768671
1.035342374833882
1.035342374833882
1.035342374833882
1.035342374833882
1.035342374833882
1.035342374833882
1.035342374833882
1.0364583373379557
1.036383558437391
1.0373817389663376
1.0373817389663376
1.0373817389663376
1.0373817389663376
1.0373817389663376
1.036053772213072
1.036053772213072
1.0367834517946841
1.0367834517946841
1.035759959563816
1.035759959563816
1.038333526723308
1.0361876202152434
1.0361876202152434
1.0361876202152434
1.0361876202152434
1.0390954025738917
1.0390954025738917
1.0390954025738917
1.0390954025738917
1.0390954025738917
1.0398195720566803
1.0398195720566803
1.038496481180589
1.038496481180589
1.0387940542373126
1.0377032418978716
1.0377032418978716
1.0377032418978716
1.0350631636188654
1.0349773488610137
1.0354327309745501
1.036064631749143
1.036064631749143
1.036064631749143
1.0351751467448178
1.0351751467448178
1.0351751467448178
1.0374630207774669
1.0374630207774669
1.0374630207774669
1.0374630207774669
1.0374630207774669
1.0374630207774669
1.0374630207774669
1.0374630207774669
1.0374630207774669
1.0381124181266157
1.0381124181266157
1.0381124181266157
1.0381124181266157
1.0381124181266157
1.0381124181266157
1.0381124181266157
1.0381124181266157
1.0381124181266157
1.0381124181266157
1.0381124181266157
1.0381124181266157
1.0381124181266157
1.0381124181266157
1.0381124181266157
1.0404740233221612
1.0393824913668286
1.040277168975808
1.0391965884422252
1.0391965884422252
1.0379519399218018
1.0379519399218018
1.0379519399218018
1.0379519399218018
1.0389750810598848
1.0389750810598848
1.0366221310533
1.0366221310533
1.0394515260741914
1.0394515260741914
1.0394515260741914
1.0400928795550624
1.0393339861380424
1.0390171405354407
1.0392626198883805
1.0392626198883805
1.0373329118036905
1.0373329118036905
1.0383787241611226
1.0380631445054747
1.0380631445054747
1.0380631445054747
1.0368266437144018
1.0368266437144018
1.0365758507747547
1.0365758507747547
1.0365466461527444
1.0365466461527444
1.0365466461527444
1.0365466461527444
1.0365466461527444
1.0363897186418065
1.0396904599032344
1.0396904599032344
1.0396904599032344
1.0395172480361887
1.0395172480361887
1.0395172480361887
1.0395172480361887
1.0361027996376186
1.0361027996376186
1.0360532529843214
1.0360532529843214
1.0360532529843214
1.0376463912619354
1.0376463912619354
1.0376463912619354
1.0382164261404259
1.0373040146714336
1.0379133278068022
1.034793012125388
1.0331973717605805
1.031884541395422
1.031884541395422
1.0318913542492096
1.0318913542492096
1.0318913542492096
1.0318913542492096
1.0318913542492096
1.0322896243085211
1.0322896243085211
1.0328507130399933
1.0328507130399933
1.0328507130399933
1.0329452318030181
1.0329452318030181
1.0341883989769272
1.0331994199563137
1.0331994199563137
1.0331994199563137
1.033565026338007
1.0352733367779017
1.0352733367779017
1.0352733367779017
1.0363349012427545
1.0343134616037564
1.0343134616037564
1.0343134616037564
1.0342004678881815
1.0343375298468174
1.0343375298468174
1.032871449337315
1.032871449337315
1.0350439715499855
1.0350439715499855
1.0343009713303954
1.0343009713303954
1.0343009713303954
1.0350705515836764
1.0350705515836764
1.0350705515836764
1.0350705515836764
1.0329365321563102
1.0329365321563102
1.0329365321563102
1.0329365321563102
1.0312168540216573
1.0312168540216573
1.0312168540216573
1.0312168540216573
1.0312168540216573
1.0312168540216573
1.0312168540216573
1.0312168540216573
1.0312168540216573
1.0312168540216573
1.0335823703796982
1.033266114905731
1.033266114905731
1.0360252416359315
1.0339277750881657
1.0339277750881657
1.0339277750881657
1.0339277750881657
1.0344672732190623
1.0352639360438136
1.0352639360438136
1.0352639360438136
1.0351284068070004
1.0351284068070004
1.0331708711552072
1.0341647715689586
1.0341647715689586
1.0332706174982818
1.0332706174982818
1.0342191157124272
1.0354885026591494
1.037707793266029
1.037707793266029
1.037707793266029
1.037707793266029
1.037707793266029
1.037707793266029
1.037707793266029
1.0356129960334366
1.0356129960334366
1.0356129960334366
1.0356129960334366
1.0358240329926947
1.0358240329926947
1.0357487789543163
1.0357229086043616
1.0376339846570977
1.0376339846570977
1.0381881098828212
1.0383135342765968
1.0383135342765968
1.0368483695423674
1.0368483695423674
1.0368483695423674
1.0368483695423674
1.0368133795433958
1.034506647252276
1.034506647252276
1.034506647252276
1.0360994906297991
1.0328189727746775
1.035049516367296
1.035049516367296
1.035049516367296
1.0361734434864185
1.0338034006282244
1.0338466840013716
1.033359503450895
1.033359503450895
1.0327664019304608
1.0335731612136212
1.0335731612136212
1.0335731612136212
1.0335731612136212
1.0336358779010193
1.0336358779010193
1.0336358779010193
1.0336358779010193
1.0336358779010193
1.0336358779010193
1.0336358779010193
1.0333391790252782
1.0333391790252782
1.0323001875416058
1.0346513263614996
1.0346513263614996
1.0354223215540461
1.0354223215540461
1.0354223215540461
1.0354223215540461
1.0306811922809949
1.0306811922809949
1.0306811922809949
1.0321348830877723
1.0321348830877723
1.0343054165828802
1.0343054165828802
1.0343054165828802
1.0353101543179934
1.0353101543179934
1.0353101543179934
1.0358783024535623
1.0358783024535623
1.0349144896936466
1.0349144896936466
1.0349144896936466
1.0349144896936466
1.0349144896936466
1.0349144896936466
1.0354137346844265
1.0353751068198693
1.0353751068198693
1.0345774751358394
1.0314286413580183
1.0314286413580183
1.0314286413580183
1.0313201613126795
1.0313201613126795
1.0313201613126795
1.0314504506415534
1.0301231482640594
1.0301231482640594
1.0301231482640594
1.0301231482640594
1.030676425844107
1.029415659605399
1.0312813992811058
1.0312813992811058
1.0312813992811058
1.0312813992811058
1.032900185840121
1.032900185840121
1.0328139271851866
1.0328139271851866
1.0328139271851866
1.0341095942673402
1.035340302363111
1.035340302363111
1.032447400425992
1.0355926737405443
1.034693839429052
1.0340026880444577
1.0329633732577101
1.0327585794987737
1.0327585794987737
1.031130567269748
1.0301245757680577
1.0310064936240153
1.0315334516500523
1.0330010428038898
1.0330010428038898
1.0330010428038898
1.0330010428038898
1.0352165090074628
1.0352165090074628
1.0352165090074628
1.0329407908528772
1.0329407908528772
1.0329407908528772
1.0329407908528772
1.0343461933694775
1.0343461933694775
1.0365284460397826
1.0365284460397826
1.0365284460397826
1.0370817969248884
1.039923752017252
1.0411832490650812
1.0411832490650812
1.0386709603229116
1.0370968319247467
1.0370968319247467
1.0370968319247467
1.0370968319247467
1.0370968319247467
1.0367573655967701
1.0374572795591515
1.0374572795591515
1.0374572795591515
1.0374572795591515
1.037294924428997
1.0378376940570369
1.0340104439713584
1.0342036497412537
1.0342036497412537
1.0342036497412537
1.0342036497412537
1.0342036497412537
1.0342036497412537
1.0342036497412537
1.0342036497412537
1.0342036497412537
1.0350931575422855
1.0339963676807562
1.0336120171697556
1.033902831784554
1.033902831784554
1.033902831784554
1.0338847911069062
1.0338847911069062
1.0338847911069062
1.035039116017297
1.035039116017297
1.035200697589481
1.035200697589481
1.035200697589481
1.035200697589481
1.035200697589481
1.0356759255900878
1.0356759255900878
1.0363215558109429
1.0363215558109429
1.0358777596763171
1.0373214239154176
1.0373214239154176
1.0376994643992083
1.0384543573229768
1.0384543573229768
1.0384543573229768
1.0384543573229768
1.0384543573229768
1.0369410737983566
1.039467148027345
1.039467148027345
1.039467148027345
1.039467148027345
1.039467148027345
1.0365923559587216
1.0365923559587216
1.0365923559587216
1.0365923559587216
1.0365923559587216
1.0365923559587216
1.0372364309028983
1.0372364309028983
1.037860852195156
1.035893179436707
1.035893179436707
1.038646798477011
1.038646798477011
1.0394990298757567
1.0394990298757567
1.0394990298757567
1.0394990298757567
1.0394990298757567
1.0378343483533472
1.0382857131456913
1.0361068979120949
1.0371437971705222
1.0377878505480378
1.0377878505480378
1.0377878505480378
1.0311794383349622
1.0311794383349622
1.0311794383349622
1.0315536060469541
1.0315536060469541
1.0315536060469541
1.0315536060469541
1.0315536060469541
1.0315536060469541
1.032720784628324
1.032720784628324
1.0331762304383234
1.0331762304383234
1.0364215460695978
1.0362659535621315
1.0366844702860087
1.0366844702860087
1.0366844702860087
1.0366844702860087
1.0366844702860087
1.033640812531686
1.0343668837020443
1.0343668837020443
1.03774502055991
1.03774502055991
1.03774502055991
1.0375235093016042
1.037961363347574
1.037961363347574
1.037961363347574
1.037961363347574
1.037961363347574
1.037961363347574
1.037961363347574
1.0389958924792355
1.0389958924792355
1.0396332566192816
1.0396332566192816
1.042370331408862
1.042370331408862
1.042370331408862
1.042370331408862
1.0414456105852492
1.0398019805489722
1.0391092148517198
1.0382657508445492
1.0366797166568884
1.0366797166568884
1.0366797166568884
1.0366554454656651
1.0366554454656651
1.0355895315228867
1.0380460585339506
1.0366535808120168
1.0351941468301518
1.0351941468301518
1.0350483854212909
1.0350483854212909
1.0350483854212909
1.0350483854212909
1.0350483854212909
1.0350483854212909
1.037506187399318
1.0344505412429161
1.0344505412429161
1.0344505412429161
1.0344505412429161
1.0344505412429161
1.0344505412429161
1.0344505412429161
1.0344505412429161
1.0344505412429161
1.0344505412429161
1.0356604847465678
1.038061668550032
1.037124240752952
1.0384255665167144
1.0384255665167144
1.0384255665167144
1.036365413822278
1.036365413822278
1.0395946994249534
1.0394021826702142
1.0354889020686502
1.036857125584356
1.0374575369012027
1.0374575369012027
1.0374575369012027
1.0392646970366803
1.0392646970366803
1.0403828076436623
1.0403828076436623
1.0403828076436623
1.0403828076436623
1.0403828076436623
1.0403828076436623
1.0393516602878654
1.0393516602878654
1.0388126459369016
1.0388126459369016
1.0388126459369016
1.0397586758244284
1.0406247867568479
1.0378312677885426
1.0379760649890626
1.0379760649890626
1.0396909985268077
1.0396909985268077
1.0396909985268077
1.0396909985268077
1.0396909985268077
1.0396909985268077
1.0406681714854016
1.0388276495376503
1.0388276495376503
1.0368416130253133
1.0371384369868895
1.0371384369868895
1.0371384369868895
1.0371384369868895
1.0371384369868895
1.0371384369868895
1.0371384369868895
1.0371384369868895
1.036669114387424
1.0353640433904951
1.0353640433904951
1.0353640433904951
1.0353640433904951
1.0353640433904951
1.0311838631824382
1.0311838631824382
1.0311838631824382
1.0302196610757286
1.0320094668826039
1.033862982168822
1.0318007340505404
1.0318007340505404
1.03338967917354
1.03338967917354
1.03338967917354
1.03338967917354
1.0318328884185517
1.0318328884185517
1.0318328884185517
1.0357177650611482
1.0357177650611482
1.0357177650611482
1.0357177650611482
1.0357177650611482
1.034962229209224
1.0343193596187934
1.0343193596187934
1.0343193596187934
1.0331132762845159
1.0331132762845159
1.0331132762845159
1.0331132762845159
1.0331132762845159
1.0331132762845159
1.0340743223019517
1.0340743223019517
1.0328616213365531
1.0326202513257485
1.0321990213942058
1.0321990213942058
1.0321990213942058
1.0323769499452016
1.0323769499452016
1.0325685303263454
1.0325685303263454
1.0325685303263454
1.0325685303263454
1.0325685303263454
1.0325685303263454
1.0330552964499384
1.0330552964499384
1.0330552964499384
1.0330552964499384
1.0330552964499384
1.0330552964499384
1.0299969131410993
1.0299969131410993
1.0316030751875302
1.0306560466476369
1.0306560466476369
1.0327531917114074
1.0327531917114074
1.0315021634250254
1.0300434341611895
1.0300434341611895
1.0300434341611895
1.0300434341611895
1.0294160291353782
1.0294160291353782
1.0294160291353782
1.030965857925285
1.030965857925285
1.030965857925285
1.030965857925285
1.030965857925285
1.0290526942916667
1.0290526942916667
1.0290526942916667
1.0272932050251502
1.028141845698906
1.0290550529189328
1.0290550529189328
1.0290657053338204
1.0290657053338204
1.027682427089059
1.0280938121111711
1.0282611204161165
1.0282611204161165
1.0282611204161165
1.0293264077356734
1.0293264077356734
1.0293264077356734
1.0293264077356734
1.0293264077356734
1.0293264077356734
1.0301797622408857
1.0322745888290874
1.0322745888290874
