0.9688471327860347
0.9688471327860347
0.9688471327860347
0.9688471327860347
0.9688471327860347
0.9688471327860347
0.9688471327860347
0.9688471327860347
0.9688471327860347
0.9688471327860347
0.9688471327860347
0.9688471327860347
0.9688471327860347
0.9688471327860347
0.9688471327860347
0.9688471327860347
0.9688471327860347
0.9688471327860347
0.9688471327860347
0.9688471327860347
0.9688471327860347
0.9688471327860347
0.9688471327860347
0.9688471327860347
0.9688471327860347
0.9688471327860347
0.9688471327860347
0.9688471327860347
0.9688471327860347
0.9688471327860347
0.9688471327860347
0.9688471327860347
0.9688471327860347
0.9688471327860347
0.9688471327860347
0.9688471327860347
0.9688471327860347
0.9688471327860347
0.9688471327860347
0.9688471327860347
0.9688471327860347
0.9688471327860347
0.9688471327860347
0.9688471327860347
0.9688471327860347
0.9688471327860347
0.9688471327860347
0.9688471327860347
0.9688471327860347
0.9688471327860347
0.9688471327860347
0.9688471327860347
0.9688471327860347
0.9688471327860347
0.9688471327860347
0.9688471327860347
0.9688471327860347
0.9688471327860347
0.9688471327860347
0.9688471327860347
0.9688471327860347
0.9688471327860347
0.9688471327860347
0.9688471327860347
0.9688471327860347
0.9688471327860347
0.9688471327860347
0.9688471327860347
0.9688471327860347
0.9688471327860347
0.9688471327860347
0.9688471327860347
0.9688471327860347
0.9688471327860347
0.9688471327860347
0.9688471327860347
0.9688471327860347
0.9688471327860347
0.9688471327860347
0.9688471327860347
0.9688471327860347
0.9688471327860347
0.9688471327860347
0.9688471327860347
0.9688471327860347
0.9688471327860347
0.9688471327860347
0.9688471327860347
0.9688471327860347
0.9688471327860347
0.9688471327860347
0.9688471327860347
0.9688471327860347
0.9688471327860347
0.9688471327860347
0.9688471327860347
0.9688471327860347
0.9688471327860347
0.9688471327860347
0.9688471327860347
0.9688471327860347
0.97211869251303
0.9743442144348925
0.9770887411741447
0.9770887411741447
0.9770887411741447
0.9770887411741447
0.982567856997376
0.9873463004063061
0.9873463004063061
0.9873463004063061
0.9900851523462967
0.9901892422771273
0.9901892422771273
0.9906459507426385
0.9906459507426385
0.9906459507426385
0.9933934090356038
0.9932066023576905
0.9932066023576905
0.9930797175637699
0.9930797175637699
0.9930797175637699
0.993908929902523
0.9956893729141856
0.9956893729141856
0.9956893729141856
0.9956893729141856
1.0008358352741833
1.0015607370965662
1.0026749966822328
1.0036560577562035
1.0090932224734146
1.0092511594602085
1.0092511594602085
1.0091178294772056
1.0094875283338387
1.0094875283338387
1.0149984430695778
1.0149984430695778
1.015793824491592
1.0191732140167418
1.0191732140167418
1.0192860812957474
1.0192860812957474
1.0199667910077097
1.0205235825321526
1.0205235825321526
1.0214324538677841
1.025018772128723
1.025018772128723
1.0253636745246106
1.0262127220322514
1.0262127220322514
1.0262127220322514
1.0267470276154558
1.0267470276154558
1.0267470276154558
1.0273781737177305
1.0294607449048399
1.0290719784452955
1.0290719784452955
1.0290719784452955
1.0296623064294559
1.0304897595512408
1.0304897595512408
1.033902431589288
1.033902431589288
1.033902431589288
1.033902431589288
1.0319676599228649
1.0319676599228649
1.0319676599228649
1.0294814217969042
1.0308706288063825
1.0308706288063825
1.0308706288063825
1.0324940398472107
1.0313732644656854
1.0313732644656854
1.0340336980595513
1.0340336980595513
1.0340336980595513
1.0373470406592913
1.0373470406592913
1.0373470406592913
1.03685127900059
1.0351789890712109
1.034120953305146
1.034120953305146
1.034120953305146
1.0385940704583039
1.038509833770486
1.0354430752030617
1.0379560192881345
1.0378820543872187
1.0378820543872187
1.0378820543872187
1.0386982901328639
1.0386982901328639
1.0386982901328639
1.0386982901328639
1.0386982901328639
1.0390730113786972
1.0390730113786972
1.0374420572385246
1.0363040917121864
1.0369673778348605
1.0347802397781913
1.0347802397781913
1.0347802397781913
1.0347802397781913
1.0347802397781913
1.0347802397781913
1.0347802397781913
1.0347802397781913
1.0347802397781913
1.0343951693857647
1.0343951693857647
1.0340592501658665
1.035203017947574
1.035203017947574
1.0339559979452098
1.032437140385133
1.032437140385133
1.032437140385133
1.032437140385133
1.032437140385133
1.0338613686932587
1.0338613686932587
1.0338613686932587
1.0338613686932587
1.0338613686932587
1.0338613686932587
1.0338613686932587
1.0338613686932587
1.0338613686932587
1.0338613686932587
1.0338613686932587
1.03005966127012
1.03005966127012
1.03005966127012
1.03005966127012
1.0305583487343015
1.0305583487343015
1.0305583487343015
1.030616516513536
1.030616516513536
1.0303040206662106
1.031337947000091
1.0306649817107032
1.0316998603248762
1.0316998603248762
1.0316998603248762
1.0316998603248762
1.031528539323438
1.0330988053379806
1.0320444733154233
1.0320444733154233
1.0320444733154233
1.0320444733154233
1.0326875638607458
1.0318820180647579
1.0315994467739849
1.032607253984568
1.032607253984568
1.032607253984568
1.0322063608844945
1.0322063608844945
1.0322063608844945
1.0323926204003855
1.0324401628072621
1.0305127485148458
1.0310354417876095
1.0312734263084016
1.0310201245342652
1.0310201245342652
1.0310201245342652
1.0310201245342652
1.0315465096373784
1.0316828684316404
1.0320964552544125
1.0320964552544125
1.0304816262286038
1.0313332693754822
1.0309287940268854
1.0308987442517057
1.0308987442517057
1.0289961490429753
1.0314957854614188
1.0314957854614188
1.0308041006948345
1.0323934205512235
1.0323934205512235
1.0340181876226537
1.0331062835193496
1.0331062835193496
1.0331062835193496
1.0331062835193496
1.0341853730552686
1.0341853730552686
1.036092089220668
1.0361928299473784
1.0348830580179313
1.0348830580179313
1.034436878540373
1.034436878540373
1.034436878540373
1.034436878540373
1.034436878540373
1.034436878540373
1.034436878540373
1.0321575637211253
1.0321575637211253
1.0321575637211253
1.0321575637211253
1.0321575637211253
1.0321575637211253
1.0321575637211253
1.0312431521023233
1.031873472060664
1.031873472060664
1.030157997130231
1.030157997130231
1.030157997130231
1.030157997130231
1.0300639571717192
1.0308214935119147
1.0308214935119147
1.0317216887372636
1.03203735194521
1.0317629824691454
1.0317629824691454
1.0338502281087005
1.0338502281087005
1.0338502281087005
1.0346140265566706
1.0346140265566706
1.0346140265566706
1.0346140265566706
1.0346140265566706
1.0346140265566706
1.0351026967334533
1.0351026967334533
1.0351026967334533
1.0351026967334533
1.0346395189077577
1.0346395189077577
1.0346395189077577
1.0346395189077577
1.0346395189077577
1.0346395189077577
1.0359696019367033
1.0359696019367033
1.0359696019367033
1.0359696019367033
1.0309656108578324
1.0309656108578324
1.0309656108578324
1.0309656108578324
1.0309656108578324
1.0309656108578324
1.0309656108578324
1.0309656108578324
1.0309656108578324
1.0309656108578324
1.0311728490497674
1.0311728490497674
1.0328984884141503
1.0328984884141503
1.0336882117614665
1.0336882117614665
1.0311440058525088
1.0311440058525088
1.0311440058525088
1.0311440058525088
1.0311440058525088
1.0311440058525088
1.0311440058525088
1.0311440058525088
1.0327464905099988
1.0327464905099988
1.0332474214044562
1.0332474214044562
1.0348129530050996
1.0348129530050996
1.0310825078993198
1.0334980834339798
1.0334980834339798
1.0334980834339798
1.0334980834339798
1.0334980834339798
1.0334980834339798
1.0334980834339798
1.0334980834339798
1.0334980834339798
1.033778503175848
1.033778503175848
1.033778503175848
1.033778503175848
1.033778503175848
1.0310961306010327
1.0310961306010327
1.0310961306010327
1.0310961306010327
1.0288483763259615
1.0329823474778312
1.0329823474778312
1.0335594831170771
1.035233707939685
1.035291992940826
1.035291992940826
1.035291992940826
1.035291992940826
1.035291992940826
1.035291992940826
1.0341240664544542
1.0355462968105917
1.0355462968105917
1.03225123019263
1.0329114198741924
1.0329114198741924
1.0329114198741924
1.0314103797373713
1.0318317941297135
1.0318317941297135
1.0318317941297135
1.0318317941297135
1.0331355014669434
1.0339301309193873
1.0339301309193873
1.0331019980099918
1.0331019980099918
1.0331019980099918
1.0347922524702473
1.0351135060056396
1.0351135060056396
1.0330988848107396
1.0330988848107396
1.0330988848107396
1.0330988848107396
1.0339601932128744
1.0327510213285342
1.0367881612881733
1.0367881612881733
1.0367881612881733
1.0367881612881733
1.0367881612881733
1.0367881612881733
1.0349274534265183
1.0349274534265183
1.0351561100092754
1.0351561100092754
1.0351908970838828
1.0351908970838828
1.0351908970838828
1.0351908970838828
1.0351908970838828
1.0361080427822902
1.0361080427822902
1.0386792166089762
1.0386792166089762
1.0386792166089762
1.0386071917221515
1.0385968869549256
1.0385968869549256
1.0385968869549256
1.0385968869549256
1.0388372728725397
1.0380761165538903
1.0375991667159323
1.0375991667159323
1.0375991667159323
1.03718575336405
1.03718575336405
1.0371790702432973
1.0371790702432973
1.0359061946762174
1.0369442701025184
1.0369442701025184
1.0341826929026365
1.0341826929026365
1.0343693964877472
1.0334579344600505
1.0346957749512693
1.0359321310127982
1.035771181318754
1.035771181318754
1.035771181318754
1.035771181318754
1.035771181318754
1.0349671119409733
1.0349671119409733
1.0349671119409733
1.0349671119409733
1.0349671119409733
1.0349671119409733
1.0349671119409733
1.0349671119409733
1.0349671119409733
1.0349671119409733
1.0349671119409733
1.0349671119409733
1.0350165581921047
1.0349025464258146
1.0349025464258146
1.0349025464258146
1.0332078196125343
1.0332078196125343
1.0343299127885845
1.034768139008757
1.034768139008757
1.034768139008757
1.034768139008757
1.034768139008757
1.034768139008757
1.034768139008757
1.034768139008757
1.034768139008757
1.034768139008757
1.0341668248443572
1.033726085461865
1.033726085461865
1.033726085461865
1.033726085461865
1.0327984029863462
1.0327984029863462
1.0324184475464604
1.0350340750644778
1.0350340750644778
1.0350340750644778
1.0344226360254785
1.0344226360254785
1.0358372782661482
1.034240942683122
1.034240942683122
1.034240942683122
1.034240942683122
1.034240942683122
1.033962814413865
1.033962814413865
1.0339309340373617
1.0335091075586262
1.0335091075586262
1.0320623295689177
1.0320623295689177
1.0320623295689177
1.0320623295689177
1.0370920535018688
1.0383594969959893
1.0387511470631983
1.0387511470631983
1.0387511470631983
1.037977351108738
1.037977351108738
1.0357003107359863
1.0319347947376678
1.0323749007484857
1.0296609757466144
1.0294592723346878
1.0294592723346878
1.0326382926384852
1.0326382926384852
1.0344919368825913
1.0344919368825913
1.0340467649783027
1.034937309480383
1.0356872944893045
1.0329757893398426
1.0329757893398426
1.0317287060202691
1.0317287060202691
1.033112190060205
1.0308007091594436
1.0308007091594436
1.0340515013407168
1.0340515013407168
1.0340515013407168
1.0340515013407168
1.0322574592067613
1.0322574592067613
1.0322574592067613
1.0322574592067613
1.0322574592067613
1.0324272363020697
1.0333030831237457
1.0343589284157217
1.0343589284157217
1.0343589284157217
1.0343589284157217
1.0343589284157217
1.0343589284157217
1.0343589284157217
1.0343589284157217
1.035750082879216
1.0336779849631386
1.0336779849631386
1.0336779849631386
1.0336779849631386
1.0349482764087556
1.0349482764087556
1.0344750155045606
1.0343940085311565
1.0327107071463826
1.0313534961891506
1.028685311440769
1.0300278671731034
1.0311336732982914
1.0311336732982914
1.032965570038664
1.0327261073213667
1.0327261073213667
1.0327261073213667
1.0318401659859051
1.0318401659859051
1.0318401659859051
1.0340788507927783
1.0335662854721668
1.0293116940309837
1.0293116940309837
1.0293116940309837
1.0293116940309837
1.0293116940309837
1.0293116940309837
1.0293116940309837
1.02823442079807
1.0278811463165098
1.0278811463165098
1.0278811463165098
1.0278811463165098
1.0278811463165098
1.0278811463165098
1.0278811463165098
1.0278811463165098
1.0278811463165098
1.0278811463165098
1.0278811463165098
1.0286847107703474
1.0286847107703474
1.0291661907228098
1.0291661907228098
1.0287413429623817
1.0304249884546879
1.029530917684936
1.0306815042630604
1.0296483897193007
1.0296483897193007
1.0296483897193007
1.0296483897193007
1.028590380692509
1.028590380692509
1.0302741029396478
1.0302741029396478
1.0302741029396478
1.0302741029396478
1.027846646590945
1.0266411062500058
1.0266411062500058
1.025316706326248
1.025316706326248
1.0279901863010927
1.0271325370054787
1.0271325370054787
1.0264994139207095
1.0264994139207095
1.0264994139207095
1.0264994139207095
1.029043736913074
1.0261914882031429
1.0261914882031429
1.0261914882031429
1.0258972013166623
1.0258972013166623
1.0258972013166623
1.0258972013166623
1.0258972013166623
1.0258972013166623
1.0258972013166623
1.026776102744396
1.0266021629416282
1.0266021629416282
1.0266021629416282
1.0265037799091212
1.0265037799091212
1.0265037799091212
1.0245340961925726
1.0245340961925726
1.0253294770723351
1.0253294770723351
1.0273203754142948
1.0242324904525615
1.0242324904525615
1.02641925408565
1.0279619028591487
1.0279619028591487
1.0279619028591487
1.0301195686942197
1.0301195686942197
1.0301195686942197
1.0301332976916207
1.031155831737614
1.0307811331208
1.029664007338978
1.029664007338978
1.029664007338978
1.0302280319106696
1.0302280319106696
1.0302280319106696
1.030653087272516
1.030653087272516
1.0324469323221135
1.0324469323221135
1.03134886044594
1.03134886044594
1.03134886044594
1.0310166262902782
1.0300534815841276
1.0300534815841276
1.0296491435241355
1.0296491435241355
1.0296491435241355
1.0296491435241355
1.0287672937050996
1.0287672937050996
1.031440310271547
1.031440310271547
1.031440310271547
1.031440310271547
1.0327914200991228
1.0327914200991228
1.0338106563238165
1.0329284354427068
1.032427772406398
1.0312122827414767
1.0312122827414767
1.0260446614945926
1.0260446614945926
1.0272274301429918
1.0243130053064333
1.0243130053064333
1.0243130053064333
1.0243130053064333
1.0243157214863585
1.0243157214863585
1.024188167344508
1.024188167344508
1.024188167344508
1.024188167344508
1.024188167344508
1.0248335851844035
1.0248335851844035
1.0248335851844035
1.0248335851844035
1.0291757190313733
1.0291757190313733
1.0291757190313733
1.0287964242282037
1.0287964242282037
1.030245939201067
1.030245939201067
1.032996981378759
1.032996981378759
1.032996981378759
1.0333722025412682
1.0333722025412682
1.0333722025412682
1.0333722025412682
1.0333722025412682
1.0329741920666549
1.0318402343882362
1.0289157442837047
1.0289157442837047
1.0289157442837047
1.0289157442837047
1.0289157442837047
1.0289157442837047
1.0285250455041026
1.0285250455041026
1.0285250455041026
1.0268797202540614
1.0280110720833324
1.0280110720833324
1.0280110720833324
1.0280110720833324
1.0280110720833324
1.0323489812633508
1.033744975985077
1.033744975985077
1.033744975985077
1.033744975985077
1.03371317027509
1.03371317027509
1.03371317027509
1.0327355428159128
1.0327355428159128
1.0327355428159128
1.0304498168352496
1.0296416326461926
1.0296416326461926
1.0301084741044058
1.0301084741044058
1.0301084741044058
1.0301084741044058
1.0301084741044058
1.0305125792746237
1.0303397716084848
1.0303397716084848
1.0303397716084848
1.0324814485085874
1.0324814485085874
1.0334322609540627
1.0334322609540627
1.0334322609540627
1.0334322609540627
1.0334322609540627
1.0315597131544014
1.0315597131544014
1.0303329032030395
1.03015923965353
1.03015923965353
1.03015923965353
1.03015923965353
1.0333524887672458
1.0333524887672458
1.0333524887672458
1.0319287069783427
1.0319287069783427
1.0319287069783427
1.0319287069783427
1.0333972657573793
1.0332053239891144
1.0332053239891144
1.0332053239891144
1.0332053239891144
1.0332053239891144
1.0332053239891144
1.0335164437681663
1.0335164437681663
1.0305122694295947
1.0305122694295947
1.0305122694295947
1.0305122694295947
1.0319853180715854
1.0326584066521827
1.0326584066521827
1.0296681435669774
1.0311927069939772
1.0311927069939772
1.0289782584992822
1.0289782584992822
1.0289782584992822
1.030236805372527
1.0279082040340881
1.0279082040340881
1.0283929573582113
1.0283929573582113
1.0283929573582113
1.0283929573582113
1.0283929573582113
1.0283929573582113
1.0283929573582113
1.0290700467941778
1.0290700467941778
1.0290700467941778
1.0293336379643256
1.0293336379643256
1.0293336379643256
1.0293336379643256
1.0293336379643256
1.0293336379643256
1.029016465897293
1.0287382899580573
1.0287382899580573
1.0287382899580573
1.0287382899580573
1.028424256691629
1.028424256691629
1.028424256691629
1.028424256691629
1.027568958799486
1.027568958799486
1.027568958799486
1.027568958799486
1.027568958799486
1.027568958799486
1.027568958799486
1.027568958799486
1.027568958799486
1.027568958799486
1.026864431739252
1.0273078387114596
1.0265983622817256
1.0265983622817256
1.0274049266771088
1.0274049266771088
1.0274049266771088
1.0282666094768278
1.0282666094768278
1.0262785597750763
1.0262785597750763
1.0268927651849085
1.0268927651849085
1.0303685248940273
1.0310506438448535
1.0310506438448535
1.0309486540724886
1.0309486540724886
1.0309486540724886
1.0299412425386143
1.0288859926547573
1.0288859926547573
1.0282362305572907
1.0282362305572907
1.0269377594643831
1.0269377594643831
1.0269377594643831
1.0269377594643831
1.0269377594643831
1.0269377594643831
1.0269377594643831
1.0269377594643831
1.0269377594643831
1.0269377594643831
1.0279703382476444
1.0279703382476444
1.0306517917035949
1.0306517917035949
1.0283853554573987
1.0268962694261061
1.0268962694261061
1.0299327556467446
1.0299327556467446
1.0299327556467446
1.0317478651311536
1.0333852936739407
1.0333852936739407
1.0332922300877767
1.0325079127009447
1.0325079127009447
1.0325079127009447
1.0297294619826514
1.0308135118168145
1.0308135118168145
1.0308135118168145
1.0297207579064647
1.0316337214278608
1.028895435967948
1.028895435967948
1.028895435967948
1.0298782933788175
1.0298782933788175
1.0317990310818377
1.0317990310818377
1.0317990310818377
1.0317990310818377
1.0317990310818377
1.029767805177662
1.0274930416521424
1.0279813107773068
1.0279813107773068
1.0273691333591661
1.0273691333591661
1.0314423145865974
1.0314423145865974
1.0314423145865974
1.0314423145865974
1.030650361847653
1.030650361847653
1.0322407923969126
1.0322407923969126
1.0322407923969126
1.0322407923969126
1.0322407923969126
1.0322407923969126
1.0322407923969126
1.0322407923969126
1.0314859112070311
1.0314859112070311
1.030166900777776
1.030166900777776
1.0293054205127543
1.0293054205127543
1.0293054205127543
1.0293054205127543
1.0293054205127543
1.0293054205127543
1.0293054205127543
1.029883995650663
1.0278455286185673
1.0278455286185673
1.0278455286185673
1.0278455286185673
1.0278455286185673
1.0290700264365986
1.0289983450769769
1.0289983450769769
1.0312941681025323
1.0305178265609087
1.0305178265609087
1.0305178265609087
1.0305178265609087
1.030710215726608
1.030710215726608
1.030710215726608
1.0315780753774075
1.0315780753774075
1.0315780753774075
1.0315780753774075
1.0315780753774075
1.0315780753774075
1.0315780753774075
1.0315780753774075
1.0315780753774075
1.0322157771212415
1.0327169536928795
1.035112889119145
1.035112889119145
1.0350188894392003
1.0335446910632549
1.0335446910632549
1.035646279392931
1.0369131509224174
1.0373728499294321
1.0373728499294321
1.037440290722239
1.037440290722239
1.0381743466571252
1.0344447170320556
1.0344447170320556
1.0344447170320556
1.0335958952745483
1.0335958952745483
1.0335958952745483
1.0335958952745483
1.034069377008041
1.034069377008041
1.034069377008041
1.0346667403815493
1.0346667403815493
1.0348721878645533
1.0316274372253258
1.0316274372253258
1.0333755397535587
1.0333755397535587
1.0333755397535587
1.0362992133850408
1.0358626227895404
1.0329591790089783
1.0329591790089783
1.0329591790089783
1.0329591790089783
1.0340428903670873
1.0318501530055533
1.0318501530055533
1.0318501530055533
1.0318501530055533
1.0286004380539728
1.030289526388522
1.0297831033108127
1.0297831033108127
1.0297831033108127
1.0297831033108127
1.0296763139665202
1.0326060602495968
1.0326060602495968
1.031932081600159
1.031932081600159
1.031932081600159
1.031932081600159
1.031932081600159
1.031932081600159
1.0322073073510754
1.0320486297676676
1.0320486297676676
1.0309177414080604
1.0309177414080604
1.0309177414080604
1.0314954423835998
1.0314954423835998
1.0292274524869325
1.0303364550529523
1.029674574500316
1.029674574500316
1.0290681588046056
1.0290681588046056
1.0288073118343686
1.0298567479309717
1.0308294628048746
1.030691691935034
1.031633375772885
1.031633375772885
1.0346970111144012
1.0345038979795038
1.0345038979795038
1.0333967703933253
1.0333967703933253
1.0338685342135405
1.0338685342135405
1.0338685342135405
1.0336163705735724
1.0326344143942698
1.0326344143942698
1.0326344143942698
1.0326344143942698
1.0288194886354107
1.0294380665384004
1.0297158705544787
1.0297158705544787
1.0297158705544787
1.0273025055293756
1.0291371729585541
1.0288331076694959
1.0304494177590529
1.0304494177590529
1.0304494177590529
1.0312913172956681
1.0312913172956681
1.0312913172956681
1.0312913172956681
1.0312913172956681
1.0312913172956681
1.0316233842860438
1.0296645310443848
1.030183118751799
1.030183118751799
1.030305692749443
1.030305692749443
1.030305692749443
1.030305692749443
1.0276833763346145
1.0276833763346145
1.0276833763346145
1.0276833763346145
1.0276833763346145
1.0276833763346145
1.0276833763346145
1.0276833763346145
1.0288366994765916
1.0288366994765916
1.0288366994765916
1.0312259208060253
1.0312259208060253
1.0321813822663304
1.0321813822663304
1.0321813822663304
1.0302861585503518
1.0286280885595802
1.0277748087827097
1.0287165227479464
1.0287165227479464
1.0315708706192326
1.0290875495208929
1.0290875495208929
1.0290875495208929
1.0290875495208929
1.0300301319069627
1.0300301319069627
1.030499178927102
1.030499178927102
1.0308563653814653
1.0308563653814653
1.0305289951337575
1.0310523625915797
1.0310523625915797
1.0310523625915797
1.0310523625915797
1.0310523625915797
1.0310523625915797
1.0310523625915797
1.0310523625915797
1.0310523625915797
1.0310523625915797
1.0310523625915797
1.0310523625915797
1.0310523625915797
1.0310523625915797
1.025454672075572
1.025454672075572
1.025454672075572
1.028447948604407
1.028447948604407
1.028447948604407
1.030822486982195
1.030822486982195
1.030822486982195
1.030822486982195
1.030822486982195
1.031899845712472
1.0316400813835973
1.0316400813835973
1.0319843823544634
1.0319843823544634
1.03260912268918
1.0325163135483306
1.0343466950065767
1.0350040546231605
1.0378221936362066
1.036437500056914
1.034155570318946
1.034062915491007
1.034062915491007
1.034062915491007
1.034062915491007
1.0337853162392727
1.0337853162392727
1.0337853162392727
1.0337853162392727
1.0337853162392727
1.0329471862169022
1.0329471862169022
1.0329471862169022
1.0324097448384872
1.0324097448384872
1.0336789423047934
1.0331579756220466
1.032161957509644
1.032161957509644
1.032161957509644
1.034323460854555
1.0350442621127125
1.0342101221038558
1.0342101221038558
1.0355341783775718
1.0341257181569352
1.0317837916505324
1.0314651886662878
1.0314651886662878
1.0314651886662878
1.034419107562191
1.034419107562191
1.0319541205265172
1.0319541205265172
1.0320378697766444
1.0320378697766444
1.031778500967016
1.031778500967016
1.031778500967016
1.0314352537799327
1.0316394182981443
1.0316394182981443
1.0316394182981443
1.0316394182981443
1.0298708728958188
1.0298708728958188
1.0298708728958188
1.0306939992780364
1.0321438970641115
1.0321438970641115
1.0329661945867223
1.0329661945867223
1.0329661945867223
1.0329661945867223
1.0329661945867223
1.0329661945867223
1.033317785947671
1.033317785947671
1.0343316842097852
1.036738121403544
1.036738121403544
1.036738121403544
1.033472296942154
1.033472296942154
1.0338712421365557
1.0323756507585948
1.0323756507585948
1.0328602751046916
1.0350057489700306
1.0350057489700306
1.0350057489700306
1.0350057489700306
1.0350057489700306
1.034856838030878
1.034856838030878
1.034856838030878
1.0343868862933048
1.0343868862933048
1.0345832798273806
1.031615854737575
1.031615854737575
1.031615854737575
1.031615854737575
1.0341137660683881
1.0337325490376919
1.034361124879546
1.0353327858528025
1.0353327858528025
1.0353327858528025
1.0368660041087066
1.034630071697115
1.032542392085924
1.0348638853491192
1.0348638853491192
1.0348638853491192
1.0346758427294485
1.0363729419187508
1.0371720496882753
1.0363053832912648
1.0347166732829474
1.0356668557388842
1.0356668557388842
1.0366998746485299
1.0366998746485299
1.036479870880384
1.036518914972972
1.0393291335690493
1.0393291335690493
1.0393291335690493
1.0387458862050267
1.0378757136886616
1.0378757136886616
1.036724633630221
1.036724633630221
1.036724633630221
1.036724633630221
1.036724633630221
1.0374521099778842
1.0364225183728446
1.0364225183728446
1.0364225183728446
1.0368139227715232
1.034281041932406
1.034281041932406
1.034281041932406
1.034281041932406
1.034281041932406
1.034398009568594
1.034398009568594
1.034398009568594
1.034398009568594
1.034398009568594
1.034398009568594
1.034398009568594
1.034398009568594
1.0359600415671466
1.0351054249572473
1.0351054249572473
1.0349886850450918
1.0349886850450918
1.0349886850450918
1.033553126394735
1.033553126394735
1.033553126394735
1.033553126394735
1.033553126394735
1.0317653985280992
1.0317653985280992
1.0317428266672908
1.0317428266672908
1.0317428266672908
1.0319523757411915
1.0319523757411915
1.0319523757411915
1.0323393531922025
1.0302605380626002
1.0302605380626002
1.0304119181733495
1.0316370301076572
1.0316370301076572
1.0316370301076572
1.0316370301076572
1.0316370301076572
1.0316370301076572
1.0328743898649786
1.0328743898649786
1.031579769907876
1.031579769907876
1.031579769907876
1.0309281823455498
1.0309281823455498
1.0309281823455498
1.0311974874937277
1.0302645229447
1.0302645229447
1.0322728644871064
1.0322728644871064
1.0322728644871064
1.0300934842368359
1.0315691632678248
1.034563372425759
1.03241911017966
1.0337736295250477
1.031983722737304
1.0320702023768513
1.0320702023768513
1.0320702023768513
1.0320702023768513
1.0320702023768513
1.0320702023768513
1.0320519411651983
1.0334949934391653
1.0334949934391653
1.033145980956567
1.0326441485945033
1.0326441485945033
1.0325140167653317
1.032410110574538
1.033472073224485
1.033472073224485
1.035453769611273
1.035453769611273
1.0358404512420207
1.0358404512420207
1.0355534151456396
1.03446424961433
1.03446424961433
1.032538491153782
1.035416340174504
1.036411205689213
1.036411205689213
1.0349442009825873
1.0334183334941862
1.029747044515796
1.029747044515796
1.029747044515796
1.029747044515796
1.0317767146405605
1.0317767146405605
1.0305960099028968
1.0305960099028968
1.0305960099028968
1.0305960099028968
1.0305960099028968
1.0305960099028968
1.0305960099028968
1.0305960099028968
1.0305960099028968
1.0301758644934473
1.0301758644934473
1.0301758644934473
1.0301758644934473
1.0301758644934473
1.0261493780844375
1.0261493780844375
1.0293057408932098
1.0293057408932098
1.0293057408932098
1.0293057408932098
1.0293057408932098
1.0306063309368305
1.0306063309368305
1.029375766240911
1.029375766240911
1.029375766240911
1.029375766240911
1.0296174142682835
1.0296174142682835
1.0296174142682835
1.0305800362647553
1.029630748551915
1.029630748551915
1.0301754578827036
1.0308270516280644
1.0308270516280644
1.032061851297878
1.030730244699117
1.030730244699117
1.030730244699117
1.030730244699117
1.030730244699117
1.030705616035704
1.030705616035704
1.0297626138124139
1.0297626138124139
1.0297626138124139
1.0297626138124139
1.0297626138124139
1.0297626138124139
1.0287422277641864
1.0287422277641864
1.0249923994127998
1.0249923994127998
1.023378365172302
1.0259300675522627
1.0259300675522627
1.0259300675522627
1.02808095392327
1.02808095392327
1.026067407053932
1.026067407053932
1.026067407053932
1.0282610333480364
1.0270031602068475
1.0270031602068475
1.027312140622291
1.027312140622291
1.0289339898051135
1.0300037388301992
1.0300037388301992
1.0300037388301992
1.0300037388301992
1.0300037388301992
1.030061406205721
1.030404060272068
1.030404060272068
1.030404060272068
1.030404060272068
1.030404060272068
1.030404060272068
1.031726099927797
1.0307965806927415
1.0305558304429008
1.0310711098986758
1.0310711098986758
1.0310711098986758
1.0315311138974856
1.0281048028520805
1.0281048028520805
1.0281048028520805
1.0283073812595667
1.0283073812595667
1.0278185604192605
1.02829412049278
1.027718223601121
1.0283687149020386
1.0283687149020386
1.0283687149020386
1.0289992549488716
1.0289992549488716
1.0289992549488716
1.030724573915085
1.0298968071054753
1.029400008302717
1.029400008302717
1.0314700150115297
1.0314700150115297
1.0314700150115297
1.0314700150115297
1.0314700150115297
1.02986645746537
1.02986645746537
1.0288802213296777
1.0288802213296777
1.0312426837825732
1.0310830686258166
1.0315290976961295
1.0315290976961295
1.0315290976961295
1.0313317808077231
1.0305981489102025
1.0304662425186584
1.0317735105980579
1.0317735105980579
1.0317735105980579
1.031187684562947
1.0333931386997708
1.0313910398363333
1.0330087674508517
1.0330087674508517
1.0330087674508517
1.0330087674508517
1.0338725678925293
1.0329817273799922
1.0329817273799922
1.0329817273799922
1.0324557376117245
1.030770528708745
1.0293909567493986
1.0293909567493986
1.0293909567493986
1.0319050326875563
1.0319050326875563
1.0345837302112615
1.0345837302112615
1.0357714820600175
1.0332853106257383
1.0339766802258303
1.0339766802258303
1.0347875674997853
1.0362018782873708
1.0362018782873708
1.0364959968020946
1.0364959968020946
1.0364959968020946
1.0364959968020946
1.0364959968020946
1.0362169906616294
1.0362169906616294
1.0356605355777015
1.0356605355777015
1.0354819615462711
1.0354819615462711
1.0354819615462711
1.0355439707633822
1.0365020300858223
1.0365020300858223
1.0405454000314112
1.0405454000314112
1.0405454000314112
1.0405454000314112
1.0399618884975348
1.0399618884975348
1.0374205284195053
1.0373830163517812
1.0373830163517812
1.0373830163517812
1.040748507361166
1.0388764150691252
1.0388764150691252
1.0388764150691252
1.0401116535382149
1.041167527384682
1.041167527384682
1.041167527384682
1.041167527384682
1.041167527384682
1.041167527384682
1.041167527384682
1.041167527384682
1.041791983215728
1.0388693688175563
1.0388693688175563
1.0388693688175563
1.0388693688175563
1.0388693688175563
1.0388693688175563
1.0375824603647623
1.0375824603647623
1.0376398938228375
1.0376398938228375
1.0372654589674526
1.038316992857844
1.0381411995312593
1.0386420354915988
1.0373195423417618
1.0370882070025067
1.0370882070025067
1.0367366502459283
1.0367366502459283
1.0367366502459283
1.0367366502459283
1.0367366502459283
1.0367366502459283
1.0389256933657323
1.0389256933657323
1.0389256933657323
1.0353019381789257
1.0353019381789257
1.0342793253006086
1.0342793253006086
1.0349691900686324
1.0349691900686324
1.0349691900686324
1.0349691900686324
1.034871819913335
1.0348219351151136
1.0348219351151136
1.0348219351151136
1.0348219351151136
1.0347826101125916
1.0347826101125916
1.0346378376860248
1.0346378376860248
1.0346378376860248
1.0346378376860248
1.0346378376860248
1.0346378376860248
1.0346378376860248
1.0345032647482544
1.0345032647482544
1.0345032647482544
1.0345032647482544
1.0347097717162148
1.0347097717162148
1.0340671049876855
1.033989304999804
1.033989304999804
1.03288183654962
1.03288183654962
1.0327890646442834
1.0330151083128973
1.0323501971187137
1.0323501971187137
1.030868407551153
1.032586400253199
1.032586400253199
1.031526712752832
1.031526712752832
1.031526712752832
1.031526712752832
1.031526712752832
1.031526712752832
1.031526712752832
1.031526712752832
1.031526712752832
1.031526712752832
1.0322225250343808
1.0322225250343808
1.0344902812393821
1.0332791174717098
1.0332791174717098
1.0332791174717098
1.0332791174717098
1.0349445798152894
1.0349445798152894
1.0349445798152894
1.0349445798152894
1.0360866710779248
1.0360866710779248
1.0360866710779248
1.0332810463066187
1.0332810463066187
1.0332810463066187
1.0332810463066187
1.0344381069610127
1.0334456910423784
1.0334456910423784
1.0334456910423784
1.0338179794926978
1.0338179794926978
1.0338179794926978
1.032219723512942
1.032219723512942
1.0321838121985607
1.0350393593075373
1.0350393593075373
1.0350393593075373
1.0342190506981153
1.034379678578611
1.034931339310225
1.0365601063913032
1.0335553717784298
1.033980441706301
1.033980441706301
1.0345567056048948
1.0351353566406138
1.0351353566406138
1.0351353566406138
1.034476518469147
1.034476518469147
1.034476518469147
1.0352287844136394
1.0352287844136394
1.0352287844136394
1.0352287844136394
1.033759231050008
1.0323598123272508
1.0332379018415085
1.0326601392381636
1.035783200838268
1.035783200838268
1.0379848396279707
1.0379848396279707
1.037216084389831
1.0390770637680418
1.0390770637680418
1.0370469671408864
1.0370469671408864
1.0370469671408864
1.0370469671408864
1.0372055271311298
1.0340761323524494
1.0340761323524494
1.0340761323524494
1.0329589546315
1.0329589546315
1.0308826842432783
1.0310204134437813
1.0310204134437813
1.0310204134437813
1.0310204134437813
1.0310204134437813
1.0310204134437813
1.0310204134437813
1.0310204134437813
1.0310204134437813
1.0310204134437813
1.0287919661358085
1.0297134535709331
1.02765112393971
1.02765112393971
1.02765112393971
1.02765112393971
1.027991219393975
1.0278057716108786
1.0300762397396388
1.0289511079837792
1.0287650406089588
1.02832245435756
1.02832245435756
1.02832245435756
1.02832245435756
1.02832245435756
1.030340725521783
1.0299643286577989
1.0299643286577989
1.0299643286577989
1.0286383619723543
1.0301865254324238
1.0301865254324238
1.0301865254324238
1.032000054249895
1.032000054249895
1.032000054249895
1.0304893188886772
1.0315059681831917
1.0315059681831917
1.0315059681831917
1.033348671009835
1.0351158543141477
1.0351158543141477
1.0351158543141477
1.0351158543141477
1.0351158543141477
1.0346286381239815
1.0346286381239815
1.0356910411712628
1.0327882234865473
1.0342287921457662
1.034412640910122
1.0343913447372364
1.0343913447372364
1.0343913447372364
1.0343913447372364
1.0343913447372364
1.035258555624326
1.035258555624326
1.0346588365571745
1.0346588365571745
1.0341306411757314
1.0347328664060131
1.0347328664060131
1.0353994996404652
1.0345334232820582
1.035927130913288
1.035927130913288
1.033750536806454
1.033750536806454
1.0332153375640074
1.0332153375640074
1.0332153375640074
1.0332153375640074
1.0332153375640074
1.032719800865595
1.0315374082984712
1.0315374082984712
1.032103643551335
1.032103643551335
1.0330302941366398
1.0330302941366398
1.0330302941366398
1.0316201822471562
1.0306092688669493
1.0306092688669493
1.0306092688669493
1.0306092688669493
1.0305545623253876
1.0288603666769571
1.0288603666769571
1.0288603666769571
1.0288603666769571
1.0288603666769571
1.0301416385013422
1.0301416385013422
1.0313397849641672
1.0301441541617335
1.0301441541617335
1.0305243271326743
1.0264730667602409
1.0264730667602409
1.0264730667602409
1.0264730667602409
1.0264730667602409
1.0242044629553986
1.024595204920249
1.0243657766780137
1.027992664214715
1.0273903989341953
1.0273903989341953
1.0273903989341953
1.0273903989341953
1.0273903989341953
1.0284986612561247
1.0284986612561247
1.0284986612561247
1.0303706561798023
1.0309145351093485
1.0309145351093485
1.0309145351093485
1.0309145351093485
1.0309145351093485
1.0309145351093485
1.0315858831309774
1.0315858831309774
1.0315858831309774
1.0315858831309774
1.0315858831309774
1.0315858831309774
1.0315858831309774
1.032938946447877
1.032938946447877
1.0330998148734696
1.0330998148734696
1.032651906866411
1.032651906866411
1.032651906866411
1.032651906866411
1.032651906866411
1.032651906866411
1.0312658648490542
1.0312658648490542
1.0312658648490542
1.029029708171683
1.029029708171683
1.0301016743050095
1.0309757911250945
1.0309757911250945
1.03026633797083
1.0317880608153713
1.0311988274729724
1.0311988274729724
1.0298951944875268
1.0298951944875268
1.0298951944875268
1.0313865456469737
1.0313865456469737
1.0313865456469737
1.0313865456469737
1.0313865456469737
1.031504942306695
1.030483176338396
1.030483176338396
1.030483176338396
1.030483176338396
1.030483176338396
1.0306897715639836
1.0306897715639836
1.0306897715639836
1.0322432017851997
1.0322432017851997
1.0322432017851997
1.0320324928167341
1.0342108380613961
1.03304898827766
1.03304898827766
1.0320815273729906
1.0320815273729906
1.0318947974826773
1.0285902073318636
1.0285902073318636
1.0281524318181414
1.0281524318181414
1.0287981206583654
1.0287981206583654
1.0287981206583654
1.0287981206583654
1.0287981206583654
1.0283515502282363
1.0293731324489372
1.0309750278442475
1.0309750278442475
1.0328932011465586
1.0328932011465586
1.0337925051077563
1.0332163046968275
1.0332163046968275
1.0332163046968275
1.0320696972112329
1.0305452793779302
1.0305452793779302
1.0320092655684008
1.0307084741186416
1.0311101261569704
1.0311101261569704
1.0311101261569704
1.031425064180049
1.030718980534286
1.030718980534286
1.030718980534286
1.030718980534286
1.030718980534286
1.0310438959504404
1.0310438959504404
1.0305077425685167
1.0283352040358065
1.0283352040358065
1.0283352040358065
1.0283352040358065
1.029166898380119
1.0284877809845225
1.0284877809845225
1.0300450176418887
1.0300025199151732
1.0300025199151732
1.0304303747969454
1.0310920504626073
1.0310920504626073
1.0310920504626073
1.0310920504626073
1.030455056074304
1.030455056074304
1.030455056074304
1.030455056074304
1.0290577616350778
1.0315177593858815
1.0316993407394588
1.0314510411335012
1.0283018524553085
1.0283018524553085
1.0283018524553085
1.0283018524553085
1.0271961761050274
1.0271961761050274
1.0271961761050274
1.0271961761050274
1.0271961761050274
1.0271961761050274
1.030009181384612
1.030009181384612
1.028625650469473
1.028625650469473
1.028625650469473
1.028625650469473
1.028625650469473
1.028625650469473
1.0273350123721605
1.0273350123721605
1.0273350123721605
1.0274362068723324
1.029668443454057
1.029668443454057
1.029668443454057
1.029668443454057
1.029668443454057
1.029668443454057
1.029668443454057
1.029668443454057
1.029668443454057
1.0317416092178562
1.0317416092178562
1.0317416092178562
1.0317416092178562
1.0317416092178562
1.033929779971224
1.033929779971224
1.033809222115848
1.033809222115848
1.033809222115848
1.033809222115848
1.033809222115848
1.0317776685454412
1.0315458308801937
1.0310978616967639
1.0310978616967639
1.0310978616967639
1.0310978616967639
1.0305302133057042
1.0305302133057042
1.0305302133057042
1.0305302133057042
1.0299863862327212
1.0299863862327212
1.0299863862327212
1.0299863862327212
1.0299863862327212
1.0306498542259037
1.0333297262934222
1.0303082071079241
1.0303082071079241
1.0294710535199587
1.028543474165516
1.0283849732209391
1.0253375896471308
1.0253375896471308
1.0253375896471308
1.0253375896471308
1.0253375896471308
1.0301241559904932
1.0301241559904932
1.031346415769561
1.031346415769561
1.031346415769561
1.031346415769561
1.0311086315701767
1.0311086315701767
1.0314988138609673
1.0314988138609673
1.0314988138609673
1.0295774190354903
1.0300679491793099
1.0277556502914131
1.0262984519620122
1.0262984519620122
1.0262984519620122
1.0262984519620122
1.0262984519620122
1.0262984519620122
1.027950096618082
1.0258348868526184
1.0258348868526184
1.0258348868526184
1.0258348868526184
1.0258348868526184
1.0289253443153983
1.0289253443153983
1.0332947507338066
1.0332947507338066
1.0332947507338066
1.0332947507338066
1.0319632177079905
1.0319632177079905
1.0319632177079905
1.0319632177079905
1.0325033729601691
1.0325033729601691
1.0325033729601691
1.0325033729601691
1.0331599820728192
1.0318834440553049
1.0318834440553049
1.0318834440553049
1.0318834440553049
1.0318834440553049
1.0318834440553049
1.035710263638887
1.035710263638887
1.0352769986504362
1.0352769986504362
1.0352769986504362
1.0339808771659853
1.0339808771659853
1.0339808771659853
1.0338335826814988
1.0338335826814988
1.0338335826814988
1.0338335826814988
1.0371955315093866
1.0373405821117643
1.0362249759255397
1.0362249759255397
1.0362249759255397
1.0362249759255397
1.0362249759255397
1.0362249759255397
1.0362249759255397
1.0362249759255397
1.0362249759255397
1.0362249759255397
1.0362249759255397
1.0362249759255397
1.0362249759255397
1.0362249759255397
1.0362249759255397
1.0362249759255397
1.0362249759255397
1.0383471664736805
1.0383244767631745
1.034363570198023
1.034363570198023
1.0344655748088205
1.0344655748088205
1.0347367217307124
1.0347367217307124
1.0347367217307124
1.0347367217307124
1.0347367217307124
1.0375998674784508
1.0375998674784508
1.0363311073145596
1.0350897556865384
1.0350897556865384
1.0350897556865384
1.0350897556865384
1.0339777897408209
1.0343789606478073
1.0343789606478073
1.0321718813430614
1.0328103750901638
1.0328103750901638
1.0328103750901638
1.0328103750901638
1.0328103750901638
1.0327413449052834
1.0324624406428409
1.0324624406428409
1.0324624406428409
1.0324624406428409
1.033306356418117
1.033306356418117
1.033306356418117
1.031152290062164
1.031152290062164
1.031152290062164
1.031152290062164
1.0314294040334198
1.0314294040334198
1.0317485500982402
1.0317485500982402
1.0317485500982402
1.0317485500982402
1.029442848194004
1.029442848194004
1.0302494351961597
1.0302494351961597
1.0302494351961597
1.0302494351961597
1.0302494351961597
1.0302494351961597
1.02899375692191
1.02899375692191
1.0291397360716883
1.0291397360716883
1.0291397360716883
1.0291397360716883
1.0291397360716883
1.027360325764193
1.027360325764193
1.027360325764193
1.0278232846561972
1.0278296085221221
1.0278296085221221
1.0278296085221221
1.030235125038113
1.0312764437865922
1.0312764437865922
1.0312764437865922
1.0312764437865922
1.0312764437865922
1.0312764437865922
1.0317671645153774
1.0317671645153774
1.0317671645153774
1.0317671645153774
1.0341887029729757
1.034008660974003
1.0346855532343893
1.0378342478869584
1.0365381190216663
1.0336530447271037
1.0350532380444755
1.0340245827629926
1.0340245827629926
1.0340245827629926
1.0340245827629926
1.0340245827629926
1.0340245827629926
1.0340245827629926
1.033280078066318
1.033280078066318
1.03211938802408
1.03211938802408
1.0327116813597277
1.0338553260592294
1.0338553260592294
1.0338553260592294
1.0338553260592294
1.0338553260592294
1.0338553260592294
1.033071259708149
1.033071259708149
1.0303583528823768
1.0303583528823768
1.0303583528823768
1.0303583528823768
1.0303583528823768
1.0303583528823768
1.0303583528823768
1.0303583528823768
1.0290310234334195
1.0299400581845235
1.0317229206361798
1.0317229206361798
1.0317229206361798
1.0325925529510023
1.0330228717358645
1.030455652028638
1.0320986352682748
1.0320986352682748
1.0341184341607037
1.036244769642307
1.036244769642307
1.036680620495406
1.036680620495406
1.036680620495406
1.036680620495406
1.036680620495406
1.036680620495406
1.037502694586391
1.037502694586391
1.037275199334427
1.037888600280991
1.0367726722582586
1.0369804984413362
1.0369804984413362
1.039409805688873
1.0379814778266494
1.0379814778266494
1.0379814778266494
1.0374984391289317
1.0374984391289317
1.0374984391289317
1.0374202810924973
1.0370997416740786
1.0370997416740786
1.0379809623144145
1.036723321092211
1.036723321092211
1.0330532565048633
1.0330532565048633
1.0330532565048633
1.0330532565048633
1.0346243032194302
1.0343825035945962
1.0343825035945962
1.0343825035945962
1.0327229806630247
1.0327468665265598
1.0337258722454785
1.0337258722454785
1.0337258722454785
1.0347357413174094
1.0354245965033864
1.0354245965033864
1.0333888553288693
1.0352600814427535
1.0350761161697173
1.0351440861680157
1.0351440861680157
1.0345259741034412
1.0356809530028757
1.0356809530028757
1.0356809530028757
1.0340454099914445
1.0331699314789997
1.0331699314789997
1.0331699314789997
1.0355596183891218
1.0355596183891218
1.0355596183891218
1.0355596183891218
1.0355596183891218
1.0367386803368093
1.0339699720767908
1.0339699720767908
1.0339699720767908
1.0373543924778699
1.0369597117975984
1.0369597117975984
1.0369597117975984
1.0377899641891282
1.0377899641891282
1.0377899641891282
1.0366269783157267
1.0366269783157267
1.0356591286148886
1.03579459495961
1.0317206221833959
1.0317206221833959
1.0331031820440864
1.0331031820440864
1.0331031820440864
1.0313400999413784
1.0313400999413784
1.0313400999413784
1.0313400999413784
1.0319378619870347
1.0319378619870347
1.0319378619870347
1.0319378619870347
1.0286800053983032
1.0286800053983032
1.0286800053983032
1.028780640188269
1.027945843675455
1.0312273985636773
1.0312273985636773
1.0326426654030534
1.0326426654030534
1.0318418550689277
1.0318418550689277
1.0318418550689277
1.030974743591485
1.030974743591485
1.0300647555744493
1.0320336943304305
1.0320336943304305
1.0321119116417115
1.027578731952596
1.0292746298357425
1.0292746298357425
1.0292746298357425
1.0291807549052905
1.0291807549052905
1.0289737207821437
1.0278992640313422
1.0278620271099592
1.0278620271099592
1.0267851579395215
1.026647023422141
1.026647023422141
1.026647023422141
1.026647023422141
1.026647023422141
1.026285598908045
1.0303589804877316
1.0303589804877316
1.0303589804877316
1.0317734565666299
1.0317734565666299
1.0317734565666299
1.0317734565666299
1.0316155653215304
1.034133966202919
1.033056713993002
1.033056713993002
1.033056713993002
1.033056713993002
1.0310652019360704
1.0313843828806575
1.0313843828806575
1.0313843828806575
1.0313843828806575
1.0291158173296187
1.0300026316627904
1.0300026316627904
1.0289567048246673
1.0290479633275118
1.0290479633275118
1.0319303507632556
1.0319303507632556
1.0319303507632556
1.0319303507632556
1.0319303507632556
1.0329780045663217
1.0329780045663217
1.0319698468991843
1.0319698468991843
1.0319698468991843
1.0319698468991843
1.0319698468991843
1.0289040666976712
1.0279444295309663
1.0274796791616907
1.0310113380063244
1.0310113380063244
1.0310113380063244
1.0317905072992093
1.0329259936898065
1.0327032165775538
1.0327032165775538
1.0327032165775538
1.0327798659524319
1.0327798659524319
1.0327798659524319
1.0332322969144234
1.0332322969144234
1.0332322969144234
1.0324255143888166
1.0324255143888166
1.0324255143888166
1.0308514187148552
1.0308514187148552
1.0306064089842044
1.0307698524329147
1.0308101127366127
1.0320760435914833
1.0320760435914833
1.0313551471321785
1.0313551471321785
1.032521072650845
1.0320586166750567
1.0327885173136946
1.0327885173136946
1.0294193843121935
1.0294193843121935
1.0294193843121935
1.0294193843121935
1.0285276625494164
1.0288312032851354
1.0288312032851354
1.0307078972193573
1.0307078972193573
1.0307078972193573
1.0307078972193573
1.0307078972193573
1.0307078972193573
1.0307078972193573
1.0307078972193573
1.0307078972193573
1.0307078972193573
1.0307078972193573
1.0307078972193573
1.0300829065303665
1.0300829065303665
1.0300829065303665
1.0300829065303665
1.0300829065303665
1.0300829065303665
1.033038552162864
1.0314120009426637
1.031295200541107
1.0314465131119273
1.0314465131119273
1.0314465131119273
1.0314465131119273
1.030710974281658
1.030710974281658
1.030710974281658
1.030710974281658
1.0324271935970382
1.0336190462661135
1.0336190462661135
1.0336190462661135
1.0333555124698255
1.0333555124698255
1.0333555124698255
1.0333555124698255
1.0333555124698255
1.0304589954194034
1.0300251955116289
1.0292013540935152
1.0291667398314335
1.0296986140616182
1.0296986140616182
1.030475571967862
1.032961684887456
1.034212825882066
1.0319754995344224
1.0319754995344224
1.0319754995344224
1.0338454987917032
1.033981192146982
1.0337813075813829
1.0337813075813829
1.0337813075813829
1.0337813075813829
1.0337813075813829
1.0319210670678765
1.0319210670678765
1.0319210670678765
1.0319210670678765
1.0319210670678765
1.0319210670678765
1.0325816947753008
1.0332249027460907
1.0332249027460907
1.0332249027460907
1.030716102280886
1.030568479440926
1.030568479440926
1.030568479440926
1.030568479440926
1.0305539306823048
1.0305539306823048
1.0300623749802065
1.0296261432996932
1.029364731706085
1.0278430272742582
1.0294547478255551
1.0294547478255551
1.0287738705322844
1.0287738705322844
1.028067055514498
1.0290288768051326
1.0290288768051326
1.0293996659797122
1.0293996659797122
1.0293996659797122
1.0293996659797122
1.028733916180888
1.028733916180888
1.0290827246289054
1.0290827246289054
1.0290827246289054
1.0304784461376837
1.0304784461376837
1.0320492242607266
1.0320492242607266
1.0320492242607266
1.0320492242607266
1.0320492242607266
1.0329374772168958
1.0308726030418849
1.0308726030418849
1.0308726030418849
1.0297139688194832
1.0297139688194832
1.0299348997001327
1.026518073904001
1.026824660686874
1.0270058051017525
1.0270058051017525
1.0270058051017525
1.026909743179708
1.026909743179708
1.0266658035924694
1.0319121764055639
1.0339086346465445
1.0315847705938024
1.0327698554714773
1.0347518002720961
1.0347518002720961
1.0347518002720961
1.0348454028080534
1.038358351270832
1.0374872766692618
1.0374872766692618
1.037261537144821
1.0361595587015948
1.0361595587015948
1.0361595587015948
1.0361595587015948
1.0361595587015948
1.0361595587015948
1.0394705864669995
1.03935623063176
1.0365008196551457
1.0365008196551457
1.0368876959979305
1.0368876959979305
1.033288272767004
1.03351037854881
1.0334734634786482
1.0334734634786482
1.0334734634786482
1.0335524803804272
1.0356650373143659
1.0362305826177183
1.0362305826177183
1.0364411411700216
1.0364411411700216
1.0370422648370012
1.0370422648370012
1.0370422648370012
1.0367286309803294
1.0367286309803294
1.0367286309803294
1.0367286309803294
1.0362756144312637
1.0352048233073077
1.0322581954017642
1.0322581954017642
1.0322581954017642
1.0322581954017642
1.0322581954017642
1.0291551415561602
1.0291551415561602
1.0293550904970314
1.0298448239513978
1.0298352157864898
1.0298352157864898
1.0298352157864898
1.0298352157864898
1.0306741013840173
1.0306741013840173
1.0320800116280018
1.0320800116280018
1.0320800116280018
1.0320800116280018
1.0305977564731814
1.0305977564731814
1.0305977564731814
1.0325233743043791
1.0325233743043791
1.0306019484503555
1.0306019484503555
1.0306019484503555
1.0306019484503555
1.027613512931231
1.027613512931231
1.027613512931231
1.0291011748027696
1.0291011748027696
1.0296260847804513
1.0294221018717902
1.0276072259048459
1.0276072259048459
1.0279771871624008
1.0279771871624008
1.0279771871624008
1.0279771871624008
1.0279771871624008
1.0282565259628886
1.0302089058112647
1.0312997529433072
1.0286281940363045
1.0305745306848024
1.0305745306848024
1.0305745306848024
1.0335538058883276
1.0335538058883276
1.0335538058883276
1.0335538058883276
1.0335538058883276
1.0335842942302043
1.0337531748760236
1.0334080396333665
1.0334080396333665
1.0334080396333665
1.0334080396333665
1.035669990511873
1.0361967500889853
1.0361967500889853
1.0361967500889853
1.0385954785463067
1.0385954785463067
1.0385954785463067
1.0385954785463067
1.0385954785463067
1.038399095805452
1.036861794870099
1.036937428019992
1.0339724144324796
1.0339724144324796
1.0326443400808443
1.0326443400808443
1.0326443400808443
1.0293511861453035
1.0295378280509957
1.0295378280509957
1.0310295481110487
1.0310295481110487
1.0298042214601908
1.0298042214601908
1.0298042214601908
1.0298042214601908
1.0298042214601908
1.0322640293033407
1.0339804194484146
1.0339804194484146
1.0339804194484146
1.0339804194484146
1.0339804194484146
1.0318168221760229
1.0296762936429233
1.0296762936429233
1.0296762936429233
1.0296762936429233
1.0292130036448706
1.0288397785996015
1.0266360433093311
1.0266360433093311
1.0271928010370435
1.0289305955937045
1.029078727190213
1.0274823684957146
1.0274823684957146
1.0274823684957146
1.0274823684957146
1.0273708211868324
1.0281385768652662
1.0281385768652662
1.0281385768652662
1.0281385768652662
1.0288985701819338
1.0288985701819338
1.0306209843756613
1.0306209843756613
1.0306209843756613
1.0327778004580048
1.0327778004580048
1.0335929054339263
1.0335929054339263
1.0335929054339263
1.0329575613751523
1.0329575613751523
1.0329575613751523
1.0336472013737483
1.0336472013737483
1.0336472013737483
1.0336472013737483
1.033601666263289
1.033601666263289
1.0307289317262216
1.0319024783420327
1.0319024783420327
1.033864845053634
1.033864845053634
1.0341619828462094
1.0321786558976744
1.0321786558976744
1.031948869176222
1.0344703786874205
1.0344703786874205
1.0344703786874205
1.0344703786874205
1.035316383133439
1.0362168060972543
1.0362168060972543
1.0365369587908577
1.0365369587908577
1.034990513202891
1.0351484049605602
1.0367714183713659
1.036681413446783
1.037651957989372
1.037651957989372
1.037920984017738
1.0357411610542997
1.035291711881469
1.0363234647006212
1.0363234647006212
1.0363234647006212
1.0363234647006212
1.0363234647006212
1.0353970560371433
1.035135304354884
1.035135304354884
1.0367224014018865
1.0385938878078267
1.0381059756582844
1.0331943062255988
1.0344106725031288
1.0344106725031288
1.0344106725031288
1.0344106725031288
1.0344106725031288
1.0344106725031288
1.03495687281142
1.03495687281142
1.03495687281142
1.03495687281142
1.03495687281142
1.0342068312865142
1.0342068312865142
1.0342068312865142
1.0342068312865142
1.0342068312865142
1.0346049113600566
1.0336636090920885
1.0336636090920885
1.0336636090920885
1.0321676237581323
1.0321235397535138
1.0321235397535138
1.0321235397535138
1.0328569478526188
1.0328569478526188
1.0328569478526188
1.033241932868735
1.033241932868735
1.0311066428460933
1.0337136370344961
1.0337136370344961
1.0337136370344961
1.0347565152911282
1.0347565152911282
1.0364686796570606
1.0364686796570606
1.036939242934711
1.035401086510492
1.035401086510492
1.035401086510492
1.0341821694476276
1.0341821694476276
1.0341821694476276
1.0374801654291348
1.0374801654291348
1.0376410791740756
1.0354428031903224
1.0354428031903224
1.0354428031903224
1.0354428031903224
1.0355348113293397
1.0355348113293397
1.0355348113293397
1.0355348113293397
1.0355348113293397
1.0355348113293397
1.0374482410674477
1.0374482410674477
1.0379450425599785
1.035993352104984
1.0345611772232546
1.0345611772232546
1.0346270532895057
1.0346270532895057
1.034164409170766
1.0325990393505438
1.0325990393505438
1.0335548927844662
1.0335548927844662
1.0352158484292866
1.0355827594806497
1.0348674942255303
1.0335384470154803
1.0335384470154803
1.0320844416986594
1.0320844416986594
1.03152627989263
1.03152627989263
1.0325071090140407
1.0325071090140407
1.031126480030409
1.0328727628927532
1.0316820208315172
1.032686915571704
1.032686915571704
1.0334800471510175
1.0334800471510175
1.0344787260395256
1.0344787260395256
1.0374441385193878
1.0374441385193878
1.0374441385193878
1.0374441385193878
1.036508004165996
1.0371674310491696
1.0382209141291097
1.0382209141291097
1.0388070206478293
1.0388070206478293
1.0388070206478293
1.037992565001505
1.037992565001505
1.0381030022352256
1.0381488899091915
1.0378545105484969
1.0378545105484969
1.0378545105484969
1.0378545105484969
1.0340461511128667
1.0340461511128667
1.034422799814826
1.034422799814826
1.0340047844123752
1.0352990298141111
1.0342835870672837
1.0342835870672837
1.0342835870672837
1.0342835870672837
1.0358353538174425
1.0343234360692943
1.0356296318091247
1.0356296318091247
1.035243786212678
1.035243786212678
1.035243786212678
1.03448949665644
1.03448949665644
1.0345887118763972
1.0345887118763972
1.0345887118763972
1.0345887118763972
1.0347144976169949
1.0347144976169949
1.0347144976169949
1.0363043905143385
1.0363043905143385
1.0363043905143385
1.0363043905143385
1.0360956062557771
1.0360956062557771
1.0360956062557771
1.0360956062557771
1.0360956062557771
1.0359356333658367
1.0359356333658367
1.0359356333658367
1.0359356333658367
1.036830170631725
1.036830170631725
1.036830170631725
1.036830170631725
1.0370196491334642
1.0370196491334642
1.0370196491334642
1.0370196491334642
1.039456648242797
1.0386949503653091
1.0386949503653091
1.0386949503653091
1.037007086397175
1.0361967116263127
1.0335722200329096
1.0335722200329096
1.0325448833944761
1.0326532616750401
1.0326532616750401
1.0322904314309973
1.0315822700943413
1.033557974711454
1.033557974711454
1.033557974711454
1.033557974711454
1.033557974711454
1.033557974711454
1.033557974711454
1.033557974711454
1.033557974711454
1.033557974711454
1.0316930357182845
1.0316930357182845
1.0317441669268526
1.0303620570918157
1.0303620570918157
1.0304352940182633
1.0304352940182633
1.0313928223463984
1.0313928223463984
1.0319643963607938
1.0319643963607938
1.0319643963607938
1.0319643963607938
1.033183936756212
1.033183936756212
1.033183936756212
1.033183936756212
1.033183936756212
1.0330839904553282
1.0335294963724513
1.0314608287734381
1.0315219809297995
1.034483751274691
1.034483751274691
1.034483751274691
1.030600437786224
1.030600437786224
1.030600437786224
1.0307325592361336
1.0323174224445597
1.0323174224445597
1.0321410484637328
1.03175494346449
1.0327032667816776
1.0327032667816776
1.0327032667816776
1.0327032667816776
1.032225304964922
1.032225304964922
1.032225304964922
1.0355129439556419
1.033296426943558
1.033296426943558
1.033296426943558
1.033296426943558
1.033296426943558
1.033296426943558
1.033296426943558
1.033296426943558
1.03523388692352
1.03523388692352
1.0363016152184175
1.0363016152184175
1.0357882161481964
1.0357882161481964
1.0355430966996282
1.035605990554571
1.0342015000874198
1.0342015000874198
1.0364545288439944
1.033056746204244
1.0323359821050246
1.0323359821050246
1.0331497943542782
1.0331497943542782
1.0331497943542782
1.0331497943542782
1.0331497943542782
1.0331497943542782
1.0331497943542782
1.0331497943542782
1.0311456415419222
1.0311456415419222
1.0311456415419222
1.0311456415419222
1.0311456415419222
1.030136535373942
1.030136535373942
1.028814397229999
1.0327914179357658
1.0337430784619417
1.034158056043356
1.0352658637901346
1.0352658637901346
1.0333606062931613
1.0323784516691308
1.0323784516691308
1.0323784516691308
1.0323784516691308
1.0327723333254646
1.0304355731214492
1.0304355731214492
1.0304355731214492
1.0304355731214492
1.0314876067501972
1.0314876067501972
1.0314876067501972
1.0314876067501972
1.0314876067501972
1.0319489013442051
1.0319489013442051
1.0302844851508415
1.0273246729752596
1.0273246729752596
1.0273246729752596
1.0273246729752596
1.0273246729752596
1.0281709732784448
1.029786073309775
1.030355779420839
1.0294752041937971
1.0294752041937971
1.0294752041937971
1.0294752041937971
1.0294752041937971
1.0313516235433795
1.0313516235433795
1.0313516235433795
1.0292322051458478
1.0280958169467556
1.0280958169467556
1.0297465650906137
1.0297465650906137
1.0297465650906137
1.0272604242667935
1.0272604242667935
1.0297577585087372
1.0280256303276618
1.0280256303276618
1.0280256303276618
1.0297394410881593
1.0297394410881593
1.0297394410881593
1.02873882748239
1.028978837717868
1.028978837717868
1.029746694273752
1.029746694273752
1.0328179113145337
1.0328179113145337
1.0328179113145337
1.031723465287857
1.0324187351848297
1.0324187351848297
1.0324187351848297
1.0324187351848297
1.0299577741916728
1.0299577741916728
1.0299577741916728
1.030011654817939
1.030011654817939
1.0305711340256984
1.0315548295684704
1.0315548295684704
1.0315548295684704
1.0331383706657433
1.0346309046353208
1.0351974796451289
1.0338341640051385
1.0338341640051385
1.0321871830161071
1.0321871830161071
1.0321871830161071
1.0321871830161071
1.0321871830161071
1.0348880506649605
1.0328235275328204
1.0330122278817548
1.0339730644795688
1.0359931745729807
1.0359931745729807
1.035545128924204
1.03608740502115
1.0337686149957566
1.0337686149957566
1.0286666986943418
1.0296912599954753
1.0296912599954753
1.0296912599954753
1.0296912599954753
1.030845374713782
1.030845374713782
1.0307925306401673
1.0294861714397627
1.0294861714397627
1.0294861714397627
1.0294861714397627
1.0298141670806267
1.0298141670806267
1.0298261001339144
1.0298261001339144
1.034313982164659
1.034313982164659
1.034313982164659
1.0338145977970785
1.0338145977970785
1.0338145977970785
1.0338145977970785
1.0335128058802845
1.0346811314685582
1.0368312685196175
1.0368312685196175
1.0368312685196175
1.0368312685196175
1.0368312685196175
1.0389169258558377
1.0389169258558377
1.0379200294320594
1.0371438212291613
1.0371438212291613
1.037327198727303
1.037327198727303
1.037327198727303
1.037327198727303
1.037327198727303
1.037174523478766
1.037174523478766
1.038561174628206
1.038561174628206
1.0346591078072993
1.0346591078072993
1.0346591078072993
1.0346591078072993
1.0349221775504562
1.0349221775504562
1.0349221775504562
1.0349221775504562
1.0349221775504562
1.0349221775504562
1.0362678967807428
1.0354866155073432
1.0354866155073432
1.0337578214360017
1.033209813337942
1.0322640827937006
1.0322640827937006
1.0322640827937006
1.0322640827937006
1.0322640827937006
1.0317257505125441
1.0317257505125441
1.0317257505125441
1.0296284118515746
1.0314170712068929
1.0324349002104638
1.0324349002104638
1.031444521471993
1.031444521471993
1.0295912357227792
1.0295912357227792
1.0295912357227792
1.0295912357227792
1.0307892290706036
1.0301687238486856
1.0301687238486856
1.0301687238486856
1.0301687238486856
1.0298671333882616
1.0298204338717134
1.0294696844537472
1.030944090108499
1.0281071973351272
1.0281071973351272
1.0281071973351272
1.0281071973351272
1.0304980095002836
1.0310278436081417
1.0310278436081417
1.0310278436081417
1.034221596602613
1.0346796864487284
1.0346796864487284
1.0346796864487284
1.0346796864487284
1.0346796864487284
1.0346796864487284
1.0346796864487284
1.0346796864487284
1.0337066787185596
1.0337066787185596
1.0337066787185596
1.0333915361577715
1.033435312803211
1.033435312803211
1.033435312803211
1.033435312803211
1.033435312803211
1.0348245924886044
1.0348245924886044
1.0348245924886044
1.0348245924886044
1.0348245924886044
1.0344663601968618
1.0334445795186102
1.0334445795186102
1.0334445795186102
1.0334445795186102
1.0334445795186102
1.0334445795186102
1.0354164023419603
1.0354164023419603
1.0354164023419603
1.0353131322125568
1.0355361495318864
1.0355361495318864
1.0355361495318864
1.0355361495318864
1.0359820118028504
1.0375238666557611
1.037928144518787
1.037928144518787
1.037928144518787
1.0387107511407723
1.0377897733573647
1.0377897733573647
1.0375066715891785
1.0375066715891785
1.0363450943918522
1.0363450943918522
1.0363450943918522
1.0370424305779646
1.0370424305779646
1.0370424305779646
1.0359826696785277
1.0359826696785277
1.0347457660922543
1.0363995299829039
1.0359273760623897
1.0357029890319707
1.0349617114483836
1.0349617114483836
1.0349617114483836
1.0349617114483836
1.0349617114483836
1.0349617114483836
1.0349617114483836
1.0369239341312415
1.0368457538653126
1.0368457538653126
1.0403758718086524
1.0403428714791596
1.039753353803141
1.0388606224309533
1.0388606224309533
1.0388606224309533
1.037362979457056
1.037362979457056
1.0391775330915063
1.0391775330915063
1.0391775330915063
1.0413093858838536
1.0386298496707222
1.0386298496707222
1.0376600480816098
1.0376600480816098
1.0376600480816098
1.0376600480816098
1.0376600480816098
1.0332145727449196
1.0332145727449196
1.0332145727449196
1.0350470840037975
1.033827439748078
1.0315321767076975
1.0319345041871304
1.0319345041871304
1.0319345041871304
1.0305767374634431
1.0305767374634431
1.0305767374634431
1.0318320212113292
1.0318320212113292
1.0289806138008606
1.0289806138008606
1.0272136202253783
1.0272136202253783
1.0272136202253783
1.0272136202253783
1.0272136202253783
1.0272136202253783
1.0272136202253783
1.0311461549583079
1.0297007032330245
1.0293501275281485
1.0293501275281485
1.0293501275281485
1.0293501275281485
1.0293501275281485
1.0293501275281485
1.0293501275281485
1.0276859198450083
1.0276859198450083
1.0276859198450083
1.0278844297033287
1.0278844297033287
1.0285882509979734
1.0285882509979734
1.0285882509979734
1.0279820089608853
1.0288921708901357
1.027602298506744
1.027602298506744
1.0283791616104423
1.0283791616104423
1.0296995722229672
1.0296995722229672
1.0295802536503043
1.0291074615638274
1.025956447208867
1.025956447208867
1.025956447208867
1.025531169796263
1.025531169796263
1.025531169796263
1.025531169796263
1.025531169796263
1.0256670112780413
1.024315004544076
1.0252838907819464
1.0252838907819464
1.0259349317568796
1.0254305076070436
1.0254305076070436
1.0254305076070436
1.0254305076070436
1.02550050900214
1.0275441238272152
1.0278819168959514
1.0278819168959514
1.0278819168959514
1.0278819168959514
1.028675666819825
1.0285564755010523
1.0285564755010523
1.030833257972994
1.030833257972994
1.030833257972994
1.0304371298646204
1.0304371298646204
1.0315725987527498
1.0317577181490647
1.0286763644940689
1.0276412505376935
1.0276412505376935
1.0276412505376935
1.0276412505376935
1.0276412505376935
1.0276412505376935
1.0267907739430602
1.0267907739430602
1.0267907739430602
1.0274022747821314
1.0274022747821314
1.0260381998941206
1.0246464877151613
1.0246464877151613
1.0246464877151613
1.0261869377995936
1.0281139030838
1.0281139030838
1.0281192782600945
1.0281192782600945
1.029911981952837
1.0280845849450817
1.0308891637061837
1.0308891637061837
1.0308891637061837
1.0308891637061837
1.0308891637061837
1.0308891637061837
1.0308891637061837
1.0308891637061837
1.0308891637061837
1.0322197103780788
1.0312110760722342
1.0312110760722342
1.0278588451205868
1.0278588451205868
1.0278588451205868
1.029835581344725
1.029835581344725
1.029805746985319
1.0283007387080203
1.0279594399318712
1.0281472869077526
1.029236958616838
1.0283731773363463
1.0278442059768889
1.0267551498153327
1.02584765543213
1.02584765543213
1.0271156227773601
1.0271156227773601
1.0271156227773601
1.0272123459608518
1.0272123459608518
1.0262204992951456
1.0270568728801441
1.0263570522081287
1.0263570522081287
1.0263570522081287
1.0250961458392824
1.0250961458392824
1.0250961458392824
1.0250961458392824
1.0250961458392824
1.022391997654946
1.0260820662977834
1.0260820662977834
1.0253146179061257
1.0278354342102403
1.0278354342102403
1.0278354342102403
1.0277916941538037
1.028797230573316
1.025631314470391
1.025631314470391
1.0260114320667266
1.0273860727177653
1.0273860727177653
1.0278921322100805
1.0269459801378287
1.0277178748655595
1.0277178748655595
1.0295746910811512
1.0284798172106335
1.0284798172106335
1.0284798172106335
1.0284798172106335
1.0284798172106335
1.0287505987236085
1.0287505987236085
1.0287505987236085
1.0287505987236085
1.0287505987236085
1.0295491523906382
1.0288819199254422
1.0288819199254422
1.0279412775608963
1.0279412775608963
1.0279412775608963
1.0284977758524292
1.028079638258322
1.0292486691971214
1.0278573950568803
1.0313690924388847
1.0283117129781005
1.029312270959333
1.029312270959333
1.029312270959333
1.029312270959333
1.029312270959333
1.029312270959333
1.029312270959333
1.029312270959333
1.0283260859400711
1.029982072360387
1.0294287343863255
1.0318525334370727
1.0318525334370727
1.0318525334370727
1.0318525334370727
1.0350382983769992
1.0375067631584545
1.0375067631584545
1.037243268754858
1.037243268754858
1.0327261867132966
1.0327261867132966
1.0327261867132966
1.0327261867132966
1.0299029111599456
1.029824482444682
1.029824482444682
1.029824482444682
1.0302686785620114
1.031248684748444
1.031248684748444
1.0304653910132393
1.0304653910132393
1.0314183173018145
1.0319556201663325
1.0319556201663325
1.0319556201663325
1.033392120071206
1.0327531463760753
1.0327531463760753
1.0327531463760753
1.0305138776268379
1.0305138776268379
1.0305138776268379
1.0305138776268379
1.0314242207814357
1.0314242207814357
1.0314242207814357
1.0314242207814357
1.0356058654850406
1.0356058654850406
1.0347586637319572
1.0314548467783415
1.0314548467783415
1.0314548467783415
1.0310061774761874
1.0310061774761874
1.0310061774761874
1.0319374146389444
1.0319374146389444
1.0319374146389444
1.0319374146389444
1.0319374146389444
1.0328638155383179
1.0348106207246999
1.0348106207246999
1.0348106207246999
1.0348106207246999
1.0348106207246999
1.0339642530501074
1.0339642530501074
1.032466185227926
1.032466185227926
1.0335370049541928
1.0335370049541928
1.0335370049541928
1.035288141338014
1.035288141338014
1.0332876088614042
1.0332876088614042
1.0332876088614042
1.0332876088614042
1.0338107937009198
1.0338107937009198
1.0338107937009198
1.0338107937009198
1.0338107937009198
1.0338107937009198
1.033775129999159
1.032206383014424
1.032206383014424
1.032206383014424
1.0276654490828623
1.0260611532536632
1.027183689381895
1.027183689381895
1.0279831496545289
1.0279831496545289
1.0279831496545289
1.0279831496545289
1.029337254119629
1.026227981244569
1.0283727826655706
1.0283727826655706
1.0317910537662125
1.0320314100135197
1.0317839928105346
1.0320681922998514
1.0320681922998514
1.029117893053101
1.029117893053101
1.0261910916063433
1.0261910916063433
1.0261910916063433
1.0268408625102532
1.0268408625102532
1.0268408625102532
1.024935237293258
1.0264705775943554
1.0264705775943554
1.0264705775943554
1.0282352045608758
1.0282352045608758
1.0282352045608758
1.027788791275556
1.027788791275556
1.027788791275556
1.027788791275556
1.0256113913900002
1.0256113913900002
1.0277066570138427
1.0289769555439474
1.0308425919880666
1.0304736812065132
1.0304736812065132
1.0304736812065132
1.0309398643977339
1.0309398643977339
1.0317614019255992
1.0290412624326362
1.0290412624326362
1.0290412624326362
1.0290412624326362
1.0290412624326362
1.0290412624326362
1.030410035353011
1.030410035353011
1.030410035353011
1.0297700104980134
1.0297700104980134
1.0301901540618283
1.0301901540618283
1.0301901540618283
1.02983747366286
1.02983747366286
1.0293455021017621
1.0293455021017621
1.0293455021017621
1.0293384126590641
1.0293384126590641
1.0289711382754743
1.0289711382754743
1.0289711382754743
1.0309982823165218
1.0302292836642484
1.0302292836642484
1.0302292836642484
1.032167563799588
1.032167563799588
1.032167563799588
1.032167563799588
1.0324776890996077
1.0324776890996077
1.0321307055061069
1.0334150781873703
1.0345525624691447
1.0334659799606478
1.0338269468669146
1.0328065150280195
1.0328065150280195
1.0328065150280195
1.0350581210985519
1.0370159896080893
1.0370159896080893
1.0370159896080893
1.0370159896080893
1.0370159896080893
1.0370159896080893
1.0340782837201798
1.0340782837201798
1.0342363235636503
1.0342363235636503
1.0342363235636503
1.0342363235636503
1.0342363235636503
1.03674687405833
1.03674687405833
1.03674687405833
1.03674687405833
1.0373266563725112
1.0373266563725112
1.0373266563725112
1.0373266563725112
1.034101563677442
1.035399984586333
1.035399984586333
1.035399984586333
1.035399984586333
1.035399984586333
1.035399984586333
1.0341671107076682
1.0327812261401415
1.0327812261401415
1.032333011381706
1.032333011381706
1.0336976159191504
1.0336976159191504
1.035315928229044
1.03339342690606
1.03339342690606
1.03339342690606
1.03339342690606
1.03339342690606
1.03339342690606
1.0327003500417749
1.0312590692713945
1.0307427607716426
1.029257081349434
1.029257081349434
1.029257081349434
1.027714613311447
1.0300257919540332
1.0300257919540332
1.0300257919540332
1.0263814881541133
1.0263814881541133
1.0263814881541133
1.028724889190727
1.028724889190727
1.0284270945395013
1.0298951572226187
1.0287609298539084
1.0287609298539084
1.0287609298539084
1.0287609298539084
1.028029219451227
1.0285463139076891
1.0285463139076891
1.0285463139076891
1.0269482890122539
1.0269482890122539
1.0269482890122539
1.0269482890122539
1.0299914102794852
1.0299914102794852
1.0299914102794852
1.0304010285865453
1.0322741228153323
1.032116991582032
1.032116991582032
1.0321541259438463
1.0310754233141626
1.0292609932583525
1.0292609932583525
1.0292609932583525
1.0278611246085345
1.0278611246085345
1.0273154761867775
1.0273154761867775
1.0273154761867775
1.0319359883935806
1.0319359883935806
1.0319359883935806
1.0319359883935806
1.0319359883935806
1.0331401966265472
1.0331401966265472
1.032657729754667
1.032657729754667
1.0276838099950294
1.0276838099950294
1.0305655788992647
1.0305655788992647
1.0316078454387372
1.0303080696575126
1.0303080696575126
1.0285329117244548
1.0285329117244548
1.0300893231049113
1.0307286464675056
1.0307286464675056
1.0325263785732197
1.0344281760159557
1.0321852831517497
1.0321852831517497
1.0321852831517497
1.0321852831517497
1.0311367012624282
1.0296477805349256
1.0315594450147936
1.029590128907434
1.0300858879559414
1.0300858879559414
1.0295111681633928
1.0295111681633928
1.0302425083625466
1.0302425083625466
1.0302425083625466
1.0303520231426704
1.0282503525988795
1.0283276461645638
1.0280152897012926
1.0317820055069489
1.0317820055069489
1.0317820055069489
1.0317684207868882
1.0310848938211332
1.0310848938211332
1.031120262588232
1.0346557497059723
1.0346557497059723
1.032067244790416
1.032067244790416
1.0315985810326378
1.0315985810326378
1.0309649148711777
1.0309649148711777
1.0309649148711777
1.0309182410684035
1.0309182410684035
1.0309182410684035
1.0290504781413818
1.0290504781413818
1.0321085882533398
1.0321085882533398
1.0308279710277666
1.0308279710277666
1.0288433555864365
1.0288433555864365
1.0288433555864365
1.0288433555864365
1.0288433555864365
1.0285200030992498
1.0285200030992498
1.030977787083922
1.030977787083922
1.0322521636104618
1.0310918900187438
1.0310918900187438
1.0311673258595557
1.0311673258595557
1.0311673258595557
1.0312287108686407
1.0320031180302205
1.0320031180302205
1.0320031180302205
1.0320031180302205
1.0320031180302205
1.0320031180302205
1.0320031180302205
1.033117824714288
1.0329030078362325
1.0329030078362325
1.0310501665871852
1.0310501665871852
1.031167064352485
1.031167064352485
1.0319072628535124
1.0319072628535124
1.0319072628535124
1.0313816866690302
1.0313816866690302
1.0313816866690302
1.0308993280930066
1.0308993280930066
1.0308993280930066
1.0308993280930066
1.0308993280930066
1.0308993280930066
1.031913450922313
1.0330112758440717
1.0330112758440717
1.0330112758440717
1.0330112758440717
1.0330112758440717
1.0298193084339669
1.0292929493332112
1.032348809591224
1.032348809591224
1.0340245498472678
1.0326456435905351
1.0326456435905351
1.030715690814806
1.030715690814806
1.030715690814806
1.03050779724901
1.03050779724901
1.03050779724901
1.0302223679861406
1.0280334917726386
1.0280334917726386
1.0280334917726386
1.0280334917726386
1.0287918121020296
1.0291990439241199
1.0291990439241199
1.0291990439241199
1.0291990439241199
1.0291990439241199
1.0291990439241199
1.0291990439241199
1.0273326362444108
1.0290168241577922
1.031533931640521
1.027084102703874
1.027084102703874
1.027084102703874
1.027084102703874
1.027084102703874
1.0274716023018633
1.0281844778984068
1.028362409584642
1.028362409584642
1.0280762404717576
1.0327609734047143
1.033448044632353
1.033448044632353
1.033448044632353
1.033448044632353
1.0306508395820924
1.0306508395820924
1.0306508395820924
1.0306508395820924
1.0298345051916866
1.0298345051916866
1.0298345051916866
1.0316030486470038
1.0316030486470038
1.0316030486470038
1.0316030486470038
1.0316030486470038
1.0316030486470038
1.0316030486470038
1.0316030486470038
1.0316030486470038
1.0323652387628104
1.0323652387628104
1.0323652387628104
1.0315518872286296
1.0315518872286296
1.033216568847025
1.0328816571196977
1.0328816571196977
1.0328225586905426
1.0328225586905426
1.0328225586905426
1.0328225586905426
1.0328225586905426
1.0339087439537828
1.0339087439537828
1.0314752309527842
1.0314752309527842
1.0314752309527842
1.0339655183426075
1.033456477306188
1.0337331182523377
1.0337331182523377
1.0337331182523377
1.0337331182523377
1.0337331182523377
1.0337331182523377
1.0343353595706333
1.0343353595706333
1.0335680821641544
1.0361807752438423
1.0318504771895105
1.0318504771895105
1.0315623737389479
1.0315623737389479
1.0315623737389479
1.0315623737389479
1.0315623737389479
1.0315968245676952
1.0313958693273706
1.0313958693273706
1.0328904154644225
1.0347295065354176
1.0347228477948396
1.0347228477948396
1.0362087707696426
1.0354004302024509
1.0373260852665411
1.0352057173828477
1.0352057173828477
1.0352057173828477
1.03292599356074
1.0318175711156783
1.0318175711156783
1.0318175711156783
1.032801705437923
1.032801705437923
1.0329686434751657
1.0329686434751657
1.0329686434751657
1.0354821536067136
1.0354821536067136
1.034587885198236
1.034587885198236
1.0342586506061902
1.0346143057484263
1.0367557020890839
1.036485785161123
